6209.47
6639.55
7890.42
14564.9
16503.9
17033.2
17318.4
18292.8
19533.2
19708.9
21543
23406.9
25552.6
25783.4
26863.3
28183.1
31009.3
32467.2
33141.9
33746.5
35105.3
35493.5
35593.9
36013.6
36522.9
36728.1
37047.3
38238.4
38792.7
40075.6
40407.9
40708.7
40745
41083.8
42883.6
43773.4
43905.2
44227.2
45028.7
45297.3
45332.4
45675.6
45677.7
46797.3
47265
47625.9
48133
48621.5
48640.8
48892
49191.4
49787.9
56500.1
59759.1
60791
61825.6
62412.4
63906
64259
64308.5
65691.7
65855.3
68667.2
68706.4
68992.2
69380.2
69667.2
70000.5
70016.4
70372.7
71086.1
71399
71469.5
71850.7
71971.1
74087.2
74218.9
74937.8
76038.6
76139.2
76146.7
76516.4
77114.4
77164.9
77247.9
77468.9
77512.7
77723.3
78125.7
78469.2
80538.2
81449.2
82102.6
82172.4
82631.1
84529
85232.5
85629.8
87211.2
91543.1
93635.1
93938.7
94805.3
97185.2
97480
97625.3
98036.4
98706.4
98765.5
101168
101699
101701
103142
103392
106102
107057
108963
109835
110051
110347
111947
111980
112342
112685
113005
113667
117331
117803
117908
118358
118986
122077
122839
122862
125109
126132
128399
128624
129150
134142
135095
137812
140141
140548
142794
143247
143643
143684
145004
145621
145747
146093
146189
146223
146293
146726
149776
149859
149893
149940
150203
150266
150310
150439
151055
151733
151796
153947
154298
154509
155689
156172
156429
156453
156581
156887
157281
157409
158791
163044
164039
164259
166181
167544
167942
168392
168793
169470
169914
170716
172994
173712
175177
175253
176241
178232
178403
178934
180963
181744
181998
182627
184095
184448
185463
185839
186074
186551
186655
186984
187289
188788
189624
190720
191046
191175
191467
191578
195179
195291
195570
195720
195959
197747
199157
199595
