3116.73
3320.23
4400.93
6124.38
8951.61
9260.97
9436.85
9750.76
12914
14971.4
17279.5
21406.8
21956.7
24060.1
25930.3
27514.2
30695
33065.2
35553.7
35699.6
35939.9
37506.6
40939.1
46577.9
48883.6
50641.3
51263.2
54409.1
58895.1
60255.3
60441.4
60590.5
61036
62103.1
62147.5
63499.1
64230.4
70758.6
71605.3
71812.3
72115.8
72708.5
72803.1
73181.8
73698
74809.2
75192.8
75235.9
76836.9
80180.9
80831.2
81511.8
84554.8
86044.7
88121
89698
91116.3
91579.3
92078.9
95035.1
95237
96315
96709.7
97512
98381
100561
103106
104241
105035
106800
107211
110329
112108
117157
120165
121633
125346
126368
129022
131415
134872
136055
139109
139151
140361
143227
143605
144457
144871
146973
149483
149553
155004
156058
159379
163872
164637
167315
168073
169405
170050
171861
173119
174065
175211
175352
176172
177695
178039
183587
185126
186359
188828
189787
191956
193194
195845
196732
196980
197931
198439
