247.66
2440.72
2605.83
2947.74
3909.21
5974.24
6831.62
7231.68
8266.56
9249.66
11027.4
11941.4
12164.1
13214.3
13239.3
15665.4
16479.9
16507.9
17046.1
20067
20736
20830
21207.1
21444.3
22027.6
22747.4
23380.6
23600.2
25321.4
26668.9
27248.1
27723.5
27802.8
28949.5
29506.3
34822.5
36292.2
36537.6
38606.5
38935.3
39333.1
39646.6
40275.5
40347
42705.7
42834
43414.7
45472.6
45603.9
46787.7
47254.1
47585.2
48303
48768.8
49490.8
50588.6
50840.8
51151.5
51692.4
51812.7
52383.4
54199
54608.9
55133.3
55656.6
55914.5
57385
57419.1
58140.1
58634.9
59258.1
59395.7
60945.9
61717.4
62777.5
62809.5
63044.7
63229.6
64542
64811.2
64966.9
66542.5
66803
66814.3
68257.5
68547.9
69407.1
71273.6
73227.9
73385.2
74193.1
74381.6
75131.5
75317.7
76659.4
77584.8
78143.9
78465.3
78947.5
79217.2
79503.1
79826.7
80290.5
81913.2
83116.9
83177.7
84444.9
84462.4
84531
85287.9
86514.9
87054.7
87089.4
88280.4
88964.7
89648.6
90546
90700.4
91256.5
91528.2
91963
92459.3
93397
93887.8
95498.8
95758
96347.5
97339.2
97786.8
98799.6
99184.2
101542
102588
102649
104255
105509
105860
106873
107388
107533
108529
109403
109477
110143
111901
111952
112210
114315
116015
118055
118216
118768
118823
119825
120347
122000
122358
123583
124540
124900
125217
125588
125657
125763
126259
127123
128716
128745
129761
130436
130452
131632
132832
133683
133797
134117
134322
135257
135313
135970
136151
136573
137496
138236
139878
141526
141647
143515
145202
145358
146110
146131
146286
146953
147100
147560
147798
148229
148385
149334
149909
150400
151061
151324
151671
151788
151887
152051
153469
153941
154225
154528
154589
155013
155152
158193
159345
159602
160762
161532
164873
165638
165699
165872
165962
166140
166959
167873
168067
168108
168720
168808
169084
172066
174855
176242
176261
176340
176936
177367
177912
180964
182243
182382
182845
182868
183171
183452
183905
184100
184599
186147
187664
188915
189216
189781
190444
190935
191091
191451
191838
192188
192351
192652
193393
194366
194484
197960
198355
198559
198954
199342
