552.25
718.16
816.78
999.58
1021.8
1249.09
1255.04
1494.06
1669.63
1748.92
1812.9
1816.41
1826.59
1834.97
1983.11
1999.98
2227.47
2298.61
2920.61
2956.67
2994.67
3038.59
3191.14
3228.76
3335.43
3459.89
3617.37
3869.86
3888.97
4247.24
4384.94
4405.82
4580.23
4641.04
4843.76
5380.09
5436.77
5610.54
5828.82
5856.36
6145.85
6261.88
6467.05
6586.63
6993.47
7145.08
7205.37
7234.3
7447.43
7480.44
7501.62
7651.18
7905.64
7980.66
8090.46
8128.41
8158.98
8613.06
8618.39
8653.96
8852.77
8884.95
9064
9116.43
9591.22
9598.71
9783.05
10262.6
10301
10330.5
10553.7
10622.6
10655.6
10685
10943.4
11060.6
11141.1
11177.4
11202.6
11317.9
11587
11716.1
11720.1
11844.5
11879.7
11893.2
12215.6
12221.2
12288.8
12327.3
12382.9
12632.7
12934.9
13059.9
13140.2
13222.1
13422.4
13674.6
13677.7
13700.3
14075.4
14301.5
14411.6
14495.5
14986.9
15021.5
15135.8
15323.2
15517.7
15578.7
15758.9
15930.7
16129.2
16149.5
16459.1
16567.1
17130.3
17365.6
17381.3
17866.3
17957.2
18305.9
18412.5
18450.2
18476.9
18668.7
18775.1
18778.8
18942.4
19080.8
19176.4
19420.5
19576.9
19660.1
19738.9
19824.3
19909.7
19927.7
20189.8
20224.5
20231.1
20375.6
20722.7
20769.8
20854
20984.3
21134.1
21733.6
21867.5
21908.5
22225.8
22242.7
22360.6
22773
22840.9
22951.7
23021.7
23365.7
23431.8
23434.6
23574
23978.3
24026
24097.3
24499
24658.4
24687.5
24883.5
24924.2
25210.1
25368.5
25579.8
25651.7
25833.9
25903.8
25956.8
26080.1
26099.2
26320.1
26343.6
26465.6
26495.1
26522.8
26584.9
26898.6
26942.2
27103.3
27199
27371
27565.6
27617.1
27646.1
27896.5
27932.3
28389.5
28410.2
28548.3
28725.2
28767.2
28943.6
29177.6
29244.7
29252.4
29897.1
29948.7
29997
30135
30150.8
30185.3
30672.1
30793.9
30806.5
30899.8
31001.5
31010
31638.1
31694.2
31698.8
32199.8
32370.2
32375.9
32471.7
32517.7
32735.9
32836.2
32914
33052.3
33305
33333
33344.3
33606.8
33795.4
33926.6
34063.3
34266.5
34300.8
34371.3
34393.5
34637.4
34702.5
34929.4
34957.6
35376.7
35805.3
36304.7
36304.7
36353.3
36369.8
36531.5
36601.8
36633.6
36821.9
36829.3
37194
37485.1
37503.7
37894.6
38085.6
38227.1
38241.4
38464.5
38683.3
38751.7
38761.4
38979.3
39001.9
39018.8
39042.8
39158.2
39260.2
39332.7
39825.9
39858.7
39959.7
40127.9
40197.9
40512.9
40514.5
40622.5
40693.8
41745
41857.2
42009.7
42160.8
42226.9
42345.4
42804.3
42901
42953.6
43055
43177.9
43244.6
43494
43530.5
43563.5
43635
43963.6
44114.4
44329.7
44357.9
44666.7
44681
44790.5
45110.3
45145
45189.3
45245.6
45355
45396.6
45394.9
45544.5
45694
45874.8
46205
46520.6
46565.8
46585.3
46631.5
47192
47193.2
47302.2
47312.4
47533.9
47647.8
47711.3
47792.4
47993.3
48070.8
48291.9
48317.9
48536.3
48588.5
48633.5
48670
48804.2
49355
49696.1
49715.5
49822.4
50069.5
50249.2
50278.7
50434.7
50681.9
50925.8
50928
51006.9
51018.3
51022.7
51166
51551.2
51703.6
51807.2
51884.7
52131.7
52410.7
52495
53008.6
53006.1
53052.9
53102.8
53327.5
53494.4
53582.9
53830.3
53892
53931.2
54649.9
54842.1
54842.6
55232
55353.1
55399.9
55576.5
55951.4
56150.4
56226
56229.7
56399.1
56670.5
56825.5
57055.3
57066.1
57155.8
57268.2
57358
57442.9
57621.5
57707.2
57880
58010.9
58241.5
58434.6
58488.2
58538.1
58545.8
58547.1
58570.2
58880.6
58929.2
58941.2
59082.2
59235.8
59622.9
59816.4
59858.9
59921.9
60210.8
60477.7
60496
60667.9
60822.2
60984.8
61028.8
61092.2
61152.5
61157.1
61416
61452.6
61845.4
62236.7
62328.2
62449.1
62630.7
63245.7
63295.3
63456
63498.4
63532.8
63604.5
63645.8
63824.5
63874
64249.4
64443.4
64764.7
64777.4
64869.8
65114.7
65199.8
65589.6
65607.1
65660.3
65828.6
65842.7
66085.8
66153.7
66309.6
66333.3
66399.3
66490.2
66500
66736.3
66751.6
66848.7
67078.4
67244.2
67406.2
67422.5
67483.6
67548.1
67621.1
67898.9
68063.9
68708
68721.9
68844.5
68857.7
68926
68955.1
68956.7
68977.3
69236.9
69284.1
69412.1
69683.3
69700.6
70107.8
70161
70188
70236.7
70736.5
70780
70919.1
71003
71079.3
71158.1
71227.8
71351.4
71366.7
71384.6
71546.9
71753.5
71979.3
72026.7
72172.6
72325.2
72373.5
72703
72753.9
72882.6
72919.8
72941.8
72949
73163.4
73224
73343.2
73420.6
73629.5
74107.6
74328.8
74391.2
74578.3
74778.3
74820.1
74964.4
75259.7
75317.3
75510.1
75556.2
75732.2
75924.5
76016.6
76044.9
76212.7
76315.7
76345.1
76620.8
76746.1
76971
77116.1
77121
77131.7
77257.9
77332.5
77616.9
77779.9
77938.7
77955.8
78277.8
78336.5
78455.6
78724.7
78722.7
78797.4
78905.8
78929.9
79290.5
79707.8
79930.3
79984.7
79990.6
80174.6
80386.8
80433.8
80452.7
80624.4
80794.9
80896.3
81025.1
81084.2
81278
81347.3
81357.6
81466.3
81498
81982.8
82083
82165.4
82179.5
82201.4
82263.9
82723.3
82918.9
83106.8
83118
83223.8
83271.8
83344.8
83354.3
83550
84066
84344.2
84582.7
84619.2
84693.1
84736.3
84825.4
85307.2
85446.1
85485.8
85530.6
85750.8
85838.4
86034
86062.5
86268.6
86344.4
86376.4
86394
86488.7
86876.9
87021.7
87583.1
87872.9
87925.7
87933.5
87990
88078.7
88546.4
88725.3
88748.8
88782.1
88794.5
88813.2
88819.8
88906.1
89096.3
89173.5
89339
89340.5
89624.4
89861.5
89917.1
89967.5
89983.7
90113.3
90173.3
90182.4
90396.8
90816.6
90970.3
91083.3
91395
91451.4
91453.6
91825.2
92016.6
92117.9
92230.6
92253.7
92458.6
92579
92661.7
92859.1
92899.8
93041.1
93063.5
93101.8
93215.5
93350.7
93608.3
93629.7
93668.9
93750.1
93759.7
93955.2
94043
94239.4
94518.6
94577.9
94581.2
94593.9
94762.2
94880.5
94977.8
95238.2
95374.2
95774.8
96095.4
96109.5
96190.1
96298.7
96348.4
96453.9
96486.5
96818.5
96991.8
97087.3
97095.3
97221.2
97282.9
97450.4
97758.7
97940.7
98051.4
98167.2
98203.7
98257.2
98512.3
98537.9
98568
98669.1
98748.7
98789.1
98810.4
98983.4
99197.6
99316.8
99337.5
99461.7
99687.2
99721.5
99832.3
99838.5
100105
100297
100471
100558
100568
100641
101044
101128
101420
101456
101475
101539
101756
101765
101956
102001
102067
102125
102144
102499
102518
103032
103126
103193
103379
103847
103896
103994
104096
104227
104517
104828
104828
104845
105053
105089
105116
105700
106072
106193
106306
106488
106582
106658
106716
106737
106741
106942
107131
107254
107291
107302
107442
107586
107792
107909
107966
108466
109100
109263
109558
109974
109986
110024
110142
110310
110365
110577
110684
110778
110891
111107
111522
111555
111687
111711
111743
112144
112140
112252
112255
112366
112688
112806
113018
113273
113505
113549
113559
113727
113818
113855
114135
114300
114490
114531
114534
114650
114795
114909
115032
115395
115565
115848
115900
115963
116062
116332
116425
116568
116623
116656
117148
117258
117678
117750
118092
118272
118340
118571
118737
118878
118898
118982
119191
119267
119432
119493
119627
119810
119995
120163
120303
120321
121040
121108
121252
121285
121477
121503
121782
121913
122223
122327
122426
122820
122902
122921
123173
123418
123503
123666
123787
123912
124540
124680
124854
124937
124970
125002
125064
125388
125395
125489
125741
125784
126076
126107
126379
126394
126563
126578
126604
126643
126690
126696
126877
126898
127058
127111
127217
127243
127438
127463
127516
127577
127866
127996
128010
128084
128102
128388
128535
128783
128923
129078
129324
129463
129576
129595
129838
130089
130096
130280
130487
130688
130755
131277
131450
131601
131782
132050
132120
132180
132489
132579
132868
132885
133118
133131
133161
133299
133393
133412
133431
133672
133995
134107
134436
134470
134730
134805
135080
135096
135240
135405
135442
135563
135790
136378
136399
136770
136765
136778
136953
136992
137202
137479
137667
138281
138267
138369
138707
138714
138821
138968
139025
139065
139281
139303
139527
139655
139856
139868
139998
140208
140399
140652
140736
140808
140981
140994
141058
141082
141513
141572
141581
142130
142195
142572
142637
142682
142769
142827
142860
142909
143072
143283
143394
143910
143934
143976
144188
144415
144493
144527
144636
144635
144648
144802
144907
144973
145180
145199
145386
145580
145650
145690
145724
145951
146012
146020
146052
146081
146246
146391
146483
146629
147219
147216
147426
147652
147871
147882
148018
148029
148121
148231
148395
148568
148608
148712
148958
149150
149165
149319
149338
149553
149643
149738
150010
150097
150167
150557
150851
151244
151285
151395
151637
151705
151911
151935
152123
152220
152247
152308
152670
152871
152883
152961
153020
153108
153328
153461
153461
153526
153653
153787
153957
153968
154110
154236
154251
154637
155033
155235
155385
155952
155990
156116
156278
156294
156520
156574
156734
156966
157034
157113
157147
157842
157871
158185
158227
158510
158507
158679
158939
159158
159203
159347
159393
159401
159557
159756
159772
159779
160048
160037
160034
160321
160355
160647
160770
160792
160834
161339
161342
161407
161561
161626
162011
162092
162393
162425
162502
162511
162527
162790
162803
162851
162923
162947
163222
163218
163229
163245
163297
163412
163630
163708
163810
163820
164007
164120
164592
164804
164865
164972
165203
165328
165335
165533
165681
165732
165950
166104
166173
166311
166472
166487
166667
166971
167063
167093
167186
167196
167521
167596
167592
167687
168019
168035
168246
168291
168370
168608
168631
168893
168934
169173
169342
169398
169793
169975
170307
170410
170596
170925
171127
171318
171669
171728
171744
171889
172047
172201
172304
172597
172639
172678
172981
173020
173129
173630
173814
174052
174183
174225
174498
174509
174652
174710
174790
174904
175063
175104
175178
175705
175997
176244
176353
176361
176382
176698
176821
176881
177089
177138
177799
177942
178076
178087
178251
178476
178507
178805
178849
178885
179179
179332
179394
179563
179572
179748
179833
180032
180255
180388
180409
180566
180704
180734
180922
180937
181272
181298
181379
181552
181739
182177
182315
182363
182820
182834
182937
182958
183035
183277
183300
183606
183692
184123
184187
184203
184228
184400
184497
185035
185205
185204
185376
185678
185831
185863
185988
186030
186276
186411
186475
186536
186568
186698
186711
186993
187231
187468
187601
187848
188197
188309
188456
188533
188538
188619
188700
188702
188756
188899
188940
189134
189418
189579
189700
189981
189991
190402
190464
190557
190663
191100
191113
191485
191750
191910
192006
192125
192224
192322
192573
192685
192891
193208
193451
193787
193974
194398
194504
194542
194540
194581
194593
194642
194763
195026
195183
195264
195419
195546
195730
195816
195869
196104
196436
196519
196648
196898
196962
197264
197392
197559
197706
198026
198054
198327
198328
198506
198564
198759
198849
198903
198962
199007
199059
199453
199454
199667
