2514.66
3474.45
6226.77
9366.2
10277.4
13160.7
21767
25117.9
25543.4
26010.2
26327.5
37168.4
42697.3
44555.2
44800.7
45129.7
48495.8
50321.5
51527.7
52177.9
52700
53230.3
54598.5
57948.3
58866.8
58880.4
59718
62331.6
63392
64008.9
68234
68668.2
69604
70558.1
71645.7
72852.7
72852.9
75635.6
75646.3
76822.8
77648.2
78065.2
79070.2
79446
79584
79786.8
80169.9
80399.9
80492.2
80711.4
80724.2
80894.3
81097.9
81112.2
81771.5
85708.7
86115.8
87119.4
87583.4
88002.7
89262.8
89551
89909.4
89958
91462.6
92456.9
93512.2
95062.9
95658
97154.4
98030.7
100186
101678
101995
105016
108230
108371
108504
108593
108727
108909
109909
110234
110750
111975
116414
117320
117597
118252
119803
122074
122780
124506
124614
125032
125051
125284
127115
128538
128917
129147
130730
131401
133618
133759
135610
135693
135821
136469
136505
137323
137605
138234
139717
140438
140723
140734
141072
142010
143056
143339
144002
145047
145276
145761
145946
146374
146852
147624
149268
149453
150759
154396
154841
154887
154960
155220
155478
156090
158608
161900
164747
166562
167226
175431
175870
178629
181211
181930
182762
182958
183354
183924
185208
185292
185591
189001
189231
189314
190418
190490
190779
190923
193517
194372
194832
195560
197842
199086
