3188.32
10090.5
10913.2
11878.5
12358.1
14487.9
14642.2
15369.8
16371.1
16585.2
17020.1
17313.4
17565.2
18027.1
18945
19565.2
20801.5
22153.3
23144.2
23560
26702.2
27572.8
27912
27996.5
29296.8
29719.3
30532.1
32617.8
32957.9
34150.4
34543.2
37101.1
37362.6
37554.7
38285.4
38425.4
38787.6
40055.1
40654.4
40915
44653.3
44711.7
44904.7
45003.2
45790.2
46377.3
48848.8
50354.6
50549.1
50893.2
51699.5
51914.9
52332.9
53256.7
55727.4
56518.3
59067.5
62035.9
63008.3
63691.2
65698.1
66060.5
66588.9
66684.2
67606.8
68333
70536.3
71055.8
71325
71473.5
72875.3
75126
75901.1
77808.3
78926.1
79170.9
80721.4
81283.3
82482.4
83025.1
83293.2
87726.1
95051.6
95489.8
96446.4
96717.1
102733
104194
104377
104577
104939
105074
105103
106398
106939
107291
107395
109689
110050
110080
111063
113962
114432
116639
117229
117264
117254
117454
117576
117660
117979
118028
119191
119349
121511
122222
123779
124338
124826
125129
126300
128593
129052
129111
129737
130673
132112
132586
133638
133926
136587
137551
137913
138153
138181
138793
139677
139903
139910
140696
141200
141260
141516
141582
141831
142050
146049
148674
148966
150061
151001
151517
156021
156240
156567
157264
158897
158994
159196
159473
160002
160406
161555
162378
166991
167803
168621
170604
171118
172075
172497
172687
176756
177469
177911
178597
179359
179955
180353
180657
184098
184470
185675
186592
193902
194028
196082
197305
197481
197840
198080
198796
