942.67
2348.12
2419.75
5525.28
6802.22
8113.09
8911.79
9983.47
10673.3
11316.6
16252.3
16261.1
16900.9
17794.5
18847.3
22045.1
22643.8
24795.5
25955.2
27344.2
27895.2
28248.3
28302.4
30041.7
30757.1
34433.9
36697.2
37843.4
41156.9
41272.1
41997.4
45129.2
45373.3
47294
47534.9
48361.9
51324.3
51375.2
56004.8
57345.7
57628.6
58070.9
59690.3
61927.4
63940.7
64305.6
65823.7
68255.9
68305.4
68540.1
71500.8
72692.1
73763.2
75028.5
76477.5
76737.8
77015.5
80262.7
80599
80901.4
83536.6
85523.2
86670.5
87778.1
89579.5
91715.2
92478.7
93061.9
96757.9
98639
100144
101131
101507
105125
105876
106065
106366
106468
107725
110219
111293
112984
116130
116855
118905
120156
120458
127533
128536
128748
130478
131091
131650
131750
132450
132731
133482
134017
135866
136910
138979
139923
140220
141756
142916
146579
147532
147830
151093
154297
155080
155380
155679
161269
161705
163602
164740
165516
167022
168371
168693
169645
172597
173491
174985
177241
178302
178446
179341
180666
181273
181926
185077
187269
187338
187558
187862
188243
188346
189480
189518
190235
191017
192245
195088
197062
198186
199093
199554
