708.32
739.27
1244.5
2166.22
2347.49
2465.47
2705.69
2860.35
3014.69
3132.91
3472.23
4658.19
5233.09
5265.71
5474.28
5630.92
5688.64
6220.35
6241.12
6382.16
6569.52
7171.42
7397.87
7421.47
7745.35
7769.35
8364.35
8478.85
8841.16
8905.96
9320.5
9458.14
9782.62
10414.2
10452.4
10480.6
10543.2
10852.3
11025.4
11201.3
12308.7
13295.5
13757.7
13962.8
14325.7
14346.6
15026
15061.5
15592.2
16003.2
16036.8
16275.2
16358.7
16532.4
17165
17251.8
17309.9
17534.3
17867.7
17909.4
17960.5
18338.3
18422.5
18507.1
18744
18778.7
19991.3
20226.8
20285.8
20443.5
20674.7
20746.1
20906.2
21280.2
21657.1
21753.9
21871.2
22482.7
23028.5
23431.1
23936.4
24133.6
24163.6
24489.9
24688.1
24858.9
25388.2
25498.8
25747.1
26278.6
26298.4
26311.6
26700.3
27124.1
27720.4
27829.9
27955.3
28325.1
29627.7
29654.1
29818.8
29964.3
30111
30296.7
30344.7
30506.6
30903.2
31134.4
31276.1
31351.5
32056.9
32199.1
32435.5
32790.4
33177.3
33189.5
33800.2
34140.8
34213.2
34222.5
34674.4
34893.7
35394.4
35753.7
36140.1
36275.2
36290
36317.7
36494.7
36824.7
36954.2
37318.5
37328.2
37662.5
37907.6
37937
37949
38330.2
38551.3
38564.3
38979.4
39128.1
39309.4
39319
39421.9
39637.4
39683.9
39765.6
39948.7
40335.5
40366.6
40958.8
41104.9
41144.6
41320.8
41829
42080.6
42232.6
42266
42472.9
42580.9
42856
42887
43072.6
43265.4
43639.3
43669
43825.3
43904.8
43951.3
44172
44215.3
44482.8
44517.2
44588.7
44732.4
44746.7
44814.4
45003
45310.7
46522.8
47029.5
47155.3
47332.2
47959.7
48061
48077.3
48216.5
48503.6
48789.3
49713.9
49767.6
50152.4
51125.4
51148.7
51170.2
51247.6
51764.3
53571.7
54285.6
54298.9
54512.2
54640.2
54699
54989.5
55236
55384.2
55590.2
55745.9
56080.6
56700.7
56958.6
56964.7
57071
57195.1
57431.2
57536.2
57576.5
57719.2
57908.2
58063.5
58558.2
58642.5
58814
58830.4
59431.5
59460.7
59605.2
59599.3
60146.4
60745.9
61276.8
61599.3
61627.9
61707.9
61757.4
62452.3
63392.5
63565.8
63617
63767.4
63935.6
64030.6
64590
64806.8
65100.3
65653.6
66307.4
66331.1
66738
67364
67614.8
67842.5
67987.1
68013.1
68148.1
68168
68171.4
68520.7
68681.2
68901.7
69573.8
69686
70132.7
70134.2
70232.8
70545.2
70772.6
71096
71242
71329.8
72025.7
72026.3
72064.7
72537.2
73174
73617.9
73719.5
74053.3
74132.4
74850.1
75083.2
75181.1
75377.5
75670.9
75735
75734.8
76510.1
76766.8
76815.7
77096.8
77336.2
77437.2
77717
77837.5
77969.1
78009.3
78503.4
79145.7
79164.5
79416.1
80121.7
80306.9
80360.4
80660
81098.7
82185.1
82273
82784.5
82933.3
83304.3
83626
83882.4
84514.4
85069.1
85577.1
85674.7
85945.6
86205.9
86491.8
86494.8
86563.9
86632.5
86960.7
87082.6
87242.4
87604.7
87668.9
87671.1
87886.3
87985.9
88280.9
88980
88979
89439.8
89671
89684.8
89984.4
90172.9
90254.8
90516.8
90885.1
90961.5
91213.6
91248.8
91474
91734.3
91786.4
91807.8
91948.5
92233
92320.1
92565.9
92675.8
92739.3
92947.6
93137.1
93468.9
94027.2
94186
94338.1
94788.8
94828.8
95299.7
95547.9
95826.5
96021
96260.5
96538.8
96849.3
97111
97346.8
97470.8
97706.9
97704.8
98008
98413
98502.6
98791.8
98933.5
99013.5
99226.7
99850.4
99970.3
100459
100585
101023
101419
101447
101546
101872
102001
102158
102834
103713
103897
103959
104044
104292
104350
104472
104493
104827
104980
105069
105341
105454
105619
105724
105783
105784
105898
105942
106027
106197
106243
106242
106294
106944
107254
107574
108475
108485
108688
108755
109029
109064
110090
110139
110473
110872
111010
111147
111868
112918
112931
113772
113978
114126
114245
114502
114808
114936
115559
115664
115875
116219
116369
116747
116777
117008
117771
118058
118265
118584
118694
119216
119647
119697
120011
120073
120097
120430
120461
120679
120797
120869
121043
121323
121437
122046
123463
123482
123955
124039
124326
125063
125165
125291
125605
125791
126033
126153
126412
126633
126886
126978
127016
127031
127319
127595
127718
127759
127871
128032
128465
128861
129376
129456
129588
130000
130235
130303
130327
130894
130929
131105
131390
131410
131600
131666
132081
132081
132169
132349
132595
133061
133363
133735
133769
134018
134206
134928
135114
135614
135969
136195
136339
136631
137005
137264
137602
138197
138613
138716
138766
139026
139769
140179
141484
141503
141789
142653
142846
143109
143233
143713
143777
143942
144287
144306
144576
144615
144685
144876
145210
145517
145712
145736
146108
146380
146398
146479
146749
146875
146916
147273
147299
147547
147651
147888
147964
148230
149058
149308
149345
149565
149691
150191
150567
150575
150792
150881
152499
152649
152855
153002
153150
153574
153799
153840
154020
154129
154177
154485
154578
154871
155119
155522
155797
155814
156900
157480
158152
158754
158880
159044
159485
159491
159997
160137
160451
160738
161107
161125
161178
161475
161633
161681
161780
162156
162387
162608
162873
163263
163566
164087
164123
164256
164947
165069
165160
165361
165361
165393
165880
166398
166535
166729
166748
166777
166975
167032
167187
167402
167582
167778
167840
167892
168224
168440
168606
169010
169123
169296
169355
169938
170039
170102
170337
170444
171491
171684
171827
172034
172762
172813
173341
174325
174548
174714
174771
175269
175506
175660
175870
176050
176249
176634
177048
177474
177519
178106
178206
178380
178434
178612
178684
178821
179163
179423
179623
179706
179759
179873
179978
180360
180487
180805
180896
181202
181562
181822
181870
182371
182568
184694
185195
185290
186125
186279
186272
186350
186983
187423
187719
187724
187965
188099
188154
188618
188850
188931
189123
189352
189398
189537
189574
189674
189815
190009
190743
190793
190877
191247
191279
191364
191721
192022
192085
192148
192235
192340
192677
193227
194766
194782
194840
194953
195236
195448
195562
195576
195753
196072
196274
196405
196419
196778
196842
197287
197427
197516
197932
198784
199182
199532
