123.22
1845.06
1910.87
1956.56
2769.03
2825.18
3369.25
3814.45
5222.73
6819.27
6940.71
7226.36
7261.4
7576
7860.25
8074.4
8237.91
8804.02
9895.64
10296.9
11101
11305.2
11321
11986
12338.5
13521.5
14056.7
14331.6
15332.7
15843.7
16074.1
16916.4
18115.9
18919.7
19231.3
19227.4
19478.6
19601.4
19620.3
20837.5
21004.4
24449.6
24990.9
25813.3
26072.9
26509.6
26870.4
26888.6
28294
29076.3
29293
29378
29445.5
29780.1
29872.9
30404
31016.9
31051.3
31340.5
31689.2
32247.7
32500.3
32721.6
33001.1
33611.3
35968.4
36082.6
36331.3
36936.9
37343.6
37970.7
38312
39239
39846.9
41187.1
41503.8
41916
42267.1
42416.4
42953.8
43326.4
43436.2
43697.1
44336.8
45026.5
45201.3
46498.3
46551.4
47775.4
49246.5
49651.8
50040.1
51116.2
51303.7
53152.7
53440.1
53983.3
55290.4
56198.6
57150.9
57736.2
57749.8
57894
58591.8
59021.2
59020.5
59641.2
59970.7
61151.7
61528.6
61897.8
61910
62416.2
62657.3
62755.5
64070.9
64274.9
64463.1
65654.8
65867.4
66236
66405.2
69118.3
69354.1
69402.4
69693.4
70373.3
70648.8
70852.3
70974.8
72309.7
72516.4
74125.4
74587.7
74929.2
75299.4
75685.6
75794
76759.1
76773.9
76792
77259.5
77552.9
77576.4
77935.4
78466.2
79177.1
79288.6
79524.6
79549.1
80185.8
80368.1
81256.4
82172.6
82630.1
82723.1
84103.8
84254.5
84325.2
84356.5
85251.8
85755.9
86122.7
86534.7
86592.2
89612.7
90304.1
91758.7
93068.7
93180.8
93301.3
93759
94188.8
94747
96593.3
98643.6
99662.8
101113
101340
101722
102555
103933
104127
104126
105498
105993
107223
107758
107906
108260
108486
109954
110507
110695
110744
110980
111217
111263
111476
112142
112425
112813
113123
113319
113516
113822
114245
116184
116189
116751
116739
117029
117320
117812
118060
118244
118759
118911
119037
119142
119832
120260
120403
120438
120905
124344
125472
125561
126217
126406
127157
127432
127775
128093
128319
128587
129920
130106
130754
131124
131562
132583
133784
134215
134981
135224
135751
136150
136742
137255
138388
138655
138954
139429
139576
139598
139810
140070
140169
140505
141103
142154
143650
143969
144437
144580
144812
144902
146498
146654
147086
147227
147801
148670
148923
149943
150065
150160
150593
150847
150935
150945
151432
151477
151821
152103
152418
153019
153364
153715
155818
156300
156655
157090
158147
158159
158669
158918
159546
159839
160311
162233
162594
163051
163177
164827
164901
165221
165274
166062
167188
167419
167774
168136
168203
168344
169334
169756
169929
169985
170240
170600
174079
175017
175479
176181
176711
176716
177085
177877
178367
178996
179091
179374
180958
181392
182364
183891
185150
187700
188349
188579
188743
189341
190414
190851
190972
191583
191892
192324
192935
192949
193405
194950
197389
198759
