100
80
79
57
56
34
54
34
54
34
54
34
54
34
54
34
54
34
54
34
54
34
54
34
54
34
54
34
54
34
54
34
54
34
54
34
54
34
54
34
54
34
54
34
54
34
54
34
54
34
54
34
54
34
54
34
54
34
54
34
54
34
54
34
54
34
54
34
54
34
54
34
54
34
54
34
54
34
54
34
54
34
54
34
54
34
54
34
54
34
54
34
54
34
54
34
54
34
54
34
54
34
54
34
54
34
54
34
54
34
54
34
54
34
54
34
54
34
54
34
54
34
54
34
54
34
54
34
54
34
54
34
54
34
54
34
54
34
54
34
54
34
54
34
54
34
54
34
54
34
54
34
54
34
54
34
54
34
54
34
54
34
54
34
54
34
54
34
54
34
54
34
54
34
54
34
54
34
54
34
54
34
