256.29
2119.58
2160.47
2328.75
3195.69
3321.75
4447.79
5729
6742.38
7327.26
9614.8
11350.4
11557.4
12316.5
12434.5
14817.3
17305.3
17835.7
18117.2
18305.9
18528.5
18670.5
18891.3
19623.8
22759.1
23202.2
26594.7
26810.7
26931.4
27363.4
28181
28517.3
29466
33219.4
33820.2
35080.7
35580.3
35582.1
36209.4
36789.1
37288
37628.8
37871.7
38671.8
39908.4
40066.6
40341.8
40588.6
40963.1
41521.7
41763.3
43630
44816.8
45637
46417.2
47737.6
48205.4
48342.6
48997
51519.6
51622.3
54666.8
56962.7
58060.7
58139.5
59520.6
59924.4
64133
64508.3
64528.7
65451.8
65835.6
66967.6
67615.3
68169.1
68571
70062.6
70089.2
73349.7
73820.8
74179.1
74997.5
76148.9
76432.7
77978.3
79370.1
79875.7
81569.2
81945.2
82067.1
82219.7
83538.5
83554.5
86516.5
87061.8
87743.5
88376.7
89086.2
89451
90290.5
92060.6
92385.3
92951.3
93780.6
94718.7
95603.9
95869.2
98028.6
100542
101640
102074
102181
103184
104974
104998
105160
109510
111010
111732
112361
112903
116526
116935
119503
120659
122697
123203
124086
124235
125143
125270
126501
126730
128613
130553
130759
131644
134644
135339
135834
135859
138665
139184
139386
139979
141158
141311
143353
143466
143691
145696
146194
149377
151541
152624
152865
152882
153162
154138
154559
154891
155104
155183
155855
157160
158196
158615
162150
162786
166371
166765
166889
168205
169490
170817
170984
171244
171556
172358
173246
175608
176321
176620
177133
177224
181849
182245
185421
186732
186953
187529
188450
188849
189560
189812
190989
191686
191882
192494
192807
