184.66
328.68
498.01
2518.23
2659.03
2733.34
2845.76
2847.12
4725.46
5793.56
7097.59
7946.06
8551.13
8589.36
9391.94
9966.99
11273
11962.4
12930.1
12989.4
13080.5
13526.6
13889.9
14195.9
14572.2
16303.1
17135
17326.6
17412.3
18353.9
18447.1
19180.8
21194.4
21523.3
21622.3
22572.7
23799.7
23847.3
24125.2
24195.3
24885.9
25545
26410.3
26510.8
27101.8
28207.5
28303.8
28457.8
28953.4
29158.8
29520.9
30234.1
30362.8
30486.8
32438.2
33184.6
33401.4
34167.7
34317
35121.4
35434.8
35892
36015.1
36439.8
36929.7
37678.6
37721
38478.6
38573.7
38773.8
38908.9
39281.6
39490.5
39896.6
40325.9
40380.7
40761.5
41049.8
41313.8
41350.1
42860.4
43206
43499.3
43840.5
43998
44479
45114.5
45264.1
45467.6
47133.7
47349.9
47682.9
48006.5
48068.9
50671.5
50881.9
51152.4
51197.6
53636.7
54209.1
54669.6
54951.9
56127.4
56423.6
56665.2
58279.8
59511.6
59583.9
62483.1
63237.9
63669.6
63670.5
64204
64234
64330.8
64850.1
65035.6
65574.2
65965.8
66455.5
66783
66832.5
67797.1
67912.5
69311.5
69593.4
69637.6
70409.6
71341
72341
72529.1
73682.1
73997.3
74316.6
74861.3
75219.3
75277
75573.1
76288.9
76850.7
77135.3
77144.6
77875.7
78727.9
79544.7
79661.1
80356.4
80696.8
80810
81738.3
81849.6
82380
82757
82880.8
83878.1
85447.6
86102
87226.2
87779.2
88729.7
89548.5
90628.2
91485.4
92189.6
92242.1
93566.9
93666.8
94061.1
94163.4
94240.2
94484
94748.4
95330
97340.7
98016.7
98301.2
98341.7
98333.3
98472.2
98660.4
99216.2
101293
101474
101594
102249
102658
103111
103181
103305
103386
103748
103992
104088
104418
104480
104832
104844
105227
105851
106013
106468
107555
108851
110719
111044
112105
112342
113610
113608
114089
114377
114804
116450
117909
118494
118598
118741
118862
119283
120265
120823
121043
121266
121955
122440
122789
122927
123567
123880
124634
124723
125743
126763
127657
127803
128252
128504
129326
130055
130064
130575
131660
131702
131795
132961
132973
134454
135297
135830
135861
136396
136990
138144
138312
139001
139084
139190
139315
139636
140397
140848
142216
142818
143482
146212
148405
148478
149527
151215
151243
151361
151598
152137
152199
152947
153944
154400
154721
154783
155217
155470
155968
156408
156888
157808
157997
160749
160905
161127
162033
162117
162912
163615
163900
164429
165520
166503
168025
168047
168741
168974
169352
169639
170006
170169
170471
170700
170784
174230
174489
174536
175239
176165
176308
176999
178063
179155
179587
179847
181232
181281
181755
182629
182960
183619
184325
186114
186408
186860
186896
186980
187201
187540
187723
188080
188170
188276
188526
189196
189224
189326
190848
191093
191247
191531
192212
192322
192366
194258
194786
195084
196596
197572
197740
198141
198730
199006
199368
199440
199689
