323.7
807.5
3008.4
5211.24
5402.71
5611.16
11673.7
13515.7
15906.1
24699.3
37525.2
47004.3
47474.3
48607.1
48691.3
50047.9
53898.7
55239
59062.1
59079.4
60065.1
60376.5
61038.3
61375.9
61717.5
64348.2
64477.7
64533.6
66300.2
67146.2
68492.4
68877.7
69872.7
69950.4
70243.5
70947.9
71424.5
72974.3
75624.4
75633.5
76432.3
78289.9
78518
78727.2
79268.2
79862
80684.6
81965.1
82049.2
82320.1
83838.1
84820.5
86362.2
87336.9
90262.1
90348.1
90894.1
91009.5
91581.8
92301.6
92729.2
93221.5
93805.1
94813.7
98075.3
99409.9
101702
104454
105778
107741
108136
109726
110730
110902
111180
111282
111639
113067
113596
115528
115604
116361
116456
116529
116785
118318
118421
118445
118840
119650
120534
120713
121925
122273
122435
122936
124169
124246
124400
124903
126881
127385
127832
129610
129856
130747
131097
133781
135337
136571
137377
138314
138546
139132
139744
140836
140987
141389
142179
142534
143864
144757
144990
145281
145369
145624
145922
146438
146612
146707
146803
147594
148190
148513
149267
149521
150111
150373
151172
151356
151508
152221
152803
153852
154786
154803
156587
157476
158472
159690
160003
160585
162416
162666
163052
163512
164185
164635
165687
169257
170243
170366
171584
173941
175513
176977
177918
178057
178240
178331
178435
179728
179942
180645
181303
182490
182858
184362
185278
185871
186232
189206
191143
192449
193268
196130
197582
199142
203224
203789
204664
206795
210046
214561
215912
216678
217064
217629
218014
218144
218990
219759
219805
221176
221653
224046
224279
224664
225652
227956
228016
230934
231149
231753
233139
234530
239595
242382
250521
250684
251669
254026
254046
254503
255131
255335
255848
256791
256859
257159
258389
258624
258842
259055
259569
261847
262980
263738
264441
265139
265336
267330
267931
268010
268652
269049
269372
271334
271609
272345
272684
275075
275960
277262
277961
278352
284516
284647
286666
289480
292315
292783
293912
295871
297730
300440
300679
301015
301711
302263
302575
302713
303395
305216
305710
306385
307377
307756
307831
307931
308196
309467
312883
313205
313484
313771
313871
315147
316483
318375
319175
323730
323814
324795
327302
328936
330152
330476
330785
330947
337570
338464
342373
342974
344907
345993
348295
350110
350780
354948
361384
362804
365442
366299
367057
367153
368486
369077
371333
371718
372822
375605
376735
377075
377720
377809
378668
379078
381545
382451
383063
384047
384257
386088
387265
390127
390140
390785
396013
399049
406457
411688
412554
412848
414154
415598
420364
420667
421880
422529
422750
423986
425342
426506
427289
429242
433996
435568
436332
437213
440266
440384
440663
441637
442239
442576
442935
444358
444951
445255
445715
445995
448722
449753
451121
466500
486205
494145
500900
500951
503735
505252
507677
510305
532435
533276
533792
534157
561070
562137
565735
566916
568258
568906
570950
571376
572210
572919
573193
573879
574324
575339
577717
580627
580679
581827
583386
612865
612934
613933
614337
615379
615834
615890
616337
619537
619879
620947
620978
621015
623234
623660
632995
636841
642350
646888
647502
650864
651394
651877
664824
665188
665200
665217
665515
665711
665923
669281
669442
670709
670994
688910
692379
693529
699411
708406
708955
709241
711180
712206
713598
714945
719254
720810
721296
721600
724594
724723
727412
728979
729200
730495
731297
732296
733364
734843
739123
739366
739598
740069
742225
744295
744444
746930
797528
805620
806437
814462
814491
814851
844824
860962
861396
885242
955359
960256
961137
962354
962501
965788
967376
967693
968245
968466
968854
968883
969054
969696
970017
972049
973470
975494
975943
976395
977507
978702
978894
979973
980335
981094
981348
981791
985667
994899
999472
999718
