309.03
908.43
1572.86
2729.53
3526.45
4330.99
6077.11
7765.62
8132.57
8234.46
9819.04
10518.2
10843.3
11854.6
12182.2
12358.4
12358.6
13112.4
15526.8
15937.9
16195
16829.7
17600.2
17802
18187.1
19170.2
19875.5
20065.1
20483.9
20523.6
20966.3
20983.9
21608.8
23067.6
23666.4
23956.7
24274.8
24776.7
25036.3
25253.2
25407
25634.9
25643.9
25813.7
26353.8
29329.8
29592.9
29735.7
29801.5
30114.5
30119.8
30759.9
31098.6
31132.4
31382.4
31630.1
32285.3
32351.7
32366.2
32580.5
33140.5
33559.3
33669.9
35666
35711.7
36162.8
36439.1
36760.9
36812.9
36957.1
37293.6
37730.8
38128.1
38267.4
38912.2
39088.8
39172.1
39452.9
39787.7
39829.1
40003
40629
41137.6
43939.7
44550
44676.7
45415.1
45881.2
46035.3
46231.6
46525.5
46763.1
47283.3
47403.2
48344.7
48752.4
48856.3
48927.9
48932.5
49488.3
49871.5
50618.1
51204.9
52104.9
53429.2
53607.3
53942.6
54402.8
54956.8
55511.7
55837.4
56344.7
57632.9
57836.1
57903.8
58117.5
58224.7
58856.1
58932.1
59233.4
59946.6
61086.7
61845.4
62479.1
62966.7
63577.2
63900.7
64038.8
64282.4
64781.7
64833.5
65155.1
66368.4
66875.2
67022.3
67384.2
67684.4
69539.6
70660.8
70982.8
71220.2
71253.1
71732.5
72153.4
72235.7
72589.6
73025.6
73076.8
73339.5
73453.1
73673
74811.3
74950.5
75090.6
75858.4
76826
76919.6
77343.7
77662.4
77980.8
78005.8
78538.3
78683.4
78768.5
79261.7
79707.4
79777.2
80077.1
80113
80135.9
80489.4
80515.7
80692.8
81063.5
81081.5
81321.8
81387.4
82245.2
82355.5
82492.8
83841.2
83933.5
84045.4
84355.9
85378.2
86320.4
87540
89102.3
89414.2
90229.1
90687.8
91053.1
91195
91453.1
91580.1
92187.5
92359.8
93148
94211.1
94216.5
94851
94897.6
95342.9
95364.2
95977.3
96297.8
96587.8
96735.1
96773
98014.2
98174.8
98207.5
98241
99096.4
99876.5
99892.3
99979.9
