147.29
2035.83
2418.58
2610.54
3189.32
3397.04
4845.85
4887
4927.8
5923.59
6861.29
6971.93
7141.4
7236.58
7832.03
8232.35
8382.49
8591.64
9388.45
9553.06
10139.6
11011.4
11433.1
12754.8
12816.7
14166.7
14555.2
15138.8
15615
16312.6
17508
18137.7
18362.4
18459.5
18847.4
19426.5
19459.3
19501.6
20399.7
20720.1
21199.5
21205.7
21458.5
21627.4
21649
22170.4
23729.9
23976.1
24803.4
24810.5
25435.5
25853.7
26331.3
26398.5
27397.8
27428
28913.5
30627.8
30862.5
30892.2
30969.9
31398.7
31956.2
32267
32534.6
32983.3
33680.8
33841.3
34628.7
35136.7
35751.6
36157.8
36283.9
37206.7
37428.2
37677.5
38555.8
38619.6
39837.2
40107.8
40616.3
41266.7
42014.6
42445.9
42818.7
42838.1
43885.1
43921.3
44154.2
44167.3
44760.3
44998.3
45745.3
45920.5
46066.8
46732.1
47249.6
48155.6
49484.8
49567.3
50059.5
50140.5
51135.5
51797.7
53297.8
54901.9
55826
55842.9
57022
58071
58813.7
59025.5
60326
60361.5
60729.6
60848.7
60966.8
61121.5
61579.7
61892.9
62262.7
62786.9
63545.4
64795.3
65351.7
65448.9
65709.2
65720.9
65966.2
66035.3
67147.2
67580.6
67862.5
68838.7
69835.4
69995.7
70379.6
70639.6
70640
70702.5
71066.3
71080.2
71522
72044.8
72468.3
72560.8
73478.6
74495.2
74505.1
74892.3
75226.1
75725.1
76486.3
76951.3
77194
77347.1
78159.1
78617.4
78955.7
79612.9
79763.7
79811.8
79942.8
80296.6
80771.2
81230.8
81982.7
82048.1
82377
83113.3
83249.4
83479.1
84685
85121.5
87052.9
87594.5
88411.7
88638.4
89367.9
89628.5
89880
90153.3
90811.7
90863.2
91299.5
91622.5
92302.2
92538.6
92762.2
93514.8
93896.7
93969.6
95291.9
95693.5
95947.8
96584.3
96903.6
97390
97915
97935.9
98073.3
98148.8
99123.5
99465.7
99541.9
100497
100561
100918
102921
103496
103645
104641
105212
105688
105905
107263
107703
107853
108701
108745
108983
109108
109177
109194
110017
111094
111371
111428
111787
112025
112409
112443
112524
113294
114522
115628
116661
117724
117817
117824
117970
118427
118682
119056
119529
119691
119892
120012
120057
120419
120876
121643
123085
123537
123899
124479
124825
125273
125780
126728
126820
127982
128006
129227
129227
129790
130247
130427
131302
131431
131571
132013
132053
132371
132475
134189
134444
134790
135131
135290
136075
136412
136449
136984
137005
137616
138271
139138
139206
139654
140121
140456
140549
141530
141673
142237
142317
142400
143986
144397
145358
145439
145517
145735
146269
147181
147630
148223
149225
149353
149582
150318
150919
151212
152042
152063
152397
153494
153908
154835
155169
156060
156687
156989
157262
157453
157925
158143
158267
158829
158956
159565
159892
160603
161332
161846
162462
162770
162809
163195
164044
164958
165056
165838
166260
167198
167959
168751
168990
170101
170631
170806
173099
173453
174264
174459
174876
174892
176229
176233
176604
177069
177742
177975
178092
178226
178856
179592
180044
180987
181519
181774
182121
182201
182217
182320
182851
183294
183668
184618
186218
187857
189090
189285
189685
189721
191265
191547
191970
192401
192849
193091
194153
194380
194603
194740
195307
196298
196684
197130
197833
197861
198660
198864
199166
199173
199389
199633
