129.1
358.65
592.69
737.08
787.25
908.55
1036.05
1134.83
1155.74
1191.81
1324.49
1501.32
1747.03
2102.39
2570.59
2982.45
3145.94
3348.58
3442.14
3572.79
4038.79
4785.87
5201.3
5235.47
5340.66
5633.86
5740.08
5887.45
6028.94
6213.99
6293.58
6644
6821.2
6870.82
6932.87
7073.58
7336.17
8243.88
8639.1
8665.17
8724.29
8762.77
8906.42
9410.57
9452.64
9644.82
9902.96
9943.02
10171.2
10180.2
10228.3
10247.3
10464.1
10475.8
10612.1
10647
10794.1
10860.6
11272.3
11360.3
11502.2
11679.6
11700.6
11853.7
11944.9
12198.2
12632.5
12665.3
12672.6
12776.8
12798.7
12998.9
13033.7
13335
13444.6
13503.8
13522.9
13989.3
14243.1
14314
14502.5
14660.6
14679.7
14834.6
15443.9
15534.7
15593.7
15634.1
15911.8
15993
16270.5
16853.9
16862.1
16864.4
16889.2
17047.5
17052
17747
18095.4
18124.3
18690.1
18912.8
19519.5
19608.8
19769.7
19821.3
19995.9
20335.2
20403.5
21018.4
21283.5
21807.1
22050.3
22136.1
22168.4
22274.7
22343.1
22463.8
22645.3
22764.8
22908.4
23122.2
23165
23806.5
24194.9
24224.7
24445.5
24464.8
24807.9
24868.2
24889
25409.9
25724.7
25818.7
25852
26182
26392.1
26504.8
26644
26652.5
26716.4
26717.4
27128.6
27187.1
27725.8
28012.9
28057.6
28362.3
28429.7
28739.5
29006.5
29082.7
30133.9
30601
30640.3
30770
30945.6
30975.7
31320
31464.4
31603.2
31688.5
32004.1
32159
32323.9
32373.3
32663.6
32969.8
32994.6
33030.5
33372.9
33383.5
33610.3
33634.9
33809.5
34374.6
34549.1
34719.7
35015.2
35223.8
35233.6
35319.2
35418.6
35814.1
35899.5
36058.6
36175.7
36425.5
36714.6
36838.5
36870.9
37118.8
37226.4
37274
37624.4
38075.9
38494.1
38738.2
38896.6
39156.1
39166.8
39206.1
39543.2
39813.7
39885.9
39944.4
41215.2
41757.8
41806.5
42150.2
42461.3
42865.1
42993.8
43005.7
43075.7
43567.1
43623
44022.5
44069
44153.5
44308.5
44316.7
44871.3
45141.7
45380.7
45811.9
46458.1
46455.9
46794.3
47076.9
47112.7
47214.9
47470.3
47572.5
48023.1
48034.5
48133
48142.9
48236.1
48421.2
48652.3
48971.1
49017.5
49024.2
49055.1
49131.6
49196
49293.7
49396.3
49480.2
49554.7
49628.2
49737.9
50045.3
50142.8
50197.9
50290.1
50326.3
50384.4
50441.4
50514
50890.4
51032.3
51140.9
51807.1
51815.7
51887.3
52048.9
52196.5
52523.2
52541.5
52716
52924.6
53008.5
53386.3
53425.5
53794
53998.2
54445.3
54494.2
54664.9
55006.3
55062.3
55111.5
55320.7
55470
55559.7
55671
55835.8
55954.7
56410.4
56700
56737.6
56748.5
56876.7
57013.3
57072
57373
57362.8
57601.9
57690.6
57910
58110
58438.5
58475.2
58704.1
59154.9
59300.5
59956.2
60337.6
60434
60790.1
60928.1
61782.2
62692.1
62792.4
63592.5
63628.3
63973
64290.4
65048
65120.9
65222.1
65409.9
65505.1
66477.7
66748.5
66990.7
67647.8
67646.5
68045.7
68154.6
68382.3
68532.6
68600.5
68619.8
69112.6
69543.9
69594.5
70162.1
70202.1
70247.2
70254.3
70349.5
70457.1
70584
70978.3
71267.7
71404.5
71545.2
71640.8
71748.2
71912.6
72050.4
72246.6
72497.6
72609.8
72603.1
72648.6
72689.8
72719.5
73296
73338.3
73523.8
73545.5
73677.3
73989
74114.5
74169.1
74261.2
74652.6
74843.3
75001.8
75116.4
75199.5
75544.2
75806.7
75824.8
75872.7
76189.6
76201.7
76213
76247.9
76553.5
76792.2
76863.9
77664.1
77781.2
78051
78696.8
79859
79913.3
80690.3
80872.1
81302
81581.6
81613.1
81718.4
82159
82191.2
82280.9
82469.1
82478.3
82596.8
82669.9
83223.1
83321.7
83438.6
83508.3
83650.3
83682.4
83728.8
84055.8
84066.5
84211.9
84471.2
84499.2
84717.2
84734.5
84817.7
84823.6
85016.3
85083.5
85172.9
85305.3
85556.9
85664.5
85721.4
85833.2
86184.3
86584.7
86670.1
88509.1
88803.6
88927.1
89079.6
89437.1
89480
89508.9
89777.5
89779.1
89860.4
90041.4
90095
90107.6
90184.8
90388.3
90422.2
90568.9
90849.9
91025.7
91374.4
91394.9
91520.2
91564.2
91687.4
91714
91829.4
91919.4
92142.3
92191.7
92357
92360.4
92655.7
92928.2
93285.6
93386.7
93563.1
93574
93762.1
94125
94180.5
94251.7
94442.5
94748.9
94872.7
94953.5
95258.4
95320.9
95326.1
95836.1
96173.2
96376.3
96388.6
96472.9
96715.4
96838.9
96858.6
96905.5
97067.4
97145.6
97336.6
97563.8
97596.6
97816
97869.4
98017.3
98034.2
98550.3
98558.8
98587.4
98738
98739
98928.4
99079.8
99355.1
99487.1
99696.2
99746.7
99837.3
100293
100667
100761
100906
100947
101045
101187
101186
101299
101486
101505
101602
101770
102092
102120
103195
103699
104155
104165
104270
104788
105383
105844
105953
106020
106381
106421
106542
106880
107483
107582
108104
108111
108278
108365
109504
109607
109674
109884
110207
110291
110321
110598
110739
110846
110955
111031
111190
111293
111415
111572
111688
111734
111879
112119
112127
112230
112399
112447
112657
112675
113308
113441
113762
114001
114617
115224
115255
115486
115569
115689
115701
115710
115915
115915
115973
116036
116419
116491
116598
116717
116809
117034
117084
117118
117167
117416
117579
117717
117932
118136
118512
118516
118519
118574
118852
118971
119108
119253
119381
119636
119807
120091
120279
120329
120371
120607
120696
121235
121245
121695
121788
122054
122216
122275
122357
122374
122461
122549
122634
122707
122743
122826
123104
123114
123185
123322
123627
123648
123970
123993
124223
124281
124471
124510
124579
124802
124939
125090
125223
125307
125443
125471
125581
125817
125844
125904
126018
126576
127142
127493
127891
128375
129327
129407
129777
130219
130229
130429
130706
130762
130759
131193
131336
131377
131703
132323
132349
132374
132516
132529
132609
132793
133000
133159
133264
133520
133674
133679
134025
134161
134275
134366
134356
134366
134565
134627
134667
134737
134781
134952
134998
135147
135171
135176
135247
135268
135372
135523
136157
136519
136602
136658
137188
137223
138026
138605
138777
138984
139032
139186
139981
140003
140019
140268
140449
140471
140626
140649
140771
140843
141124
141134
141364
141543
141801
142168
142277
142604
142697
143069
143097
143361
143666
143997
144041
144159
144165
144479
144559
144596
144806
144921
144955
145186
145458
145557
145687
145739
145848
146283
146287
146313
146409
146672
146718
146781
147036
147049
147170
147175
147631
147734
147759
147783
148027
148077
148325
148361
148408
148593
148655
148675
148879
148906
148950
149061
149234
149368
149591
149656
149712
149762
150205
150225
150370
150685
150866
150892
150923
151057
151301
151336
151610
152006
152465
152657
152736
152745
153290
153956
154247
154272
154322
154470
154714
154792
154894
154967
155069
155196
155231
155339
155389
155504
155732
155813
155817
155896
155909
156290
156576
156606
156801
157185
157591
157739
157914
158366
158686
158902
159268
160027
160040
160187
160286
160453
160568
160655
160780
160930
161041
161168
161185
161195
161461
161572
161841
161867
161926
162227
162340
162647
162825
163443
163742
163847
164021
164310
164403
164465
164583
165158
165523
165699
165848
165911
166068
166128
166226
166292
166309
166362
166486
166578
166599
166676
166962
167025
167175
167326
167559
167809
167923
167993
168065
168078
168155
168170
168295
168533
168798
168948
169113
169185
169616
170192
170341
170515
170599
170948
171896
171910
172107
172126
173095
173113
173137
173389
173409
173433
173497
173567
173604
173913
174380
174512
174579
174761
174862
175215
175247
175384
175548
175725
175801
176192
176675
177064
177571
177943
177952
178485
178508
178793
178934
178986
178996
179205
179409
179466
179495
179523
179669
179686
179731
179780
179795
180023
180148
180269
180446
180525
180820
181249
181436
181467
181622
181755
181972
182739
183121
183117
183315
183515
183673
183684
183859
184214
184389
184405
184769
184866
185169
185208
185422
185442
185699
186024
186117
186586
186721
186835
187530
187574
187975
188261
188776
189183
189210
189222
189337
189584
189672
189806
189889
190105
190177
190190
190379
191205
191586
191615
191750
191788
191948
191996
192123
192365
192424
192563
192638
192889
192959
193050
193054
193178
193185
193320
193577
193601
193831
193839
194185
194207
194473
194660
194769
195116
195160
195886
196295
196338
196368
196560
196767
196986
197176
197300
197469
198096
198469
198703
198785
198905
199228
199518
199559
199695
199807
199818
