1543.49
1546.12
1764.46
1775.81
1788.52
1815.19
1825.36
1828.42
1833.1
1836.16
2500.19
2503.5
2524.72
2534.13
2547.88
2550.04
2557.12
2563.05
2573.42
2584.09
2586.95
2590.24
2599.79
2607.35
2610.41
2613.32
2631.38
2636.13
2644.09
2654.16
2673.35
2682.59
2692.47
2696.09
2702.98
2714.73
2723.24
2751.89
2766.04
2768.11
2774.62
2776.41
2779.08
2785.63
2788.25
2790.28
2794.15
2802.72
2816.6
2827.67
2835.6
2852.05
2855.02
2866.4
2875.59
2899.65
2934.51
3020.93
3356.99
3406.85
3415.94
3424.01
3428.93
3434.39
3448.7
3454.05
3462.04
3466.91
3475.11
3866.28
3879.96
3886.69
3892.08
3901.07
3916.56
3926.28
3931.89
3941.44
3955.19
4625.86
4670.23
4694.65
4706.08
4711.37
4715.19
4735.31
4743.63
4774.37
4788.45
4788.88
4792.17
4795.64
4802.2
4803.36
4818.44
4827.24
4871.76
4877.37
4885.87
4889.6
4892.35
4905.26
4925.33
4953.31
4965.22
4967.15
4970.61
5183.41
5198.22
5228.25
5260.26
5268.74
5282.53
5284.33
5288.23
5293.78
5298.54
5314.19
5318.33
5321.37
5324.01
5327.56
5329.83
5334.93
5340.02
5342.13
5344.12
5349.44
5351.78
5359.42
5364
5372.68
5376.1
5379.08
5384.01
5390.54
5409.57
5461.27
5464.29
5468.9
5478.12
5481.38
5484.41
5489.56
5494.57
5499.6
5503.44
5521.16
5523.7
5526.83
5537.03
5542.4
5544.39
5555.3
5558.99
5563.86
5568.95
5570.36
5577.2
5579.38
5595.71
5603.69
5623.13
5629.24
5636.06
5853.43
5884.93
5887.21
5889.43
5896.21
5906.55
5910.38
5949.34
6137.52
6153.53
6158.38
6166.37
6169.71
6188.22
6199.88
6205.42
6212.97
6220.67
6262.54
6265.01
6297.5
6370.03
6392.47
6408.86
6805.73
6813.97
6831.72
6853.66
6868.7
6942.29
6952.39
6958.79
7134.97
7140.32
7148
7161.89
7205.2
7210.52
7212.91
7220.71
7231.39
7363.43
7400.34
7412.89
7420.46
7434.3
7474.32
7532.86
7541.66
7544.37
7557.19
7577.15
7578.58
7580.47
7826.23
7865.64
7873.32
7880.86
9254.9
10441.2
10464.3
10510.3
10531.7
10835
11028.4
11038.1
11050.9
11056.2
11062
11068.2
11072.9
11077.8
11083.6
11089.9
11102.3
11110.9
11114.9
13834.6
13859.4
13866.2
13868.1
13870.9
13874.7
13876.5
13886.5
14016.6
14057.7
14063.8
14081.8
14090.9
14102.2
14117.6
14125.6
14148
14154.1
14162.7
14172.8
14174.1
14184.1
14185.3
14214
14227.9
14254.6
14274.6
14284.8
14300.4
14410.1
14551.8
14557.1
14561.7
14798.4
14820.2
14822.3
14839
14842.8
14845.8
14855.5
14866.9
14868.4
14875.3
14891.1
14895.8
14903.3
14907.2
14927.4
14929.2
14953.8
14959.5
14961
14969.4
14974.9
14978.7
15006
15013.7
15528.1
15531
16368.6
16394.3
16414.8
16429.8
16433.8
16436.2
16445.2
16451.3
16454.9
16456.4
16462.2
16463.9
16474.5
16483.9
16488.3
16493.6
16496.3
16514.4
16518.7
16524.1
16526.2
16546.1
16548.7
16553.3
16559.2
16563.4
16593.4
16597.2
16601.7
16603.5
16613.2
16615.4
16625.9
16626
16630.6
16635.6
16640.9
16642.2
16647.5
16650.6
16654
16659.2
16662.9
16671.9
16672.5
16731.5
16732.7
16735.5
16738.6
16741.1
16747.6
16755.1
16761.7
16767.3
16777
16784.7
16790.7
16824.3
16864.4
16867.7
17436.9
17443.9
17448.9
17459.2
17463.9
17471.6
17475
17480.8
17511.4
17512.6
17514.5
17548.3
17550.9
17567
17580.4
17592.5
17603.9
17606.9
17635
17637.6
17641.8
17675.2
17686
17701.6
17707.9
17710.4
17741.4
17744.6
18049.8
18050.8
18066
18068.6
18072.7
18083
18095.3
18113.3
18145.3
18156.3
18206.2
18339.8
19082.3
19294.3
19327.8
19336.5
19335.5
19341.2
19361.3
19374.2
19378.1
19391.5
19394.6
19399.1
19404.8
19410.8
19411.5
19412.7
19416.8
19420.1
19423.6
19434.8
19437.9
19439.4
19441.4
19441.6
19446.2
19462.3
19464.4
19467.6
19471.1
19474.8
19473.5
19476.9
19486.7
19489.9
19490.5
19493
19498
19517.5
19562.9
19597.2
19609.6
19630.8
19649.6
19669.3
19676.6
19688.8
19710
20061.1
20062.2
20077.6
20082.7
20087.2
20099.8
20629.6
20654.8
20660.9
20664.8
20679
20683.7
20691.5
20698.2
20700.5
20704.4
20708.6
20717.5
20718.7
20726.4
20733
20747.4
20756.5
20761.4
20764.8
20769.5
20793
20995.4
21030.9
21078.2
21125.6
21331.7
21339
21342.3
21349.8
21354.9
21396.6
21416.3
21422.9
21842
21846.3
21847.7
22700.3
22764.7
22767.2
22912.3
23107.4
23231
23251.2
23472.3
23500.7
23507.3
23512.2
23516.6
23526
23538.4
23547.8
23549
23554.4
23559
23568.8
23575.2
23585.3
23633.8
23690.4
24305
24311.4
24831.3
24854.5
24871.8
24874.2
24892.4
24896.6
24903.7
24918.4
24926.6
24928.3
24976.2
24990.9
25033.1
25233.9
25252.6
25292.4
25298
25313
25321.7
25328.1
25329.9
25332.7
25339.1
25342.6
25345.3
25357.9
25361.8
25368.5
25372
25379.9
25392.1
25397.6
25398.8
25401.2
25405.4
25409.7
25414.9
25440.5
25498.1
25501.6
25504.9
25515.9
25521.2
25522.3
25525.2
25533.1
25538.7
25544.8
25546.3
25560.1
25563.2
25569.4
25585.4
25594.6
25601.6
25605.9
25614.1
25618.2
25623.1
25628.9
25630.1
25638.9
25651.6
25658.6
25664.1
25663.4
25665.3
25669.8
25674.4
25677.8
25677.2
25682.8
25687.7
25690.8
25695.8
25711.2
25714.2
25726.3
25729.3
25730.4
25737.4
25743.5
25743.9
25746.5
25766.4
25782.7
25788.4
25797.9
25803.4
25807.8
25813.9
25815.1
25819.3
25823.7
25826.3
25832.1
25835.4
25843.6
25847.6
25858.9
25862.3
25864.4
25878.9
25892.6
25896.9
25917.7
25919.4
25931.1
25933.5
25940.7
25948.6
25958.4
25964.1
25967.2
25970.5
25973.6
25983.2
25988
25993.3
25995.7
26005.1
26019
26022.9
26032.6
26034.8
26038.3
26041.7
26043.6
26052
26057.4
26067.2
26074.3
26089.7
26098.8
26109.6
26117.6
26138.1
26154.3
26177.7
26191.4
26194.2
26220.5
26240.3
26244
26256.3
26263.1
26272.6
26279.2
26280.2
26286.6
26296.2
26299.1
26309.5
26316.1
26323.3
26327.6
26330.6
26336.2
26341
26349.3
26361.3
26376.4
26392.5
26396.1
26397.6
26402.3
26406.4
26408.2
26414.3
26417.8
26421.9
26429.6
26429.6
26439.9
26442.4
26444.4
26449.7
26455.4
26458.3
26458
26460.1
26458.5
26463.8
26465.8
26466.3
26469
26470
26475.9
26475.7
26478.8
26483
26490.1
26500.6
26503
26507.5
26508.9
26507.1
26512.9
26515.9
26525.1
26529.4
26541.6
26545.6
26554.9
26556.8
26560
26564.3
26567.3
26575.1
26579
26585.4
26588.5
26591.6
26592.5
26595.8
26594.9
26597.7
26603.7
26605.8
26606
26607.3
26618.2
26623.1
26626.7
26641.5
26641.7
26650.2
26652.8
26652
26655
26661.8
26670.9
26678.1
26681.3
26682.6
26684.1
26687.3
26688.4
26689.5
26691.2
26694.9
26706.4
26707.2
26709.8
26715.2
26746.8
26750.6
26758.2
26760.4
26764.9
26764.6
26769.1
26771.1
26775
26780.8
26812
26818.2
26823.2
26834.4
26841
26854.9
26857.7
26861
26863.1
26888.9
26897.5
26906.4
26922.6
29657.3
29662.1
29668.7
29670.7
29672.7
29677.8
29685
29688.8
30295.1
30311.7
30332.2
30335.9
30355.7
30357.9
30361.3
30373.2
30417.7
31243.3
31261.1
31264.9
31273.2
31276.8
31285.5
31335
31367.9
31853.4
31857.8
31874.9
31891.5
31945.8
31952.6
31963.8
31973.1
31976.1
31977.3
31996.3
31998.3
32001.4
32004.1
32006.4
32009.1
32013.1
32019.8
32027.6
32029.4
32033.7
32035.3
32036.7
32040.7
32041.4
32044
32061.3
32065.8
32071.9
32077
32082.7
32090.6
32096.4
32100.5
32101.6
32105.9
32285.9
32365.8
32381.6
32392
32412.4
32422
32447.1
32449.1
32453.9
32457.7
32461.9
32465.5
32472.4
32474.9
32476.4
32480.6
32482.2
32490.9
32494.6
32493.4
32498.7
32502.6
32504.7
32505.4
32511
32518.2
32520.2
32523.9
32527.3
32524.4
32528
32529.7
32531.3
32533.9
32540.4
32543.9
32544
32555.2
32560.2
32565.5
32575.8
32585.2
32683.6
32689.8
32707.4
32720.2
32732.7
32738.5
32754.8
32776.7
33171.7
33633.3
33636.8
33643.6
33648.4
33661.9
33679.6
33689.9
33898.6
34403.7
34407.3
34413.1
34417.1
34418.2
34427.4
34429.4
34432.5
34439.9
34444
34449.1
34665.1
34689.4
34726.8
34760.4
34776.1
34793.7
34804.8
34807.5
34810.7
34812.4
34818.9
34825.4
34829.7
34836
34842.3
34849.8
34858.4
34861.9
34881.9
34906.7
34916.9
34931.4
34931.3
34971.8
35061.3
35065
35078.5
35090.7
35104.2
35112.2
35324.5
35333.4
35338.8
35350
35356.4
35364.2
35372.9
35379.2
35381
35382.7
35395.3
35407.4
35409.7
35414.1
35419.5
35421.8
35427.6
35432.1
35450
35455.6
35483
35492
35496.6
35505.2
35508.6
35894
35909.1
35924.4
35930.9
35935.8
35943.8
35948.3
35954
35957.3
35979.2
35980.3
35984
35986.8
35992
36004.8
36007.8
36012.6
36027.3
36032.8
36311
36322.5
36325.2
36327.9
36342.9
36354.5
36361.2
36364.5
36369.8
36373.3
36383.3
36386.9
36394.8
36397.9
36404.5
36436
36473.9
36477.9
36477.1
36497.9
36512.3
36605.9
36612.7
36615.4
36619.9
36644.8
36728.4
36777.6
36778.9
36790.8
36792.6
36795.5
36818.4
36823.7
36835.2
36844
36848.2
36858.2
36859.2
36861.7
36866.2
36869.6
36871.8
36877.1
36881.4
36885
36885
36893
36897.9
36898.4
36899.7
36903.5
36908.6
36918
36925.4
36928.5
36941.6
36949.7
36956
36962.4
36965.9
36977.7
36985.8
36991.1
36995.7
37123.7
37131.9
37138.5
37151.4
37158.5
37162.8
37170.1
37173.2
37188.7
37199.6
41303.1
41421.5
41444
41493.9
41510
41606.1
41650.9
41653.9
41676.2
41685.8
41697.1
41704
41729.3
42690.2
42702.5
42708.1
42714.7
42723.6
42726.1
42738.6
42747.7
42757.1
42761
42779.6
46780.5
46792.3
46810.2
46813.3
46825.9
46865.7
46875.2
46878
46891.2
46909.9
46912
46918.6
47285.2
47297.1
47307.4
47311
47326.7
47336.9
47341.3
47711.2
47724.1
53354.6
53643.9
55224.1
55227.3
55236.9
55244.1
55258.5
55260.8
55264.3
55265.4
55274.8
55279.6
55283
55286
55295.5
55295.7
55301.2
55301.6
55302.9
55307.2
55316.8
55317.7
55322.8
55325.4
55324.5
55332.7
55340
55341.6
55343
55344.2
55352.5
55354
55355.2
55360
55368.6
55374.1
55381.6
55387.2
55402.4
55410.2
55410.7
55414.8
55416.2
55423.2
55424.4
55425.6
55428.6
55429.1
55435.8
55437.7
55446.3
55448
55493
55516.7
55531.2
55554.2
55555.5
55562.8
55577.4
55577.7
55580.5
55597.7
55600.4
55607.6
55609.4
55614.3
55619.3
55626.9
55633.3
55635
55642.8
55655.2
55658.1
55672.5
55694
55718.4
55730
55743.5
55768.2
55770.9
55776.3
55778.5
55783.4
55791.4
55794.5
55798.2
55801.3
55814.4
55869.4
55882.7
55884.3
55910.1
55961.8
55963.8
55971.5
55973.6
55996.7
56016.4
56021.1
56028
56359.8
57515.5
58035.3
58045.9
58050.4
58052.6
58060.2
58063.9
58069
58073
58074.9
58077.8
58084.8
58093.3
58097.2
58101.2
58107.1
58110.9
58115.4
58123.6
58135.1
58137.9
58144.5
58147.8
58155.3
58164.9
58166
58168
58162.8
58166.5
58173.6
58181.9
58174.8
58185.3
58189.1
58201
58205.9
58199.8
58210.3
58215.7
58220.5
58246.8
58259.3
58260.7
58263.9
58268.1
58278.8
58287.4
58295.1
58308
58314.8
58326.3
58343.5
58374.6
58368
58373.8
58390.7
58396.3
58399.2
58405.7
58410
58416.7
58438.9
58447.1
58455.3
58459.5
58464
58465.6
58471.5
58480.5
58494.3
58500.1
58511.2
58517
58523
58545.9
58580
58664.9
58700.8
58708
58714.6
58721.6
58726.6
58733.6
58741.2
58768.2
58814.7
58823.3
58829
58840.9
59117.8
59121.1
59122.4
59127.7
59131
59146.5
59153.3
59158.2
59175.7
59178.1
59188
59186.5
59192.1
59203.2
59208.5
59213.5
59233.8
59238.7
59245.7
59248.1
59258.6
59269.1
59272.5
59275.3
59300.4
59305.2
59338.4
59593.5
59609.7
59619.2
59636.8
59639.2
59641
59646.1
59649.1
59658.3
59685.3
60127
60551.9
60559.3
60564.4
60569
60575
60578
60585.9
60620.7
60634.4
60651.9
60664.9
60672.9
60768.1
60779.1
60841.9
60871.7
60873.1
60876.4
60878.7
60889.8
60903.5
60918.2
60922.3
60930.9
60936.6
60950.1
60967.2
60975.6
60989.8
60992.8
61000.3
61008.2
61009.3
61011.6
61021
61026.5
61037.5
61053.8
61058.5
61065.5
61071.9
61084.8
61093.6
61101.4
61106.3
61133.5
61260.2
62065.2
62131
62159.8
62191.9
62353.5
62360.1
62374.2
62382.7
62390.1
62393.1
62401.5
62406.2
62408.9
62412.6
62421.6
62426.4
62434.1
62437
62457.3
63637.9
63664
63671.6
63675.6
63718.3
63765.3
65349
65354.5
65379.4
66100.5
66113
66135.7
66138.7
66143.6
66155.5
66169.4
66232.1
66244.5
66269.4
66281.4
66294.7
66315.8
66318
66321.5
66338.5
66355
66359.8
66367.7
66378
66400.7
66418.6
66423
66438
66447.1
66451.8
66453.8
66462.5
66490.8
66510.7
66679.9
66688.8
66732.4
66738
66741.7
67414
67685.8
67711.9
68850.7
68860.6
68862.3
68865.1
68867.2
68887
68893.8
68897.9
68900.3
68905.5
68913.2
69537.4
69595.7
69604.8
69613
69617.5
69619
69624.9
69657.5
69665.7
69675.3
69678.4
69682.6
69686.1
69688.8
69684
69696.1
69698.1
69691.5
69697.1
69702.8
69719.8
69723.8
69740.2
69747.1
69750.2
69758.5
69778
69783.3
69786.9
69795.3
69822.9
69841.2
69861.9
69869.5
69899.7
69909.3
69912.7
69917.3
69932.9
69938.4
69963.4
70095.7
70131.4
70145.8
70226.6
70465.8
70480.1
70481.5
70502.1
70576.5
70617.6
70654
70694
70810.5
70812.3
70826.9
70832.3
70842.4
70845.8
70855.4
70863.5
70889.8
71170.8
71215.4
71229.9
71266.4
71298.8
71326.8
71365.8
71366.9
71369.3
71376.3
71381.1
71383.7
71398.6
71400.3
71402.3
71402.7
71413.1
71422.1
71429.5
71450.4
71460.2
71497.4
71565.6
71576.3
71579.7
71587.5
71615.2
71632.7
71671.2
71806.3
71837.9
71839.4
71869.6
72071.1
72084.1
72096.4
72098.6
72101.4
72106.8
72110.9
72118.8
72126
72128.9
72130.1
72137.4
72138.9
72141.9
72142.9
72147.1
72158.3
72163.2
72178.1
72179.8
72182.3
72185.2
72186.3
72189.7
72201.7
72213.2
72229.8
72243.8
72247.3
72248.6
72258.8
72258.2
72261.9
72266.6
72275.8
72277.5
72284.9
72289.6
72297.4
72297.1
72301.6
72306.3
72308.7
72309.7
72355.1
72359.5
72358.8
72368.1
72377.9
72380
72396
72396.8
72400.3
72403.3
72409.7
72415.5
72414
72416
72418
72425
72427.4
72432
72435.8
72437.2
72439.3
72441.6
72444.3
72442.7
72454.4
72459.1
72462.9
72460.9
72470.5
72472.1
72471
72475
72473.2
72498.1
72502.2
72515.4
72526.2
72531.6
72536.1
72554.9
72561.1
72567
72561.4
72565.1
72578
72589.6
72591.1
72600.5
72609.9
72621.2
72623.3
72625.6
72628.7
72657
72662.5
72684.6
72695
72696.3
72700.5
72713.8
72726.5
72763.8
72775.6
72782.7
72792.3
72817.6
72856.4
72866.3
72877.9
72890.5
72900.8
72932.4
72945.8
72953.1
72969.1
72980
72985
73004.2
73002.9
73013
73016.2
73021.5
73024.2
73026.3
73034.8
73045.4
73043.9
73054.3
73050.8
73052
73054.3
73060.3
73062.2
73076.3
73070.6
73083.7
73085.3
73079.8
73081.2
73087.9
73084.4
73088.8
73104.6
73109.2
73111.3
73112.8
73120.8
73129.6
73130.8
73133.5
73146.5
73153.1
73157.8
73162.2
73166.2
73169.4
73175.1
73181.2
73186.3
73189.1
73191.9
73197.1
73199.2
73205.9
73211.4
73218.7
73223.2
73224.6
73231.6
73238.7
73240.7
73243.7
73248.2
73252.7
73255.9
73258.1
73265.9
73275
73279.3
73282
73288.7
73293.1
73304.8
73312.9
73323.2
73327.1
73333.5
73343.5
73353.9
73365.4
73368.6
73377.6
73382.1
73391.4
73394.4
73393.3
73400.1
73396.8
73406.4
73400.9
73407.6
73413.4
73415.3
73413.5
73420.8
73425.5
73420
73422.3
73437.8
73432.6
73439.1
73445.7
73457.5
73458.8
73458.3
73460.4
73468.1
73463.5
73470.9
73471.7
73473.3
73483.3
73528.4
73536.1
73541.6
73547.3
73578.1
73603.1
73612.4
73701.5
73734.4
73738.9
73741.5
73744.8
73748.5
73755.9
73759.7
73764.5
73791.9
73794.8
73800.4
73802.2
73807.7
73809.6
73821.6
73833.6
73842.6
73845.3
73846.8
73858.9
73876
73878.6
73891.5
73895.1
73902.8
73906.7
73912.4
73917.8
73922.5
73925.1
73928.2
73933.1
73940.3
73944.7
73949.1
73958.3
73981.9
74001
74014.7
74140.3
74216.1
74297
74364.5
74371.1
74379.6
74383
74387.8
74388.9
74392.4
74400.5
74405.3
74407
74413.2
74415.9
74434.7
74446.9
74452.9
74456.5
74460.7
74462.8
74465.1
74469.4
74488.8
74490.7
74493.3
74495.2
74503.2
74507.7
74509.9
74515
74532
74534.6
74544.6
74549
74555.2
74556.3
74558.9
74562.7
74564.2
74566.7
74572
74579.1
74583.8
74594.3
74596.5
74606.5
74621.9
74661
74699.6
74701.9
74706
74719.7
74724.2
74732.6
74734.8
74737.3
74739
74745.6
74748.8
74754.1
74757
74792.4
74857.2
74957.3
74961.6
74964.2
74974.6
74978.2
74990.6
75002.1
75011.7
75016.2
75020.8
75037.6
75104.1
75699.4
75701.8
75712.1
75723.2
75732.1
76037.3
76061.1
76073.7
76084.9
76089.7
76112.1
76118.1
76125.5
76581.3
76612.9
76625.9
76634.5
76656.2
76668.2
76681.1
76692.9
76697.6
76700.6
76710.6
76721.4
76734.4
76746.4
76747.4
76768.5
76785.9
76794.7
76801.4
76806.2
76827.3
76920.2
76934.5
76937.3
76941.9
76946.5
76952.5
76960.2
77245
77252.1
77286.2
77298.8
77301.6
77317.1
77369.1
77370.5
77377.2
77382.9
77392.5
77399
77402.7
77417
77421.3
77427.2
77445
77451.1
77452.2
77464.6
77468
77502.9
77831
77862.5
77878.9
77884.6
77917
77937.3
78002.3
78035.8
78038.4
78040.9
78047.3
78048.8
78053.3
78063.1
78066.6
78106.5
78121.7
78219.9
78221.4
78222.8
78231.4
78238.3
78246.4
78249.9
78259.8
78284.6
78286.9
78293.9
78297.5
78299.3
78306.1
78310.2
78318.8
78322
78324.8
78338.5
78349.4
78356
78366
78367.7
78369.6
78374.4
78377.5
78380.1
78382.9
78387.7
78390.9
78398.6
78401.1
78401.7
78406
78409.9
78417.2
78422.7
78428.4
78431.4
78446.6
78451.7
78454.9
78457
78463.3
78463.8
78469.8
78474.3
78476.8
78478.7
78486.2
78493.2
78498.4
78502.1
78506.8
78515
78518.6
78530.1
78542.1
78557.2
78560.3
78702.1
78705.6
78718.1
78729.5
78740
78744.2
78746.4
78750.9
78753.4
78766.7
78771.2
78795.8
78803.6
78809
78815.1
78816.9
78818.7
78843.3
78859.3
78863.2
78882.8
78890.6
78896.1
78901.2
78909.3
78913.7
78923.8
78926.2
78930.5
78931.9
78940.9
78947
78951.3
78961.5
78962.2
79010.9
79017.3
79027.1
79121.9
79133.5
79145
79150.3
79153.7
79165.8
79173.4
79187.5
79193.2
79244.1
79255.7
79262.2
79287
79718.3
79753.1
79758.5
79760.6
79763.6
79800.8
79810.9
79815.2
79820.7
79821.8
79831.4
79833
79836.2
79838.6
79846.7
79849.3
79864.2
79902.4
79916.4
79930.6
79938.5
79948.6
80003.7
80073.1
80131.1
80140.2
80143.1
80146.4
80154.9
80165.8
80170.2
80213
80216.8
80223.6
80238.2
80241.7
80246.2
80254.1
80273.5
80285
80293.2
80355.2
80358.2
80358.8
80363.6
80366
80367.7
80376.5
80377.5
80383.2
80384.9
80388.7
80397.7
80406
80409.6
80419.4
80424.5
80427.1
80430.2
80434.7
80446.5
80451.9
80452.8
80457.5
80458.8
80467.1
80484.6
80487.2
80504.3
80511.9
80515.1
80521.8
80534.8
80536.6
80538.5
80545.3
80550.4
80553.5
80569.5
80572.2
80574.4
80578.7
80580.1
80581.9
80586.6
80590
80591.5
80599.6
80604.2
80608.7
80618
80620.2
80624.2
80627
80628.9
80633.5
80638.2
80662.6
80668
80672.3
80673.4
80675.3
80682.7
80687.5
80690
80713.5
80743.3
80756.8
80769.4
80782.1
80784.6
80788.6
80799
80805
80815.4
80817
80821.6
80834.4
80844
80846
80850.2
80854.8
80877.3
80956.5
81114.5
82207.8
82230.5
82234.2
82256.8
82259.7
82265.9
82276.6
82294.9
82446.3
82458.1
82466.3
82472.1
82478.8
82490.2
82505.6
82510.3
82519.8
82525.6
82528.9
82530.8
82534.3
82548.4
82554.5
83218.9
83231.6
83239
83241.6
83243.5
83264
83284.5
83293.1
83301.2
83303.8
83309
83311.2
83317.3
83336.3
83345.8
83355.2
83350.5
83361.2
83360.7
83365.1
83375.4
83373.8
83385.2
83387.9
83394.5
83396.3
83402.8
83407.7
83420.7
83426.9
83430.3
83435
83447.6
83452.4
83461.9
83464.3
83473.9
83477.8
83474
83481
83477.2
83479.4
83507.7
83512
83525.7
83531
83543.8
83551.3
83555.3
83596.2
83619.3
83634.7
83637
83654.9
83659.9
83663
83675.7
83698.8
83722.9
83738.6
83768.2
83769.6
83785.2
83796.4
83932.1
84780.3
84922
84931.4
85102.5
85123.8
85202.8
85293.8
85396
85424.5
85694.2
85695.5
85709.8
85712.1
85715.6
85826.3
85865.4
86435.9
86444.8
86454.3
86462
86466.3
86470.5
86473.2
86478.9
86485.7
86484.9
86506.7
86511.7
86522.5
86527.3
86535.8
86544.4
86687.6
86819.2
86835.3
86862.6
86917.9
86937.2
86947.2
86950.7
86953.3
86966.3
86979.4
86991.4
86997.4
87018.2
87067
87195.7
87262.6
87377.5
87396.2
87661.9
87708.9
87781.1
87856.8
87869.8
87882.5
87898.8
87902.5
87904.1
87907.2
87910.5
87914.8
87919.5
87921.3
87926.6
87929.6
87946.3
87951.9
88015.3
88720.7
88743.1
88747.2
88751.1
88769.4
88775.5
88781.6
88791.3
88889.1
88926.3
88942
88952.1
88978.6
89004.4
89018.6
89026.9
89030
89045.3
89053.4
89060.3
89070.7
89080.7
89093.7
89097.2
89111.2
89173.8
89193.8
89270
89284
89295.7
89299.2
89307.2
89722.6
89734.5
89736.7
89760.9
89765.1
89768.1
89770.7
89776
89777.9
89784.2
89787.3
89791.8
89793.6
89796.3
89799.9
89803.3
89810.6
89815
89840
89859.5
89875.7
89877.3
89888.2
89991.3
90475.5
90529.9
90756.9
90775.5
90787.3
90791.6
90796.6
90797.5
90800.4
90801.7
90809.2
90817.5
90818.9
90824.7
90832.7
90882
90884.2
90889.1
91534.6
94157.2
94160.4
94177.2
94211.4
94237
94251.5
94388.4
95467.2
95468.7
95473.3
95477.5
95482.5
95504.9
95513.1
95512
95517.5
95541.4
95548.4
95559.3
95561.3
95567.8
95575.2
95701
96056.8
96093.9
96314.2
96326.2
96349.6
96359.4
96370.4
96427.5
96435.1
96469.7
96586.8
96601.1
96613
96619.8
96625.4
96631.2
96658.2
96663.7
96681.3
96686.9
96693.4
96699.9
96772.7
97714
97811.8
97835.2
97838.9
97856
97868.9
97885.1
97913.1
97914.8
97915.1
97923.4
97924.3
97929.5
97946.4
97970.6
97972.4
97980.9
97981
98015.4
98022.4
98025.2
98026.8
98033.3
98044
98069.4
98097.6
98098.2
98114
98115.4
98121.9
98133.3
98144.5
98143.9
98166.8
98170.3
98173.4
98177.4
98180.4
98191.8
98197
98213.4
98215.9
98219
98225.3
98229.8
98231.1
98233.4
98231.8
98236.1
98242.2
98243.7
98253.7
98255.9
98256.5
98259.7
98258.3
98260.3
98274.9
98291.5
98295.8
98294.5
98301.1
98319.6
98326.2
98335
98337
98341.7
98352.9
98352.3
98367.2
98481.7
98483.3
98522
98527.1
98535.6
98539.8
98542.9
98547.9
98556.2
98623.7
98789.7
98809.5
98811.3
98816.8
98824.9
98865.8
98868
98874.6
98880.1
98886.5
98891.4
98893.3
98897.4
98900
98903
98915.4
98926.1
98927.1
98928.5
98949.7
98971.6
99430.7
99435.6
99445.2
99450.6
99453.5
99458.4
99465.7
99466.9
99469.7
99484.4
99487.3
99488.4
99498.5
99504.9
99508.5
99519.6
99528
99537.4
99544.1
99585.8
99613.9
99628.2
99635.9
99667.6
99674.3
99680.9
99685.8
99690.5
99694.6
99696.1
99703.3
99713.1
99721.1
99747
99751.4
99759.6
99778.6
99782.7
99789.8
99792.2
99793.7
99798.9
99802.1
99811.9
99823.2
99826.1
99845.6
99869.4
99904.9
99908.8
99920.8
99940.5
99973.4
99974.4
100002
100021
100039
100045
100046
100066
100075
100082
100085
100087
100091
100092
100094
100098
100104
100110
100125
100365
100368
100398
100412
100497
100536
100592
100623
100895
100905
100919
100921
100933
100951
100958
100996
101005
101058
101060
101070
101086
101090
101094
101097
101362
101373
101375
101424
101428
101445
101448
101455
101464
101493
101518
101776
101790
101794
101796
101804
101806
101814
101822
101832
101846
101853
101884
102038
102052
102060
102067
102133
102155
102162
102166
102184
102193
102220
102228
102250
102258
102266
102272
102280
102289
102300
102313
102334
102367
102382
102427
102449
102452
102470
102477
102525
102560
102573
102819
102854
102865
102904
102922
102925
102922
102927
102930
102935
102937
102944
102946
102945
102957
102960
102964
102970
102975
102979
102982
102985
102989
102988
102992
103003
103004
103009
103013
103019
103023
103037
103053
103075
103111
103121
103125
103133
103137
103520
103534
103539
103544
103564
103573
103585
103597
103603
103612
103616
103634
103662
103664
103697
103728
103762
103768
103773
103787
103812
103871
103981
103999
104002
104012
104020
104318
104330
104387
104389
104401
104412
104429
104430
104448
104454
104459
104462
104477
104480
104491
104516
104654
104656
104662
104665
104693
104734
104788
104791
104798
104815
104820
104824
104841
104866
104869
104875
104885
104887
104891
104897
104909
104911
104913
104922
104968
104973
104979
104996
104999
105099
105100
105360
105392
105404
105407
105410
105419
105429
105438
105440
105450
105455
105464
105471
105477
105479
105483
105486
105490
105495
105499
105507
105512
105517
105529
105531
105535
105558
105585
105668
105672
105675
105677
105681
105685
105685
105690
105696
105699
105701
105703
105704
105707
105711
105716
105717
105718
105722
105727
105731
105732
105734
105739
105747
105751
105757
105758
105761
105764
105768
105775
105780
105781
105787
105802
105807
105809
105812
105816
105826
105841
105865
105872
105881
105884
105893
105902
105909
105915
105931
105939
105951
105968
105982
105989
105991
105999
106001
106006
106013
106022
106027
106035
106044
106055
106062
106067
106071
106077
106091
106100
106102
106117
106121
106123
106126
106130
106146
106169
106182
106184
106186
106260
106266
106276
106283
106288
106314
106316
106334
106340
106349
106352
106359
106468
106562
106595
106667
106686
106697
106700
106727
106753
106812
106917
106920
106937
106955
107000
107006
107014
107020
107024
107027
107032
107035
107049
107051
107052
107056
107059
107110
107269
107328
107419
107507
107517
107524
107523
107530
107585
107608
107639
107677
107806
107837
107851
107869
107871
107876
107885
107889
107892
107907
107920
107931
107936
108325
108331
108346
108357
108362
108367
108383
108397
108401
108409
108413
108423
108427
108432
108433
108445
108446
108452
108459
108469
108473
108478
108482
108486
108498
108501
108510
108517
108520
108522
108529
108536
108539
108549
108552
108553
108557
108566
108573
108584
108588
108591
108601
108600
108606
108617
108620
108629
108632
108636
108638
108656
108660
108662
108665
108667
108667
108673
108679
108686
108693
108707
108711
108715
108726
108737
108734
108739
108748
108746
108758
108754
108760
108782
108787
108801
108969
108984
109045
109083
109090
109100
109104
109107
109109
109115
109119
109123
109126
109129
109136
109138
109146
109149
109151
109157
109203
109206
109214
109229
109238
109240
109240
109276
109279
109281
109283
109286
109296
109299
109305
109310
109313
109323
109327
109332
109334
109336
109342
109355
109362
109368
109372
109388
109389
109391
109397
109408
109427
109447
109460
109464
109473
109484
109487
109494
109496
109524
109527
109530
109537
109542
109547
109568
109575
109579
109584
110094
110146
110154
110157
110174
110176
110177
110184
110210
110217
110220
110224
110231
110235
110240
110249
110258
110273
110282
110286
110293
110297
110299
110313
110320
110327
110337
110345
110348
110353
110365
110369
110383
110386
110405
110436
110441
110451
110459
110465
110490
110518
110545
110552
110556
110562
110570
110591
110595
110607
110622
110642
110647
110649
110685
110695
110705
110714
110721
110724
110725
110729
110734
110745
110748
110750
110753
110755
110760
110767
110769
110793
110803
110815
110819
110827
110837
110865
110885
111074
111077
111084
111092
111094
111103
111107
111111
111121
111123
111146
111215
111244
111263
111263
111281
111288
111294
111297
111307
111315
111323
111324
111347
111353
111370
111428
111519
111636
111846
111848
111851
111858
112089
112092
112112
112116
112121
112126
112129
112136
112138
112157
112167
112196
112457
112460
112479
112486
112535
112608
113270
113284
113288
113292
113299
113308
113313
113322
113327
113334
113348
113356
113362
113375
113471
113495
113609
113614
113619
113624
113628
113644
113651
113662
113673
113676
113750
113753
113762
113776
113785
113847
113851
113863
113870
113873
113885
113894
113901
113910
113915
114107
114135
114141
114150
114163
114171
114187
114330
114397
114419
114422
114422
114457
114460
114476
114480
114483
114481
114484
114487
114487
114533
114536
114612
115004
115054
115055
115101
115112
115118
115155
115186
115190
115212
115333
115417
116355
116361
116374
116635
116642
116653
116654
116657
116667
116679
116682
116684
116687
116689
116693
116697
116698
116704
116715
116717
116719
116728
116735
116739
116742
116750
116755
116764
116777
116780
116790
116795
116797
116801
116802
116817
116821
116827
116829
116841
116843
116846
116848
116855
116870
116869
116871
116879
116875
116881
116886
116895
116892
116903
116911
116913
116923
116926
116960
116976
116991
116987
116994
117012
117013
117015
117020
117027
117026
117028
117034
117036
117049
117051
117051
117054
117060
117065
117078
117082
117092
117102
117104
117121
117139
117160
117178
117195
117196
117198
117200
117207
117231
117240
117244
117252
117254
117256
117259
117275
117284
117313
117317
117323
117346
117368
117374
117379
117404
117429
117433
117438
117441
117452
117455
117461
117557
117689
117827
117869
117885
117944
117958
117970
117982
117991
117993
117996
117999
118001
118010
118019
118365
118468
118474
118502
118510
118524
118532
118534
118542
118546
118548
118550
118558
118570
118586
118595
118610
118635
118636
118638
118641
118653
118649
118661
118664
118665
118674
118678
118688
118692
118702
118712
118715
118726
118738
118745
118749
118751
118757
118760
118773
118780
118784
118796
118801
118816
118810
118824
118825
118856
118868
118872
118878
118881
118894
118897
118901
118904
118911
118928
118935
118945
118945
118956
118966
118971
118974
118969
118973
118985
118989
118997
119003
119010
119014
119023
119026
119029
119032
119035
119051
119059
119063
119071
119228
119230
119270
119273
119277
119312
119362
119385
119408
119424
119444
119447
119460
119471
119469
119475
119477
119483
119489
119493
119502
119509
119508
119509
119529
119537
119549
119554
119568
119567
119572
119579
119588
119601
119611
119615
119613
119620
119623
119627
119633
119648
119649
119652
119650
119655
119670
119677
119682
119689
119703
119721
119723
119732
119733
119740
119758
119760
119764
119774
119780
119782
119785
119790
119803
119808
119813
119825
119852
119868
119881
119881
119884
119894
119914
119918
119920
119923
119924
119931
119935
119935
119947
119951
119955
119961
119970
119978
119984
119986
119982
119993
120002
120010
120011
120017
120029
120031
120036
120042
120049
120051
120055
120061
120070
120076
120082
120086
120092
120099
120101
120116
120426
120428
120450
120464
120479
120487
120490
120494
120497
120512
120515
120517
120526
120529
120537
120544
120573
120588
120594
120600
120634
120638
120653
120979
120996
121000
121119
121195
121308
121324
121362
121377
121381
121387
121397
121400
121406
121409
121418
121420
121428
121433
121462
121466
121475
121482
121500
121513
121520
121528
121779
121861
121866
121907
121908
121911
121923
121928
121936
121940
121937
122047
122049
122053
122060
122066
122070
122073
122082
122104
122134
122404
122447
122457
122481
122487
122490
122511
122515
122521
122525
122531
122539
122545
122552
122559
122632
122673
122678
122704
122707
122714
122716
122716
122720
122717
122725
122726
122728
122741
122747
122745
122748
122749
122749
122761
122759
122766
122764
122772
122779
122777
122779
122784
122783
122789
122790
122790
122808
122812
122812
122815
122813
122819
122819
122824
122831
122831
122833
122864
122866
122877
122882
122901
122904
122930
122973
123806
123808
123815
123817
123837
123854
123860
123876
123972
124033
124041
124053
124055
124059
124061
124065
124072
124083
124098
124101
124105
124120
124126
124136
124147
124163
124182
124192
124200
124198
124203
124201
124206
124207
124209
124215
124214
124215
124220
124223
124230
124239
124245
124251
124254
124261
124268
124273
124286
124294
124310
124324
124342
124346
124349
124355
124359
124366
124369
124372
124386
124399
124401
124403
124402
124414
124417
124432
124494
124519
124522
124534
124539
124543
124549
124557
124591
124594
124606
124674
124679
124677
124685
124687
124697
124704
124704
124715
124721
124718
124722
124725
124733
124732
124735
124734
124738
124736
124740
124746
124745
124751
124758
124772
124777
124784
124787
124796
124798
124804
124808
124812
124817
124820
124823
124823
124825
124825
124827
124831
124836
124839
124848
124852
124852
124854
124861
124865
124866
124871
124885
124886
124887
124896
124907
124907
124920
124926
124943
124949
124952
124964
124973
124981
124985
124988
124998
125008
125017
125024
125048
125131
125139
125133
125146
125153
125156
125159
125162
125170
125176
125173
125196
125207
125228
125245
125279
125281
125306
125333
125335
125376
125378
125380
125382
125385
125389
125395
125398
125407
125422
125424
125426
125431
125445
125531
125559
125606
125625
125638
125640
125653
125655
125679
125679
125682
125687
125694
125689
125696
125693
125734
125734
125747
125745
125744
125794
125804
125820
125822
125824
125830
125840
125842
125847
125860
125871
125877
125887
125926
125928
125939
125976
125983
126028
126034
126039
126080
126084
126085
126088
126098
126105
126119
126122
126124
126126
126138
126143
126143
126150
126154
126158
126162
126165
126169
126174
126174
126177
126179
126191
126198
126204
126206
126207
126215
126218
126220
126222
126223
126224
126226
126232
126242
126243
126247
126248
126253
126258
126261
126267
126272
126274
126278
126285
126289
126291
126294
126294
126298
126299
126306
126309
126318
126328
126361
126423
126433
126442
126451
126469
126483
126486
126493
126499
126504
126514
126520
126532
126538
126557
126571
126582
126597
126598
126618
126635
126653
126679
126886
126912
127236
127387
127392
127404
127408
127421
127423
127438
127439
127446
127449
127458
127460
127463
127479
127482
127484
127489
127502
127506
127512
127514
127516
127545
127549
127554
127557
127561
127566
127569
127573
127574
127575
127583
127629
127638
127641
127646
127651
127655
127662
127672
127675
127683
127693
127698
127706
127708
127718
127718
127722
127724
127725
127727
127733
127737
127740
127748
127751
127755
127757
127762
127767
127773
127774
127778
127783
127788
127824
127885
127891
127892
127894
127921
127928
127932
127936
127938
127935
127946
127961
127970
127975
127982
127989
127992
127994
128002
128006
128032
128038
128046
128049
128052
128056
128066
128069
128075
128077
128096
128098
128105
128103
128114
128127
128130
128143
128154
128153
128195
128201
128203
128212
128226
128229
128230
128236
128237
128242
128247
128265
128265
128270
128279
128281
128285
128287
128293
128295
128299
128302
128310
128316
128323
128325
128327
128330
128335
128346
128364
128367
128374
128376
128378
128386
128395
128399
128402
128407
128408
128411
128415
128414
128421
128599
128600
128614
128617
128621
128624
128638
128641
128685
129056
129064
129076
129100
129105
129110
129128
129148
129161
129167
129169
129171
129188
129199
129207
129212
129216
129231
129240
129241
129249
129257
129332
129337
129342
129352
129353
129357
129359
129374
129389
129397
129411
129433
129445
129447
129454
129459
129479
129488
129495
129522
129523
129529
129534
129540
129549
129625
129629
129636
129649
129652
129660
129666
129676
129678
129685
129702
129704
129709
129712
129721
129724
129728
129743
129811
130276
130289
130298
130307
130321
130327
130330
130334
130348
130354
130359
130367
130389
130408
130481
130522
130526
130534
130542
130547
130551
130590
130662
132622
132632
132645
132748
132843
132874
132880
132915
132918
132935
132943
132945
132947
132952
132954
132956
132963
132966
132970
132997
133004
133006
133009
133015
133018
133022
133027
133121
133125
133136
133144
133152
133165
133168
133177
133180
133184
133195
133291
134740
135615
135625
135671
136510
136514
136516
136529
136531
136536
136544
136548
136554
136585
136693
136697
136713
136736
136740
136755
136764
136800
136805
136829
137645
137649
137652
137658
137664
137666
137669
137672
137810
137822
138565
138593
138632
138637
138648
138653
138655
138657
138668
138672
138677
138679
138683
138687
138712
138714
138717
138730
138735
138746
138751
138756
138761
138765
138770
138773
138777
138788
138793
138797
138813
138841
139009
139012
139017
139028
139037
139040
139043
139045
139059
139062
139064
139069
139076
139083
139086
139105
139124
139135
139145
139703
139715
140572
140622
140626
140636
140648
140653
140659
140662
140666
141261
141267
141273
141277
141284
141286
141288
141290
141299
141305
141311
141322
141325
141334
141380
141516
141620
141625
141633
141642
141645
141652
141654
141657
141665
141670
141678
141681
141685
141690
141700
141708
141712
141710
141714
141712
141726
141731
141736
141739
141741
141746
141748
141755
141762
141768
141774
141778
141782
141780
141790
141787
141792
141791
141795
141807
141809
141822
141828
141834
141842
141844
141851
141853
141857
141865
141868
141873
141878
141880
141888
141893
141903
141910
141919
141922
141924
141940
141965
142877
142884
142890
142901
142903
142908
142914
142917
142926
142942
143285
143298
143307
143318
143329
143334
143340
143346
143355
143368
143367
143375
143376
143378
143382
143387
143393
143399
143423
143427
143434
143449
143458
143464
143465
143479
143483
143487
143489
143492
143529
143535
143537
143548
143580
143617
143621
143625
143628
143630
143630
143637
143646
143660
143665
143671
143679
143684
143696
143701
143707
143710
143719
143724
143736
143741
143744
143748
143751
143759
143768
143769
143773
143782
143793
143885
143892
143899
143900
143906
143914
143918
143953
143988
144000
144004
144004
144021
144034
144036
144039
144041
144055
144060
144063
144066
144078
144117
144127
144138
144140
144152
144156
144163
144168
144180
144244
144497
144529
144543
144545
144555
144560
144588
144591
144618
144635
144647
144669
144695
144697
144702
144704
144709
144716
144723
144729
144740
144741
144742
144749
144752
144962
144978
144979
144993
144998
145008
145010
145014
145033
145036
145039
145043
145053
145064
145066
145072
145074
145076
145126
145130
145139
145149
145169
145178
145181
145184
145192
145193
145202
145209
145218
145223
145225
145228
145232
145236
145273
145278
145299
145321
145323
145326
145330
145336
145375
145380
145393
145414
145416
145422
145423
145437
145442
146119
146166
146195
146212
146219
146224
146234
146239
146245
146253
146263
146267
146273
146283
146287
146294
146297
146308
146313
146317
146319
146324
146326
146329
146332
146353
146359
146407
146408
146410
146425
146434
146478
146538
146543
146546
146551
146553
146559
146562
146565
146570
146590
146598
146653
146659
146692
146696
146707
146713
146717
146722
146728
146733
146740
146753
146757
147053
147070
147099
147123
147133
147193
147442
147446
147447
147451
147472
147494
147504
147520
147550
147559
147570
147578
148013
148041
148065
148095
148101
148118
148122
148126
148129
148135
148141
148142
148144
148149
148155
148180
148485
148495
148518
148531
148546
148547
148676
148678
148688
148694
148709
148721
148724
148733
148737
148743
148746
148748
148758
148764
148770
148772
148779
148783
148789
148792
148804
148807
148841
148858
148879
148959
148969
149203
149201
149247
149275
149623
149637
149665
149674
149763
149765
149782
150122
150126
150162
150165
150173
150177
150184
150188
150199
150201
150205
150207
150221
150224
150227
150229
150233
150237
150240
150246
150249
150258
150263
150267
150272
150278
150279
150283
150293
150299
150309
150314
150325
150323
150332
150333
150357
150386
150392
150411
150413
150421
150430
150433
150435
150437
150449
150454
150457
150459
150478
150484
150486
150488
150492
150521
150545
150662
150674
150678
150685
150698
150708
150718
150722
150729
150732
150736
150739
150743
150752
150755
150762
150770
150778
150783
150804
150810
150813
150824
150868
150972
150982
150987
151102
151114
151128
151127
151134
151136
151141
151145
151157
151161
151163
151175
151183
151205
151209
151212
151213
151220
151223
151239
151243
151243
151251
151259
151291
151319
151388
151514
151662
151701
151802
151824
151825
151828
151827
151830
151834
151844
151843
151845
151847
151849
151852
151857
151858
151864
151868
151877
151878
151882
151882
151888
151895
151918
151933
152011
152014
152224
152424
152449
152457
152460
152461
152463
152466
152480
152687
152689
152694
152745
152837
152839
152871
152880
152889
152900
152915
152921
152921
152940
152941
152947
152953
152962
152970
152979
152987
152998
153002
153032
153034
153039
153041
153045
153052
153085
153099
153112
153126
153125
153129
153142
153149
153154
153167
153185
153195
153197
153216
153235
153249
153258
153268
153271
153273
153275
153277
153279
153285
153286
153291
153297
153300
153307
153309
153318
153324
153326
153335
153342
153345
153347
153358
153365
153381
153383
153389
153397
153426
153566
153567
153570
153586
153591
153627
153635
153642
153650
153655
153661
153663
153666
153675
153676
153678
153687
153691
153695
153700
153705
153707
153713
153719
153722
153724
153735
153761
153764
153770
153772
153783
153826
153844
153864
153878
153884
153903
153912
153953
154014
154019
154023
154035
154042
154044
154048
154063
154112
154118
154119
154139
154140
154150
154160
154161
154168
154174
154179
154181
154711
154718
154724
154728
154730
154734
154746
154750
154752
154760
154770
154773
154774
154776
154780
154783
154789
154803
154805
154875
154887
154890
154892
154912
155274
155276
155283
155291
155305
155313
155325
155329
155336
155409
155410
155454
155462
155465
155496
155500
155505
155515
155529
155530
155535
155546
155552
155559
155570
155582
155654
155656
155657
155663
155671
155679
155684
155688
155694
155698
155705
155711
155719
155728
155733
155746
155749
155757
155762
155765
155771
155779
155795
155798
155846
156663
156742
156754
156758
156762
156764
156798
156815
156836
156839
156858
156863
156867
156875
156880
156895
157112
157123
157125
157314
157556
157611
157854
157864
157898
157907
157932
157942
157955
157967
157975
157981
157986
158001
158006
158008
158015
158020
158059
159614
159637
159650
159654
159668
159672
159681
159684
159690
159697
159700
159702
159707
159726
159730
159737
159741
159745
159749
159753
159760
159764
159772
159775
159782
159784
159790
159795
159798
159810
159814
159818
159823
159832
159839
159841
159856
159909
159956
159987
160039
160039
160049
160063
160068
160072
160077
160079
160086
160088
160088
160094
160097
160103
160107
160115
160176
160185
160646
160707
160766
160786
160787
160790
160792
160794
160811
160817
160821
160823
160825
160827
160837
160839
160843
160850
160852
161086
161090
161096
161108
161121
161131
161133
161137
161138
161159
161164
161178
161183
161186
161202
161204
161206
161214
161215
161223
161226
161231
161235
161242
161245
161253
161257
161293
161297
161308
161312
161314
161329
161352
161361
161410
161501
161942
161946
161955
161960
161970
161980
161984
161991
161994
162002
162007
162040
162057
162096
162099
162102
162128
162135
162144
162151
162151
162158
162176
162185
162186
162216
162219
162224
162228
162255
162258
162262
162270
162274
162280
162280
162295
162307
162315
162330
162345
162348
162352
162356
162371
162375
162446
162470
162475
162475
162478
162485
162487
162501
162503
162518
162529
162532
162547
162553
162564
162602
162615
162633
162652
162657
162664
162691
162722
162762
162779
162783
162806
162806
162823
162835
162847
162860
162865
162867
162869
162876
162878
162877
162890
162895
162899
162922
162926
162932
162933
162946
162961
162965
162971
162979
162981
162988
162993
162994
163020
163044
163049
163063
163090
163100
163110
163123
163136
163144
163149
163152
163155
163159
163168
163176
163185
163198
163207
163241
163256
163286
163299
163302
163322
163360
163438
163449
163471
163485
163496
163498
163500
163514
163518
163537
163543
163551
163562
163563
163572
163577
163581
163586
163611
163619
164127
164520
164523
164542
164553
164771
164775
164782
164791
164796
164801
164812
164821
164823
164826
164829
164839
164850
164853
164901
165789
165792
165823
165839
165853
165882
165933
165957
165960
165978
165991
165998
166003
166009
166011
166023
166043
166050
166053
166056
166060
166064
166080
166084
166092
166099
166119
166368
166376
166377
166398
166406
166412
166413
166416
166422
166427
166433
166511
166526
166537
166542
166550
166551
166559
166576
166578
166589
166604
166640
166689
166789
167433
167466
167481
167488
167499
167501
167504
167523
167528
167536
167532
167545
167547
167545
167554
167551
167557
167564
167570
167574
167573
167583
167586
167590
167597
167600
167606
167607
167606
167612
167620
167617
167621
167628
167631
167628
167632
167639
167635
167643
167640
167644
167651
167677
167683
167685
167686
167692
167695
167703
167704
167711
167715
167718
167717
167723
167729
167734
167735
167738
167744
167746
167748
167748
167752
167761
167759
167774
167774
167777
167772
167778
167784
167789
167783
167786
167793
167796
167799
167796
167803
167799
167802
167803
167810
167806
167814
167820
167822
167825
167829
167829
167838
167842
167848
167861
167865
167868
167877
167881
167891
167900
167902
167909
167918
167927
167942
167949
167951
167954
167959
167957
167967
167968
167977
167983
167983
167993
167989
167997
167999
168003
168008
168007
168013
168019
168017
168020
168022
168024
168032
168026
168035
168042
168038
168046
168050
168056
168059
168062
168069
168069
168074
168079
168084
168090
168099
168103
168112
168111
168114
168131
168132
168148
168154
168161
168163
168165
168168
168173
168178
168184
168192
168195
168200
168204
168200
168209
168214
168212
168216
168222
168231
168231
168230
168251
168256
168260
168263
168267
168274
168270
168284
168295
168298
168303
168336
168339
168365
168369
168378
168383
168400
168413
168416
168427
168439
168486
168511
168514
168516
168521
168526
168527
168531
168538
168536
168542
168549
168546
168552
168551
168557
168559
168564
168563
168568
168565
168575
168579
168585
168594
168923
168930
168945
168962
168964
168982
168995
169008
169054
169063
169069
169075
169081
169087
169092
169101
169104
169107
169111
169131
169159
169185
169353
169361
169366
169376
169392
169396
169386
169396
169404
169414
169418
169427
169684
169688
169715
169727
169732
169734
169740
169763
169765
169770
169780
169783
169786
169788
169799
169807
169809
169822
169826
169836
169843
169849
169852
169859
169861
169868
169872
169882
169895
169900
169903
169909
169914
169931
169942
169943
169959
169969
169980
169988
170003
170005
170013
170016
170023
170028
170033
170037
170042
170056
170064
170072
170074
170078
170085
170088
170093
170098
170105
170122
170125
170129
170136
170137
170143
170152
170146
170151
170154
170158
170164
170168
170173
170176
170185
170191
170190
170198
170203
170203
170217
170211
170209
170220
170218
170228
170248
170255
170261
170269
170263
170269
170265
170277
170286
170292
170299
170297
170300
170303
170310
170305
170305
170307
170317
170325
170382
170395
170724
170748
170756
170763
170770
170782
170785
170792
170804
170808
170812
170808
170836
170848
170872
170877
170875
170877
170884
170893
170892
170896
170905
170905
170911
170910
170918
170921
170947
170968
170995
171004
171010
171016
171018
171027
171024
171035
171042
171130
171131
171183
171190
171272
171288
171309
172121
172126
172129
172137
172140
172154
172179
172190
172211
172234
172249
172271
172277
172279
172283
172286
172299
172304
172318
172323
172327
172332
172375
172384
172406
172415
172435
172439
172446
172454
172458
172459
172465
172480
172482
172486
172491
172495
172500
172508
172510
172512
172515
172519
172524
172527
172549
172571
172585
172597
172608
172618
172623
172629
172634
172639
172652
172660
172670
172677
172679
172703
172706
172711
172729
172746
172757
172760
172765
172770
172775
172779
172785
172791
172792
172803
172806
172808
172815
172824
172826
172838
172913
172915
172931
172953
172955
172959
172965
172968
172970
172972
172973
172985
172988
172996
173010
173020
173032
173038
173045
173048
173053
173055
173065
173069
173085
173086
173127
173130
173135
173183
173294
173313
173317
173330
173352
173390
173392
173411
173424
173431
173439
173450
173451
173459
173455
173461
173463
173471
173475
173478
173480
173485
173496
173511
173542
173612
173630
173622
173632
173639
173655
173653
173681
173692
173685
173722
173735
173752
173759
173763
173768
173771
173777
173779
173787
173795
173812
173815
173822
173826
173830
173836
173842
173850
173859
173863
173865
173869
173875
173881
173886
173898
173911
173922
174084
174100
174101
174108
174111
174116
174114
174123
174124
174126
174135
174136
174164
174166
174168
174171
174182
174184
174191
174196
174206
174209
174215
174230
174249
174257
174258
174267
174270
174277
174296
174340
174524
174772
174786
174792
174798
174802
174807
174809
174816
174819
174822
174824
174828
174839
174863
174867
174880
174885
174896
174904
174904
174924
174973
175037
175042
175177
175182
175189
175194
175210
175232
175236
175242
175255
175281
175287
175295
175305
175308
175325
175329
175333
175344
175398
175430
175452
175472
175476
175493
175575
175592
175902
175965
175969
176022
176031
176054
176055
176067
176070
176075
176080
176095
176104
176106
176112
176117
176122
176126
176151
176161
176165
176168
176178
176185
176203
176209
176212
176220
176226
176230
176233
176240
176243
176244
176248
176270
176271
176283
176288
176290
176298
176304
176310
176313
176329
176332
176347
176352
176365
176366
176370
176381
176394
176405
176411
176413
176417
176427
176432
176434
176436
176441
176452
176460
176464
176466
176476
176484
176494
176498
176499
176582
176591
176604
176616
176618
176626
176644
176688
176717
176724
176727
176736
176740
176744
176747
177533
177538
177551
177557
177560
177569
177574
177576
177581
177585
177588
177595
177605
177617
177619
177621
177624
177631
177644
177660
177662
177670
177684
177686
177691
177692
177702
177706
177722
177731
177734
177738
177780
177787
177821
177839
177856
177862
177911
177970
177973
177974
177985
177987
178000
178001
178017
178019
178029
178038
178044
178066
178080
178088
178108
178129
178142
178145
178163
178169
178171
178176
178181
178184
178184
178186
178192
178194
178202
178205
178211
178215
178220
178227
178230
178236
178251
178257
178267
178273
178295
178310
178318
178325
178332
178335
178349
178351
178355
178358
178362
178368
178376
178385
178458
178461
178465
178480
178482
178488
178484
178486
178500
178504
178516
178520
178530
178545
178541
178543
178557
178585
178600
178596
178611
178616
178627
178630
178634
178637
178642
178646
178653
178656
178659
178665
178668
178673
178677
178681
178689
178698
178713
178718
178722
178758
178768
178838
178851
178868
178873
178895
178904
178916
178924
178928
178936
178945
178949
178961
178966
178969
178976
178979
178983
178986
178990
178996
179003
179006
179011
179026
179031
179144
179148
179152
179157
179161
179163
179164
179167
179171
179172
179175
179178
179182
179203
179210
179219
179230
179255
179269
179288
179293
179295
179298
179302
179308
179313
179324
179326
179328
179332
179334
179335
179337
179345
179349
179352
179350
179353
179356
179361
179362
179362
179373
179372
179378
179379
179382
179387
179392
179405
179417
179423
179429
179435
179487
179516
179516
179527
179530
179531
179541
179544
179545
179568
179571
179576
179579
179580
179583
179586
179590
179594
179595
179623
179631
179636
179641
179649
179653
179685
179700
180170
180183
180186
180188
180199
180240
180243
180251
180254
180270
180272
180279
180377
180975
180987
180999
181001
181011
181016
181022
181028
181034
181042
181045
181050
181057
181155
181183
181213
181220
181221
181226
181230
181235
181245
181247
181250
181262
181265
181269
181279
181281
181286
181288
181290
181292
181319
181322
181331
181336
181338
181629
181772
181776
181781
181788
181793
181801
181813
182104
182170
182200
182242
182255
182502
182539
182573
182588
182623
182628
182657
182665
182667
182682
182683
182715
182717
182763
182778
182789
182797
182800
182806
182810
182812
182820
182847
182849
182855
182858
182868
182871
182876
182878
182878
182898
182903
182903
182906
182912
182914
182918
182922
182942
182947
182961
182963
182983
182981
183024
183055
183070
183080
183095
183182
183282
183285
183291
183307
183332
183343
183374
183720
183726
183732
183746
183774
183779
183783
183786
183798
183800
183802
183806
183808
183809
183828
183832
183834
183858
183862
183878
183883
184027
184120
184131
184134
184148
184186
184188
184192
184195
184196
184200
184206
184209
184228
184233
184239
184242
184251
184256
184260
184263
184271
184273
184302
184308
184311
184317
184324
184654
184710
184713
184745
184753
184759
184761
184765
184767
184770
184775
184780
184790
184795
184802
184803
184814
184815
184931
184943
184947
184950
184970
184981
185003
185138
185179
185195
185197
185209
185211
185216
185223
185228
185596
185603
185621
185626
185642
185651
185653
185660
185669
185678
185699
185703
185715
185717
185747
185750
185770
185786
185791
185795
185802
185806
185809
185813
185827
185835
185843
185866
185901
185926
185923
185981
185989
186035
186067
186071
186076
186113
186115
186118
186125
186137
186146
186158
186172
186195
186200
186201
186203
186214
186227
186248
186258
186261
186278
186286
186290
186298
186301
186303
186310
186322
186323
186324
186328
186331
186335
186567
186591
186604
187084
187085
187117
187120
187142
187148
187152
187160
187162
187167
187175
187184
187192
187198
187233
187236
187241
187245
187248
187256
187260
187273
187282
187298
187307
187321
187327
187335
187342
187355
187369
187372
187378
187381
187390
187397
187422
187449
187506
187521
187600
187960
187967
187977
187986
187996
188014
188018
188033
188038
188048
188051
188076
188089
188102
188436
188644
188766
188971
189004
189024
189033
189045
189046
189048
189066
189306
189414
189432
189957
190548
190550
190578
190588
190594
190609
190612
190617
190626
190636
190653
190659
190664
190684
190693
190763
190773
190776
190784
190788
190799
190801
190811
190813
190818
190825
190839
190950
190956
190970
190976
190992
191002
191005
191015
191042
191060
191087
191125
191128
191191
191626
191638
191671
191905
191909
191965
191987
191993
192009
192019
192020
192023
192029
192031
192033
192039
192042
192046
192048
192052
192057
192063
192397
192444
192447
192462
192506
192509
192512
192516
192517
192523
192528
192530
192544
192548
192558
192564
192597
192633
192708
193269
193546
193549
193554
193563
193568
193586
193599
193604
193612
193622
193627
193634
193641
193645
193652
193657
193669
193672
193691
193720
193734
193787
193792
193799
193801
193820
193832
193839
193846
193853
193864
193872
193894
193898
193916
193938
194171
194181
194183
194211
194221
194226
194250
194259
194279
194291
194301
194317
194321
194418
194434
197523
197540
197544
197585
197588
197594
197718
197722
197730
197744
197750
197757
197758
197762
197767
197772
197779
197781
197794
197806
197812
197824
197827
197831
197834
197843
197847
197867
197874
197886
197899
197903
197910
197914
198056
198081
198083
198086
198090
198095
198105
198108
198181
198185
198245
198258
198261
198270
198273
198278
198280
198283
198290
198293
198297
198319
198322
198324
198333
198338
198365
198368
198377
198382
198388
198391
198407
198412
198460
198475
198486
198490
198497
198515
198521
198524
198742
199233
199238
199269
199274
199281
199288
199299
199319
199324
199337
199342
199347
199349
199357
199365
199369
199374
199382
199384
199388
199389
199392
199394
199404
199431
199454
199457
199459
199470
199494
