1543.49
1546.12
1828.42
1833.1
1836.16
2557.13
2563.06
2573.43
2584.1
2586.96
2590.25
2599.8
2607.36
2610.42
2613.33
2631.39
2644.1
2654.17
2673.36
2682.6
2692.48
2696.1
2702.99
2714.74
2723.25
2768.12
2785.64
2802.73
2852.06
2875.6
2899.66
2934.52
3020.94
3357
3406.86
3448.71
3454.06
3866.29
3879.97
3886.7
3892.09
3901.08
3916.57
3931.9
3941.45
3955.2
4694.66
4706.09
4792.18
4871.77
4877.38
4885.88
4889.61
5298.55
5329.84
5344.13
5349.45
5351.79
5359.43
5364.01
5372.69
5379.09
5384.02
5390.55
5409.58
5461.28
5464.3
5468.91
5481.39
5484.42
5537.04
5559
5563.87
5568.96
5579.39
5889.44
5896.22
6137.53
6153.54
6158.39
6166.38
6169.72
6805.74
6813.98
6831.73
6942.3
6952.4
7212.92
7231.4
7865.65
7873.33
10441.2
10464.3
10510.3
10531.7
11056.3
11073
11077.8
13834.6
13874.7
13876.5
13886.5
14057.7
14063.8
14185.3
14551.8
14557.1
14561.7
14798.4
14820.2
14822.3
14839
14842.8
14845.8
14855.5
14875.3
14978.7
15528.1
15531
16394.3
16414.8
16429.8
16436.2
16488.3
16518.7
16524.1
16526.2
16563.4
16650.6
16761.7
16767.3
17463.9
17480.8
17512.6
17606.9
17637.6
17710.4
18072.7
19420.1
19423.6
19441.6
19446.2
19462.3
19464.4
19467.6
19473.5
19490.5
19498
19676.6
20099.8
20629.6
20654.8
20698.2
20700.5
20704.4
20717.5
20718.7
20726.4
20733
20756.5
20995.4
21030.9
21331.7
21339
21342.3
21349.8
21354.9
21422.9
21842
21846.3
21847.7
23231
23516.6
23568.8
23575.2
23585.3
23633.8
24305
24311.4
24831.3
24854.5
24871.8
24874.2
24892.4
24896.6
24903.7
24918.4
24926.6
24928.3
24976.2
25033.1
25233.9
25292.4
25298
25313
25321.7
25379.9
25392.1
25397.6
25398.8
25401.2
25405.4
25409.7
25414.9
25440.5
25498.1
25521.2
25522.3
25525.2
25658.6
25677.2
25682.8
25687.7
25690.8
25695.8
25711.2
25714.2
25729.3
25743.5
25766.4
25782.7
25788.4
25797.9
25803.4
25826.3
25832.1
25917.7
25919.4
25931.1
25933.5
25958.4
25964.1
25983.2
26005.1
26034.8
26038.3
26041.7
26043.6
26052
26057.4
26067.2
26089.7
26098.8
26109.6
26117.6
26154.3
26177.7
26191.4
26220.5
26240.3
26244
26263.1
26286.6
26299.1
26309.5
26316.1
26323.3
26330.6
26349.3
26376.4
26397.6
26402.3
26417.8
26421.9
26429.6
26455.4
26458.3
26460.1
26466.3
26470
26478.8
26512.9
26567.3
26592.5
26626.7
26641.7
26650.2
26652
26655
26661.8
26670.9
26678.1
26706.4
26709.8
26715.2
26750.6
26758.2
26906.4
29677.8
29685
29688.8
30311.7
30332.2
30361.3
31857.8
32006.4
32013.1
32033.7
32035.3
32036.7
32040.7
32044
32071.9
32077
32105.9
32461.9
32465.5
32494.6
32502.6
32505.4
32511
32518.2
32520.2
32523.9
32528
32529.7
32540.4
32543.9
32585.2
32683.6
32689.8
32707.4
32720.2
33633.4
33643.6
34403.7
34407.3
34413.1
34417.1
34418.2
34444
34449.1
34812.4
34818.9
34836
34858.4
34881.9
34916.9
35324.5
35333.4
35338.8
35350
35356.4
35364.2
35372.9
35379.2
35381
35382.7
35427.6
35432.1
35894
35909.1
35924.4
35930.9
35935.8
35943.8
35948.3
35954
35979.2
35986.8
35992
36012.6
36311
36322.5
36325.2
36327.9
36354.5
36364.5
36369.8
36386.9
36605.9
36612.8
36615.4
36619.9
36908.6
36918
36949.7
36956
36962.4
36965.9
36985.8
36991.2
37131.9
37138.5
37151.4
37158.5
37162.9
37188.7
42761
46891.2
46909.9
46912
46918.6
47285.2
47297.1
47307.4
47311.1
47326.7
47336.9
47341.3
47711.2
47724.1
55244.1
55286
55307.2
55341.6
55343
55355.2
55360.1
55414.8
55416.2
55424.4
55429.1
55448
55493
55531.2
55555.5
55614.3
55619.3
55635
55768.2
55798.2
55801.3
55869.4
55882.7
55884.4
55910.1
55961.8
55963.9
55971.6
55973.6
55996.7
56016.5
56028
56359.8
58035.3
58045.9
58050.4
58052.6
58063.9
58069
58101.2
58185.3
58189.2
58205.9
58199.8
58215.8
58246.8
58260.7
58263.9
58268.1
58368.1
58373.8
58390.7
58396.4
58399.2
58405.7
58410
58416.7
58438.9
58447.1
58455.3
58459.5
58464
58480.6
58500.1
58511.2
58517
58523
58545.9
58580
58664.9
58700.8
58708
59131
59213.6
59245.7
59641
60551.9
60559.3
60564.4
60569
60841.9
60871.7
60873.1
60876.4
60878.7
60889.8
60918.2
60922.3
60936.6
60950.1
60967.2
60975.6
61000.3
61065.5
61071.9
63637.9
63664
63671.7
63675.6
63718.4
63765.3
65349
65354.5
66138.7
66232.1
66244.5
66269.4
66281.4
66294.7
66315.8
66318
66321.5
66338.5
66359.8
66418.6
66423
66438
66447.1
66451.8
66453.8
66462.5
66490.8
66510.7
66679.9
66688.8
66732.4
66738
66741.7
68850.7
68860.6
68862.3
68865.1
68867.2
69682.6
69686.1
69688.8
69740.2
69747.1
69750.2
69758.5
69841.2
69869.5
69899.7
69909.3
69912.7
69917.3
70845.8
70855.4
70863.5
70889.8
71215.4
71298.8
71326.8
71376.3
71402.3
72096.4
72098.6
72101.4
72106.8
72126
72128.9
72137.4
72138.9
72178.1
72186.3
72247.3
72301.6
72306.3
72415.5
72427.4
72460.9
72470.5
72472.1
72502.2
72526.2
72536.1
72554.9
72565.1
72621.2
72623.3
72625.6
72662.5
72696.3
72713.8
72763.8
72792.3
72817.6
72856.4
72877.9
72890.5
72932.4
72969.1
72980
73002.9
73016.2
73024.2
73026.3
73045.4
73043.9
73076.3
73083.7
73085.3
73087.9
73084.4
73088.8
73104.6
73146.5
73153.1
73157.8
73162.2
73166.2
73169.4
73175.1
73218.7
73231.6
73238.7
73240.7
73243.7
73248.2
73252.7
73255.9
73258.1
73265.9
73275
73279.3
73282
73288.7
73312.9
73353.9
73400.9
73437.8
73468.1
73541.6
73547.3
73603.1
73612.4
73755.9
73802.2
73809.6
73821.6
73833.6
73842.6
73845.3
73846.8
73858.9
73876
73878.6
73891.5
73902.8
73906.7
73912.4
74400.5
74405.3
74407
74456.5
74460.7
74462.8
74465.1
74488.8
74503.2
74507.7
74532
74534.6
74558.9
74562.7
74564.2
74745.6
74748.8
74757
74990.6
75002.1
75011.7
75020.8
76960.2
77298.8
77301.6
77317.1
77369.1
77370.5
77392.5
77399
78106.5
78293.9
78297.5
78299.3
78306.1
78310.2
78409.9
78469.8
78474.3
78476.8
78478.7
78926.2
79187.5
79255.7
79262.2
79287
79718.3
79758.5
79760.6
79763.6
79800.8
79810.9
79815.2
79820.7
79821.8
79838.6
79846.7
79849.3
79864.2
79902.4
79938.5
80003.7
80146.4
80358.2
80366
80409.6
80424.5
80446.5
80511.9
80578.7
80608.7
80624.2
80627
80628.9
80673.4
80675.3
80877.3
80956.5
82207.8
82256.8
82259.7
82276.6
82472.1
82478.8
82525.6
83336.3
83345.8
83350.5
83360.7
83365.1
83385.2
83387.9
83394.5
83396.3
83402.8
83407.7
83461.9
83464.3
83473.9
83477.8
83512
83525.7
83663
83796.4
86484.9
86687.6
86819.2
86862.6
86947.2
87951.9
88015.3
88720.7
88743.1
88747.2
88751.1
89722.6
89760.9
89768.1
89787.3
89791.8
89793.6
89796.3
95512
95517.5
97913.1
97915.1
97923.4
97929.5
98015.4
98069.4
98097.6
98121.9
98133.3
98143.9
98166.8
98197
98236.1
98243.7
98255.9
98256.5
98258.3
98260.3
98301.1
98547.9
98623.7
98789.7
98809.5
98811.3
98816.8
98824.9
98865.8
98880.1
98886.5
98893.3
98897.4
98900
98903
98915.4
98949.7
99430.7
99466.9
99469.7
99498.5
99528
99537.4
99544.1
99585.8
99613.9
99635.9
99747
99751.4
99759.6
99789.8
100075
100082
100085
100087
100091
100092
100094
100098
100104
100110
100125
100365
100368
100398
100412
100497
100592
100623
100905
100921
100951
100958
100996
101097
101424
101445
101455
101493
101518
101776
101790
101794
101796
101804
101806
101814
101822
102038
102052
102060
102067
102133
102162
102166
102184
102228
102266
102280
102975
102979
102982
102985
102989
102992
103003
103037
103075
103111
103125
103133
103137
103762
103773
103787
103812
103871
103981
103999
104002
104012
104454
104791
104815
104887
104891
104911
104996
105495
105499
105529
105690
105701
105711
105722
105761
105780
105872
105881
105884
105893
105902
105915
105939
105982
105989
105991
105999
106001
106013
106022
106027
106044
106055
106062
106091
106100
106102
106121
106700
107419
107517
107523
107530
107608
107677
107806
107837
107851
107869
107871
107876
107892
107920
107931
107936
108325
108331
108346
108383
108397
108401
108432
108433
108482
108486
108539
108553
108566
108573
108584
108588
108591
108601
108617
108620
108629
108632
108636
108638
108656
108662
108679
108707
108711
108726
108734
108746
108801
109090
109100
109104
109129
109138
109151
109279
109305
109310
109313
109362
109447
109460
109527
109530
109584
110157
110210
110220
110231
110240
110249
110282
110286
110313
110337
110451
110465
110518
110695
110748
110750
110753
110755
110760
110793
110803
110815
110819
110827
110865
110885
111077
111146
111215
111244
111263
111281
111315
111323
111324
111846
111848
112136
112138
112157
112167
112196
112479
112486
112608
113322
113327
113334
113348
113356
113362
113375
113471
113495
113644
113651
113673
113776
113847
113851
113863
113870
113885
114150
114163
114171
114187
114330
114397
114419
114422
114422
114476
114481
114484
116654
116657
116682
116684
116687
116693
116697
116719
116797
116817
116841
116870
116875
116895
116903
116911
116913
116923
116926
116960
116987
116994
117012
117013
117015
117020
117026
117028
117034
117036
117051
117054
117082
117102
117104
117195
117196
117240
117374
117461
117885
118010
118019
118468
118502
118510
118532
118542
118546
118548
118550
118595
118610
118641
118649
118688
118692
118749
118757
118773
118780
118796
118824
118878
118894
118897
118901
118904
118935
118956
118997
119003
119010
119014
119023
119026
119029
119032
119035
119051
119059
119063
119071
119228
119230
119270
119273
119424
119475
119477
119502
119611
119615
119613
119633
119650
119733
119774
119785
119884
119931
119947
119951
119970
119982
119993
120002
120010
120011
120017
120029
120426
120428
120450
120464
120487
120490
120494
120497
120512
120515
120517
120526
120529
121000
121119
121308
121324
121362
121377
121381
121387
121397
121400
121406
121409
121418
121428
121433
121462
121907
121908
121911
121923
121928
121936
121940
121937
122082
122104
122134
122404
122447
122457
122481
122487
122490
122545
122552
122559
122678
122714
122716
122716
122725
122726
122728
122741
122749
122761
122766
122779
122819
122824
122831
122877
122901
122930
123806
124033
124059
124061
124065
124098
124101
124120
124126
124136
124147
124163
124215
124245
124273
124286
124294
124310
124324
124342
124355
124494
124534
124539
124543
124549
124704
124733
124735
124738
124740
124746
124745
124796
124812
124848
124852
124854
124885
124896
124907
124943
124949
124952
125017
125048
125131
125133
125156
125159
125162
125281
125398
125424
125445
125655
125822
125840
125842
125928
125976
126028
126122
126124
126126
126143
126169
126179
126204
126206
126215
126224
126226
126247
126289
126291
126298
126306
126309
126318
126328
126361
126423
126451
126469
126483
126486
126493
126499
126597
126598
126618
126912
127408
127423
127463
127479
127482
127484
127502
127506
127512
127514
127516
127549
127557
127573
127646
127683
127722
127740
127755
127767
127788
127894
127936
127938
128002
128069
128075
128077
128285
128302
128316
128376
128378
128386
128402
128407
128614
128617
128621
128624
128638
128641
128685
129056
129105
129110
129148
129161
129167
129169
129171
129188
129199
129241
129337
129488
129522
129523
129529
129534
129540
129660
130354
130359
130367
130389
130408
130481
130522
130526
130534
130542
130547
130551
132943
132956
133015
133018
133022
133165
136544
136548
136554
136585
136693
136697
136713
136736
136740
136755
136764
136805
138653
138672
138677
138679
138683
138687
138712
138714
138730
138735
138746
138761
138765
138770
138773
138788
138793
138797
139009
139012
139017
139037
139040
139043
139045
139059
139062
139064
139135
139145
141299
141305
141311
141322
141325
141334
141380
141642
141665
141681
141690
141712
141714
141726
141731
141736
141782
141787
141792
141807
141809
141822
141828
141834
141903
141910
141919
141922
141924
141940
142908
142914
142917
142926
143298
143340
143346
143376
143378
143382
143434
143487
143489
143625
143679
143696
143710
143719
143736
143741
143744
143751
143953
144004
144004
144021
144034
144036
144702
144729
144979
145209
145223
145225
145232
145236
145278
145380
146119
146166
146195
146212
146234
146239
146253
146267
146273
146283
146287
146294
146324
146332
146408
146425
146538
146543
146546
146551
146553
146559
146570
146753
146757
148126
148142
148485
148495
148518
148546
148547
148694
148721
148733
148737
148743
148746
148748
148770
148772
150173
150184
150188
150199
150201
150207
150221
150224
150227
150229
150238
150258
150293
150299
150433
150435
150437
150722
150729
150739
150743
150752
150755
150762
150778
150783
150810
150813
150824
150868
150982
150987
151102
151114
151128
151134
151136
151141
151145
151161
151163
151175
151239
151243
151251
151259
151291
151319
151388
151514
151662
151701
151824
151825
151844
151858
151864
151868
151878
151933
152011
152480
153032
153034
153039
153041
153045
153052
153085
153099
153112
153126
153258
153286
153291
153318
153358
153381
153384
153676
153678
153695
153700
153705
153707
153713
153719
153722
153724
153735
153770
153772
153783
153826
154048
154150
154160
154161
154168
154174
154179
154181
154746
154750
154760
154770
154773
154887
154890
154892
155274
155276
155283
155291
155305
155313
155728
155746
155749
155765
155779
155795
155798
155846
156663
156758
156764
156798
156836
156839
157112
157123
157125
159684
159700
159702
159707
159726
159730
159760
159764
159772
159775
159810
159814
160039
160063
160072
160086
160094
160176
160185
160850
160852
161086
161096
161108
161121
161131
161133
161137
161138
161164
161183
161186
161202
161204
161206
161214
161215
161223
161226
161231
161235
161312
161314
161329
161352
161361
161410
161991
161994
162040
162057
162099
162144
162176
162185
162186
162224
162228
162446
162470
162485
162503
162946
162993
162994
163149
163152
163168
163176
163498
163562
163563
163572
163577
163581
164523
164771
164775
164782
164791
164796
164801
164839
164850
164853
164901
165789
165792
165823
165839
165998
166003
166009
166011
166023
166050
166053
166064
166422
166433
166511
166537
166542
167433
167466
167488
167499
167501
167504
167523
167528
167536
167545
167547
167607
167606
167695
167704
167738
167752
167759
167861
167865
167868
167877
167891
167909
167949
167951
167954
167959
167967
167977
167983
167993
168019
168017
168042
168069
168069
168112
168111
168114
168131
168148
168161
168163
168173
168184
168222
168231
168230
168256
168260
168263
168267
168284
168295
168298
168365
168378
168383
168400
168546
168552
168551
168563
168565
168575
168585
168594
168923
168945
168962
168964
169111
169131
169376
169396
169418
169727
169732
169734
169740
169763
169765
169770
169799
169807
169809
169822
169836
169843
169849
169852
170013
170016
170023
170028
170033
170037
170056
170064
170072
170074
170078
170085
170088
170093
170098
170105
170122
170125
170129
170151
170154
170158
170191
170203
170292
170724
170748
170756
170763
170770
170875
171027
171130
171131
172121
172126
172129
172137
172140
172154
172179
172211
172234
172249
172277
172279
172286
172299
172318
172508
172510
172512
172515
172519
172524
172527
172585
172597
172608
172623
172639
172660
172677
172679
172703
172711
172729
172770
172775
172803
172806
172808
172915
172959
172972
172973
172996
173010
173020
173045
173048
173053
173055
173392
173431
173439
173471
173475
173478
173480
173485
173612
173622
173632
173639
173653
173692
173685
173779
173836
173842
173859
173863
173865
173869
173875
173881
173886
174114
174126
174135
174136
174171
174206
174209
174863
174867
174896
175038
175042
175177
175232
175242
175281
175287
175295
175325
175329
175333
175344
175398
175430
175452
175476
175902
175965
175969
176022
176031
176054
176055
176070
176075
176288
176460
176464
176466
177734
177738
177787
177970
177973
177974
177985
178000
178017
178020
178029
178038
178080
178088
178108
178171
178176
178181
178211
178215
178220
178230
178236
178362
178368
178376
178461
178530
178545
178557
178585
178596
178611
178616
178627
178630
178637
178642
178646
178653
178656
178659
178666
178668
178673
178677
178681
178698
179003
179006
179011
179026
179031
179144
179148
179152
179157
179161
179163
179164
179167
179171
179172
179175
179178
179182
179298
179302
179308
179324
179337
179345
179349
179352
179373
179527
179544
179545
179580
179583
179590
179594
179623
179631
179636
179649
180240
180243
180251
180270
180272
180279
180377
180987
180999
181001
181011
181016
181022
181220
181221
181226
181230
181235
181262
181265
181269
181279
181281
181286
181289
181290
181292
181788
181793
181801
181813
182200
182242
182255
182806
182810
182903
182983
183055
183070
183080
183182
183726
183732
183746
183774
183779
183783
183802
183806
183808
183809
183862
184186
184188
184192
184228
184233
184239
184273
184790
184795
184802
184803
184814
184816
185139
185179
185653
185660
185678
185715
185750
185795
185802
185806
185835
186201
186203
186258
186324
186335
187233
187236
187960
187967
188014
188051
188076
188102
189048
190550
190578
190588
190594
190609
190612
190626
190659
190664
190799
190801
190811
190818
190825
190950
190956
190970
190976
190992
191002
191005
191015
191987
192031
192506
192633
193546
193554
193563
193568
193586
193599
193605
193612
193622
193627
193641
193645
193652
193657
193672
193720
193734
193787
193792
193799
193820
193839
193846
197588
197779
197781
197794
197812
197824
197827
197843
197847
198083
198090
198185
198297
198319
198365
198377
198388
198391
198412
198460
198497
199319
199337
199342
199357
199394
199459
