420.91
589.73
1341.65
5622.17
7573.54
7604.8
9302.63
12240
14049.3
14580.8
14806.7
16360.8
16542
17741
18428.7
19729.4
20284.1
23250.1
23413.9
24723.7
26835.7
26911.8
27617.1
29373.1
31887.8
33193.9
34696.9
36376
40804.6
42511.8
43951.8
44921.2
47308.4
47756.7
49200.5
50457.5
53118.2
54525.4
54755.7
55072.9
55495.4
55903.6
57842.6
59065.8
61533.8
61587.6
62028.5
62407.6
64324.5
66773.2
68267.1
68887.2
74972.8
78910.6
85030.9
85796.8
87312.1
87381.4
88171
90148
93335.6
95103.9
95111.7
96786.6
98752.9
101157
106389
108374
108740
108845
110534
110600
113246
114269
115436
115690
116294
116687
117245
118518
120285
121588
121646
122144
124066
124559
126850
127586
128225
128628
128874
131456
131907
134929
136606
137759
139149
139361
140066
140706
140992
142035
143229
144188
145971
148733
148753
149487
151951
152516
153247
155504
156067
157390
158501
160737
161166
163529
165011
169121
169782
170513
170899
171805
172955
175368
179389
180581
181218
181878
187743
188442
188983
189034
190010
190370
194530
196645
197095
198614
199809
199822
