122.5
302.05
1457.89
2016.82
2039.76
2272.22
2370.6
2454.17
2506.16
3774.72
4101.87
4229.02
4464.44
5237.49
5280.94
5559.91
5679.75
5768.13
5932.51
7050.25
7416.45
7487.5
7493.64
8137.75
8875.97
9579.23
9702.14
9897.06
12020.3
12120.9
12150.7
12407.6
12893.8
13862.7
13898.1
14467.8
14490.8
14911.8
15288.4
15550.2
15927.7
15982.8
16309.5
16329.1
16651.8
16832
16886.7
17419.2
17496.2
17584.9
17694.1
17724.2
17802.2
18042.4
18243.6
18479.1
18610.7
18880.7
19069.7
19274.3
20205.1
20437.9
20778.7
20861.7
20933.9
20995.7
21553.6
22503.5
22692.6
22781.3
22897.9
23194.1
23371.3
23658.5
24204.7
24316.8
24533
24579
25099.9
25154.2
25543.2
25541.7
25670
25750.9
25920.2
26317.6
26573.5
26602.8
26719.3
27161
27438.2
27503.2
27527.3
28383.2
28419.1
28492.6
28495.5
28741
28929.2
29148.9
29477.1
29478.8
29834.9
29940.2
30557.7
31363
31716.2
32292.6
32495.8
32573.1
32626
33046.8
33263.1
33270.4
33689.4
33781.9
34028.8
34241.5
34523.6
34549
34967.5
35018.2
35332.1
35501.2
35667.7
36051.2
36161.9
36699.8
37101.5
38044.2
38290.5
39551.9
39924.9
40456.5
40548.2
40822.3
41270.3
41292.2
41500.6
41744.1
41875.6
42256.5
42258.5
42769.5
42828.5
42832.4
43082.1
43294.4
43530.7
44064.5
44060.4
44225.7
44485
44956.5
45254.5
45787.8
46012.8
46207.1
46492.2
46871.7
47185
48168
48441.3
48874.3
50174.1
50633.2
51245.7
51699.3
51964.7
52275.2
52757.4
52764.5
53337.2
53879.3
54224.7
54876.5
55079.5
55240
55356.8
55460.6
55615
55921.7
56045.4
57181.4
57799.5
57848.5
58325.6
58412.2
58556.1
58758
59041.8
59182.9
59813.3
60476.3
60496.6
60932.9
60992.9
61140.8
61387.5
61774.3
61831
61959.1
61986.5
62089.5
62599.8
62762.1
62878.9
63207
63794.4
64199.1
64485.1
64849.3
64938.9
64933.4
65045.8
65313
65382.1
66292.2
66516.2
67198.6
67307.7
67359
67689.6
67840.1
67882.4
67970.7
67987.9
68664
68784.4
70688.2
71604.8
72211.1
72961.6
73628.8
74791.7
77333.9
77745.1
78441.9
80381.3
81935.6
82131.7
82261.9
82584.5
83572.4
84223.6
84560.2
84721.3
84767
84854.1
84926.3
85634.5
86227.8
86565.1
87015.4
87070.8
87179.5
87510
89809.7
89986.7
90310
91019.5
91109.3
91190.4
91292.8
92386.9
92926.7
93336.9
93899
94729.4
94922.5
94974.4
95855.2
96259.6
96460.4
96846.7
97347.2
97591.2
97619.2
97788.7
98367
98971.6
99107.9
99571
100021
100442
102209
102245
102440
102456
102496
102617
102697
102867
103292
103557
103757
104295
104373
104826
104859
105295
106035
106255
106688
107031
107157
107278
107633
107898
108280
108582
108615
109488
109715
109775
110039
110121
110156
110152
110383
111374
112065
112184
113035
113381
113465
113695
114032
114443
114543
114805
115124
115141
115505
115675
115973
116026
116481
116844
116931
117714
117770
118432
118679
119414
119713
119882
120815
120937
121380
121581
121799
121941
122227
122474
123230
123344
124091
124274
124460
124771
125085
125524
125692
125870
126406
126445
127448
127982
128465
128820
129438
129906
130417
130948
131343
131527
131554
131706
131866
131917
132136
132567
132738
133408
133561
134444
134444
134878
135090
135401
135547
136267
136461
136992
137442
137856
138142
138963
139161
139244
139661
140008
140275
140378
140430
140691
141625
141968
142239
142444
142729
142939
143344
143613
144558
144639
144633
145850
146057
147194
147881
148103
148614
148652
149200
149362
149691
149845
150016
150055
150395
150884
151053
151478
151835
152070
152155
152201
152403
152879
153079
153672
153873
154382
154802
155231
155729
155907
156136
156242
156624
156684
157166
157245
157457
157926
158300
158700
158862
159560
160478
160588
160840
161088
161384
162714
163053
163146
163194
163224
163341
163577
163602
163624
163682
163713
164204
164432
164683
164909
164933
165330
165427
165435
165900
166542
166723
167466
167493
167682
167803
168380
168467
168702
168796
168830
169247
169310
169473
169588
169855
169959
169963
170014
170344
170473
170754
171375
171395
171719
171768
171903
172391
172848
173534
174168
174917
175172
176510
176519
179063
179432
180017
180062
180416
180799
181006
181416
181655
182619
182659
182989
183263
183568
184618
185216
186638
187579
187755
188047
188725
188734
189024
189199
189687
189758
189947
190167
190211
190380
190538
191129
191595
191967
192027
192945
193405
193725
194163
194492
194659
195553
195747
195766
196304
196507
196682
197137
197621
197701
198205
198477
198894
199351
199381
199698
