3269.84
11638.4
15135.4
21844
24660.4
28472.6
28723.5
31227
38238.9
43215.3
45979.4
63545.7
63991.9
74097.6
75907.9
79624.4
81200.8
82150.7
84146.9
89398.3
89634.2
91895.2
93064.2
94486
101249
107023
107534
108655
109493
111182
111485
111583
113076
113280
114223
114452
122861
127000
131264
131409
131623
133057
133238
138019
140766
141351
141562
143090
148346
155495
157013
157719
160060
164907
166775
167685
168623
171550
172315
173354
173586
177342
178721
178996
180142
181272
190003
190444
191501
196068
