129.51
3676.75
6390.54
7005.95
7582.92
7631.4
7707.98
7910.76
9019.54
9549.04
9616.18
10119.2
10370.6
12739.7
13019.5
15279.7
16285.8
16498.6
16764.4
17022.4
17109.9
17743.8
18657.6
18656.1
19073
19211.7
19331.6
19962.3
20508.8
20850.8
20862.9
21366
21430.3
21487.9
21582.7
21975.9
22477.1
22859.1
22900.5
24062.3
24793.5
25352.5
25606.6
25974.4
26339.4
26984.1
28297.8
29598.4
30183.4
30435.8
30841.3
32040.6
32065.6
32263.7
32769
33040.7
33073.3
33214.7
35188.6
35478.2
35882.4
37095.4
38841.4
40711.2
41394.4
41455.1
41761.9
42406.8
43017.4
43716.4
43782.2
45087
46143
46350.5
48467.2
48836.2
49858.2
50202.4
50781.1
50947
50980.9
51031
51209.4
51785.8
52191.7
53005.8
53172.3
53393.3
53463.6
54555.9
55016
56247.9
57408.3
58216.1
59251.3
61335.1
61467.1
62488.4
63912.1
64851.2
65074.1
65657.2
66226
66263.2
66644.5
68577.2
68985.7
70491.9
70518.8
70860.9
71463.8
71515.5
71683.5
72003.4
72294.3
72559.2
73977.3
75147.7
76153.8
76478.6
76612
78204.8
78617.2
78790.9
79197.7
79370.1
80134.5
81587
82412.5
83003.5
84456.9
85896.1
86489.9
86970.7
87093.7
87508.3
90093.1
91423.9
93126
93169.8
94213.7
94259.7
94478.2
95654.8
96616.6
96647.5
96878.3
97173.2
97968.2
98300.5
98420.4
98564.1
99247.4
99877.2
100404
100557
102418
102989
103168
103248
103333
103738
103913
104183
104186
104195
104203
104598
105270
105369
105858
105962
106417
107371
107907
108980
109514
109596
110814
111551
113163
114487
114562
115281
115934
116318
116591
117189
117360
117719
117768
118206
118307
120576
121152
122148
123586
123699
123915
124878
126897
127248
127344
127790
128560
130298
130583
131525
131993
132671
132769
133659
134151
134222
134594
134662
136547
136667
137221
137536
138646
139226
139576
139607
140177
140545
140732
140828
141155
141984
142709
142877
143018
143917
144082
144195
145825
146925
147833
147933
148913
149095
149339
149594
150271
150913
151113
151459
151498
151861
151946
152041
152173
152829
152969
155055
155384
156068
156895
157485
159982
160998
161397
161503
161721
161998
162565
162795
165192
165251
165749
166882
167367
168399
168406
169043
169062
169320
169607
169771
170057
170167
170642
171330
172500
174165
175353
175412
175677
175676
177051
178135
178336
179021
179703
179720
179979
180350
181183
181537
182037
182205
182687
183439
184672
185218
186449
187194
188034
188150
188247
188384
188452
188969
190180
190298
190517
190775
191136
191164
191748
192660
193496
194214
194507
194852
194941
195462
195470
195659
195984
196245
196328
197729
198107
198483
198618
198829
199104
199193
199932
