102.63
272.22
797.29
907.41
1437.48
1989.31
2019.63
2100.44
2255.05
2351.26
2421.51
2483.47
2724.59
2747
2992.22
3070.58
3748.97
4074.96
4201.65
4248
4446.96
5214.29
5254.32
5529.17
5541.99
5660.54
5744.64
5916.18
7035.46
7395.67
7464.63
7473.6
8111.52
8385.8
8444.52
8856.3
9558.91
9699.63
9697.99
9866.95
10161.6
10186.1
11305.4
11953.9
12089.8
12134.4
12372.8
12871.7
13774.8
13870
13993.9
14439.2
14460.1
14890.5
15268.5
15520.1
15726.2
15910.6
15962.9
16037.8
16288.3
16299.6
16539.9
16559.5
16629.6
16800.4
16865.3
16929.6
17207.4
17398.3
17427.7
17565.2
17641.4
17663.9
17689.6
17709.4
17779.2
18002.4
18138.9
18214
18459.4
18575.2
18838.4
18859.6
19042.6
19245.3
19919.9
20180.8
20185.2
20275.9
20389
20498.5
20759.7
20819.7
20907.8
20963.5
21004.4
21537.3
22480.8
22672.6
22761.4
22878.1
22982.8
23177.3
23353.7
23643.5
23787.5
24186
24289.3
24513.4
24551.9
25063.7
25077
25117.6
25480
25522.9
25649.7
25649.7
25728.8
25882.2
26291.9
26556
26572.2
26615
26695.9
26755
27140.5
27422.6
27468
27491.7
28213.5
28343.3
28398.6
28467.4
28474.9
28512.4
28567.9
28714.5
28913.3
29102.2
29226.6
29268.2
29448.5
29461.8
29472.4
29813.9
29890.6
29928.1
30158.2
30163.2
30539.8
31341.2
31696.7
32135
32272.2
32479.7
32551.6
32594.3
33017.7
33124.6
33231.3
33247.2
33320.4
33612.6
33661.3
33750.5
33958.3
34006.9
34225.9
34498.2
34533.2
34948
34989.7
35313.6
35472
35642.2
36028.7
36139.9
36682
37076.3
37564.8
38004.2
38270
39549.3
39666.9
39890.1
40429.9
40518.5
40779.2
41237.2
41250.2
41273.7
41480
41714.8
41772.4
41857.6
41882.1
42228
42234.4
42318.2
42507.5
42751.4
42808.7
42824.8
42818.3
43046.6
43264
43500.1
43539.4
44011.5
44041.7
44205
44454.4
44554.6
44689.6
44933.4
45232.2
45309.7
45726.3
45993.8
46170.9
46467.5
46854.4
47163.9
48150.1
48410.7
48844.2
49087.4
49845
50148.2
50606.3
51225
51681.3
51935.1
51963.9
52245.2
52710.6
52737.6
52921.5
53318.7
53859.8
54205.5
54649.2
54844.6
55052.5
55219.3
55325.5
55454.4
55573.9
55777.4
55907.7
56013.8
56228.3
56528.5
57160.8
57519.7
57748.5
57832.5
58037
58299.8
58389.6
58533.3
58725.8
59022
59159.8
59794.3
60458.9
60468.3
60884.7
60915.5
61022
61054.4
61106
61112.6
61241.1
61369.8
61690.9
61694.9
61941.3
61964.2
62052.9
62324.7
62581.7
62742.9
62861.6
62978.3
63184.3
63771.9
64174.9
64454.1
64794
64902.3
64919.8
65020.8
65288.7
65367.3
65607.6
65628.5
65749.5
66275.1
66494.1
66542.4
67179.1
67270.8
67340.4
67674.4
67817.6
67864.7
67951.6
67971.8
68281.9
68522.8
68642.4
68763.6
70647.4
71181.1
71566.7
72040.7
72190.1
72937.4
73608.7
74767.9
77300.6
77385
77725
77766.8
77987.9
78182.5
78416.8
80263.4
80357.6
80975.2
81917.2
82098.5
82239.5
82533.1
82560.3
82616.4
83410.4
83548.2
84202
84547.4
84695.7
84701.3
84748
84832
84902.1
84970.5
85609.6
86205.3
86474.5
86999.5
87049.5
87153.3
87276.5
87485.4
87860.9
88418
88853.9
89777.2
89963.9
90290.2
90343.6
90989.4
91089.8
91146.5
91169.9
91269.8
91550.1
91713.1
92362.4
92889.8
93310.7
93750
93866.5
94692
94895.1
94947.6
95836.8
96231.7
96427.6
96531
96802.8
96808.1
96846.2
97260.3
97569.7
97593.7
97609.9
97762
97899
98070.8
98336.2
98647.2
98950.6
99092.8
99082.1
99525.5
100006
100415
100560
101016
101457
101597
101748
102123
102183
102220
102413
102424
102473
102600
102679
102842
103265
103310
103531
103732
104292
104335
104794
104834
105270
105902
105988
106221
106660
106910
107005
107013
107137
107262
107608
107693
107876
107938
108154
108253
108417
108559
108588
109458
109702
109748
109753
110013
110083
110081
110129
110136
110364
111354
111694
112016
112055
112161
112212
113000
113355
113450
113610
113667
113706
114014
114126
114420
114523
114788
114819
115104
115123
115289
115451
115483
115642
115951
116011
116463
116826
116902
117067
117696
117752
118062
118197
118415
118659
119364
119394
119606
119685
119723
119865
120513
120778
120909
121093
121361
121528
121541
121777
121916
122205
122451
123212
123329
123971
124033
124200
124252
124429
124747
125069
125069
125452
125498
125669
125844
126386
126392
126712
127421
127426
127966
128436
128740
128797
129404
129878
129882
130397
130828
131309
131497
131539
131680
131686
131847
131889
132091
132320
132538
132718
133271
133391
133482
133627
133772
133879
133992
134134
134412
134426
134861
135067
135222
135374
135525
136262
136441
136965
137435
137563
137827
138126
138359
138818
138944
138985
139043
139094
139218
139283
139633
139959
140132
140245
140358
140409
140664
141031
141607
141957
142237
142421
142705
142925
143124
143317
143582
144403
144530
144609
144610
145810
146043
146127
146808
147156
147864
148080
148594
148643
149162
149349
149508
149673
149823
149946
149985
150028
150364
150859
151036
151458
151819
152039
152134
152172
152365
152862
153057
153228
153256
153633
153848
154358
154539
154785
155061
155202
155711
155887
156112
156213
156485
156607
156664
157144
157213
157430
157631
157905
158064
158279
158327
158679
158832
159172
159541
160437
160569
160805
161069
161359
162693
163035
163120
163172
163206
163320
163559
163578
163604
163607
163603
163693
163895
164012
163995
164184
164409
164664
164872
164913
165314
165366
165410
165877
166495
166708
167426
167437
167658
167783
167802
168351
168436
168682
168765
168773
169026
169226
169283
169400
169564
169737
169830
169916
169941
169995
170120
170178
170308
170317
170455
170660
170731
171362
171372
171700
171737
171884
172180
172369
172817
173441
173474
174142
174838
175155
175936
176481
176504
176595
178329
178772
179047
179067
179405
179996
180032
180374
180768
180991
181374
181408
181620
181632
181680
182592
182625
182663
182927
182969
183236
183520
184586
185195
185340
186182
186604
186610
187558
187736
187996
188026
188636
188677
188716
189011
189154
189537
189667
189739
189862
189932
190022
190148
190186
190351
190419
190502
190655
190818
191043
191110
191280
191567
191923
191932
192011
192486
192926
193018
193395
193670
194143
194192
194372
194396
194407
194463
194644
194794
195235
195532
195716
195740
196288
196482
196662
196794
197064
197588
197683
197735
198184
198438
198876
199320
199363
199677
