1412.53
3393.6
3791.6
4364.81
6152.83
7584.1
8179.51
9274.25
11640.2
13316.1
14239.8
14248.3
14883.9
15379.6
15416
16107.1
17075.1
17173.6
18383.1
18586.8
22129.2
22814.7
24790.5
27525.2
28142.2
29947.4
31481.9
32767.8
33542
35054.7
36638.9
38033.1
39201.8
39754.8
40947.8
40994.2
43651.4
43804.9
45070.2
45470.7
45684.6
47775.3
48571.7
48868.6
50033.8
50726.7
51248.2
51508.3
51911.2
55422.4
58402
59286.9
60892.6
60914.9
67299.7
69002.6
69576.3
69793.1
69874.9
71284.4
72037.9
72977.1
73237.2
73648.7
74727.2
74946.2
75792.3
75917.5
77746.5
77916.9
78191.5
80408
80725.9
83170
83462.1
84601.7
84636.6
87797.4
88628.1
90022.8
90049.9
97609.6
98119.4
98356.4
103307
103853
104171
104969
109174
113665
115159
117979
118908
119621
121233
121439
123251
124726
127288
128645
132282
132943
134295
135129
135220
139843
140364
142325
142701
144106
144972
145008
146076
146364
148005
149643
153614
154912
155898
156424
156981
163331
164110
165567
166895
168862
171440
176022
181288
181849
182642
182678
182924
185862
186924
187771
188853
191870
192255
192565
193854
197512
197995
199621
