339.1
701.45
978.1
1015.67
1103.59
1348.42
1415.7
1477.49
1651.63
1926.88
1992.32
2189.36
2253.17
2318.46
2856.12
3017.59
3592.05
3754.55
3888.82
4017.59
4115.38
4120.63
4221.43
4228.57
4559.66
4760.47
5713.18
5743.16
5990.97
6019.04
6204.11
6256.02
6800.15
7041.62
7225.51
7311.56
7343.77
7498.09
7899.77
8012.09
8026.65
8260.8
8842.71
8935.51
9801.24
10364.7
10776.5
10965.8
11502.7
11815
12209.9
12334.9
12532.6
12715
12921.2
13105
13139.8
13424.8
13596
14062.3
14124.1
14205.3
14415.6
14559.4
14721.3
14736.8
14827.3
14980.4
15093
15243
15315.9
15355
15572.5
15588.9
15634.8
16008.4
16196.6
16455.9
16461.7
16537.3
16799.2
17024.8
17730.1
17773.4
18262
18389.5
18537.7
18981.3
19163.9
19718.3
19913.3
19940.6
20075.5
20195.6
20467.6
20574.2
20760.6
21198.8
21311.5
21480.5
21847.7
21906.7
22120.8
22349.4
22474.3
22629.8
23337.5
23712.9
23972.7
24223.7
24358
24431.1
25060.6
25200.4
26478.6
26477.3
26853.3
26873.9
27182
27802.8
27876.8
28397.6
28545.2
28648.8
29172.1
29381.3
29870.6
30328.8
30511.2
30766.4
30891
30979.3
31434.8
31682.2
31777.1
32449.1
32490.9
32505.8
32708.9
32845.7
33032.8
33137.8
33609.3
34085.4
34794.1
34868.8
34940.2
35147.3
35378.7
36343.7
36448.5
36522
36635.1
37355.7
37541.4
37605.9
37662.8
37845.5
38211.2
38511.5
38650.4
38747.3
39045.5
39072.2
39294.8
39323.9
39613.3
39933.8
40097.6
40534.5
40721.1
41180.3
41578.8
42206.3
42312.9
42327.5
42363.2
42997.4
43355.6
43545.9
44041.3
44080.8
44233.8
44754.9
45175.7
45370.3
45413.5
45664
46561.5
46596.9
46700.1
47075.9
47295.5
47434
47620.6
47741.7
47763
47807.4
48046
48381
48526.5
48608
48700.9
48695.8
48867.5
48958.6
49299.8
49487.2
49687.7
49977.3
50231.5
50403.2
50459.4
50771.4
50897.3
50892.3
51304.9
51355.4
51413.7
51597.2
51791.9
51826.9
51869.1
51900.9
52325.1
52402.2
52663
53023.9
53041
53080.4
53211
53326.2
53393.3
53478.3
53640.6
54053.1
54185.5
54417.3
55333.9
55396.7
55709.6
56099.1
57006.6
57029.9
57505
57586.9
57608.1
57802
58105.6
58551.6
58859.4
58931.8
58947.2
59022.4
59224.5
59357.4
59517.7
59613.4
59651.5
60660.1
60696.4
60787.2
62148.4
62208.5
62560.3
62951.3
62983.4
63193.9
63304.9
63471.4
63689.9
64512.7
65626.4
65844.7
65863.4
65890
66606.5
66694.5
66805
67097.7
67302
67497
68132.7
68838.9
69263.4
69261.5
69342.4
69385.5
69429.1
70125.9
70177.7
70400.7
70405.4
70700.5
70706.9
70872.1
70976.8
71042.4
71731.9
71805.2
71955.4
72055.4
72127.1
72243.4
72834.5
72938.8
73152.4
73405.3
73433.7
73608.6
73859.8
74412.3
74446.5
74553.7
74766.4
74950.6
74979
75082.5
75116.5
75232.1
75272.5
75299
75488.5
75601.3
75615.7
75708.6
76066.7
76420.2
76589.5
76717.1
76966.4
77124.3
77259.1
77612
77786.1
78238.5
79391
79693.5
80156.9
80396
81620.4
81736.2
82472
82934.9
83253.3
83835.4
84146.4
84176.9
84466.6
84525.1
85280.2
85421.7
85721.1
86046.7
86293.3
86332.7
86361.9
86777.1
86776.7
86797.1
86802.8
86880.1
87126.6
87392.1
87691.7
87745.8
87910.3
88042.9
88164.3
88518.9
89152.2
89410.9
89512.4
89658.8
89843.8
90019
90478.8
91340.5
91800.4
91996.8
92754.1
93017.8
93108.4
93201.2
93597.1
94192.8
94453.4
95053.8
95137
95387.1
95900.4
96155.7
96157.9
96688.8
96862.5
97083.7
97388.1
97486.7
97723.5
97737.9
97805.6
98174.5
100462
102112
102393
102489
102775
102831
103199
103188
103321
103475
103683
103874
103984
104251
104807
104820
105375
105415
105745
105912
106179
106258
106409
106625
106861
107354
107609
108769
109082
109245
109605
109765
110006
111486
111498
111730
111960
112166
112636
112999
113259
113275
113529
113596
113704
113951
113949
114174
114586
115000
115024
115239
115456
115864
116000
116045
116178
116301
116371
116464
116495
116693
116966
117136
117245
117748
118020
118204
118228
118468
118508
118555
118950
118993
119060
119146
119172
119416
119432
119776
119829
119825
119903
120311
120339
120444
120658
121059
121184
121230
121850
121873
122013
122204
122338
122635
122773
122886
124135
124572
126502
127044
127197
127416
127436
128161
128389
128702
128884
128934
128978
129276
129668
129688
129777
130230
130669
130850
130880
130984
131305
131500
132062
132088
132374
132632
132639
132781
132868
132960
133096
133411
134037
134934
135310
135379
135676
136374
137358
137441
137572
138425
139022
139418
139514
140155
141053
141580
141838
142110
142194
142796
142836
143456
144181
144603
144620
144640
144748
144899
145538
145696
145846
146066
147097
147144
147267
147399
147402
147806
147796
147845
148410
148464
149324
150459
151304
151921
152085
152763
153065
153131
153484
153495
153747
154287
154697
155211
155763
155776
156216
156266
156500
156541
156848
156945
157201
157383
159258
159294
159669
160217
160526
160561
161317
161877
162012
162368
162484
162779
163052
163052
163891
163992
164594
164924
165183
165315
165339
165669
166051
166147
166561
166611
167242
168001
168183
168222
168585
168592
168810
169083
169357
169768
170081
170563
171007
171061
171267
172455
172889
172974
172996
173396
173588
173606
173856
173989
174489
175129
175276
175653
175937
175964
176150
176355
176782
176858
177008
177226
177464
177821
178059
178101
178134
178232
179152
179298
179816
179853
180367
180505
180721
181042
181110
181361
181530
181734
182075
182148
182340
182368
182464
182806
182874
182934
183013
183297
183347
183788
183824
183943
184892
185580
186123
186686
186745
186764
187239
187643
187890
188588
189576
189979
190095
190122
190313
190377
190609
190928
191097
191453
191453
191955
192045
192100
192310
192375
192563
192780
192824
192996
193098
193287
193613
193887
193928
193955
194241
194433
194513
194870
195849
196395
196511
196625
196866
197252
197275
197472
197521
197640
197757
197771
198041
198138
198438
199407
199613
199779
