346.9
412.92
1867.1
2876.69
2953.32
3301.17
3939.29
4025.94
4272.08
4677.22
4744.05
4847.36
5189.76
5281.22
5433.5
5711.38
6049.42
6066.85
6330.44
6439.52
6774.83
7190.61
7291.42
7371.78
7667.49
7832.22
7882.09
8090.76
8244.5
8338.35
8596.64
8846.52
8948.95
9120.81
9134.75
9441.87
9538.27
9548.19
9690.94
9897.5
10096.5
10182.9
10202.9
10366.3
10463.2
10557.5
10753.4
11076.9
11481
11514.2
12375.3
12582.9
12693.9
12738.4
12795.1
12827.4
13000.4
13217.6
13399.9
13465
13988.2
14045.5
14322.9
14369.5
14543.9
14546.7
14756.5
14810.6
14853
15039.6
15069.3
15345.8
15641.1
15703.5
16551.2
16880.1
16999.4
17021.3
17520.9
17558
17570.4
17595.9
17742.1
17880.5
18044.8
18174.8
18277.4
18893.9
18981
19483.2
19794.6
19996.2
20712.2
21894.9
22118.2
22124.9
22349.2
22492.6
22752.1
22794.7
22986
23312.6
23608.5
24374.5
24554.1
24775.1
24852.7
24948.5
24946.3
25064.9
25197.2
25314.4
25386.1
25508.7
25726.9
26067.5
26119.5
26647
26750
26944.2
27375.7
27784.8
28122.9
28191.5
28741.5
28883.8
29141.1
29224.9
29383.4
29608.9
29686.5
29813.9
29871
29898.3
30011.9
30344.6
30380.4
30994.3
32191.1
32301.6
32353.6
32436.1
32699.3
33247
33805.1
33921.2
34416.6
34824.5
34931.5
35112.2
35858.6
36145.8
36178.6
36409.9
36697.6
37669.4
38743.3
38778
38782.3
39143.8
39220.1
39636.9
39745.6
40168.1
40361
40733.9
40859.8
40918.2
41519.6
41648.7
41681
41711.6
41780.6
41970.9
42297.7
42467.6
42481.9
42888
43285.2
43311.1
43370.7
43617.9
43622.2
43650.3
43891.7
43900.5
43921.2
44018.5
44048.1
44449.1
44466.9
44665.4
44715.3
44821.1
44953.5
45252.5
45466.1
45751.6
45750.3
45866.8
47061.8
47220.8
47462.1
47505.6
47870.4
48199
48777.5
48954
49777.2
49832.6
49927
50086.2
50121.6
50231.8
50325
50338.2
50673.2
50683.4
50832.6
51162.4
51568.7
51786.6
51887.8
52226.2
52668.2
52770.3
53070.6
53323.4
54333.5
54343.1
54445.2
54557.5
54813.4
55016.4
55303.7
55771.5
55875.9
55915.9
56153.8
56455.8
56728.4
56958.7
57034.9
57184.2
57476.8
57589.1
57773.5
58078.8
58116.9
58441.8
58472.6
58632.8
58827.5
58915.3
59106.4
59278.7
59483.8
59570.9
59754.2
59934.9
60069.6
60131.3
60470.7
60768.1
60961.6
61183
61489.3
61751.5
62993.5
63205.4
63846.5
64462.9
64878.2
65124.3
65136.3
65544.7
66591.4
67473.5
67734
67985.6
68151.6
68225.3
68694
69091.1
69311.1
69384.5
69656.4
69868.8
69933
70071
70079
70202.9
70240.1
70626.8
70900
70917.2
70918.7
71112.8
72224.2
72289.8
72729.5
73113.4
73510.5
73561.4
73572.2
73703.3
73917
74005.7
74113
74512.1
75061
75746
75739.9
75812.3
76067.1
76297.6
76592.1
76763.9
76984
77253
77873.5
77875.7
78139.5
78217.5
78297.5
78418.1
78838.1
79061
79477.7
79871.3
80074.4
80119.6
80143.3
80175.7
80488
80770.2
81120
81354.8
81440.6
81708.2
83239.7
83377.6
83485.2
83580.8
83594.3
83882.6
83954.7
83985.9
84147.4
84732.5
84982.2
85588.2
85774.9
87316.5
87352.6
87440.6
87580.7
87685.2
87716.8
87766.6
87848.3
87963.5
88480.4
88909.8
89505.6
89525.6
89798.5
89891.2
90855.7
90952.2
91134.7
91303.6
91486.8
91956.8
92109.6
93549.9
93553.9
93867.6
94095.9
94101.8
94399.1
94537.7
94816.3
95523.2
95684
95721.5
95841.7
96189.8
96255.1
96492.2
96651.8
96811.5
97013.4
97188.7
97285.9
97758.8
97888.9
98046.6
98441.1
98514
98586.1
98678.2
98689.9
98940.7
99246.5
99512.8
99868.4
100305
100981
101141
102817
103005
103469
103715
104258
104377
104792
104818
105559
105745
106307
106766
107043
107164
107759
107982
108940
109367
109744
109829
110863
110942
111162
111178
111331
111471
111942
111958
112093
112139
112216
112395
112413
112451
112792
113184
113252
113613
113910
113981
114602
114877
114879
114967
115220
115251
115280
115520
115675
115963
116403
116413
116693
116905
116946
117494
117562
117596
117644
117693
117782
118076
118135
118366
118456
118636
118727
118739
118846
118981
119230
119465
119927
120258
120437
120528
120756
120799
120979
121337
121877
122140
122392
122540
123126
123142
123272
123450
123700
123752
124334
124534
124573
125291
125311
125370
125579
125650
126241
126555
126770
126836
127228
127388
127630
127898
127935
128650
129107
129187
129237
129326
129643
129730
129823
130058
130167
130280
130533
130644
130796
130812
131122
131362
131433
131544
131942
132280
132367
132360
132602
132638
133028
133038
133228
133326
133368
133393
133555
133745
133783
133829
134168
134354
134478
134668
135180
135466
136137
136716
136975
137105
137536
137654
137776
137796
138110
138370
139988
140536
140781
141016
141212
141517
141854
141889
142057
142534
142779
143090
143146
143244
143250
143397
143409
143984
144101
144375
144584
145094
145751
146716
146912
147365
148491
148744
148965
149034
149060
149255
149317
149384
149503
150129
150164
150361
150861
150921
150938
151535
151578
152128
152193
152687
152785
153583
153882
153907
154148
154262
154442
154829
154933
154974
155067
155354
155566
155631
155756
156049
156491
156910
157585
157617
158021
158252
158349
158506
158529
158771
159001
159290
159432
159637
159709
159939
160194
160382
160535
160771
160915
161003
161112
161231
161490
161546
161568
161646
161916
162268
162358
162445
162529
163008
163074
163426
163493
163734
163751
163794
164368
164605
164726
164948
164982
165388
165605
165625
165638
165826
165989
166083
166702
167464
168172
168397
168826
171004
171049
171630
171760
172046
172105
172261
172270
173135
173970
174576
174865
175647
175757
175744
175796
175805
176763
176802
177145
177199
177251
177602
177912
178091
178123
178215
178344
178496
178797
178874
179257
179440
179848
179997
182490
182502
182913
182957
182957
183146
183461
183518
183662
183776
183999
184100
184232
184405
184690
184757
185173
185521
186021
186015
186135
186425
186529
187106
187163
187309
187349
187672
187927
187983
188070
188246
188287
188784
188848
189150
189194
189350
189681
189937
190007
190044
190090
190497
191017
191160
191237
191503
191544
191590
192046
192345
192445
192503
192620
192609
192817
192872
192997
193586
193998
194177
194266
194607
194759
195058
195076
195248
195664
195696
196246
196729
196868
197024
197360
197404
197507
198088
199035
199471
199481
