347.34
730.99
1144.8
1357.34
1521.94
3114.83
3378.08
3475.49
3523.12
3833.24
3886.46
4028.35
4223.29
4614.79
4682.7
5836.85
6255.86
7116.2
7241.6
7655.93
8072.95
8109.98
8507.5
8989.78
9109.7
10483
10992.7
11664.3
11837.7
12847
12919.9
13927.4
14759.7
15915.2
17813.5
18581.6
19500
19967
20740.5
21691.8
22792.1
23380.9
24010.5
24186.9
24579.7
24680.8
26379.5
26581.8
28196.2
30556.6
30803.1
30850.7
31955
32166.7
32412.4
32423.6
32812.2
33046.7
33257
33851
34217.4
34368
34957.9
35130.2
36595.1
36704.3
37938.9
38056.9
38077.5
39132.5
39199
39848.5
40153
40444.1
40560.4
41132.2
42229.1
42322.1
43104.8
43882.4
44219.9
45119.3
45162.4
46702.7
48388.8
48584.5
48606.1
48703.6
49407.3
49549.1
49799
49859.2
50262.6
51416.7
52364.7
52744.6
53093.6
53626.7
53761.1
54479.6
55205.7
56383.3
56730.3
56946.1
58922.4
59321
59885.9
61035.8
62387
62450.2
63994.6
64750.8
65342.1
65555.8
66883.7
69419.9
70038.4
70722.4
71114.6
71561.8
71702.5
71743.9
71826.8
72860.2
72886.4
72950.6
73457.1
73504.6
74198.1
74265.3
74865
75324.1
75890.3
76560.4
76638.7
77147.2
77345.3
77562.9
78651.9
79017.6
79028.5
79257.4
79704.7
79929.3
80074.7
80815.5
81018.9
81402.1
81498.1
82941.9
83696
83981.9
84117
84209.8
84735.5
84851.9
85314.9
85994.4
86414.2
86570.6
88395.6
88507.9
88568.9
88696.2
88757.7
89078.1
89740
90605.3
90855
91594
91723.2
92712.4
92770.9
93297.5
93737.7
93750
94820.1
95191.4
95964.5
96469.1
96490.3
96540.1
96866.4
97178.8
97298
97589
98382.9
98786.4
99507.2
100453
101053
101377
102692
103230
103326
104266
104284
104316
104351
104354
104860
106066
106528
106795
107073
107115
107147
109268
110183
110604
110944
111532
111724
113036
113228
115550
115909
117464
117816
119019
119549
119664
120948
121185
122110
122244
122668
122677
123123
123680
124177
124267
124506
124889
125484
125883
126177
126223
126807
126894
127126
128417
129198
129615
130133
130175
131270
131308
131329
132871
133272
134614
134941
134981
135274
137224
137523
138234
139975
139995
141317
143377
143407
143752
145452
145694
146093
146260
147341
147414
148002
148120
148346
148561
148725
148846
148896
150641
151445
151435
151686
151777
151848
151925
151932
152353
152444
153692
153714
154388
154396
155094
156239
156925
158137
158786
158792
158918
159089
159484
159741
160147
160989
161450
162109
162329
162662
163364
163937
165079
165348
165761
166120
166798
167002
167050
167245
167839
168293
168770
169194
169633
170851
172206
172907
173173
173391
173633
174057
174410
175076
175228
176059
176921
177550
177650
178158
179020
179134
179425
179757
180201
180770
180904
181641
181689
182386
182391
182902
184774
184775
185213
186250
187282
187601
187660
187775
188713
188724
188879
190235
190778
191062
191080
191802
192337
192471
192695
193641
193752
195580
195797
196637
198494
198584
199134
199187
199476
199833
199903
