184.66
326.72
496.27
2516.58
2657.33
2739.77
2849.02
2851.64
4723.38
5799.05
7102.49
7246.39
7953.64
8548.77
9385.62
9964.72
11277.7
12109.2
12928.1
12985.8
13037.3
13086.5
13454.7
13531.8
13894
14569.9
15058.5
16300.7
17141.4
17334.7
17409.8
18351.2
18442.6
21198.5
21521
21620.8
22578.1
23798.1
23845.4
24123.7
24193.6
24898.3
25542.6
26506.7
27107.7
28202.9
28308.7
28454
28951.6
29163.8
29524.7
30232.2
30360.4
30490.8
30573.6
32443.7
33192.1
33399.7
34166
34320.6
35118.9
35431.8
35888.3
36013.2
36437.5
36934
37675
38482
38570.6
38779
38907.2
39287.5
39497.4
39894.8
40333.8
40387.8
40759.5
41054.9
41322.9
41348.4
41441.2
42858
43204.2
43491.8
43849.6
43992.7
44486.9
45275.9
45464.7
47129.2
47348.2
47681.2
48004.4
48067.1
50667
50877.9
51162.6
53634.5
54214.2
54681.6
54949.1
56421.2
56670.1
57674.3
58286.2
58851.5
59508.4
59589.2
62489.6
63235.8
63666
63675.2
64207.5
64230.3
64334.9
64842.6
65040.7
65572.2
65963.9
66460.4
66793.9
66836.8
67795.4
67907.5
69308.3
69588.4
69646.5
70378.9
71348.1
72347.2
72527.5
73705.1
74008.6
74315
74858.7
75217.3
75280.5
75571
76285.3
76846.9
77138.4
77143
77882.1
78733.8
79550.6
79669.8
80366.5
80703.3
80807.7
81747.1
81847.9
82385.4
82508.4
82754.9
82878
83875.3
85444.8
86100
87219.2
87769.7
88732.8
89537.6
90638.5
91490
92185
92184.3
92237.1
93429.5
93570.4
93654.9
94055.3
94166.8
94236
94490.7
94744.7
95326.9
97335.8
98011.9
98305.7
98339.4
98331.7
98669.1
99223
101289
101480
101590
102246
102665
103109
103191
103313
103392
103754
104045
104084
104435
104478
104841
105225
105857
106011
106474
107550
108846
110725
111049
112093
113606
113617
114094
114376
114807
116616
117914
118499
118596
118745
119281
120270
120821
121047
121270
121960
122438
122784
122931
123572
123884
124631
124728
125747
126766
127665
127799
128257
128510
129332
130068
130061
130572
131670
131707
131793
132959
132970
134463
135296
135822
135868
136400
136996
138142
138317
138998
139090
139186
139327
139633
140403
140854
142214
142822
143480
146210
148411
148474
149521
151213
151241
151368
151604
152143
152203
152951
153947
154398
154718
154786
155221
155474
155964
156406
156886
157815
157993
160747
160900
161136
162028
162122
162909
163611
163896
164435
165525
166509
168033
168053
168753
168971
169357
169637
170003
170176
170478
170706
170792
173656
174223
174493
174541
175247
176179
176315
176997
178066
178102
179152
179596
179853
181228
181274
182632
182964
183624
184333
186118
186405
186892
186977
187198
187545
187720
188076
188174
188524
189201
189231
189324
190855
191091
191253
191538
192220
192317
192361
193220
194265
194784
195090
196594
197576
197737
198139
198734
199011
199372
199444
199692
