92.06
135.34
285.93
440.81
480.21
502.43
694.14
911.88
1105.76
1461.43
1587.51
1591.79
2190.07
2651.53
2980.62
3574.67
4166.61
4281.81
4410.04
4499.66
4737.56
4846.4
5061.79
5387.75
5587.98
5597.38
6038.99
6127.59
6415.73
6780.81
6822.5
6982.01
7017.02
7360.27
7804.81
7814.6
7905.72
8074.06
8113.61
8448.36
8455.21
8630.53
8768.81
9043.66
9164.86
9591.31
9630.99
9637.76
9966.12
10059.4
10065.3
10153.8
10175.5
10542.2
10636.4
10856.2
10883.8
11585.4
11588.7
11651.5
11693
12072.9
12331.1
12421.7
12728
12803.6
13131.3
13186.4
13760.3
14022.9
14535.9
14657
14726.4
14870
15197.2
15291.2
15644.2
15903.4
15955.4
15962.1
16197.4
16593.5
16622.9
16709.8
16714.7
16855.6
17003.8
17164.1
17371.3
17488
17788.9
17868.8
18256.5
18462.9
18797.9
20845.2
20859
21152.9
21360.5
21415.7
21496.9
21552.5
21576.7
21749
21807.8
21963.8
22041.4
22206.3
22413.6
22512.7
22566
22678.9
22795.2
22946.4
23007.4
23168.3
23386.2
23428.3
23534.3
24008.1
24053.6
24550.8
25220.1
26180.9
26211.6
26759.9
26842
27045.4
27508.1
27654.7
27863.4
27894.8
28014.5
28389.4
28586.1
28892.8
28891.3
28998.7
29247.9
29364
29601.8
29909.1
30078.1
30179.8
30629.9
31119
31379.3
31585.8
32175.7
32284.6
32292.5
32360.1
32457.6
32484.6
32494.5
32573.9
32582.9
32675.7
32951.6
33479.3
33702.7
33702.3
34065.1
34100.3
34224.2
34430.5
34723.1
34766.3
35304.5
35880.8
36247.2
36324.5
36486.2
36966
37243.5
37311
37323.8
37508
37526
37607
37779.7
37818.2
37911.1
37988.7
38051.6
38108.6
38116.3
38139
38339.7
38421.8
38556.3
38841.9
39209.4
39244.2
39326.1
40122.7
40191.6
40287
40338
40480.9
40533
40756.9
40865.8
40878.3
41017.7
41048.1
41110
41238.4
41698.3
42089.3
42401.3
42413.2
42431
42505.4
42753.2
42887.7
42990.6
43336.5
43532.3
43747.9
44054.3
44284.8
44413.5
44477.1
44572.4
44728.2
44957.6
45579.4
45668.7
45718.3
45729.1
45877.4
46378.1
47053.9
47104.5
47398.5
47476.9
47475.1
47609.7
47612.8
47661.4
47859.6
48727.8
48784
48951.8
49020.9
49039
49096.2
49223.5
49225.8
49526
50204.4
50783
50838.9
50952.4
50987.5
51202.5
51492.5
51671.8
51685
51770.5
51990.7
52009.1
52233
52281.7
52713.5
52820.8
53160.8
53292.4
53296.9
54183.4
54203.5
54274.3
54673.2
54691.9
54808.8
54823.4
54853.5
54863.3
55321.2
55551.6
55706.6
55765
55815
55809.4
56017.4
56079.9
56131.8
56217.3
56589.6
56645
56775.5
56791.3
56914.8
56918.3
57055.4
57501
57538.3
58018.7
58390.2
58412.6
58435.5
58675.5
58894.5
58963
59185.4
59216.4
59315.6
59543.1
59648.9
60446.6
60487.1
60988.5
61151.5
61260.2
61485.5
61661.1
61814.6
61896
62089.7
62364
62652.7
62943.4
63252.3
63478.3
63594.8
63709.1
63913.3
63934.7
64055.8
64178.9
64264.6
64374.4
64568.7
64600.6
64613
64709.6
65060.4
65087.7
65346.9
65619.2
65865.8
66048.9
66165.9
66176.5
66320.7
66479.5
67337.7
67461.5
67571.5
67693.3
67949.7
67978.1
68115.3
68121.7
68178.6
68210.4
68455.4
68569.2
68569.6
68703.7
68877.7
68922.3
69260
69311.3
69532.3
69866.2
70126.3
70164
71546.8
71537.2
71725.8
71923
72057.8
72144
72360.6
72423.7
72483
72621.6
72846.3
72969.9
73046.2
73158.9
73343.6
73391.8
73402.6
73529.1
73677.6
73743.8
74133.4
74204.4
74518.6
75758.9
75959.1
76082.8
76963.5
77001.6
77132.2
77172
77176
77203.1
77252.5
77539.1
77620.9
77729.1
77924.1
78135
78139.8
78196.3
78349.3
78379.2
78449.8
78514.9
78784.6
78915.8
78949.3
79035.3
79095.6
79108.6
79572.8
79588.2
79647.5
79746.4
79778.1
79805.8
79958.3
79991.1
80039.7
80327.8
80500.4
80576.6
80676.5
81124.8
81213
81275.1
81362
81379.2
81454.8
81512.4
81648.5
81762
81865.6
81953.6
82272
82616.8
82645.4
82734.5
83284.7
83295
83579.6
83859.3
84163.7
84234.7
84369.5
84405.4
84636.7
84666.4
84742
84806.3
84941.7
85103.3
85221.4
85446.3
85727.5
85844.9
85875.7
85909
86034.5
86044.7
86282.9
86361.3
86411
86546.6
86647.1
87514.9
88154.6
88615
88952
89158.7
89226.2
89586.1
89614.9
90089.8
91668.4
92333.1
92627.2
92764
92815.1
93387.3
93518.1
93569.8
93652.6
93988.2
93997.6
94091
94231.7
94327.2
94383.5
94473.8
94580.3
94689.1
95299
95609.5
95713.2
95923.8
95961.7
95998.6
96345.2
96788.2
96799.8
97564.1
97784.1
98152.7
98171.2
98233
98301.2
98469.7
98539.1
98656.9
98866.5
99167.3
99502
99621.2
99857.1
100242
100421
100557
100562
100633
100977
101005
101284
101323
101485
101884
101919
102540
102979
103060
103419
103438
103624
103670
103936
104076
104302
104480
104679
105097
105602
106059
106218
106300
106420
106481
106523
106704
107339
107811
107962
108029
108061
108724
109061
109108
109252
109422
109791
109893
110066
110080
110130
110234
110662
111160
111716
112061
112286
112562
112605
112696
112789
112936
112953
113475
113502
113583
113696
113745
113854
113946
114428
114474
114683
115405
115480
115848
115996
116012
116458
116565
116917
117053
117149
117147
117428
117544
117596
118106
118139
118171
118182
118209
118649
118768
119118
119127
119140
119433
119507
119641
120549
120892
121187
121206
121205
121347
121420
121570
121641
121681
121817
121913
122007
122369
122456
122485
122667
122694
122757
122780
122965
123020
123410
123697
123981
124035
124077
124293
124458
124574
124776
124868
125004
125110
125327
125879
126011
126123
126165
126386
126683
126704
126940
127297
127932
127955
127975
128113
128153
128347
128342
128578
128686
128721
128900
129040
129144
129524
129649
129909
129928
130166
130202
130427
131000
131532
131830
131952
132149
132280
132669
132720
132740
132882
132902
133831
133921
134176
134190
134798
135279
135715
136037
136161
136186
136477
136473
136476
136617
136695
136708
137020
137066
137089
137238
137330
137813
137836
137960
138148
138214
138480
138541
138701
139269
139593
139969
140166
140292
140471
140563
140639
140955
141260
141646
142088
142219
142358
142627
142768
142907
143100
143536
143769
143775
143925
144033
144602
144873
144872
144875
145038
145089
145361
145404
145519
145755
145785
145997
146247
146548
146741
146861
146931
146937
147077
147119
147366
147378
147433
147575
147726
147848
148020
148428
148707
148810
148861
149821
150092
150474
150507
150690
150955
151045
151409
151503
151632
151722
152251
152367
152508
152661
152901
153085
153337
153712
153751
153762
153777
154500
154933
155041
155414
155530
155787
155804
157228
157505
157652
158251
158632
158799
159047
159714
159845
160010
160114
160735
160785
160803
160910
161057
161439
161437
161547
161607
161955
162062
162157
162303
162328
162415
162497
162659
162756
162942
162977
163219
163462
163558
163764
163885
164158
164236
164405
164438
164429
164520
165135
165242
165409
165534
165526
165590
165774
165844
166051
166244
166553
166756
166763
167141
168075
168521
168548
168902
169128
170354
170442
171522
171610
171849
171863
172025
172789
173233
173520
173640
174048
174246
174294
174663
174746
175014
175136
175358
175754
175781
175808
175997
176133
176572
176859
176958
177296
177518
177982
177986
178336
178412
178452
178673
178670
178794
178933
178940
179000
179191
179269
179494
179659
179841
179947
180125
180153
180281
180543
181007
181279
182098
182274
183181
183235
183468
183620
184006
184070
184258
184254
184675
184882
185080
185356
185347
185870
185949
186160
186281
186300
186378
186534
186563
186655
186804
186868
186929
187016
187215
187358
187896
187951
188203
188196
188211
188326
188548
188580
188648
188867
189107
189398
189413
189451
189686
189812
189866
190114
190441
190693
191077
191367
191570
192191
192724
192859
193542
193578
194151
194369
194622
195206
195402
195558
195557
195691
195798
196107
196209
196631
196684
197009
197065
197352
197575
197661
197916
198059
198296
198308
198378
198710
198928
199498
199661
