305.63
335.44
455.13
551.51
566.32
706.28
856.21
1121.47
1303.31
1716.54
1793
1904.15
2016.28
2563.76
2701.49
2973.34
3105.71
3332.4
3406.46
3417.3
3464.61
3523.41
3547.71
3575.82
3728.8
3789.72
3792.35
3876.1
4148
4267.94
4345.89
4952.37
5502.4
5502.17
5783.37
5805.73
5994.83
6045.15
6139.77
6434.24
6745.52
6753.47
7052.51
7057.39
7268.38
7319.65
7817.1
7824.7
7959.26
8145.89
8169.25
8190.97
8234.32
8437.06
8768.2
8803.19
9042.03
9357.18
9472.62
9569.06
10133.8
10533.8
10673.3
10826.2
10988.2
11021.4
11233.8
11424.4
11426.7
11443.2
11562.9
11604.2
11829.5
12039
12274.3
12439.9
12456.2
13468.1
13511.3
13671.1
13914.1
14104.6
14437
14639.4
14724.5
14766.5
15033.2
15065
15176.7
15258.6
15468.4
15744.9
15771
16647.6
16730.5
16773.6
16810.4
17126.9
17275.1
17307.5
17538.1
17654.2
17912.6
18413.6
18855.4
18859.3
19233.1
19399
19687.9
19745.8
19809.2
20300.8
21084.3
21404.2
21491.6
21506.8
22413.5
22485.8
22643.4
22934.6
23066.9
23661.3
23964
23967.9
23971.1
24273.5
24411.1
24473.5
24822.9
24831.3
26016.6
26118.4
26489.4
27996.3
28786.5
29186
29498.8
29724.5
29838.9
29993.9
30209.2
30345.8
30518.4
30584.6
30744.8
31119.7
31297.4
31368.3
31735.7
31767.5
32104.4
32164.4
32285.5
32527.9
32611.5
32720.1
33104
33228.8
33333
33591.2
33698.2
33741.4
33798.3
33955
33975
34143.7
34458.5
34630.8
34786.4
34847.9
35204.2
35364.4
36084.1
36096.6
36138.5
36332.6
37162.2
37227.9
37341.5
37402.9
37535.6
37631.3
37865.1
37866.7
37867.5
38373.7
38624
38835.2
38882.6
38984.9
39454
39579.5
39648
39759.4
39991.7
40119.4
40237.5
40626
40626.2
40844.6
41309.7
41598.5
41828.5
41996
42058
42161.3
42444.1
42454.8
42794.1
42934.8
43213.9
43382
43520.9
43694.4
43886.6
43947
44011
44118.6
44920.2
44923.9
44985.6
45915.2
46167.2
46396.4
46460.8
46691.7
46784.8
46859.3
46967.2
47023.3
47780.1
47914
48087
48120.1
48128.4
48241.6
48392.5
48403.4
48659.6
48802.5
48814.3
48940.1
49022.4
49075.7
49126.3
49142.5
49327.5
49452.3
49591.1
49802.8
50580.6
50891
51160.6
51222.7
51486
51728
52172.7
52297.9
52563.7
52649.5
52781.9
53247
53318.1
53334.8
53358.5
54116.4
54256.3
54376.9
54643.2
54815.1
54884.4
55355.6
55672.3
56155.2
56353
56437.5
56472.7
56557.8
56776.3
56803.7
57310.5
57364.9
57829.5
57949.7
58121.5
58182
58498.5
58723.5
58879.2
59155.6
59245.2
59367.6
59434.3
59438.7
59590
59662.9
59664.9
59798.4
59884.3
60252.7
60373
60474.3
60580.9
60879
61668.3
62174.8
62237
62392
62742
62760.4
62965.5
63777.9
63833.8
63884.1
63970.3
63997.5
64145.8
64465.8
65087
65135.2
65351.7
65449.4
65496.6
65921.2
66043
66673
67150.6
67334
67363.8
67496
67668.2
68057.8
68463.8
68553.8
68750
68839.3
69285.8
69421.9
69891.2
69908.2
70033.9
70225.2
70451.5
70628
70844.5
71264.8
71335.1
71364.3
71490.2
71703.9
71724
72196.5
72427.7
72444.4
72646.8
72652.2
72718.1
72993.8
73186.1
73335.1
73333.3
73553.9
73852.6
73890.3
73951.9
74452.3
74451.1
74825.6
74861.2
75022.4
75046.5
75491.6
75662.6
75998.6
76181.2
76307.2
76328.8
76482.3
76499
76516.2
76583.4
76737.3
76785.8
76998.2
77110.4
77164.6
77266.6
77578.3
77592.7
78108.3
78241.8
78259.6
78565.5
78595
78608.3
78664.6
78748.8
78816.1
78889.2
78913.5
78943
79018.5
79196.1
79532.1
79659.9
79832.7
80106.2
80276.3
80483.4
80498.9
80730.3
80758.6
80861.8
81148.5
81255.3
81270.4
81480.6
81653.9
81741.6
81938.9
82416.4
82672.4
83151.7
83206.1
83272.5
83556.3
83586.8
83845.7
83851.7
83937.2
84182.8
84265.5
84495
84537.3
84699
84965.2
85727.5
86249.5
86335.3
86456.8
86527.7
86803.1
86891.5
87530.7
87544.5
88082.3
88198.6
88241.3
88308.3
88324.6
88333.9
88494.5
88638.9
88884.4
89369.6
89524.3
89593.8
89914
90065.2
90415.7
90536.1
90543.5
90774.5
91150.6
91551.2
91572.2
92131.4
92453.5
92512.1
92566.4
92976.7
93044.5
93070.3
93147.8
93172.7
93336.1
93526.5
93605.1
94094.2
94472.1
94716.7
95135.4
95206.2
95270.7
95327
95628.2
95649.7
95751
95966
95962.4
96196.8
96224.9
96314.4
96407.4
96465.8
96670.3
96691.4
97033.6
97048.1
97382.3
97392.9
97441.2
97729.3
97894.4
98097.5
98221.1
98304.8
98302.4
98449.2
98618.4
99413.2
99667.3
99703.2
100106
100722
100857
100869
101002
101096
101110
101552
101591
101780
101874
102127
102273
102496
102886
103003
103005
103041
103444
103530
103570
103607
103771
103809
103875
103884
104011
104026
104024
104046
104095
104105
104125
104462
104543
104561
104777
104899
104964
105039
105042
105089
105470
105710
105882
105978
106006
106085
106300
106313
106358
106661
106727
106776
106975
107785
107919
107937
107980
108153
108256
108658
109044
109036
109142
109685
109850
109936
110070
110331
110349
110472
110738
110748
110806
111025
111046
111108
111185
111206
111358
112249
112320
112613
112620
112664
112660
112871
112934
113157
114192
114229
114567
115107
115182
115391
115678
115978
116046
116947
117333
117524
117861
118665
118818
119171
119235
119289
119469
119552
119579
119752
119781
119847
120050
120086
120165
120246
120528
120582
120800
120924
120957
121407
121656
121810
122064
122403
122408
122448
122454
122451
122760
122789
122889
122987
123076
123241
123257
123285
123377
123381
123683
123814
123837
124158
124321
124308
124544
124554
125337
125379
125704
125702
125886
125979
125981
126133
126302
126351
126490
126485
126497
126514
126642
126651
126676
126688
126943
127054
127218
127262
127260
127541
127621
127793
127909
128123
128207
128219
128278
128466
128551
128597
128685
128781
128970
128969
128976
129123
129185
129230
129322
129736
129760
129843
129955
130039
130844
130900
130962
131045
131154
132098
132122
132424
132648
132899
133044
133088
133348
133551
134487
134631
134661
134834
136254
137015
137206
137328
137728
137951
138440
138499
138871
139174
139564
139575
139594
139633
139667
139791
139983
140677
140911
141147
141692
141858
141977
142045
142084
142117
142132
142260
142426
142476
142911
143143
143189
143235
143314
143538
143897
144338
144383
144466
144499
144592
144993
145058
145257
145327
145422
145795
145845
145880
146549
146764
146814
146886
146913
146981
147103
147361
147478
147501
147544
147729
147773
147913
148178
148221
148370
148481
148497
148626
148727
148840
148828
149234
149432
150399
150444
150818
150982
150997
151193
151200
151246
151280
151440
151575
151595
151618
151733
152141
152156
152489
152732
152878
153188
153186
153444
153582
153781
154114
154480
154646
154679
154796
154856
155935
156007
156072
156294
156751
157177
157978
157982
158168
158203
158241
158465
158501
158591
158936
159119
159119
159460
159806
159955
160110
160178
160200
160511
160774
161381
161495
161688
161695
161717
161804
161816
161908
161974
162049
162157
162265
162465
162502
162650
162664
162899
163099
163529
163719
163828
163918
163976
164250
164612
164630
164883
165039
165098
165145
165480
165559
165598
165804
165987
166420
166482
166644
166795
166994
167453
167728
168017
168076
168398
168401
168452
168695
168973
169058
169398
169646
169841
170080
170320
170367
170438
170507
170731
171168
171170
171417
171484
171645
171704
172111
172423
172501
172597
172669
172770
173002
173134
173157
173296
173346
173510
173553
173588
173783
173946
174021
174038
174573
174603
174783
174802
174964
175184
175319
175330
175637
175801
175830
175957
176018
176221
176361
176447
176464
177089
177411
177438
178031
178164
178171
178676
178752
178773
178950
179006
179111
179381
179522
179879
180181
180469
180503
180506
180625
180820
180902
180911
180965
181030
181189
181274
181494
181620
181704
181914
181990
182051
182217
182261
182271
182671
183076
183595
183896
183926
184168
184491
184555
185008
185025
185150
185243
185558
185610
185951
186157
186194
186287
186369
186498
186523
186511
186675
186923
187146
187392
187585
187770
188097
188189
188212
188342
188398
188512
188552
188637
188793
189112
189461
190106
190225
190555
190690
190686
191005
191355
191346
191425
191805
191866
191924
192280
192319
192375
192446
192709
192816
192931
192919
193088
193445
193487
193778
193810
193910
195185
195256
195435
195455
195465
195867
196159
196177
196359
196437
196614
196800
196823
197010
197070
197398
197616
197926
198023
198143
198236
198359
198491
198586
198810
198853
198910
198957
199023
199037
199388
199534
199634
199702
199753
