1897.51
5184.43
7819.37
11328.4
12048.4
12550.2
12588.9
12981.3
15188.4
15320.3
17512.5
19806
19956.3
25241.9
25961
26221.7
29490.5
32762
35061.2
36649.4
37306.4
37854.6
43280.3
51128
52714.6
56923.2
61615.5
77610.2
81170.4
81520.9
82191.1
84077.6
84190.9
84831.6
85574.3
85741.2
86212.3
87230.9
88560
91401.2
91517
95993
99212.2
102980
105552
111559
121232
122263
123810
129864
132284
133825
137291
139063
141731
141745
144726
147755
148430
150085
152138
152453
152834
153338
154542
157807
159129
160971
164624
165584
168073
169906
170331
173256
174490
176223
176344
179226
182778
187359
192602
196167
