464.61
2376.89
2474.36
7771.01
8509.56
11172.1
11312.2
11653.9
12938.1
13241.8
13821.4
14816.2
14968.2
15909.1
16813.3
17322.2
19036.7
23639.6
23802.1
24234.2
26374.5
28938.7
30899.2
31180.1
31180.3
40655.3
42044.7
44373.6
44678.5
45054.8
45123
53446.5
54210.7
55273
56742.7
66026.1
67275.5
71491.8
72417.6
75950.3
76868.7
79699.1
84299.7
85150.4
85778
86011.5
93762.3
94272.5
96732.4
102355
103421
108120
111781
112501
113354
114274
114487
115765
121138
122026
123613
123777
123898
126031
128447
129406
129464
130748
132003
133929
134542
135948
138171
139319
148532
148726
153084
154520
154727
155015
155469
156362
158499
159148
161161
162211
163340
165073
166757
168505
169442
171118
171740
172450
173421
176757
177182
178199
182796
185876
188740
190399
199257
