258.93
404.97
510.11
742.24
871.29
1490.85
1770.2
1844.76
1972.83
1984.13
2051.85
2289.91
2517.61
3304.32
3616.25
3714.59
4100.16
4247.75
4687.56
4882.49
4900.21
5107.27
5382.34
5474.01
5748
5751.2
6043.21
6392.35
6395.93
6586.42
6595.72
6613.67
7075.77
7421.91
7515.66
8121.13
8147.33
8533.35
9415.57
9549.19
9696.8
9877.37
9959.64
10450.6
10477.1
10632.8
10987.8
11122.2
11171.1
11437.7
11887.2
12335
12532.8
12537.9
12795.5
13066
13234.7
13358.3
13528.1
13572.8
13647.1
13840
13954.4
13968.2
14229
14307
14450.2
14620.8
14844.3
14897.5
15018.6
15081.4
15526.1
15742.6
16022.7
16382.5
16781.5
17542.6
18027
18265.8
18648.8
18669.3
18713.2
18952.6
18952
19518.8
19592.5
19961.7
20084.9
20108.5
20218.1
20403.1
20425.1
20521.4
20720.4
20902.4
21212.9
21474
22156.3
22500
22652.2
22689.1
22938.3
23163
23355.2
24133.2
24478.4
24886.6
24942.7
24955.7
25177.7
25442.6
25905.9
26084.5
26277.6
28495.9
28705.3
29062.1
29354.7
29615.9
29676.8
29953.7
30096.9
30273.2
30519.3
30732.6
30909.3
31070.6
31106.8
31229.2
31426.6
31543
31711.4
32001.7
32245.9
33327.5
33649.4
33899.2
33940.1
34395.1
34443.1
34676.9
34874.6
35208.4
35362.3
35445.7
35484.4
35690
35911.5
35967.7
36238.3
36480.9
36734.4
37583.7
37687.8
38191.8
38570.6
39202.8
39844
40053.4
40392.6
40881.6
41377.6
41533.6
41603
41821.3
41997.6
42385.6
42541.6
42611.8
42952.6
43070.4
43362.1
43726.4
43906.1
43917.2
44196.8
44302
44596.5
44821.6
44842.4
45169.1
45582.1
46149.2
46486.5
46649.8
46788.6
46891.6
47205.8
47473.4
47866.6
48072.4
49101.8
49121.4
49275.6
49323.8
49987.7
51128.8
51231.5
51358.8
51502.8
52287.9
52584.8
52577
52779.2
53173.1
53247.4
53457.6
53788
53950.1
54203
54910
55204.8
55488.4
55961
56196
56297.9
56528.8
57189.9
57592.5
57686.2
58228.9
58328.4
58476.6
58683.3
58710.6
59304.1
59468.9
59832
59881.2
60466.4
60839.3
60869.3
61191.3
61639.3
62038.3
62631
62817
62986.4
63331.6
63425.4
63503
64163.9
64458.1
64548
64913.4
65242
65360.5
65606.9
65794.4
65887.8
65985.9
66232.7
66478.1
66921.4
67051.7
67127
67259.2
67652.5
67675
69014.8
69198.7
69346.2
69607.3
69616.3
69833.1
69957.6
70387.5
70510.7
70903.5
71019.3
71063.8
71130.4
71129.9
71717.3
71957.4
71986.4
72065.6
72189.2
72305.3
72537.3
72883.3
72904
72987.4
73091.2
73319.4
73414.6
73434.8
73511.5
73513.9
73801.3
73915.9
74102.9
74749.7
74902.9
75555
75897.8
76377.1
76421.5
76525.5
76902.3
78148.8
79007
79495.6
79658.8
80085.7
80228.6
80431.2
80959.9
81044.4
81389.4
81628.7
81743.1
81781.8
81874.2
82199.5
82378.8
82672.9
82865.7
83402.4
83675.4
83941.8
83974.2
84236.5
84808.1
85025
85077.1
85121.8
85251.4
85352
85510.2
85533.9
85614.7
85816.2
85868
86012.5
86196.7
86524.1
86874.5
86938
86932.4
87153.9
87466.9
87580.5
87710.7
87954.1
88301.2
88794.1
88929.7
89003.5
89361.1
90101.2
90177.7
90188
90476.8
90577.1
91145.5
91191.7
91382.9
91648.2
91911.5
92477.8
92998
93323.1
93331
93636
93939.3
93973
94501.3
94572
94990
95072
95467.1
95469.9
95635.4
95747
95988.2
96545.8
96714.5
97293.9
97306.5
97506
98475.4
98667.4
99204
99300.9
99457.9
99651.4
100262
100365
100745
100846
100910
101017
101262
101282
101376
101713
101901
102439
102637
102788
102794
102985
102984
103301
103355
103645
103766
104467
105781
106325
107065
107385
107452
107927
108432
108450
108604
108725
108878
109072
109559
109646
109868
110496
110596
111495
111886
111908
112068
112325
112374
112377
113078
113111
113133
113566
113938
114058
114122
114188
114262
114470
114558
114574
114870
114895
115038
115653
115668
116623
116765
117655
118025
118388
118506
118598
119039
119073
119500
119574
119800
119978
120293
120336
120882
121066
121219
121866
121902
121965
122385
122428
123337
123350
123572
125893
126174
126372
126823
126904
127262
127434
127865
128223
129011
129175
129434
129758
130423
130592
131732
131772
132780
133116
133159
133280
133774
134335
134444
134962
135174
135513
135772
135871
135906
135985
136017
136404
136428
136612
137031
137231
137340
137897
138070
138087
138599
138587
138860
138944
139191
139730
139901
140806
141060
141424
141713
141977
142219
142538
143247
143488
143553
143602
144156
144412
144758
145434
145591
145749
145756
145829
146357
146508
146597
147084
147548
147734
148151
148144
148213
148265
148288
148310
148634
149344
149625
149956
150188
150211
151122
151424
152155
152206
152590
152652
152850
153053
153143
153260
153789
153966
154367
154379
154405
154591
154709
154724
154735
154846
154866
155230
155352
155354
156112
156215
156261
156640
156693
156872
156983
157023
157282
157526
157827
157835
157984
158105
158210
158338
158623
158658
158895
158959
159098
159283
159325
159551
159580
159623
159902
160085
160114
160125
160637
160833
160906
161074
161116
161327
161396
161476
161584
161946
162105
162336
162596
162905
162900
163046
163155
163843
164231
164565
164629
164827
164842
164882
165124
165768
165797
166094
166152
166406
166491
166508
166706
166915
167124
167116
167189
167365
167439
167651
168069
168276
168309
168336
168391
169287
169664
170345
170615
170841
170910
171144
171231
171247
171241
171734
171796
171867
172199
172222
172251
172532
172569
172581
172603
172778
173157
173258
173405
174414
174778
174871
174899
175173
175195
175243
175403
175486
175513
176015
176054
176426
176431
176515
176597
176751
176806
176977
177969
177965
178003
178123
178512
178876
179502
179905
180219
180648
180680
180856
181578
181606
181966
182254
182567
182602
182630
183386
183535
183806
184082
184428
185436
185446
185784
186027
186114
186319
186510
186579
186627
186824
187315
187688
187849
187872
188651
188777
188794
188852
190087
190263
190431
190574
191238
191359
191537
192320
192945
193013
193095
193100
193183
193217
193329
193347
193689
193799
193811
194030
194754
194771
195449
195679
195734
195977
196113
196253
196311
196320
196832
197782
198130
198269
198321
198627
198982
199152
199479
199916
