462.03
831.63
891.86
1062.09
1219.52
1405.75
1522.42
1773.87
2219.32
2411.67
2443.91
3138.63
3196.49
3536.4
3908.69
3959.99
4350.99
4499.54
4759.99
4761.15
5035.84
5793.02
5803.35
6065.5
6712.55
6718.51
6822.68
7135.93
7417.2
7555.11
7685.3
7991.78
8337.44
8391.15
8421.29
8528.81
8639.25
8709.51
8733.63
10067.8
10349.5
10353.8
10471.7
10743.2
10759.5
10968.1
10981.9
11161.8
11173.9
11285.5
11320.6
11349.6
11496.4
11537.1
11794.6
11897.7
11938.6
11961
12037.1
12544.7
12551.8
12669.7
12712.4
12889.8
12934.5
13212.3
13220.9
13478
13683.4
13724.3
13767.1
13798.8
14134.9
14154.9
14453.8
14456.4
14742.5
15326.8
15868.5
15990.5
16219.5
16291
16390.3
16454.2
16493.3
16616.2
16955.3
17048.1
17369.9
17547
17643.9
17830.6
18420.5
18566
18682.2
18837.7
19143.4
19188.3
19272.3
19650.3
20065.7
20358.7
20850.8
21099.2
21476.9
21732.1
21994.6
22092.9
22142
22451.5
22458.2
22793.1
22977
23086.9
23282.8
23316.6
23547.2
23821.6
23865.9
24031.1
24130.4
24204.4
24274
24385.9
24424.2
24552.4
25300.5
25662.4
25904
25962.8
26151.2
26189.8
26243.6
26357.2
26546.9
26896.3
26958.5
27123.3
27255
27409.8
27460.6
27480.3
27522.6
27561.2
27935.4
28215.1
28321
28382.5
28514.1
28527.5
28552.1
28741.8
29256.9
29299.1
29390.4
29702.8
29763.4
29798.1
29956.5
30095.8
30365
30743.5
30877.3
31193
31280.8
31567.2
31591
31728.6
32938.4
33131
33515.4
33838.1
34207.2
34330.5
34349.4
34410
34451.9
34757
34792.5
34812.6
34854.4
34951.1
34996.9
35053.3
35117.4
35342
35488.7
35567.9
35703.9
35779.2
36126.5
36147.3
36145
36244.2
36428.7
36783.2
36956.3
37071.1
37598.8
37789.2
38364.5
38738.2
39065.6
39278.6
39583.4
39802
40216.4
40450.2
40494.1
40655.8
40702
41305.5
41367.5
41380.4
41520.4
41570.6
41590.1
41834.8
42011.4
42062.3
42100.9
42144.2
42362.6
42375.3
42454.9
42451
42548.6
42803.2
42906.6
43155.2
43713.5
43798.7
43856.7
43866.7
44011.6
44149.4
44269.7
44431.1
44447.2
44456.5
44576.6
44644.3
44868.8
44875.5
44896.6
45131.5
45287
45348.2
45692.9
45829.6
46030.8
46329.7
46353.5
46501.1
46639.7
46688.2
46776.8
47155.6
47608.7
47647.2
47806.8
47919.1
48015.1
48096.2
48474.6
48592
48677.9
49027.6
49094.6
49157.9
49517.9
50084
50272.8
50314.1
50671.8
51122.6
51222.3
51352.5
51477.6
51540.4
51676.2
51697.1
51736.9
51814.1
51945.8
52086.3
52562.2
52718.4
52985.1
53001.2
53007.8
53136.3
53211.2
53431.4
53621.9
53737
53840.1
54018.1
54222.5
54528.8
54538.5
54675.7
54743.9
55275.5
55385.3
55538.2
55619.3
55774.4
55785.2
55830.6
55873.3
56213.6
56314.5
56581.7
56877.3
57029.7
57171.8
57326
57490.6
58177.6
58431.3
58517.9
58612.2
58633.8
58691.5
58939.5
59165.3
59240.2
59333.9
59526.2
59623.8
59831.9
60515
60583.3
60738.5
60873.5
61176
61434.9
61552.8
61660.7
61715.4
62039.1
62215.9
62218.2
62301.7
62355.8
62701.8
63007.9
63115.7
63495.3
63680.6
63777.1
64443.9
64695.4
64849.2
65046.9
65079.2
65135.8
65317.9
65318
65537.7
65566.2
66028.1
66184.2
66702.1
66938.2
66948.2
67034.3
67940.9
68584.7
68632.5
68657.6
68918.6
69227.9
69464.1
69671.8
69748.3
69753.9
69783.3
69906.3
69919
70092.4
70100.5
70128
70406.3
70436.5
70609.7
70845.4
71303.7
71499.6
71592.1
71772.4
72229.3
72377
72431
72698.7
72811.9
73159
73429.7
73700.6
73787.4
74526.2
75388.8
75525.8
75927.6
76055.8
76320.8
76449.9
76586.2
76969.4
77225
77323.4
77361.4
77722
78232.4
78336.2
78408.6
78423.7
78446.2
78707.1
78762.9
78811.1
79021.9
79052
79427.1
79903.7
79920.1
80075.4
80406.9
80826.8
81223.9
81277.4
81424
81595.8
81893.7
81962.1
82044.1
82135.3
82317.5
82704.6
82926.3
83075.1
83160.1
83237.3
83400.8
83688.6
83705.9
84035.3
84215
84410.2
84535.9
84604.1
84674.4
84779.1
84876.4
85203.6
85223.1
85272.6
85536.6
85560
85589.1
85778.3
85861.7
85859.1
85961.3
86307.3
86398.3
86486.8
86611.3
86652.1
86901.9
87100.9
87143.5
87353.7
87376.7
87393.2
87526.1
87766.7
87945.5
87956.2
87976.3
88091.5
88501.8
88546
88924.7
89023.8
89035.1
89292.1
89322
89722.7
90096.6
90105.7
90255.6
90479.4
90648.7
90716.2
90971
91050.5
92085
92093.5
92446.6
92683.8
92749
92749.6
93175.2
93986
94498.7
94684.5
94691.4
95177.2
95285.1
95510.9
95810.1
95878.9
95890.2
96015.7
96175.7
96191.9
96287.5
96456.6
96486.5
96673.5
96964.2
97060
97080.4
97458.7
97556.4
97735.6
97866.2
97999.5
98025.8
98042.4
98049.3
98104.5
98179.5
98486.3
98605.2
98930.8
99245
99247.1
99333.5
99411.7
99607.3
99637.6
99782.4
99892.8
100206
100443
100567
100706
101157
101344
101391
101474
101567
101589
101934
101956
102226
102457
102849
102870
102898
103011
103211
103273
103322
103394
103507
103691
103856
104069
104076
104268
104340
104678
104704
104741
104838
104967
105515
105545
106145
106426
106812
106912
107234
107294
107319
107550
107774
108103
108162
108319
108422
108698
108911
109044
109097
109440
109471
109573
109616
110155
110224
110792
111029
111641
111719
112031
112114
114089
114192
114297
114507
114707
114927
115210
115315
115349
115360
115518
115539
115554
115674
115864
116114
116455
116891
117000
117807
117840
118155
118389
118414
118926
118985
119342
119406
119504
119887
119941
120330
121041
121681
121747
121852
121976
122012
122125
122260
122443
122463
122498
122693
122769
122771
122813
122948
122966
123047
123510
123601
123618
123634
123768
123846
123868
124075
124172
124233
124337
124410
124501
124614
124630
124701
124787
125056
125220
125244
125334
125373
125450
125774
126147
126271
126567
126629
126719
126876
127087
127102
127217
127390
127380
127689
127689
128105
128124
128330
128470
128784
129064
129265
129453
130080
130348
130770
131051
131092
131155
131336
131495
131536
131613
131772
131886
132077
132495
132836
133101
133167
133282
133678
134738
134863
135327
135699
136059
136235
136596
137185
137266
137381
137406
137693
137781
137943
138244
138356
138511
138806
138913
139025
139384
139628
139666
139761
139916
139952
139961
140274
140279
140436
140605
140629
140669
141034
141142
141173
141319
141418
141608
141860
142302
142330
142510
142759
142856
143303
143393
143401
143413
143526
143647
144021
144062
144213
144520
144615
144707
144717
144818
144936
145266
145263
145284
145362
145444
145565
145688
145766
145899
146106
146285
146578
146803
147501
147506
147689
147994
148135
148271
148295
148366
148400
148659
148765
149007
149121
149191
149269
149438
149813
150356
150351
150599
150765
150893
151390
151435
151629
151770
152166
152558
152645
152632
152935
153142
153253
153650
154095
154581
154604
154650
154723
154788
155005
155238
155747
155943
156253
156524
156575
156612
156662
156808
157390
157410
158332
158406
158414
158799
158827
159120
159136
159238
159391
159448
159583
159646
159676
159922
160031
160071
160626
161034
161070
161296
161358
161482
161770
161931
162032
162030
162198
162393
162523
163014
163026
163249
163274
163672
163780
163804
163947
163976
164060
164293
164418
164443
164682
164782
164860
164947
165336
165352
165410
165463
165524
165659
165729
165734
165889
165993
166196
166213
166295
166306
166491
166494
166500
166495
166614
166650
166688
166794
166876
166899
166969
167393
167398
167494
168349
168589
168752
168890
169483
170152
170607
170635
170760
171039
171194
171202
171593
171961
172045
172390
172462
172504
172568
172580
172679
172687
172895
172897
172979
173551
173598
173850
174295
174638
174687
174982
175169
175633
175660
175843
175944
176180
176249
176656
176807
176904
176935
177251
177396
177420
177906
178131
178435
178437
178600
178667
178712
178787
179026
179471
179518
179825
179827
180081
180251
180424
180426
180670
180725
180798
180891
180889
181528
181772
181817
181952
182321
182492
182748
182902
183120
183131
183170
183169
183203
183479
183903
184020
184093
184347
184440
184460
184485
184697
185202
185541
185739
185796
185988
186034
186048
186179
186356
186577
186682
186709
186729
186782
186981
187171
187230
187497
187625
187792
187840
187909
188112
188189
188244
188443
188491
188634
188868
188884
188950
189039
189309
189383
189669
189750
189909
190173
190402
190971
191115
191149
191997
192040
192312
192360
192829
193222
193869
193886
193989
194046
194072
194107
194272
194405
194496
194578
194576
194777
194783
195465
195475
195512
195552
195580
195614
195672
195760
195916
196102
196124
196249
196393
196564
196810
197089
197252
197387
197395
197453
197583
197621
198045
198103
198140
198388
198413
198551
198541
198608
198756
198827
199091
199273
199260
199833
