163.01
403.22
635.49
794.27
948.2
1182.64
1224.25
1777.73
3389.85
3489.44
3628.09
4076.96
4823.43
5254.92
5384.38
5670.61
5782.44
5921.93
6864.18
6920.78
6961.12
7096.89
8707.31
9980.49
10278.9
10299.3
11529.9
11719.3
11881.1
12225.6
12704.6
12705.4
12837.7
13360.6
13473.6
13538.7
14022.5
14281.5
14548.2
15566
16919
16921.3
17094.8
17778
18726.8
18943.9
19566.7
19810.3
21317.4
22092.2
22210.1
22223.2
22385
22718.1
22795.5
23193.3
23850
24230.8
24250.4
24517.1
24909.4
24934.8
25449.6
25853.2
25885.2
26422.4
26683.8
26692.7
26757.3
26759.2
27162
27252
27768
28051.8
28395.1
28459.2
28781.5
29038.6
29117.6
30685.7
30812
31495.4
31724.8
32194.5
32366
32743.5
33032.2
33405.7
33426.7
33668.8
33705
35046.8
35277.2
35350.2
35848.3
35959.8
36463.4
36905.1
37160.2
37259
38103.3
38527.2
38940.8
39242.1
39843.2
39935
41238.4
41799
41859.7
42184.1
43592.1
43663.8
44119.4
44183
44904.5
45171.1
45409.7
45871.8
46483.8
47149.9
47536.8
48071.2
48080.5
48188.9
49091
49239.4
49326.4
49527
50075.3
50359
51068.8
51181.3
51839.9
51850.1
51936.6
52228.1
53011.7
53039.3
53829.5
54040.4
54488.1
54693.6
55033.6
55142.4
55556.7
56806.6
57396
57636.7
57944
58146
58512.9
59207.2
59331
60008.1
60367.8
60472.4
60840.1
63663.2
65085.9
66509.5
66805.2
67716.8
68187.9
68565.6
68650.6
69139
69581.3
70288.1
70377.3
71035.4
71301.7
71802.7
71956.8
72299.9
72540.6
72645
72724.3
73383.6
73552.3
73588.4
74047.8
74186.9
74294.3
75038
75582.6
76598.3
77708.1
78720.5
80905.6
81328.7
81615.4
82221.8
82707.2
83254.3
83346.4
84088.1
84533.8
84767.9
84849.8
85050.5
85132.2
85214.8
85758.7
85856.4
88840.2
88972.7
89509.3
89806.5
89910.7
90235.1
90892.4
92220.2
92390.7
92683.6
92960.1
93324.5
93612.6
93804.1
94160.2
94784.1
94916.7
94981
95309.1
95365.2
95384
96208.5
96413.2
96503.6
96768.8
96880.2
96945.8
97385.4
97660.8
98061.8
98577.3
98633.3
98768.3
98976.3
99519.7
99724.3
99784.4
101225
101517
101801
102143
103746
104187
104201
105416
106419
106457
106915
108151
108163
108390
109549
109719
109908
110354
110621
110778
110988
111116
111320
111716
111770
111928
112160
112268
113470
114054
114691
115264
115284
115727
115743
116448
116866
117083
117167
117199
117448
117615
118166
118539
118547
118563
118916
119161
119281
120137
120410
121269
121284
121759
121828
122246
122395
122406
122664
122786
122878
123241
123363
123662
123683
124067
124275
124319
124546
124671
124855
125254
125610
125860
125889
126050
127178
127926
128404
129373
129806
130461
130744
131419
132355
132406
132562
133060
133195
133296
133714
133716
134058
134305
134408
134425
134660
134773
134992
135042
135176
135198
135279
135298
135571
136214
136636
137213
137272
140007
140056
140479
140685
140849
140898
141164
141175
141570
143699
144525
144595
144631
144832
145508
145886
146325
146359
146439
146752
146811
147093
147212
147674
147766
147845
148071
148109
148435
148704
148914
148943
149112
149405
149644
150265
150341
150906
152035
152735
153321
154306
154308
154508
154823
155031
155103
155226
155417
155845
156614
156644
157214
157625
157767
158405
158725
158936
159314
160068
160327
160490
160811
161199
161238
161509
161626
161867
161952
162677
164060
164626
165564
165733
166252
166320
166334
166613
166703
166990
167079
167209
167842
168103
168200
168208
169149
169218
169653
170540
170993
171933
172176
173148
173452
173628
173958
175763
175846
176238
177097
177605
177987
178012
178523
178827
179012
179025
179542
179713
179824
179836
180194
180481
180858
181293
181480
181502
181783
183142
183346
184449
185193
185736
188002
188807
189254
189286
189395
189636
190137
190226
191236
191685
191743
191809
192148
192917
193087
193099
193203
193636
194497
194709
194808
195155
195185
195919
196337
196394
196451
196603
196802
197205
198121
198730
198901
198969
199262
199590
199725
199840
