2407.17
3295.87
3914.62
5320.47
5851.93
6432.32
6447.16
6608.88
7382.1
7703.51
8649.26
8954.76
9507.71
11910.1
12273.4
13092.5
13205.9
14939.6
16219.5
16463
16522.1
16529
17476.6
17738.7
18284.1
18895.1
19493.1
20388.4
20524.6
20617.2
21145.8
21898.6
22005.2
23983
25546.2
25554.8
26147.3
26449.5
26643
27114
27534.9
27845.2
28822.2
29617.9
29944.6
30073.6
30175.7
30238.4
30500.9
30563.7
30749.8
31520.8
31707.3
31987.5
32251
32761.4
33412.8
33532.1
33596.9
33978.7
34897.8
36401.7
36880.7
37353.7
37457.5
39619
40177.3
41698
41771.7
42503.3
42628.7
43454.3
45247.2
45670.9
46486.3
46930.2
47767.3
48308.6
48920.9
49547.6
49551.3
49876.5
50248.9
50466.3
51019.8
51357.2
51712.2
52436.4
52803.7
56242.9
56717.5
57256.9
57354.2
58300
59120.3
59445.6
59883.1
60537.2
60767.6
60832.7
60926.6
61165.9
61698.4
62440.9
62994.7
63033.9
64164.6
64455.9
64746
65293.2
65532
66086.3
66284.5
66335.8
67867.6
68024.3
68659.9
68887.8
69145.9
70021.6
70210.4
70256.1
70621.5
70635.1
70669.4
71202.9
71601.8
71993.8
72203.3
72525.9
72881.7
73347.3
74118.1
74383.7
74391.6
74997.7
75476.4
76164.9
77423.3
78006.3
78568.7
78650.3
79113.7
80286.1
81452.1
82874.4
83547.4
85476.5
85561.2
85737.1
86638.2
87154.5
87823.7
87957.8
89251.1
89797.6
91284.2
97186.5
97611.1
100198
100721
101101
101355
102182
103059
103978
104233
104314
104869
104873
105238
105631
105682
106559
106982
107358
107409
107826
108191
108684
109512
109544
109567
109985
110411
110837
111141
111296
112225
112276
113297
113673
114553
114796
115422
115829
116113
116298
116348
116773
117230
117538
117809
118051
118404
118422
119273
119776
119868
120626
121069
121229
122447
122579
123164
123174
124545
125601
125863
126119
126470
126892
127988
128101
128223
129048
129467
130657
130959
131715
132051
132428
132641
132968
133040
133341
133377
133571
134122
134470
134529
134721
134817
134868
135491
136893
139036
141670
142690
143161
143582
144589
144952
145157
145672
145786
145950
147353
148336
150085
150569
150748
150795
151565
152014
152028
152605
153216
153665
155430
155474
156148
156498
156668
157619
157828
157892
158254
158521
158692
159557
159572
160535
160950
161014
161337
162028
162286
163082
163367
163431
163713
164000
164053
167149
167722
168209
169215
169674
170067
170878
171293
171490
172348
174014
174490
174576
174677
175048
175815
176417
177224
177385
177843
177886
178551
179096
179637
180114
180429
180763
181219
181494
181795
182163
182455
182723
183756
184071
184212
184388
184405
184681
184765
184962
186128
186843
188616
189761
190145
190176
190961
191770
191779
192878
194060
194884
195621
195725
196311
196608
196677
197378
198034
198918
199064
199310
199737
