121.29
553.33
558.33
890.87
1387.79
1398.44
2641.37
3051.99
3152.75
3243.79
3260.63
3738.42
3990.91
4088
4228.57
4878.1
5074.99
5181.91
5858.83
7200.8
7438.21
7730.78
8205.73
8404.03
8443.35
8458.57
8856.2
9776.66
10254.8
10780.2
11534.2
11701.1
11804.6
13078.1
13127.2
13249.9
14054.6
14620.3
14882.7
16027.7
16383.7
16526.5
16944.2
17047.3
17084
18098.5
18559.3
18884.1
19045.2
19528.2
19649.4
19701
19819.8
19938.5
20139.1
20283.6
20512.2
20603.2
20652.1
20963.4
21306.2
21568.6
21918.1
21988.9
22460.8
22803.4
23010.9
25679.8
26813.7
27010.7
27286.4
27513.7
28439.4
28504.2
28665.4
29372.8
30058.8
30964.8
31486
31527.5
31590.6
31832.7
31882.2
31891.2
31916.5
32254.9
32273.6
32281.8
32673
32783.9
33111
33733.6
33827.8
34681.3
35187.7
35576
35838.3
36276.8
36483.9
37306.2
37391.8
37570.9
37858.7
37904.1
37929.2
38062
38289.6
38379.8
38488.4
38524.7
38562.4
38617.2
38721.6
38933.6
39077.9
39116.8
39184.9
39641.6
39659.5
39908.7
40222.8
40219.8
40330.7
40332
40631.6
40970.9
41751
42022.3
42057.6
42132
42652.6
43090
43180
43846.1
43970.5
46382.8
47131.9
48278.5
48524
49005.1
49901.6
50218.1
50480.4
50528.3
50791.4
51198.7
51829.2
51872
52024.9
53011.2
53355.6
54515.7
54859.9
54980.8
55135.4
55553.2
55799.5
55923.9
56096.2
56432.1
56935.7
57024.8
58758.7
59464.6
59928.7
60049.3
60285.8
60486.3
60494.8
60763.3
61194.4
62224
62377.5
63079.8
63129.8
63350.7
63555.3
63909.9
64171.2
65097.4
65132.3
66106
66279.9
66370.9
66483.5
66578.6
66808.5
66935.5
67428.9
67531
67547.3
68472.3
68663
68724.3
69068.7
69389.5
69599.6
69677.6
70257.8
70485.7
70486.3
70704.6
70886.7
71152.4
71358.8
71578.6
71785.1
72055.3
72605.1
73583.2
73644.9
73827.9
74047.7
74253.8
74402.3
74579.1
74916.6
74950.7
75225.2
76012.4
76516.5
76562.8
76958.7
77129.1
77450.4
77820.8
78172.2
78676.3
79026.6
79181.5
79329.4
79358.6
79844.8
79846.5
80161.8
80180.7
80879.2
80926.8
81179.6
81187.2
81302.9
81624.4
81654.6
81821.9
82109.9
82137.1
82447.7
82532.6
82987
83647.8
83951.1
84126.1
85187.8
85410.1
85661.8
85892.7
86560.3
86919
86980.1
87572.9
88078.6
88461.3
88937.2
89093.4
89125.2
89781.2
89862.6
90291.8
91562
91973.6
92196.6
92498.3
92695.2
92719.4
93680.9
93994.3
94106.7
94324.9
94777.2
95073.6
95642.8
95642.3
95659.4
96941.8
98014.4
98157.4
98799.2
98909.9
99412.7
99970.1
