7006.39
9828.6
13455.1
14123.4
20546.2
24144.7
24437.1
25546.1
30975.5
40510.5
40620.2
43302.2
43790.9
44269.4
46088.7
47117.6
47325
51120.2
51498.8
52849.8
53802.1
54793.7
59668.1
61797.9
62623.9
64770.3
66380.8
69638.3
69717.7
69853.9
75492.4
77941
78410.5
79874.3
82929.4
87174.1
91005
93772.2
99628
102553
103897
109295
112915
115234
115646
117759
124783
130031
132621
136368
141851
143740
148830
151938
154001
157212
158926
160452
160628
162674
167542
170268
171514
172332
173191
174669
179180
184525
188178
193435
193806
196728
197598
199147
