179.43
1103.44
1684.94
1799.71
2065.19
2430.97
2593.78
3864.33
4300.03
4490.08
5225.94
5337.33
5912.62
6938.43
6975.33
7042.06
7848.3
8664.62
8786.44
8967.64
9056.8
10900.3
11413.5
11557.2
11606.8
11722.7
11778.2
11961.2
12283.7
12796.3
13283.2
13396
13916.9
13949.3
14043.9
14393.2
14611.4
14913.5
16043.1
16789
17200.9
17586.8
17927.6
18085.1
18915.5
19003.1
19309.8
20273.4
21266.4
21953.7
22296.8
23017.2
23502.8
24129.7
24487.9
24647.5
24660.8
25605.8
26387.3
27594
27660.5
27875.6
28767.9
28794.3
29478.1
29497.8
30023.6
30175.4
31032.4
31946.4
31973.3
32142.3
33385.8
34327.8
34462.7
34693
34985
35270.9
35819.2
36463.5
37033.7
37347.7
37908.3
38585.6
39865.3
41966.7
42991.9
43092.5
44032.4
44608.7
44917.6
45145.3
45421.1
45773.4
46253
46482
46694
46986.4
47121
48092.1
48105.6
48857.8
49026.8
50462.8
50507.4
51100
51385.6
51647.1
51775.6
51890
52018.9
52430.9
52843.5
52947.7
53188.3
53296
53831.6
54358.8
54444.6
55024.5
55981.6
56122.2
57173.2
57872.2
58741.8
58759.9
58801.8
59303.8
59470.9
59718.5
59955.9
60259.8
60955.5
61002.7
61772.6
62040.2
62121.4
62437.8
62591
64000.7
64780.8
65443
65776.9
65815.4
67166.7
68183.4
69744.4
70004.2
70129.1
70251.1
70834.6
70961.1
73141
73609.9
73751.2
74000.3
74102
76580.2
76632
76713.6
76881.3
78579.2
79118.5
79233.6
79260.2
79648.6
80632.7
81773.1
83448
83487.4
83949.4
84680.3
84955.7
85830.6
86062.2
86065.6
86131.3
86969.5
88132.8
88325.8
88374.3
88676.4
90372.6
90567.7
90848.3
91233.9
91282.9
92321.2
92768.6
94080.4
96119.1
96193.8
96346.8
96366.8
96604.5
97213.9
97391
97465.9
97590.1
97791.5
97948.3
98278.2
98277.4
98315.6
98333.2
98349.8
98802
99535.5
99698.7
99886.2
99894.7
100293
100860
101290
101958
102027
103084
103166
103410
103853
103985
104097
104447
104990
104993
105065
105824
107298
107490
107514
107703
108460
108788
108887
109111
109271
111142
111879
112300
112496
114875
115177
115632
115719
115751
115850
116213
116300
118027
118558
120113
121181
123132
123187
123235
123276
123943
123993
124468
124534
124944
124973
125162
125228
125379
125682
126170
127558
127630
127682
128188
131473
132069
132422
132682
133481
133961
134965
135563
136843
137525
137538
137556
138484
139215
140051
140174
140509
140834
140957
141063
141344
141797
142748
143187
143539
143732
144200
144456
144845
145352
145551
145838
146234
146317
146428
147692
148586
148610
149089
149439
149540
149771
149916
150460
151015
153419
153915
154533
154743
156076
156099
157076
157078
157746
159775
160080
160273
160856
161426
161768
161923
162367
162557
162751
163471
163502
164294
164694
165636
166279
166374
166406
166773
166848
167513
167611
168892
170709
170816
171376
172307
172725
172815
172913
173221
173817
174089
174844
175078
175451
175971
177252
177528
177589
178436
178670
178674
181085
181157
181152
182624
183077
183066
183583
184217
184407
184640
184644
185450
185995
186639
187165
187181
187198
187790
188458
189073
189225
189636
189958
190603
191374
191382
192209
194287
194362
194810
194951
194986
195636
195681
196320
196483
196517
196690
197669
197708
198411
198446
198581
198736
198937
199417
