4262.43
6714.72
8103.54
8610
9254.12
9477.76
13605.3
14398.5
14913.2
18662.5
19489.5
25028.9
25394.6
29455.2
31875.3
34700.9
34845
34915.6
35270.4
36058.2
41525.4
50734.8
52056.9
52408.1
52750
55517.3
58066.8
58342
58426.3
63571.8
72006
76042.2
76434.9
76854.7
77295.1
78021.6
78294.3
80032.6
82274.8
85519.8
85867.7
91020.3
93835.4
95175.4
97062.6
104859
105539
106206
110336
110706
110873
111038
111169
112822
114096
114259
114564
118852
119493
121021
121828
122916
128852
130536
131797
132281
133267
133824
134241
134606
134852
135094
137123
137296
138888
139645
139861
140015
141696
141982
142236
142267
143352
144054
144251
147237
147738
147825
148219
148556
148688
148689
148877
149786
149868
150102
151656
152639
153579
154450
155148
155637
155826
157451
157726
162244
163347
163664
164273
164432
165008
166752
166765
167150
167859
168345
168421
174159
174400
176168
177083
177616
178861
179449
180760
181212
181336
182038
182741
183807
185997
186364
186720
187582
189327
189557
191609
191635
191690
192371
192732
193046
193995
194204
195632
196083
196975
197251
197395
198469
198554
198736
