1642.97
4269.45
6336.52
6467.77
6620.46
7839.8
8586.21
9017.13
11154.7
11690.2
12019.4
12327.4
16000.3
16210.8
17841.8
19018.9
19211
19392.2
20350.4
20821.3
21660
22785.2
24770.8
25385.9
25651.7
25969.2
26359.8
27551.9
28005.4
28310.7
29633.5
30996.7
31413
32641.1
33082.2
35248.9
41082.9
42034.4
42573.9
42976
53860.1
53946.2
56538.7
58559.3
59170.7
75425.4
76480.6
81288.7
83302.2
83814
84241
84718.6
85061.3
86255.8
86485.5
87673
88202.4
88209.5
93362.1
94308.5
94613.4
94862.3
96275.7
96695
96702
97474.2
98094.4
98149.6
98367.1
98926.2
99292.5
99627.4
100036
102839
103224
104036
105097
106626
110797
110964
111041
112759
114798
114960
115904
116463
118445
118903
121634
125200
133545
135690
138180
138868
139344
139392
139840
141145
141634
142149
146203
153561
154313
156504
158772
159154
159542
160528
161016
161421
162964
164455
164897
165402
165927
173272
173655
174086
185704
186818
187924
189776
191512
194068
194194
194277
196282
196654
197133
197578
197771
