132.88
1472.44
2029.47
2050.68
2295.91
2388.11
2475.16
2523.45
3787.27
4112.6
5253.98
5296.21
5566.87
5944.72
7059.55
8884.01
9599.63
9906.84
12138.5
12158.2
12430
13878.9
14509.4
15302.2
15991.6
16323
16348.8
16665.5
17807.1
18052.4
18253.3
18897.5
19098
19290.9
20224.5
20789.1
20870.8
22510.4
22789.4
22910.5
23040
23670.1
24547.2
24603.2
25105.7
25166.7
25584.7
25766.6
26590.2
27169.4
28442.5
28506.8
28507.1
28750.3
28942.4
29168
29486.1
29492.4
29849.6
29978.5
30566
31381.6
32510.4
32582.9
33067.3
33275.4
33702.6
33801
34034.5
34251.1
34559
35028.1
35343.5
35517
35678.4
36062.3
36708
37112.4
38052.8
39930.5
40554.7
40847.4
41275.8
41306.4
41519
41757.1
41887.5
42267.3
42266.4
42844.7
43544.1
44096.2
44241.6
44494
45262.7
45797.8
46217.9
48174.1
48450.7
50188.3
50653.4
51259.5
51710.5
51976.2
52765.3
53348.9
53891
54880.8
55245.2
55366
55933.5
57196.4
57859.1
58336.6
58572
59203.9
59828.2
60489.2
60526.1
61026.4
61399.7
61788.5
61854.9
61972.1
61994
62776.9
62894.3
63215.8
63800.9
64206.6
64491.2
64946.3
65058.3
65398.7
66308.9
66534.3
67215.2
67379
67705.7
67849.2
67899.3
67988.7
68680.4
71616.5
72223
72971.7
73638.2
78448.3
82275.3
83587.2
84785.8
84936.4
85643.7
86585.7
87085.9
87515.5
87911.8
89818.3
90010
90315
91030.2
91196
91307.5
92936.5
93348.7
93909
94995.9
95868.8
97355.2
97635.3
100031
102226
102256
102454
102507
102628
102706
103313
103565
103763
104380
105302
106052
106262
107049
107289
107638
107917
108287
108589
108624
109497
110046
110166
110185
110400
111384
112196
113517
113716
114043
114455
114557
115139
115154
115510
115980
116036
116941
117728
117784
118714
119731
119895
120946
121805
121970
122246
122481
123356
124292
124780
125698
126428
126459
128478
129913
130430
131043
131363
131567
131716
131932
132153
132756
133419
133634
134457
134890
135422
135562
136465
137000
137870
139668
140439
140703
141642
142471
142762
142953
143351
143636
144564
144656
144639
146067
148112
149219
150032
150064
150406
150895
151068
151486
151850
152211
152421
152885
153086
153688
154404
154815
155735
155920
156150
156249
156691
157183
157268
157471
157933
158313
158709
158871
160496
160601
160858
162732
163070
163214
163241
163360
163585
163639
163694
163726
164216
164440
164921
164945
165340
165437
165441
165920
166734
167491
167692
167819
168391
168485
168812
168858
169261
169347
169500
169600
169972
170354
171414
171775
171914
172397
172859
173545
174182
174942
175177
176528
179077
179438
180083
180808
181670
182629
182996
183273
183584
184634
185230
187583
187768
188059
188736
188747
189034
189219
189704
189774
189959
190186
190220
190390
193747
194176
194501
195568
195775
196515
197162
197636
197708
198223
198499
198900
