327.38
415.68
890.88
1084
1218.59
1586.13
1590.3
1883.33
2315.95
2585.08
2783.92
2928.59
3223.41
3929.14
4253.69
4292.92
4309.2
4348.88
4508.15
4648.44
4759.85
4781.59
5089.98
5155.23
5373.59
5571.87
5975.32
6209.11
6292.79
6330.18
6404.06
6485.47
6693.17
7034.64
7408.07
7406.37
7781.99
8182.11
8193.62
8277.05
8281.7
9034.43
9162.32
9268.42
9315.03
9577
9607.09
9733.56
9860.77
9877.72
10347.1
10525.7
10543.4
10861.8
11095.2
11175.4
11498.1
11770.1
11882.2
12214.1
12338.3
12838.5
12875.8
13038
13442.3
13517.8
14312.5
14931.4
16347.9
16589.1
17259.1
17300.9
17733.6
17775.6
18084.8
18291.2
18578.3
18596.4
19369
19650.6
20328.1
21206.8
21236.5
21386.7
21407.1
21616.2
21875.7
21961.1
22132.5
22144.2
22280.5
22645.6
22776.2
23253.4
23385.6
23709.1
23741.3
23777.3
23797.6
23828.4
23869.2
24022
24364.7
24859.7
24914
24914
25408.8
25501.3
25559.6
25769.2
25889.9
26098.9
26462.1
26549
26635
26970.6
27293.1
27602.6
27651.8
27699.7
27776
29185.5
30000.3
30431
30560.4
30825.6
30861
31451.1
31987.2
32300.3
32323.1
32627.8
32742.2
32844
33191.9
33361.8
33529.3
33705.1
34499.3
34656.4
34707.4
34723.9
35162
35206.1
35563.7
35858.8
35897.4
36118.6
36286.1
36797.8
36801.2
37269.9
37536.5
37775.4
37792.2
37967.3
38030.8
38223.5
38342.3
38480.6
38590.1
38591.4
38667.4
38757.9
39120.6
39420.1
39731.1
40096.3
40332.8
40374.5
40656.8
40717.7
41667.2
42144.5
42179.9
42271.8
42352.1
42735.2
42969.5
42970.1
43372.4
43740.8
44022.1
44083.8
44180.8
44424.3
44531.8
44847.8
45225.1
46112.7
46139.7
46510.5
46689.5
46733.8
46807.4
47125.4
47705
47739.3
48125.2
48116.6
48168
48446.5
48478.7
48631.3
48717
49021.1
49254.2
49615.6
49662.3
49998.2
50078.4
50228
50524.3
50657.8
50738.6
50914
51065.7
51204.7
51334.2
51569.7
51661.1
51729.4
52196.4
52444.1
52570.8
53191.4
53227.7
53262.4
53565.3
53619.5
53810.5
53935.6
54773.9
54917.9
54932
54997.7
55021.3
55192.9
55535.4
55547.3
55887.3
56126.5
56555.4
56946.1
57006.4
57205.1
57401.4
57499.7
57544.4
57675.3
57748.6
57832.6
58000.4
58027.3
58602.8
58634.3
58748.7
58869.9
59005.7
59122.6
59688.9
59856.1
60786.3
60917
61284.4
62947.7
63227
63402.2
63434.7
64117
64147.9
64219.4
64504.3
64918.5
65361
65703.8
65883
66324.3
66483.9
66893.9
67082.9
67258.6
67298.3
67355.7
67781.4
68029
68044.4
68570.9
68674.3
68887.5
68897.2
69555.8
69579.8
69812.8
70294
70322.2
70350.4
70587.4
70749.5
70955.8
71007.9
71240.5
71249.2
71263.3
71360.9
71515.6
71550.3
71895.8
71978.1
71974.1
72275.4
72563.8
72811.6
72859.9
72894.7
73131.1
73349
73438.9
73528
73545.3
73960.8
74277.1
74291.2
74433
74499.5
75692.7
75996.4
76123.3
77055.9
77663.6
77852.6
78198.4
78371
78517.5
79063
80033.9
80408.9
80429.2
80582.5
80865.2
81238.4
81323.4
81439.8
81672.6
81773.1
81811
81973.2
82119.4
82246.1
82440.7
82885.8
83149.2
83483
83482.5
83702.8
83992.8
84133.8
84624
85148.7
85744.6
86699.5
87081.9
87346.1
87591
87814.3
87912.4
88187.2
88325.2
88412.5
88461.4
88629.6
88775.2
88829.4
88955
89101.5
89730.9
89975.7
90259.1
90314.2
90332.4
90511.5
91470
91466
91736.4
91810.3
92336.5
92522.1
92537.9
92685.6
93056.3
93199.1
93443.3
93801
94416.5
94421.4
94534.4
94637.5
95467.4
95648.9
95836.9
96038.1
96366.3
96719.2
97051.5
97306
97463.7
97784.2
98126.4
98577.5
98727.7
99158.2
99886.5
100627
100665
101030
101338
101363
101713
101786
101814
101857
102392
102418
102493
102642
102837
103046
103227
104040
104098
104189
104988
105085
105445
105451
105628
105924
106029
106341
106441
106481
106603
106821
107093
107412
107768
108129
108148
108347
108462
108593
108603
108735
108798
109644
109651
110184
110290
111096
111960
112167
112241
112543
112558
112637
112701
113104
113111
113126
113582
114920
115173
115381
115422
115451
115559
115669
115846
115846
116202
116403
116738
116752
116750
117019
117019
117059
117463
117483
117797
117815
118303
118349
118572
118790
118945
118991
119547
119793
119951
120201
120467
120701
120760
120847
121074
121210
121359
121358
121398
121467
121643
121647
121949
122015
122081
122629
123345
123472
124257
124528
124580
124879
124901
125238
125708
126065
126210
126535
126755
126763
127258
127541
127869
128758
128923
129171
129226
129504
129521
129825
129839
130518
130527
130952
131150
131537
131628
132067
132097
132572
132625
132905
132918
133492
133720
133791
134216
134545
134693
134963
135012
135360
135795
135932
135937
136047
136410
136773
136791
136802
137184
137228
137424
137717
137929
138504
138589
138715
138916
138933
139077
139155
139413
139455
140112
140276
140599
140641
140814
140910
141097
141096
141431
141623
141647
142029
142470
142496
142911
143221
143607
143769
143950
144224
144333
144468
145269
145796
145896
146380
146570
146911
147873
148002
148507
148984
149281
149275
149634
150131
150205
150259
150285
150375
150624
151070
151125
151301
151540
151783
152288
152322
152402
152536
152806
153450
153785
153940
154091
154175
154426
154553
154583
154911
155154
155771
157053
157221
157261
157260
157433
157709
157735
158306
158627
158864
159395
159767
160050
160146
160400
161136
161266
161477
161776
161847
161930
162024
162098
162814
163604
163798
164305
164641
165117
165444
165553
165989
166133
166259
166370
166406
166840
166914
167208
167260
167659
168283
168328
168353
168516
168867
169198
169223
169464
169498
169682
169808
170361
170402
170555
170747
170836
171105
171335
171414
171767
171925
171979
172225
172238
172592
172702
173095
173783
174142
174179
174273
174331
174694
174724
174912
175028
175045
175181
175285
175386
175479
175805
176006
176124
176221
176257
176310
176472
176595
176700
176844
177017
177143
177347
177794
178187
178362
178452
178685
178758
179666
179758
180057
180264
180299
181159
181287
181384
181699
182114
182460
182502
182766
182958
182980
183031
183236
183783
184042
184338
184440
184921
185080
185319
185453
185723
185875
186603
186958
187035
187038
187209
187260
187378
187391
187467
187652
187702
187755
188012
188470
188533
189045
189077
189158
189371
189788
189813
189990
190098
190109
190401
190405
190784
190965
191449
191466
191550
191713
191857
192023
192073
192573
192742
193183
193444
193683
194071
194309
194567
194937
195232
195361
195492
195496
195573
196104
197452
197611
197633
197748
197986
198254
198381
198808
198886
199352
