1184.04
3783.54
5450.48
7244.75
9574.23
12906.2
18272.9
19847.9
21171.3
23121.5
23560.1
25381.3
27283.2
27334.3
27848
28815.7
31723.8
32733
36054.8
39493.1
44485.5
44783.7
47446.8
49454.3
52122.8
53071.6
55972.1
61139.7
61723.9
61821.4
63222.2
66517.5
68404.4
68676.1
70553.4
70993.5
72378.9
73918
74828.2
79553.8
81021.4
82950.9
84625.7
85303.5
86529.4
90342.2
92237.3
92730.3
95704.2
95828.7
96393
96695.1
97633.5
100106
101418
107163
109725
110098
111888
118950
119483
119495
119724
119949
121696
123139
124155
124399
125575
126611
130654
133262
133683
134363
134823
135895
136734
136752
138466
139492
144788
146094
146409
151185
151674
152017
153650
153909
158509
159370
159817
160893
162310
165395
173843
177897
178207
179046
179230
179273
180148
182723
183701
184186
185648
186390
186472
186811
193832
195302
196469
196975
197396
197579
