813.33
1090.45
1217.81
1771.44
1812.92
1906.83
1976.19
2884.55
3377.68
3915.79
3985.79
4190.24
4439.36
5078.09
6418.96
6447.91
6455.32
6786.32
6851.28
6966.48
7119.31
7122.75
7310.86
8074.44
8251.4
8639.82
8685.74
8811.84
8973.63
9130.88
10026.7
10650.6
10768.1
11063.4
11379.5
12081.7
12178.5
12251.5
12643.4
12747.1
13105.7
13229.6
13348.9
14190.8
14569
14748.1
14840
15534.5
15921.4
16512.3
16964.2
17160.6
17795.6
18179
18744.5
19284.7
19606.8
19742.5
20131.1
20462.1
20728.7
20843.1
21363.8
22462.8
22782.3
23787.7
24178.4
24216
24708.1
24930.4
25226.7
26932.2
27016.7
27012.8
27612.2
27641.1
27675
27721.3
27942.1
28004.2
28225
28305.1
28429.2
28550.3
28578.8
29171.6
29855.3
30365.9
31177.9
31403.3
31540.9
31559.3
31816.3
32149
32672.3
33538.3
34367.7
34720.2
34754.5
35181.8
35600.4
35601.9
35720.8
35908.1
36076.1
36131.7
36135
36172.3
36392.8
36392.8
36633.7
36909.5
37528.7
37805
38180.8
38468.1
39113.6
39747.9
39775.7
40267.1
40282.8
40330.7
40567
40838.8
43968.2
44365.4
44703.4
44922.6
45378.6
45702.1
46168
46619.6
47033.7
47162.3
47837.6
48441.1
48767.7
49076.3
49175.9
49282.4
49288.4
49777.5
50323.4
50450.4
50608.8
50656
50916.3
51039.1
51240.2
51289.9
51516.2
51546.9
51595.6
51654.6
52796.8
52963.6
53590.9
53643
54005.5
54060
54386.5
54465.8
54983.2
55063.6
55226.6
55428.3
55510.7
55542.9
55670.4
56058.8
56535.5
56918.3
57341.4
57542.1
57793
57845.3
58053.3
58433.8
58714.2
59159.2
59842.7
60582.7
60597.8
60921.7
61185.2
61616.5
61620.4
62015.3
62372.8
62517.4
62882.2
62980
63006.1
63272.8
63508.1
63511.4
63723.5
64098.2
65134.1
66152.7
66192.2
66971.6
67601.1
67713.4
67992
68183.5
68245.6
68432.7
68776.4
68988.8
69506.4
69832.4
70299.6
70825
71777.7
72011.9
72355.6
72457.7
72739.9
72976.2
73101.7
73854.1
74036.9
74328.6
74428.9
74429.3
74564.9
74766.4
75475.3
75503.1
75641.8
75669
76743.5
76896.4
77521.5
77859.4
78651
78865.5
78964.2
79150.9
79721.8
79751.5
80112.2
80190.2
80632.1
80925.4
80937
82749.1
83117.8
83172.7
83737.6
84142.8
84192.6
84206
84300.6
84672.5
85121
85161
85405.3
85555.9
85973
86370.4
86967.7
87137.1
87738.2
87756.3
87889.4
88109.9
89520.9
89781.7
89798.7
90533.7
91351.7
91603.2
92053.3
92393.8
92655.6
92848.5
93259.3
94028.5
94260
94806.3
94871.5
95011.5
95174.5
95280.7
95299.4
95554.6
95803.8
96296.9
96502.6
96541.4
96669.9
96794.6
97305.7
97893.6
97898.3
98926.4
99246.1
99502.7
99578.8
100781
100797
100913
101229
101469
102068
102270
102447
102565
102845
104011
105102
105823
106361
106714
106906
107265
107267
107867
108538
108628
108978
109419
109894
109937
109949
110132
110247
110374
111051
111305
111669
111823
112695
113432
114560
114934
114979
115105
115308
115506
115784
116498
116989
118065
118477
118806
118991
119142
119351
119389
119538
119561
119650
119660
119911
120037
120286
120446
120588
120904
121043
121375
121544
121872
122155
122585
122674
124073
124255
124342
124421
124656
124777
124856
125214
125316
125333
125351
125431
126079
126096
126180
126243
126298
126860
127099
127391
127951
128594
128776
128978
129092
129122
130408
130843
131135
131312
131423
131765
132788
132963
133085
133092
133253
133343
133558
133824
134146
134452
134488
135371
136066
136139
136281
136288
136817
137387
138021
138104
138398
139186
139413
139506
139545
139735
140094
141197
141834
142405
142661
143163
143290
144352
144980
145114
145205
145481
145688
145812
146322
147070
147796
147983
148504
148600
148690
149212
149314
149343
149750
149843
149954
150107
150731
150774
151306
151367
151687
151827
152791
152901
153317
153356
153355
153993
154095
154807
155691
156703
156936
157616
157742
157813
158133
158184
158387
158488
158831
158873
159092
159232
159355
159644
160251
160742
160873
161340
162038
162221
163902
164155
164477
164567
164850
167092
167298
167450
167936
168640
170927
171032
171629
171635
171908
171993
172501
172849
173450
173602
173616
174390
177038
177173
177704
177759
178099
178205
178375
179006
179057
179255
179844
180193
182176
182249
182528
182894
183304
183350
183559
183732
183781
183842
183924
184010
184040
184154
184370
184482
184542
184723
184802
185408
186215
186430
186706
187303
188649
189660
189890
190128
190145
190693
191175
191255
191456
191550
192411
192783
193146
193565
193588
193667
193952
193995
194281
194401
195545
195734
195795
195912
196235
196618
196679
196941
197028
197153
197352
197462
197629
198808
