3786.21
5180.9
6481.91
7504.85
12366
16684
17297.9
21742
22967
24474.8
26699.3
28974.1
36784.7
41264.4
43229.4
48313.7
49294.4
49426.5
52044.8
58776.1
58936.2
59327.8
59596.6
64721.6
66907.7
67993.3
69597.2
71592
77885.1
79411.4
79788.8
83329.9
85322.8
85818.2
91956
95172.4
95386.2
96181.4
99656.3
105199
108787
110426
112121
114167
117011
117853
121727
128504
130018
131019
132235
140882
141640
154936
163263
163448
168552
171311
177065
181137
182913
188875
189207
191048
191826
193597
194026
195642
196321
198124
199670
