3038.76
5697.5
6246.33
6494.14
6640.4
8120.69
9338.09
10075.5
11122.5
14542.1
15257.5
15724.8
17093.9
17988.9
18442.1
18630
18956.4
19214.9
19605
19848.8
21935.2
22764.8
22770.4
23360.6
24362.9
24391.3
25461.9
25591.1
26337.8
28446.9
28475.7
29029.7
29325
32725.4
33417.2
34361.8
35236.7
36046.9
36239.9
36353.7
36781.8
37272
37343.4
37692.7
39508
40146.4
40999
48660.5
55603.4
58138.2
58357.3
59684.7
61065.2
62745.1
62923.8
63895.3
64039.4
64326.6
64763.8
65934
66869.3
70166.9
71588.5
72959.6
73857.8
74730
75149
76635.2
78118
78358.6
78476
80513
80571.9
81163.4
81306.7
81409.6
81711.3
81745.7
84357.2
85926.1
88673.8
89123.6
90508.7
96324.6
96878.5
97944.7
98539.2
109856
111660
112368
114604
116238
116558
116889
118291
119497
122427
125975
127326
127441
127735
127923
128538
128972
130765
132868
132879
134069
139911
140139
140293
140802
142700
143207
143911
145572
146273
147337
147444
148374
149091
152252
153047
153901
155146
156161
156267
156595
159269
159834
160277
160365
161592
165335
166397
166575
166755
166859
167395
169415
170104
171102
171263
172460
174184
174793
176134
178850
185134
186414
192936
199940
