102.63
309.19
783.64
1187.41
1307.48
1395.19
1494.28
1529.59
1914.48
1994.03
2131.2
2927.39
3072.13
3673.81
3998.2
4215.5
4513.97
4729.68
4927.02
5729.62
6025.97
6302.08
6333.18
6354.82
6381.31
6601.59
6654.05
6980.33
7077.37
7832.09
9063.9
9187.44
9543.75
10597.3
11415.4
11516.1
11605.5
11820.5
11857.4
12524.2
12736.5
13069.6
13311.8
13330.8
13360.6
13734.9
13759.5
13766.3
13797.3
13866
13997.3
14160.7
14202.2
14461.7
14638.7
14945.7
14976
15124
15478.7
15522.1
15801.6
16146.8
16390.7
16472.3
17234.8
17512.1
17724.7
17987.6
19012.4
19216
19263.1
19421.4
19947.6
19965.4
20435.1
20586.1
21028.3
21200.7
21294.2
21721.4
22356.8
22547.1
23613.7
24060
24658.3
24680
25017.7
25519.2
26096.6
27706.7
28225.1
29153.6
29367.4
29377
29593.7
29725.2
29862.3
30108.9
30148
30362.3
30544
30547.8
30739.9
30764.2
31227.2
31506.6
31609.6
31648.7
31929.5
32030.1
32368.4
32686.9
32822.6
33001.5
33069.6
33666.1
33798.6
33842.7
33881.2
34053.9
34277.9
34548.7
34778.3
34869.4
34968.3
35091.2
35326.6
35388.5
35515.7
35706.4
36074
36136.5
36453.8
36679.2
36702.8
36983.6
37211.2
37779.1
37918.2
38027.2
38063.1
38159
38443.4
38995.1
39268.3
39941
40827.3
40926.8
41052.1
41700.2
41870.1
41976.2
42295.5
42375.9
42395
42816.5
42883.8
43543.6
43742.2
43804.1
44095.5
44321.8
44501.5
44598.4
44751.4
44872.2
45152.4
45549.6
45756.7
45986.1
46859.8
46962.5
47967.9
48397.1
48567.5
49331.4
49669.8
49813.7
50203.4
50400.2
50501.4
50667.8
50851.1
50870.2
51656.7
52702.2
52913.8
52957
53055.4
53275.3
53662.5
53719.3
54544.5
55757.6
55957.4
55973.2
56408.1
56554.7
56690.7
56752.4
56754.9
56831.6
57240.3
58843.7
59588.2
59679.7
59776.8
59846.3
60090.3
60207.2
60269.1
60443.8
61726.7
62501.9
62580.9
62694.5
62914
62952.3
63093.7
63202.8
64565.9
65447.3
66217
66247.9
66885.7
67881.5
68218.5
68647.9
68845.9
69142
69279.9
69586
69645.3
69961.7
69983.1
70104.6
70150.2
70438.8
70682.3
70720.6
70730.3
70828
70833.9
70887.8
71354
71473.1
71605.1
71895.6
72010.5
72111.7
72464.1
72636
72705.3
72743.2
72986.1
73216.8
73693.7
73984.8
74105.5
74286
74558
74592.5
74767.8
74952.2
75039
75050.7
75265
75587.1
75658.7
75814
75836.3
76380.6
76390.1
76486.5
76515.1
76894.5
77035.9
77075.6
77231.5
77294.7
77557.9
77798.8
78013.1
78034.3
78332.3
78406
78462.7
78613
78755.2
78842.1
78859.8
78895.7
78975.5
79158.2
79219.9
80411.1
80585.8
80655.4
80765.7
81234.8
81375.6
81447.8
81839.9
81933.1
82838.8
83284.8
83331
83638.9
83645.6
83954
84864.4
84913.3
85244.8
85409
85444.1
86355.8
86781.4
87453.3
87596.3
87653.2
87848.8
87910.7
88115.2
88349.3
88737.7
88902.2
88955.7
89192.9
89274.5
90144.3
90276.2
90530.9
90573.9
91455.9
91627.5
91633.6
91801.2
92068.4
92177
92634.4
92845.8
93027.6
93043.3
93487.5
93801.5
93842.6
93869.3
94146.3
94420.9
94597.5
94791.3
95574.1
95641.2
95710.2
95829.6
95879.7
96061.8
96206.7
96369.7
96456.6
96493.2
96761.8
96829.1
97136.2
97158.5
97182
97226.8
97257.5
97886.8
98050.6
98140.4
99169.3
99927.4
100676
100704
100710
101020
101091
101117
101553
101795
102017
102126
102214
102461
102645
102683
102799
103035
103198
103211
103308
103658
103669
103697
103734
104071
104236
104244
104354
104621
104698
104745
104810
105012
105104
105719
105866
105895
106252
106358
106531
106712
107013
107618
108008
108075
108386
108461
108520
108683
109057
109824
109894
110186
110260
110293
110577
110803
110987
111181
111203
111249
111904
112022
112281
112320
112490
112477
112534
113087
114125
114498
114908
115517
115713
116061
117545
117710
118014
118795
118865
118958
119453
119465
119972
120217
121259
122071
122617
122727
123038
123208
123358
124454
125241
125874
126550
126571
126642
126764
126997
127122
127145
127468
127535
127754
127770
127939
128126
128153
128173
128280
128626
128940
129103
129140
129420
129442
130101
130337
130449
130627
130792
130906
131079
131277
131387
131779
132300
132387
132767
132817
132963
133374
133472
134524
135947
136302
136426
136545
136857
137174
137272
138049
138858
138842
139349
139528
139652
139848
139904
140778
140856
141041
141332
141544
141614
141676
141887
142004
142092
142240
142259
142341
142396
142554
142990
143086
143178
143730
143811
143981
144584
144639
144901
145173
145407
145638
145706
145761
145874
146173
146671
146800
146913
147095
147141
147316
147360
147535
147629
147963
148227
148327
148521
149125
149245
149725
149979
150457
150481
150817
151148
151209
151879
151890
153000
153824
154151
154392
154822
155077
155262
155824
157054
158081
158100
158252
158307
158717
158732
159058
159725
160050
160560
160710
161755
161846
161872
162277
162536
162542
162909
163087
163788
164324
164485
164883
164904
165170
165348
165948
166126
166162
166377
166480
166713
167687
167791
167821
168314
168480
168505
168845
168870
169093
169280
169680
169840
170204
170401
170939
171197
171411
171586
171716
171892
172220
172502
172574
172835
173028
173445
173664
173733
173980
174044
174276
174564
175029
175037
175128
175479
175488
175589
175877
176015
176099
176379
176566
176805
176937
177016
177042
177121
177166
177174
177476
177503
177597
177752
178109
178693
179080
179145
179219
179471
179643
179980
180002
180037
180140
180380
180486
180533
180553
180622
180677
180877
181145
181326
181587
181805
181923
182049
182212
182237
182800
183080
183283
183521
183850
184026
184047
184080
185133
185268
185713
186091
186309
186374
186400
186552
186612
186687
186765
186985
187264
187797
188201
188350
188534
188600
189751
190050
190092
190672
191595
191773
192163
192182
192339
192381
192420
192496
192565
192601
192825
193045
193182
193271
193890
194021
194301
194325
194320
195348
195557
195761
195892
196686
196786
197143
197160
197426
197574
197724
197766
197972
198091
198222
198422
198720
198717
198869
198881
199070
199185
199505
199724
199819
199976
