143.72
1484.08
2048.46
2069.27
4127.3
5268.12
5313.1
5582.24
5956.68
8898.06
12171.5
12448.8
15313.6
16006.8
16372.3
16681.7
17823.1
18069.9
18270.3
18913.7
19306.5
20246.6
20802.4
20892.4
22525.9
22807.4
22925.6
23396.8
23681.5
25122.6
25601.6
26603.5
27188.5
28521.4
28957.2
29185.1
29503.8
29506.7
29864.7
29997.8
30579.3
32526.7
32598.2
33300.4
33730.1
34264.1
34572
35047.4
35358.1
35693.4
36078.7
36721.5
37128.7
40572.6
40864.4
41288.7
41319.4
41538.1
41902.4
42281.3
42860.9
44111.1
44508.8
45817
46235.6
48188.2
48468.2
50204.4
50679.3
51272.5
51724.7
52778.4
53364.5
54895.9
55946.8
57211.2
57873
58353
59842.6
61043
61416.1
61823.8
61989
62008.4
62791.7
62909.1
63820.8
64508.7
64959.2
65416.9
66322.5
66547.3
67395.4
67719.6
67868.2
67912.4
68002.3
68693.4
71637.4
72237.6
72986.3
73652.4
78467.2
82290.8
86641.4
87105.1
87533.3
87939.2
89839.3
90037.4
90329.8
91209.3
91320.1
92954
93364.9
93927.3
95881.1
97654.5
100043
102271
102472
102642
102719
103359
103585
103781
104397
105322
106072
107068
107303
107656
108640
110063
110181
110206
111400
112213
113537
114057
114475
114574
115152
115167
115526
115994
116050
117742
117800
120963
121999
122264
122495
123370
124309
124795
125714
126486
129930
130445
131402
131582
131730
132170
132769
133432
134470
135586
136479
137014
137887
140452
140716
141657
142498
142964
143370
144582
144673
144655
146079
148131
149240
149713
150048
150085
150425
150918
151080
151504
151863
152899
153181
153711
154419
154826
155748
155936
156167
156262
156708
157486
157948
158328
158728
158888
160876
162745
163084
163229
163253
163374
163656
163710
163742
164229
164959
165353
165460
165466
166745
167708
168407
168503
168831
168882
169281
169618
170373
171431
171926
172413
174198
175191
176540
179093
179455
180102
180825
181685
182649
183012
183290
185245
187598
187785
188074
188754
188761
189047
189236
189720
189791
189972
190238
190406
193773
194191
194518
195582
195791
196532
197180
197722
198241
198913
