1100.3
1421.48
3905.44
19263.7
19610.8
31609.1
36819.8
37572.7
38550.6
39177
50151.2
53525.4
55716.4
62889.9
64352.8
65711
67217.1
200745
201691
212095
212332
217318
299140
300356
312153
316025
317400
318240
321530
328033
328225
330932
331174
333101
336976
337456
338560
339665
344004
348334
352386
353358
366146
370946
408131
415128
416148
416487
502790
508228
519681
573304
573474
573870
577533
596798
637814
744779
749174
815886
818014
898926
942906
966132
970390
973239
978602
988281
988808
993716
