634.21
645.43
794.94
834.98
849.99
852.68
905.74
910.33
918.74
922.74
925.98
949.51
956.09
960.72
970
970.73
990.09
996.76
1301.19
1550.66
1556.59
1566.04
1567.94
1848.85
1862.38
1863.24
1867.56
1870.1
1873.31
1910.72
1913.21
1916.22
1920.09
1925.37
1929.54
1930.29
1942.81
1943.81
1947.57
2592.6
2595.55
2597.27
2600.95
2626.04
3043.88
3047.9
3054.48
3057.51
3059.63
3063.07
3064.15
3069.94
3071.32
3074.29
3076.61
3080.33
3085.11
3100.94
3110.92
3114.37
3122.23
3150.01
3168.99
3239.95
3246.52
3257.17
3262.26
3268.39
3271.59
3275.17
3278.98
3284.15
3289.89
3301.02
3304.94
3323.86
3412.91
3420.07
3430.02
3431.96
3459.41
3557.35
3561.67
3566.87
3573.38
3578.24
3954.17
3970.57
4690.58
4697.11
4716.53
4923.33
4929.28
4936.89
4943.93
5393.84
5443.02
5486.19
5522.34
5529.55
5533.13
5923.53
5924.92
5927.51
5931.63
5938.34
5943.73
7433.19
7454
7459.89
7460.75
7465.76
7474.59
7483.48
7692.85
7699.57
7704.76
8001.85
8009.48
8018.29
8023.26
8026.51
8029.38
8032
8033.89
8038.54
8051.82
8056.91
8076.01
8080.94
8114.26
8142.07
9101.26
9104.88
9109.39
9114.19
9123.06
9195.3
9196.62
9198.64
9202.63
9205.01
9218.69
9222.95
9225.22
9227.86
9236.13
10091
10111.1
10552.6
10554.1
10564.3
10576.8
10579.3
10586.9
10588.1
10592
10597.4
10599.6
10604.7
10618.3
10620.3
10952.1
10957.7
10968.2
10974.1
10976.1
10979
10990.1
10994.6
11009
11418
11425.7
11442.2
11449.7
11454.7
11464.7
11465.8
11497
11507.4
11526.2
12008
12064.5
13776
13784.8
13792.3
13795.1
13799.1
13804.3
13809.7
14185.9
14219.8
14227.5
14228.9
15077.7
15081.7
15086.2
15462.5
15478.7
15481.9
15496.1
15501
15506.1
15519.3
15523.9
15546.4
15553.7
15555.2
15561.7
15563.9
15566.2
15569
15838
15844.7
15852.3
15861.8
15866.6
15867.7
15883.3
15886.5
15889
15893.5
15896.2
15899.9
15909.8
15914.4
15916.1
16062
16064
16066
16067.8
16072.3
16074
16076.2
16077.5
16079.9
16086
16090.8
16764.5
16771.3
16774.5
16778.4
16783.1
16789.7
16792.6
17057.8
17062.7
17064.7
17074.6
17085.4
17726
17759.3
17777.8
17789.6
17792.1
17794.5
17797.6
17803.4
17816.3
17817.7
17820.1
17841.1
17862
18426.2
18428.1
18430
18450.6
18599.2
18606.8
18611.9
18613.3
19916.8
19923.8
19931.6
19934.2
19936.1
19978.7
19980.7
19992.2
19997.8
20009.1
20014.6
20020.2
20022.7
20024.3
20028.4
20030.5
20032.3
20038.6
20051.5
20062.5
20071
20086.9
20107.8
20113.3
20114.8
20129
20151.5
21524.2
21535.2
21585.2
21587.9
21590.2
21592.4
21598.1
21601.1
21603.3
21605.1
21609.2
21618.4
21623
21626.2
21638.6
21642.4
21783.5
21787.3
21798.8
21800.5
21811.7
22001.7
22005.2
22010.6
22017
22023
22032
22037.7
22048.2
22051.6
22055.8
22062.8
22065.8
22076.1
22078.4
22085.8
22091.9
22094.2
22096.6
22100.2
22102.4
22111.3
22113.6
22115.4
22120.5
22123.7
22126.1
22131.9
22137
22139.3
22144.4
22147.1
22148.3
22152.6
22154.9
22156.8
22163.4
22174.2
22179.2
22180.4
22191.1
22194.9
22196.7
22203.1
22204.7
22206.1
22209.3
22213.3
22217.4
22969.1
22973.6
22977.4
22979.1
22980.7
22999.7
23017.6
23028.5
23052
23064.9
23453.7
24036.6
24056
24058
24065.7
24073.2
24077.7
24088.3
24090.8
24097.4
24267.2
24268.4
24276.6
24663.3
24668.4
24674.4
24676.9
24982.8
24988.7
24992.2
25002.5
25004.8
25008.5
25015.7
25023
25026.2
25446.4
25457.5
25464.5
25466.3
25471.2
25481.6
25502.3
25554.9
25651.6
26731
26741.9
26746.9
26778.3
26829
26836
26838.4
26839.7
26842.7
26856.6
26862.9
27033.5
27037.6
27464.9
27470.6
27473.6
27477.5
27500.1
27698.5
27706.4
27714.4
27716.7
27718.4
27721.7
27723.3
27727.9
27729.4
27827.5
27834.6
27836
27838.7
27861.3
28142.1
28147.3
28152.6
28156.3
28157.9
28168.4
28204.4
28400.1
28402.9
28406.1
28413.4
28423.6
28428.9
28746.1
28749.4
28949.2
28954.1
29911.4
29919.3
29927.6
29929.5
29930.7
29933.2
29936.2
29941.7
29948.2
29949.9
29954.2
29956.6
29959.7
29973.8
30224.8
30226.1
30227.7
30228.4
30232.5
30234.9
30236.5
30242.2
30247.3
30250
30810.6
30812.2
30814.4
30817.5
30821.4
30825.3
30827.4
30828.7
30839.6
31539.9
31541.5
31546.6
31552.3
31554.4
31571.6
31574.3
31580.4
31603
31882.7
31886.2
31894.3
31898
31903.5
31905.1
31909.3
31913.8
31917.3
31962.6
31974.4
32016.3
32018.4
32026.6
32031.6
32034.2
32037
32046.1
32053.4
32565.6
32630.3
32644.3
33254.8
33255.7
33304.6
33314.4
33316.6
33319.8
33321.7
33324.8
33328.2
33338
33416.4
33443.4
33446.3
33447.6
33453.1
33457.6
33464.7
33467.3
33469.7
33473.3
33478.1
33526
33533
33538
33540
33544.2
33550.9
33556.6
34318.8
34328.2
34331.5
34332.6
34334.9
34418
35251.7
35264.9
35270
35456.9
35459.9
35473.2
35481.2
35488.1
35490.6
35505.7
35520.8
35522.6
36278.7
36286.6
36290.3
36298.1
36464.9
36467.7
37001.7
37003.4
37010.2
37014.6
37026
37197.3
37200.5
37218.2
37507.7
37512.4
37522.6
37526.5
37559
37562.1
37569.9
37572.9
37583.4
37589.8
37592
37612
37614
37617.3
37644.9
37646.1
37649.5
37652.3
37658.2
37670.1
37943.4
39382.7
39391.6
39405
39408
39420.7
39887.9
39911
39913.2
39916
39917.4
39923.5
39931.5
39939.6
39941
40098.4
40511
40514.3
40515.4
40522.8
40543.5
40584.2
40588.4
40595.2
40602.9
40604.9
40611.2
40625.7
40655.4
41052.2
41061.8
41064.4
41469.4
41472.2
41474.3
41476.8
41478.7
41487.8
41491.2
41492.6
41947.3
41964.1
41968.9
41974.1
42380
42381.5
42386.3
42392.4
42394.2
42402.3
42412.6
43480.4
43488
43492.1
43496.9
43498.3
43508.3
43547.4
43550.6
43553.5
43556.9
43564.1
43565
44182
44482.7
44494.9
44497.2
44500.2
44513
45033.6
45035.9
45040.8
45045.4
45049.5
47547.7
47550.7
47564.3
47627.8
47682.4
47845.9
47858.6
47864
47868.2
47871
47872.6
47880.7
47885
47900
47914.5
47922.4
48221.6
48269.4
48274.5
48276.5
48279.6
48851.8
48856.9
48859.6
48863.2
48864.9
49041.7
49044.8
49047.2
49052
49053.5
49056.2
49060.3
49061.7
49182.6
49200.7
49202.2
49204.2
49208.9
49213.5
49219
49220.4
49383.5
49385.5
49389.6
49397.8
49410
49411.8
49416.9
49420.6
49422.9
49425.1
49430.2
49431.8
49442.5
49454.1
49463.2
49466.9
49469.7
49471.2
49477
49486.6
49491.1
49492.7
49495.7
49496.5
49498.4
49502.7
49506.5
49512.5
49513.9
49532.2
49862.7
49865.4
49874.5
49878.8
50081.9
50086.7
50089.4
50093
50095
50098.4
50102
50108.3
50114.9
50120.1
50123.5
50128
50130
50134.8
50155.2
50175.9
50216.8
50248.1
50264.3
50582.3
50584
50585.3
50587.5
50592.6
50898.8
50912.7
50920.1
50937
50954.5
50963.7
50988.8
50992.4
51008.4
51020.9
51043.1
51048.8
51052
51062.1
51063.4
51068.5
52648.5
52654.2
52657.9
52660.9
52663.6
52665.8
52668
52682.9
52690.5
52693.9
52695.2
52696.7
52703.9
52715.8
52718.4
54241.1
54248.1
54255.7
54459.1
54463.2
54465.7
54469.1
54484.6
55087.9
55092.1
55097.6
55101.5
55110
55111
55112.7
55118
55120.3
55125.6
55314.2
55319.3
55326.1
55329.4
55334.6
55338.2
55341.7
55347.8
55351.9
55356.4
55375.8
56070
56072.7
56079.9
56095.1
56096.3
56105.6
56696.4
56700.6
56707.5
56736.9
56756.8
56763.8
56775.1
56780
57024.7
57043.2
57051.3
57053.8
57919.7
57923.5
57928.1
57932.8
57998.8
58011.9
58016.1
58046.7
58051.6
58057.4
58081.4
58152.7
58156.3
58196.8
58203.9
58205.8
58209.2
58212
58214
58232.4
58284.3
58289.9
58291.3
58293.7
58300.9
58308.6
58318.8
58534.9
58547.9
58550.6
58552.2
58633.3
58634.4
58636.8
58637.6
58641.4
58654.5
60072
60078
60079.5
60089.5
60688.6
60693.5
60706.6
61052.1
61054.7
61058
61063.5
61067.3
61076.8
61080.6
61519.4
61907.8
61910.5
61913.3
61923.5
61928.6
61933.3
61956.8
61962
61970.3
61977
61983.2
61984.9
61989.8
61992.1
61998.3
62022.6
62041.8
62053
62056.7
62069.9
62071.9
62100.2
62108.3
62110.4
62112.4
62342
62352.4
62357.1
62359.4
62366.1
62371.9
62377.2
62788.3
62797.9
62801.1
62805.3
62851
62856.5
62858.7
62860.6
62863.6
63482.2
63497
63506.5
63520.9
65732.8
65740.3
65742.1
65750
65753.4
65883.7
66370.9
67374.7
67376.4
67377.3
67383.4
67386.8
67393.2
67397.5
67399.2
67407.5
67411.5
67413
67473.1
67483.6
67491.6
67493.6
67495.5
67499.5
67507.3
67534.1
67568.3
68206.2
68209.7
68212.7
68216.3
68219.3
68230.2
68234.3
68240.8
68244.3
68251.6
68253.1
68612.2
68619.3
68624.1
68631.9
68633.8
69656.6
69672.4
69677.8
69680.6
69685.2
69944.3
69948.7
69956.5
69967
69970.2
69978.8
69982.3
69992.7
70032.7
70048
70052.4
70059.4
70104
70110.6
70117.5
70127.5
70131.6
70137.6
70147.9
70152.7
70154.8
70159.1
70163.2
70167.8
70170.5
70172.8
70178
70184.8
70186.3
70190.3
70197
70205.9
71178.3
71181.5
71186.8
71190.7
71192.2
71195.9
71228.8
71229.9
71245.7
71249.6
71255.5
71258
71282.8
71358.7
71360.5
71363.6
71365.3
71381.7
71392.2
71404.2
71608.2
71619.3
71629.2
71633.4
71872.6
71878.9
71880.2
71882.3
71899.6
71901.9
71914.8
71916.6
71929.9
71933
71938.9
71945.9
71948.1
72746.6
72754.7
72766.7
72768.5
72781.9
72786.9
72792.8
72801.6
72807.2
72809.9
72815.2
72817.4
72844.1
73083
73090.9
73095.5
73103.7
73112.8
73115.1
74285
74327.4
74329
74332.9
74334.8
74346.1
74357.9
74360.6
74368.5
74479.4
74480.8
74482.2
74486.8
74492
74493.5
74496.9
74499.1
74501.1
74511.9
74516.1
74524.1
74860.7
74862.7
74870.3
74899.4
74901.2
75108.5
75122.2
75141.6
75149.6
75153.1
75154.8
75174.3
75181.3
75190
75201.4
75219.1
75221.6
75226.8
75243
75244.5
75249.6
75270.9
75272.7
75280.5
75298.5
75311
75313.1
75338.7
75340.9
75345.3
75362.4
75365.3
75370
75375.2
75377
75378.9
75383.2
75394.4
75398.6
75427.9
75431.9
75442.1
75452.1
75456.2
75463.1
75466.3
75469.3
75474.4
75476.8
75479
75480.6
75483.5
75488.5
75493.1
75499.7
75504
75512.1
75520.9
75533.2
75816.6
75818.7
75820.5
75824.2
75829.1
75834.5
75996.1
77235
77258
77269.9
77274.9
77283.5
77285.7
77286.7
77295.8
77299.4
77306.8
77361.1
78066.3
78068.9
78072.2
78076.6
78080.5
78082.5
78084.5
78089.9
78093.8
78098.6
78101.9
78111.6
78117.3
78122.4
78146.3
79094.8
79098.5
79103.5
79108.4
79111.5
79114
79115.8
79117.3
79121.6
79125.6
79129.1
79133.6
79142.7
79151
79164.9
79171
79175.1
79177.7
79181.6
79216.7
79286
79302.9
79306.2
79309.3
79316.8
79367.7
79376.2
79401.7
79403
79406.5
79446.4
79454.6
79461.6
79489.9
80049.7
80074.7
80089.6
80090.9
80092.9
80103.1
80107.8
80113.3
80133.7
80324.4
80332.1
80337
80339.9
80344.4
80346.4
80349
80352.5
80902.6
80920.2
80926.4
80940.6
80946
80947.7
80949.7
80952.7
80959
80960
80963.1
80964.2
80966.2
80968.8
80973.6
80975.1
80981.5
80984.4
80992.7
81007.7
81039.6
81042.5
81047
81063
81067.1
81069.3
81073.2
81084.8
81088.7
81110.4
81115.5
81627.4
81632.3
81638.2
81651.6
81660.8
81808.1
81867.5
81882.1
81889.5
81902.7
81908.8
81910.6
81912.9
81922
82016.7
82043.1
82785.8
82786.7
82796.8
82800.9
82875.5
82888.3
82899.1
82903.4
82913.1
82917.8
82922.2
82931.2
82932.4
82935.7
82939.3
82941.2
82942.4
82944.5
82949
82952.1
83244.8
83267
83283.8
83295.5
83312.1
83318.9
83321.5
83325.9
83330.2
83355.5
83377.5
83380.2
83392.9
83396.9
83399.9
83404.5
83408.3
83413.8
83416.5
83420.2
83425.7
83428.2
83431.7
83436.3
83440.1
83443.7
83447.7
83449.3
83451.2
83453.3
83463.1
83482.2
83483.9
83499.5
83501.3
83506.5
83510
83531.5
83591.3
83595.4
83600.5
83602.1
83603.6
83612.6
83614.8
83618.3
83620
83625.6
83633.7
83643.8
83646.4
83649.4
83829.6
84013.7
84032.9
84037.9
84120.6
84150.2
84157.5
84162.6
84173.3
84174.9
84175.8
84180.4
84186.8
84201.4
84932.6
84941.9
84948.7
84952.1
84960.1
84962.2
84976.5
85284.5
85316.2
85359.8
85362.2
85368.2
85374.9
85380.5
85387
85396.4
85406.8
85411.5
85415.5
85435.5
85589.5
86426
86429.3
86435.7
86452.1
87044.5
87047.5
87051.8
87058.3
87062.5
87347.8
87351.7
87354.5
87356.4
87359.8
87362.5
87365.7
87369.4
87374.1
87380.8
87382.5
87386
87387.6
87389.6
87399.4
87604.1
87607
87611.5
87619
87625.9
87641.2
88364.4
88367.4
88665.8
88704
88709.9
88715.1
88726.9
88742.5
88794.6
88808.4
88835.7
88837.9
88839.7
88843.7
88854.8
88859.2
88867.5
88878
89189.1
89195.3
89198
89204.2
89208.3
89221.3
89290.6
89292.5
89299.7
89300.7
90193.9
90297.7
90352.2
90354
90362.2
90371.2
90374.1
90392
90397.5
90416.6
90430.6
90440.8
90443.7
90462.3
90466.3
90482.9
91441.7
91445.7
91448.7
91453.2
91454.6
91457.5
91462.6
91570.4
91574.2
91588.8
91593.7
91595
92100.4
92109.8
92112.2
92116
92122.7
92133.8
92718.7
92723.9
92727.1
92731.5
92733.3
92755.9
93429.6
93436.3
93438.9
93448.8
93452
93660.1
93663
93669.9
93676.1
93681.8
94048.4
94050
94062.3
94064.7
94079.8
94082.1
94085
96792.2
96795.8
96798.9
97126.6
97128.6
97130.1
97135.3
97136.7
97139.2
97146.2
97154.9
97156.1
97161
97165
97166.9
97474.4
97477.2
97482.1
97644.9
97648.6
97653.4
98416.9
98418.8
98421.9
98438
98444.3
98445.3
98595.6
98597.6
98601.6
98603.4
98608.6
98619.1
99044.2
99050.1
99059.7
99068.5
99071.1
99074.5
99278
99306.8
99309
99317.8
