105.73
571.89
875.59
1045.34
1190.8
1398.45
1454.8
1660.01
1847.15
1849.15
1972.18
2006.56
2224.78
2394.76
2844.83
2903.73
2996.74
3132.63
3269.85
3797.87
3886.26
3957.44
4115.69
4259.44
4301.79
4563.53
4678.11
4711.15
5100.29
5647.42
5717.29
5757.96
6032.22
6150.04
6789.6
6810.35
6846.26
7041.04
7453.88
7597.77
7778.87
7977.44
8045.06
8095.32
8136.55
8363.91
9065.78
9107.89
9193.83
9425.48
9740.16
9744.49
9906.78
10323.3
10605.5
10757.6
11213.8
11235.9
11353.1
11919.6
12027.4
12351
12429.1
12635.2
13748.7
13755.1
13988.5
14356.5
14862.1
14914.2
14919.3
15397.8
15958.8
16404.8
17138.5
17253.3
17591.3
17815.8
17844.1
17994.3
18080.5
18398.6
18755.3
19209.6
19267.7
19293.7
19338.6
19702.3
19959.3
20121.2
20460.9
20634.4
20733.2
21011.3
21026.3
21037.3
21289.1
21450.8
21678.4
21787.6
22075.6
22072.8
22625.8
22742.5
23248.8
23578.3
23582.7
23749.4
24435.4
24660.4
24972.1
25159.7
25217.4
25213.7
25452.2
25571.1
25619.7
25636.2
25725.7
25845.1
26107
26217.8
26465.2
26462.8
26991.3
27124.4
27634.9
27823.1
27860.6
28082.5
28428.8
28645.9
29221.2
29892.7
30095.3
30119
30422.6
30539.1
30544.1
30598.6
30680.4
30745.3
30834.3
31137.2
31149.3
31139.8
31361
31433.2
31458.3
31601.7
31655.4
31823.7
32090.3
32134
32181.9
32308.7
32395.2
32724.8
32731.6
32780.9
33132.6
33145.2
33276.5
33366.2
33494.9
33570.6
33584.7
33661.5
34019.4
34077.7
34289.4
34642.6
34706.8
35096.8
35391.3
35448.8
35464
35906.7
35922.2
35951.9
36293.6
36823.3
36907
36989.8
37264.7
37333.4
38003.9
38292.4
38387.9
38696.8
38782
38970.6
39510.6
39611.7
39780.2
40217.4
40366.2
40438.8
40715.3
40875.3
40926.8
41043.8
41235.7
41519.6
41526.4
41787.8
41815.1
42071.4
42512.2
42553.3
42953
43361.6
43403.1
43448.2
43636.4
43661.4
43770.1
43886.5
44092.9
44336.4
44490.1
44612.3
44784.1
45198.2
45345.8
45406.5
45419.5
45564.6
45636.8
45855.7
46016
46199
46198.4
46275.6
46398.6
46831.4
46982.7
46978.9
47558.4
47773
47913.2
47990.1
48102.8
48290.8
48318.4
48465.5
48835.9
48899.3
49211.6
49329
49393.5
49657.8
49675.6
49708.2
49840.3
50671.5
50687.1
51047.4
51530.1
51606.2
52243.7
52628.6
52640.7
52892.6
53470.7
53604
53701.2
53723.5
53767.8
54358.6
54430.5
54551.5
54574.3
54772.7
55552.8
55641.7
55659.5
55736.3
56144.8
56222.4
56341.3
56402.1
56707.2
56735.4
56749.2
56994.3
57319.3
57349.8
57391.8
57829.6
58281.3
58581.2
58636
59108.6
59683.6
59712.3
59784
59856.8
60052.4
60401.2
60483.1
60645.5
60860.1
60897.9
61164
61206.2
61570
61665.2
61900.3
62161.2
62356.9
62370.5
62519.5
62607.7
63078.3
63100.2
63118.6
63169.9
63366.2
63367.3
63627.3
63811
63966.6
64418.6
64512.6
64605.2
64882.4
64883.8
64997.9
65204.3
65306
65424.7
65480.9
65502.1
65655.3
65715.2
65769.8
65792.1
65813.7
66179
66428.8
66606.9
66639.2
66690.9
66880.2
67223.7
67233.8
67282.6
67395.6
67611.5
67796.1
67911
67940.4
68043.9
68749.9
68847.6
68861.8
69156.5
69319.1
69708.5
69743.8
69878
69990.9
70178.3
70425.2
70440.5
70509.5
70589
70799.6
70848.3
70857.7
70909.3
71050.7
71146
71156.4
71294.3
71300.1
71673.5
71903
71900
71934.2
72149.5
72228.5
72314.8
72314.9
72886.4
72924.2
73091.2
73206.6
73307.1
73341.6
73354.5
73569.6
73770.5
74083.6
74203.2
74574.6
74829.3
75004.6
75024.6
75435.7
75547.3
75587.2
75959
76213.6
76425.8
76426.9
76759.6
76824.8
77014.1
77029.1
77140.4
77346.9
77675.8
77837.4
78149.9
78256.8
78341.1
78416.7
78587
78770.8
78849.7
79187.6
79316.7
79318.9
79558.5
79677.5
79781
79817.4
79845.6
79880.2
79986.8
80018.6
80001.4
80050.4
80055.5
80121
80505.8
80622.3
80634.4
80640.9
80751.1
80940.7
80999.5
81344.7
81637.4
81696
81938.9
82114.7
82155
82917.5
82928.5
83001.9
83140.9
83146.1
83712.4
84015.5
84273.5
84565.6
84916.2
85580.4
86813
86869.9
87049.7
88182.6
88273.4
88354.1
88659.7
88698.5
88769.3
88805.8
89079.3
89284.3
89314.7
89311.9
89706.7
90004.8
90260.6
90345.8
90535.2
90541.3
90763.2
90919.3
91001
91078.4
91148.8
91205
91245.7
91256.6
91333.2
91432.4
91527.7
91859.6
91968.5
92175.3
92174.7
92625.7
92993
93072
93117.1
93162.3
93288.4
93524
93599.2
93680.6
94075.5
94227.9
94814
95006
95142.1
95532
95576.7
95637.3
96114.8
96160.3
96614.8
96694.1
96693.8
96747.9
96983.8
97155.1
97281.6
97347.4
97559.3
97590
97659.2
97746.7
97872.9
98033.6
98557.4
98889.4
99147.8
99141.7
99275.1
99607.2
99970.7
100060
100189
100242
100495
100627
100755
100828
102234
102421
102609
102631
102688
103228
103349
103392
103419
103478
104223
104321
104530
104615
104694
104762
105063
105258
105489
105540
105611
105800
105831
105919
105918
105988
106096
106557
106565
106611
107000
107054
107235
107315
107380
107522
107746
107824
107861
108124
108195
108461
108573
108720
108856
108880
108898
109047
109070
109150
109441
109526
109735
109929
110732
111033
111134
111138
111437
111453
111575
111713
111719
111784
111786
111959
111978
112015
112147
112240
112524
112587
112665
113009
113011
113054
113082
113275
113563
114343
114459
114476
114726
114818
114850
114879
115737
115776
116262
116372
116406
116697
116823
116830
117154
117213
117225
117349
117479
117608
117636
117769
117810
117923
117993
118211
118210
118326
118616
118640
118681
118772
118841
119098
119245
119333
119514
119509
119671
119739
119764
119871
119910
120118
120146
120271
120304
120562
120637
120642
120674
120917
120976
121221
121492
121810
122079
122812
123170
123302
123544
123622
123789
123896
124027
124207
124252
124649
125045
125345
125466
125487
125734
126195
126449
126465
126836
126927
126950
127061
127090
127152
127303
127389
127435
127601
127670
127727
127792
127982
128484
128746
129049
129193
129372
129404
129514
129996
130033
130266
130273
130517
130759
130899
131000
131096
131203
131298
131527
131710
131910
131989
132112
132146
132173
132205
132630
132958
133065
133151
133916
134088
134338
134435
134446
134752
134792
134840
135571
135640
135776
135863
136151
136220
136367
136398
136412
136728
136757
136935
136988
137214
137321
137644
137928
138104
138732
138775
138866
138995
139209
139425
139449
139567
139917
139946
140181
140259
140842
140875
141113
141156
141311
141432
141794
141796
142031
142041
142079
142383
142602
142909
143009
143124
143168
143637
143667
143852
143869
143945
144019
144135
144176
144295
144558
144683
145099
145102
145242
145246
145276
145290
145417
145579
145600
145768
145859
145870
145911
145914
145980
146686
146890
146984
147442
147435
147676
147688
147709
147749
147936
147971
148152
148302
148439
148562
148588
149031
149064
149331
149486
150104
150759
151019
151353
151689
151732
151875
151965
152084
152586
152636
152794
153031
153266
153401
153404
153796
153902
154358
154489
154651
154678
154745
155787
155932
156181
156346
156371
156450
156629
156692
156811
156936
157008
157203
157248
157333
157531
157621
157739
157941
158016
158148
158189
158311
158393
158455
158523
158598
159369
159372
159512
159737
160151
160390
161121
161590
161786
162149
162282
162535
162634
162889
163362
163571
163841
164159
164606
164733
164780
164782
165147
165419
165460
165486
165527
165634
165968
166046
166058
166796
167136
167415
167493
167559
167561
167724
168513
168639
168872
169130
169789
170213
170266
170379
170612
170892
171188
171547
171600
172513
172517
172680
173234
173845
173902
174046
174076
174367
174405
174434
174612
174724
174742
174772
174859
174965
175126
175285
175409
175634
175999
176022
176022
176373
176541
176749
176823
176974
177163
177411
177495
177528
177806
177993
178220
178222
178336
178630
178649
178979
178978
179213
179420
179569
179791
179831
180279
180304
180376
180721
180756
180782
180920
181211
181428
181594
181744
181764
181850
181925
181996
182071
182203
182368
182518
182663
182711
183077
183307
183915
184204
184374
184528
184682
184962
184988
185311
185514
185521
186089
187694
188097
188658
188736
188988
189460
189499
189497
189613
190126
190683
191018
191139
191211
191295
191513
191553
191844
191871
191912
192117
192122
192458
192481
192530
192558
192741
192791
192874
193382
193493
193818
194010
194211
194259
194451
194510
195005
195475
195526
196054
196469
196465
196631
196890
197498
197644
197847
198005
198117
198354
198436
198478
198538
198746
198954
199036
199199
199216
199244
199388
199464
199843
199885
