102.63
309.19
783.64
1187.41
1307.48
1395.19
1494.28
1529.59
1914.48
1994.03
2131.2
2550.54
2927.35
3072.13
3673.77
3998.2
4215.5
4513.97
4729.64
4927.02
5729.58
6025.97
6302.04
6333.14
6354.82
6381.27
6601.59
6654.01
6980.33
7077.37
7832.05
9063.9
9187.4
9543.71
10597.3
11415.4
11516.1
11605.5
11746.6
11820.5
11857.4
12524.2
12736.5
13069.6
13311.8
13330.8
13360.6
13734.8
13759.5
13766.3
13797.3
13866
13997.3
14160.7
14202.2
14461.7
14638.7
14945.7
14976
15124
15478.7
15522.1
15801.6
16146.8
16390.7
16472.2
17234.8
17512.1
17724.7
17987.6
19012.4
19214.3
19259.6
19421.4
19945.1
19963.8
20432.7
20584.4
21028.3
21195.9
21291.4
21721.4
22354.2
22547
23611.4
24056.9
24658.3
24680
25017.7
25515.4
26096.6
27704.8
28223
29153.6
29364.7
29377
29593.7
29723
29860.1
30108.9
30148
30358.3
30543.9
30547.8
30739.9
30764.2
31227.2
31503.8
31605.9
31645.4
31929.5
32030.1
32364.8
32684.8
32818.8
32999.5
33069.5
33663.7
33798.6
33842.7
33879.7
34052.2
34277.8
34546.2
34778.3
34867.5
34968.2
35089.2
35326.6
35388.5
35513.3
35703.7
36071.1
36136.5
36453.8
36679.2
36700.7
36981.8
37211.2
37779.1
37918.2
37968.2
38027.2
38059.5
38154.4
38443.3
38993.5
39268.3
39939.2
40824.8
40926.8
41048.5
41697.8
41867.8
41973
42292.5
42370.8
42394.9
42814.3
42881.8
43541.3
43739.2
43802.2
44086.9
44320.1
44498.8
44596.2
44751.4
44869.4
45150.7
45549.6
45753.7
45982.9
46854.3
46960.7
47965.1
48394.7
48564.6
49331.4
49668
49811.1
50200.8
50398.1
50498.7
50659.6
50851.1
50864.6
51654
52699.2
52913.8
52955
53053.1
53275.3
53660.1
53715.6
54542.3
55751.2
55957.4
55970.8
56405.9
56551.5
56621.1
56687.8
56752.4
56751.7
56828.4
57237.7
58840.8
59588.1
59677.2
59774.7
59840.3
60081.2
60205
60267.3
60443.8
61724.7
62500
62579.1
62694.4
62907.8
62949.5
63091.1
63199.6
64565.9
65447.3
66215
66245.1
66885.6
67881.5
68218.4
68645
68842.2
69142
69279.9
69583.9
69645.3
69961.7
69979.5
70104.6
70150.2
70438.8
70682.3
70720.6
70730.3
70828
70833.9
70887.8
71347.8
71473.1
71605.1
71895.6
72010.5
72111.7
72464.1
72636
72705.3
72743.2
72986.1
73214.8
73691.3
73981.1
74105.5
74173.2
74286
74558
74590
74765.2
74952.2
75039
75050.7
75262.9
75587.1
75655.9
75814
75832.7
76380.6
76390
76486.5
76511.6
76894.5
77034.2
77072.5
77231.5
77294.7
77557.9
77586.3
77797
78013.1
78034.3
78330
78402.6
78462.7
78610.5
78755.2
78837.3
78859.8
78888.5
78975.5
79015.1
79158.2
79219.9
80408.1
80585.7
80655.4
80761.2
81234.8
81372
81447.8
81839.9
81933.1
82838.8
83284.8
83322.9
83638.9
83639.8
83951.2
84864.4
84913.3
85244.8
85409
85444.1
86355.8
86781.4
87453.3
87596.3
87653.2
87848.8
87908.7
88115.1
88349.3
88737.7
88902.2
88950.4
89192.9
89274.5
89523
90142.2
90276.2
90530.9
90571.3
91455.9
91627.5
91631.5
91801.2
92068.4
92177
92630.8
92845.8
93027.6
93043.3
93485
93801.5
93840.9
93869.3
94146.3
94417.9
94597.5
94788.4
95574.1
95638.8
95705.9
95829.6
95879.7
96061.8
96206.7
96367.9
96456.6
96489.9
96761.8
96829.1
97133.9
97158.5
97182
97226.8
97247
97879.4
98050.6
98140.4
98224.7
99169.2
99925.2
100676
100704
100710
101020
101091
101113
101553
101795
102017
102126
102214
102459
102642
102673
102799
103033
103198
103208
103308
103656
103669
103695
103730
104071
104240
104236
104352
104621
104698
104745
104808
105012
105102
105719
105864
105892
106251
106356
106529
106712
107009
107618
108003
108073
108386
108461
108520
108681
109052
109824
109894
110186
110260
110289
110577
110796
110985
111181
111200
111246
111904
112022
112281
112320
112490
112475
112534
113087
114125
114498
114908
115513
115713
116056
117545
117710
118011
118795
118865
118953
119450
119465
119966
120211
121259
122067
122615
122727
123034
123205
123356
124451
125241
125874
126548
126571
126639
126672
126761
126994
127120
127143
127466
127535
127751
127770
127935
128126
128150
128169
128278
128625
128940
129101
129137
129420
129442
130101
130337
130447
130627
130792
130906
131077
131275
131387
131779
132300
132385
132767
132814
132963
133374
133472
134524
135947
136302
136426
136545
136857
137174
137269
138049
138858
138841
139346
139528
139650
139848
139902
140778
140853
141041
141332
141544
141614
141676
141887
142004
142089
142240
142257
142339
142392
142554
142990
143084
143176
143730
143808
143979
144584
144637
144901
145171
145407
145634
145706
145761
145871
146173
146671
146800
146913
147092
147141
147313
147354
147535
147629
147959
148227
148327
148517
149122
149239
149725
149979
150453
150481
150817
151144
151207
151877
151876
152997
153824
154151
154392
154822
155073
155262
155824
157054
158081
158100
158252
158305
158714
158732
159058
159722
160046
160558
160710
161749
161846
161869
162275
162533
162538
162906
163085
163783
163864
164324
164480
164883
164904
165170
165343
165946
166126
166161
166373
166477
166713
167687
167791
167821
168310
168477
168505
168845
168870
169093
169276
169680
169840
170201
170401
170939
171197
171411
171584
171716
171892
172216
172502
172574
172835
173028
173445
173664
173733
173980
174041
174276
174564
174678
175029
175035
175128
175479
175483
175589
175877
176011
176099
176377
176566
176805
176931
177016
177037
177117
177166
177171
177474
177503
177597
177752
178109
178690
179080
179145
179219
179469
179643
179980
180000
180037
180136
180380
180486
180533
180553
180622
180671
180877
181035
181145
181326
181587
181805
181921
182049
182210
182237
182264
182797
183080
183280
183521
183850
184026
184047
184080
185129
185268
185713
186087
186309
186374
186400
186552
186610
186687
186765
186982
187261
187794
188201
188350
188534
188600
189748
190050
190092
190672
191595
191773
192160
192182
192339
192377
192420
192492
192565
192598
192822
193042
193179
193269
193890
194018
194297
194322
194320
195344
195555
195759
195889
196686
196784
197141
197156
197416
197572
197724
197764
197969
198091
198222
198418
198715
198716
198864
198881
199066
199181
199505
199721
199812
199973
