1344.01
1485.61
1942.45
3167.23
3941.4
4544.4
6391.88
6930.68
9694.6
10702.1
11101.7
13065.1
13607.2
14403.2
15371.8
16427.5
18584.1
19026.2
19307.1
20875.8
20932.7
22852.1
23162.4
25087.1
26868.9
28116
28356.4
31103.4
31706.1
32546.6
33258.4
36326.8
36877.6
37449.2
38140.5
38907
38947.7
39322.8
39834
40052.5
40873.4
41264.3
41787.3
43709.3
44079.7
44663.1
45844.9
45904.4
46339.4
47576.1
47946.9
48732.9
50370.6
50541.2
50631.2
51766.2
52281.2
52690.1
53991.8
54039
54353
54587.6
54629.7
54662.8
55036.6
55151.1
55663.9
56252.5
56856.4
57122.6
57797.9
59406
60471
61551.3
62010.5
62934.1
63458.5
64690.7
65798.3
66108.5
66164.9
68058.4
68688.5
68844.7
69846.2
71569.3
73933.5
74284.4
75378.9
77401
78413
79057.4
80011.6
80158.8
80323.1
80970.9
80997.9
82057
82408.2
82509.4
82613.5
84252
84647.3
85272.2
85620.4
87422.6
87572.2
88240.3
88544.1
88664.1
89107.3
90909.9
91183.8
91658.6
92152.6
92172.6
93711
94089.1
96030.7
96400
98343.3
98720.2
99206.1
100037
100391
101138
103174
103311
105824
106246
108594
109328
109376
115487
116542
116800
116830
117701
117821
118005
118371
118422
118450
118673
118940
125428
125535
125605
128104
128669
128782
129215
129564
129840
129895
131019
132227
132689
133713
133853
134200
134241
134324
134460
135635
136477
136820
138014
141520
143028
145562
145974
147928
148345
148732
149688
150395
150747
150848
152704
152964
155076
156010
157027
159218
162027
164601
166622
167158
167194
169984
172672
172763
173018
173474
173790
174191
175630
175715
175852
177735
178049
178549
178768
178980
179426
182376
182474
183784
184829
185154
185664
185903
186943
187738
188474
189551
191297
192013
193160
195263
196566
198637
198650
