649.46
1041.87
1119.04
1648.05
3636.82
4246.73
4262.77
4587.91
5206.6
5211.47
5955.82
6036.5
7515.81
7635.08
8536.06
8588.93
9276.55
9975.73
10098.4
10181.4
10420.1
11623.2
11899.3
12979.6
13268.3
13686.7
14762.6
15091.4
15215.8
15589.7
17298.4
18152.3
18276
18558.3
18899.2
19082.7
20493.8
21112.6
21590.9
21992.7
22007.4
22029.4
22602.3
23653.2
24180.9
24935
26015
26748.5
27056.4
27219.1
27489.5
28457.7
28863.5
29167.3
29186.3
29736.2
30402.9
30431
31238.2
31234.7
31382.4
32125.3
32277.2
35961.4
36677.9
36697.5
36719.6
37309.3
37610.9
37721.1
38131.7
38482.9
38668.2
38714.1
39436.5
39623
39863.7
39977.8
40003.9
40355.6
40695.4
40733.1
41527.5
42576.6
43076.9
43954.7
44635.1
44960.3
45026.4
45599.5
45826.3
46239.2
46576.3
46967.8
47127.4
47563
48048.5
49083.3
49959.6
50356.7
51190.5
51262.7
51786.8
52136.5
52394.9
52594.4
53318.9
53581
53641.6
53762.7
53793.1
53878
54178.8
54511
54880.1
55207.5
55307.8
55512.2
55705.3
56301.9
56367.6
57092.3
57199.5
57950.7
58942.8
60287.1
60746.9
61472
61651.1
62396.9
62989.2
63119.9
63713.5
64079.4
64092.4
64285.5
64548.1
65032.2
65099.3
65615.6
65724.4
65828.2
65866.8
66430.3
67238.3
68175.6
68838.1
69112.4
69208.6
69507.6
71506.5
72482.4
72750.1
73137.4
74195.9
74230.5
74895.9
75094.8
75317.3
75737.7
75758.7
76115.1
78083
79593.9
79683.4
80159.4
80941.6
81175.7
81636.7
81742.8
82389.9
82716.6
83909.7
84341.9
84857.5
86704.1
86752.4
87041
87859.9
88160.5
88818.5
89740.3
91056.3
91271.4
91501.3
91539.9
91977.9
92402.4
92593.6
93923.2
94233.8
94324.9
94736.1
94760.9
95254.8
96306.7
98229.3
98913.5
98928.9
99660.2
99728.2
100483
101025
101372
102598
103128
103201
105487
105708
105901
108092
108860
109361
109754
110786
111579
111928
111944
114541
115409
116399
116547
117313
117496
117651
118161
118193
118241
118556
119148
121533
121724
123553
123684
124408
124979
125097
125386
127556
127880
127933
128165
128562
130256
131301
131493
132527
133245
133593
134465
134748
135830
135951
136374
136524
136743
136969
137919
138471
138541
140521
141358
141391
142016
144106
145161
145368
145806
145994
146077
147775
148100
149484
149533
150155
154252
154893
155255
155766
156466
156561
156795
157099
158900
159449
159978
162329
163923
164380
166176
166568
166987
168594
169050
169542
171917
172286
172882
173872
173895
174324
174620
174815
174837
175260
175443
175484
175514
176837
177488
177977
178426
178677
179024
179759
180629
181234
181762
181930
182147
183066
183411
183431
183839
184479
184624
184920
185222
185377
185649
188005
188819
189313
189698
190783
191086
192694
193768
194728
197335
197408
198054
198347
198526
198882
199707
