1213.93
2192.71
4085.32
4969.57
6314.1
6425.13
6690.21
6981.22
7960.41
8004.97
8930.56
10157.8
10741.4
11375.8
12739.7
13291.8
13981.4
15030.7
16102.2
16135.9
16441.6
16587.5
16789.5
16952.8
17194.8
17295.2
17486.7
19681
21892.3
22129
22262.1
23397.3
24725.5
25531
27499.2
28688.4
29855.2
31403.3
31860.2
32084.6
33142.5
34122.4
34423
37705.4
40251.2
43362.9
43558.5
43798.4
44790.2
45127.8
46048.9
46435.8
46610.7
46853.8
47553
50222.6
52394.1
52566.1
55596.9
56254.4
57123.7
66787.7
67178.2
67503.3
69179.4
70758.2
71065.3
74278.3
76701.3
77505.3
78559.3
79434.5
80365.1
81146.4
82247.7
84341.2
87125.9
88693.6
90141.8
91671.5
92090.9
92627.7
92865.2
95405
96873.6
99183.2
99979.1
101969
102431
103506
108553
109206
109415
109718
109809
110317
110708
111895
112515
113131
114041
114056
120929
123522
123543
123810
124176
125645
125789
125943
126076
140291
143607
146691
147679
150788
153016
153295
156580
158272
158665
160749
162409
163519
163904
164950
165293
165826
165882
166171
166495
168188
169801
170302
170525
170840
171345
171388
171822
172086
172244
172303
172619
172632
176572
176788
176929
177426
177786
181576
181597
183200
183949
185742
186036
188185
188421
188562
188684
189477
189925
189955
190072
190184
191767
193041
193691
195543
196142
198545
199748
