707.47
2553.56
2926.46
4915.97
5712.99
7684.74
10152.7
10311.7
10926.8
11197
12233.8
13057.5
13323.6
13751.9
16135
16601.6
17072.6
17696.1
18417.3
21497.1
25145.9
27848.8
28086.9
30889.3
32349.7
33568.6
33741.8
36543.4
39510.3
39612.9
40863
42498.7
42702.5
43325.1
44227.9
47452.4
48457.6
49975.6
50181.6
51113.5
51760.4
52203.3
52425.5
57935.4
59355.3
59991.7
64274.5
65145.9
66033.8
69814.9
71311.3
73195.1
74509.3
75991.2
76982.4
80540
82167.5
84483.2
87596.1
88589.5
91605.7
93202.8
94557.2
98173.8
99643.3
100948
107044
107912
111296
114199
115098
115956
116081
117286
118587
119187
119464
120363
120425
121770
122397
124768
125236
125539
125811
126455
126901
127895
129866
131097
132576
132957
133433
135679
137516
138416
138489
138594
140605
141831
142909
143363
143796
144602
146978
148834
150598
151607
152222
152590
154021
154237
154401
155755
157800
159104
161055
161839
162452
164299
165666
166601
169572
169685
172970
174013
174372
175539
176249
177879
179227
179460
181500
181701
185294
187682
188056
189428
194441
195616
196388
198068
198291
198982
