271.9
585.85
3295.33
3912.78
4377.17
4444.27
4620.64
4796.62
4853.25
5835.14
6753.41
7290.3
8284.93
9313.57
9621.81
9749.98
12118.6
12274.5
12508.7
13256.4
14263.4
14763.5
18373.2
19063.1
19112
19525
20487.3
20492.2
21124.2
21308.3
21689.6
21971.7
22554
25784.1
26848.5
27159.5
27480.1
27814.5
31160.3
31624.5
32169
32270.5
32485
32607.8
33122.8
34633.5
34671.2
34682.9
35459.5
35670
35943.3
36155.8
36972.8
37184
37449.9
38152.1
39000.3
39844.5
39951.8
40039.5
40142.1
40389.2
41758.8
45787
49027.2
49110.2
50642.8
51307.4
51562.7
52836.1
53406.5
53713.9
54086.7
54726.9
55240.9
55955.9
57056.6
58206.2
58490.6
59380.6
61257.2
63903
65302
66584.5
67965.7
68011.7
68663.3
70112.1
70528.4
71085
71878.7
72299.2
75189
75712.3
75977.3
78563.6
79400.4
79753.7
79945.5
79985.3
80197.9
80701.2
81518.7
81869.1
81962.8
82453.5
83095.7
85597.7
86736.9
87182.1
87628.9
88200.4
88234.3
88251.3
88584.3
88738.7
92601.7
93929.9
95060.2
96666.1
97505.7
97765.9
98402.6
98539
99090.7
99161.2
100095
100411
100633
101429
102650
103954
104080
104824
104963
105154
106251
106775
107461
107756
108485
108596
108641
109283
109385
110029
110290
111017
111354
111500
113205
113247
113482
114592
114884
116044
116198
116457
116571
116779
117220
117375
118481
118586
119082
120158
121580
122261
124501
126830
128148
128182
130162
130471
131159
131837
132072
132070
133366
134773
135294
135630
137700
139173
140196
141302
141499
141876
143450
143839
144678
145167
145403
145391
147560
148488
149056
149332
149549
150042
150304
150598
150665
152075
153684
154019
155170
155606
156544
158747
158767
159563
159679
160096
160451
161617
161814
161841
163612
164766
165019
165664
166741
167144
167188
168972
170884
172664
173597
173925
174156
174249
174875
175754
177765
178457
179822
180771
181610
181689
182404
183698
184191
185325
186093
187314
187939
188184
188335
188758
188783
189110
191009
192016
192182
192552
193528
194718
195910
195943
196802
196932
197935
199361
