202.46
867.17
1288.56
2398.43
2838.68
3449.94
3957.2
4422.53
5521.83
5789.53
6304.76
6728.28
7372.03
9235.39
9949.79
10843.3
11310.6
12342.8
12847.5
13742
16146.6
16159.8
16518.8
17976.5
18483.5
18659.7
19033.6
20417.9
20782.3
21123.9
21913
22320.4
23570.2
24660.6
25111.5
25328.8
26547.6
26713
27356.4
28301.6
28607.3
28841.7
29148.2
30004.3
32010.4
32913
34231.2
34370.7
39430.5
40189.3
41655.7
41815.2
41893.7
42415.8
42580.9
42805.5
42977.7
42993.1
44686.3
46281
46490.2
49268.6
49649.2
49846.1
50413.6
51183.5
52099.4
52977.9
55827.5
57060.2
58542.5
58689.7
59161
60265.5
60779.9
61064.2
61182
61981.3
62141.3
62238.5
62703.2
64986.6
65196.4
65441.3
65765
67696.5
68120
68296.4
68326
69439
69592.8
70855.9
71848.8
72065.4
72611.7
72934
73563.1
73575.2
78137.7
79197.2
79470.2
79632
80415.9
81780.7
81911
82130.4
82844.6
82971
83003.9
83153.5
83178.6
83389.6
84238.1
84535.7
85988.8
86122.1
86606.2
87756.2
88578.8
89235.2
89614
91484.7
91982
94270.7
94423.7
94875.3
94994.7
95304.9
95662.2
97249.1
97859.5
98187.3
98665.3
99494.8
100361
101928
102118
102684
103012
104987
106533
106595
106797
107133
107342
110073
110122
110271
110398
112487
113818
113883
114235
114808
115779
116132
116943
118117
119074
120488
120590
120652
120934
120961
121288
121305
122799
122856
123120
123821
124090
124304
124346
124822
124974
125284
125626
125892
127038
129208
129580
130296
130600
131392
132093
132357
132430
132671
132939
133283
134145
134415
135092
135201
135711
136048
137330
137640
138163
138787
139452
139825
142366
142765
142839
142999
143463
143847
143858
146354
146886
147485
148191
148746
149946
150502
151663
151893
153621
154103
154154
154252
154984
155225
155280
155865
157061
157574
159085
159154
159712
159809
160677
161658
162552
162716
162922
163163
163503
164122
164348
164712
165074
165983
166265
166344
167204
167492
168097
168122
168645
169474
170021
170130
171719
171771
172013
172715
173928
175484
176433
176747
177083
179774
180195
181167
183744
185028
185086
186212
186322
186406
186921
187637
187905
188074
188836
189337
189435
189518
189772
190945
191407
193269
193693
193966
195787
196159
196570
197475
199106
