152.98
236.22
1097.02
1525.44
2508.55
2574.37
3383.58
4320.65
4495.38
4915.16
5048.8
5111.95
5180.91
5492.13
5633.09
6250.56
7504.61
8016.8
8119.75
8510.05
9756.24
9786.95
10330
10338.2
12438.3
12709
13460.7
13513.3
13661.9
13967.4
14066
14220.4
14514.6
14617.7
15097
17337.3
17651.4
18095
18424.8
18736.9
20158.5
20629.3
20657.5
20951.3
21181.9
21943.9
22788.1
22982.2
23124
23246.3
23275.5
29250.7
29603.5
30346.5
31288.9
32185.1
32933
33205.9
33821.1
33935.7
34034.6
34645.8
35307.7
36829.6
37592.5
38892.4
39100.3
39497.6
40314.8
40628.1
40736.8
40973.2
41021
41398.9
42004.8
43221.5
43245.2
43462.8
43755.6
44141.8
44263.7
44293.7
45489.9
46522.1
47765.1
48325.2
49026.8
51182.1
51437.8
51686.3
51715.5
51970.2
52030.5
52166.8
52668.7
52955.8
52970.1
53072
53572.5
53637.8
54433.2
54569.5
55698.5
55817.8
55940.8
55992.9
56261.2
56307.3
56454.5
56982.9
57339.9
57717.3
58142.9
58363.3
58798.3
59176.7
59686.4
59946.2
60007.1
60302.7
61985.1
62310.4
63155.7
63860.5
63943.7
63974.2
64906.1
65645.1
65748.7
66393.6
67920.3
68439.9
68450.5
69038.7
69137
69461.8
69819.7
70344.1
71178.1
71736.5
71802.5
71829.3
72405.1
72615.3
72806.9
73010
73126.3
73184.8
73180.5
73378.2
73618.1
73992.6
76231.3
77107.5
77559.9
78367.4
78586.7
79016.4
79047.9
79429.8
80344.5
80652.3
80790.7
81376.4
81755.7
82087.9
82977.2
83417.8
83648.6
84043.9
84211.9
84267.9
84894
85298.2
85477.6
85715.5
85779.8
86219.2
86812.1
86834
88997.2
90429.4
90900
91441.6
92632.7
93157.7
93245.7
93549.4
94183.8
94457.2
94738.6
94896.5
95827.2
97116.6
97617.8
98026
98783
98879.3
99285.9
99694.6
100132
100407
100520
100684
101023
103852
103862
105191
106048
106418
108454
109042
109280
109456
109736
109769
110217
112282
112671
113027
113159
113378
114197
114356
114945
115128
115265
115413
116144
116930
117778
118341
119261
119306
120147
120597
121859
122475
123316
123591
124078
124546
126625
127859
129185
129770
130281
131691
132198
132547
132819
133017
133177
133991
135285
135546
136528
137276
137477
138023
138232
138258
138655
139939
142607
144002
144516
144679
144956
145851
146342
146439
146749
147176
147333
147452
147650
147708
149438
152032
152620
152955
153194
153312
153453
154049
154277
154551
154634
154776
155989
156962
157429
157419
157728
158706
158861
159214
159315
159355
159812
160823
161009
161248
161501
162492
162651
162661
163255
163251
163400
163679
164162
164657
164976
165609
165780
165991
166302
166337
166850
167198
167914
168224
168786
169205
170533
170904
171416
171862
172129
172846
172962
173953
174130
174648
175189
175265
175452
175615
175964
176072
176128
176653
176753
178201
178308
178772
178880
179095
179618
179639
180066
180440
181838
184658
185548
185675
186138
186478
186697
187039
187072
187217
188039
188071
188168
188443
188559
190821
191758
192583
192631
193267
193609
193803
194275
194981
195345
195627
195678
195823
195909
196088
196372
197568
197782
198489
198833
198843
198902
199458
199659
