1313.45
1389.52
2877.81
2926.2
2955.17
2959.49
2965.92
3031.04
8867.74
8953.68
8984.71
8994.36
9001.54
9024.1
9048.33
9058.87
9109.77
9176.68
9203.4
9207
9223.53
9266.64
9290.71
9296.08
9305.96
10224.4
10274.5
11870.9
11958.8
12223.1
12232
12239.8
12290.4
12327.8
12341.2
12347.3
12349.4
12379.8
12381.6
12387
12394.8
12403.1
12418
12435.8
12449.9
12465.1
12479
12493.5
12506.7
12530.5
12547.8
12813.5
13139.8
13195.9
13258.5
13271.4
13298.9
14148.8
14663.3
14724.9
14926.5
15010.4
15045.8
15063
15121.2
15120.8
15136.7
15142.6
15144.6
15170.7
15174.9
15179.6
15192.9
15215.1
15220.6
15272.1
15270.4
15287.2
15323.1
15412.3
15475.4
15564.8
16030.5
16200.3
16228
16237
16257.7
16308.8
16321.8
17376.8
17405.2
17604
17751.4
19406.6
19450.9
19476.8
19498.3
19584.8
19663.4
19668.1
19695.7
20247.1
20256.1
20311.5
21613.7
21693
22370.6
22440
22469.6
22517.3
22545.8
22750.9
24262.1
24414.9
24654
24668.7
25187
25342.9
25351.3
25509.8
25520.4
25542.6
25580.5
25589.5
25628.4
25648.9
25653.9
25658.5
25664.4
25745.2
25752.2
25802.6
26000.2
27067.5
27657.7
27709.1
27716.2
27732.7
27734.8
27745.9
27758.5
27798.7
28022.1
28087.9
28094.5
28111.3
28114.6
28117.8
28118.3
28147.5
28247.9
28607.9
28664.6
28673.8
28701.5
28743.6
28804.3
29148.1
29177
29193
29197.5
29212.7
29227
29234.1
29248.4
29253.6
29271
29289.8
29299.6
29306.5
29312.5
29311.5
29420.4
29422.9
29435.7
29438.5
29451.9
29455
29463.2
29469.8
29467.5
29483
29501.2
29507.5
29524.6
29534.3
29540.9
29540
29548
29552.7
29557.8
29569.9
29574.9
29576.9
29578.1
29581.5
29582.6
29590.1
29595.2
29604.8
29617.4
29615.1
29623.1
29627.2
29622.6
29641.9
29648.4
29651.8
29660.3
29663.1
29692.5
29703.5
29700.7
29700
29701.2
29702.2
29709.8
29713.3
29733.3
29739.8
29768.9
29763.1
29774.8
29777.1
29785.2
29792.8
29796.2
29799.6
29810.2
29815.8
29809
29817.8
29827
29831.1
29848.3
29863
29882.5
29887.7
29889.3
29897.1
29901.4
29909
29917.6
29938.1
29939.5
29981.3
29995.3
29997.2
30002.4
30009.8
30017.5
30019.7
30023.1
30035.9
30037.2
30062.6
30066
30072.8
30073.5
30078.8
30083.1
30087.2
30096.7
30099.9
30101.4
30109.3
30111.2
30116.7
30119
30120.9
30135.4
30136.1
30155
30161.5
30169.3
30194.8
30228.8
30250.6
31376.2
31389
31421.5
31447.4
31452.1
31454.2
31466.5
31482.1
31496.2
31504.6
31511.1
31512.2
31517.2
31518.9
31539.8
31547.2
31551.3
31573.6
31578.2
31586.7
31594.8
31596.5
31600.8
31619.1
31626.3
31639.5
31644.6
31647.9
31651.2
32207.1
32408.2
32418.8
32445.8
32690.4
32768.1
32781.8
32785.8
32806.4
33261.9
33349.8
33429.9
33508.2
33791.8
33833
33881.5
34015.1
34030.6
34037.6
34049.2
34071.4
34112.3
34154.9
34171.4
34193.8
34207.1
34222.6
34228.5
34241.6
34250.4
34258.8
34261
34267
34270.8
34274.8
34280
34309.3
34324.6
34399.4
34462.8
34485.3
34489.5
34500.9
34511.4
34513.3
34514.9
34526.1
34533.6
34691.5
34821.7
34825
34829
34836.9
34847
34874.9
34879
34881.6
34967.4
35113.1
35123.6
35127.7
35154
35164
35412.8
35646.8
35740.5
36257
36260.7
36287.9
36326.5
36341.6
36350.7
36360.4
36377.3
36384.7
36423.4
36472.7
36506.3
36508.4
36554.6
37205.3
37226.9
37234.5
37234.9
37278.5
37298.5
37316.6
37361.3
37392.6
37405.9
37432.5
37437.3
37484.3
37498.8
37499.8
37503.6
37509.5
37516.4
37524.1
37525
37540.2
37568.8
37574.4
37592.9
37595.8
37846.3
37859.2
37860.9
37865.8
37888.6
37894.9
37912.7
37909.4
37924.1
37926
37926.4
37949.1
37982.8
38226.7
39025.5
39029.9
39037.8
39042.8
39049.5
39089.7
39113.5
39166.6
39167.5
39172
39173.9
39190.6
39195.8
39203.5
39213.7
39214.8
39228.9
39572.5
39584.2
39782.8
40281.1
40442.1
40693.5
40922.1
40956.3
40970.7
40987.9
41002.1
41022.5
41063.1
41080.7
41083.2
41084
41096.5
41123.2
41129.1
41166.5
41181.7
41191
41192
41202.4
41207.2
41219.5
41221.5
41241.4
41243.3
41260.8
41574.2
41780.8
41817.5
42399.8
42422.4
42489.7
42504.1
42515
42542.6
42879.3
42892.9
43292
43477.8
43482.1
43490.7
43587.8
43596.7
43605.2
43615.1
43619.9
43620.9
43625.8
43634.2
43638
43644.2
43642.5
43648.2
43651.1
43652.9
43659.5
43682.8
43684.5
43692.5
43728.2
43735.3
43737.2
43741
43746.7
43759.2
43778
43778.4
43800.6
43845.4
43861.3
43892.5
43900.1
43926.3
43983.9
43988.2
43990.8
43995.3
44033.7
44035.9
44046.2
44057.6
44062.8
44073.2
44088.8
44104.9
44105.7
44109.9
44123.6
44127.2
44131.4
44135.1
44149
44150
44156.4
44171.4
44175.1
44173.1
44190.6
44190.4
44193.8
44199.2
44209.7
44214.1
44223.7
44228.6
44552.6
44578.3
44579.2
44593.7
44597.1
44614.9
44630
44637.6
44644.3
44648.4
44652.7
44665.7
44666.7
44668.9
44678.4
44719.9
45030.7
45054
45483.8
45603.8
45655.8
45732.2
45754.3
45810.9
45822.4
45822.2
45831.7
45908.3
45923
45934.7
45955.8
45973.4
45975.3
45988
45989.7
45989.1
46012.8
46036.6
46038.2
46046.2
46052.1
46055.2
46058.5
46066.4
46070.5
46080.8
46090.2
46138.6
46143.3
46159.1
46164.8
46179.7
46189.6
46192.8
46198
46199.6
46220.5
46228.3
46250.1
46276.7
46279.9
46756.2
47386.4
47484.2
48179.3
48180.9
48185
48191.5
48201.3
48238.9
48262.3
48286.6
48356.1
49572.8
49697.9
50190.9
50189.1
50191
50201.5
50207
50211.6
50222
50233.3
50243.2
50257.9
50267.1
50297
50376.2
50387.7
50390.3
50396
50396.5
50406.1
50411.9
50429.2
50465.2
50470.4
50477.6
50479.2
50486.3
50497.1
50507.9
50522.3
50519.7
50546.2
50559
50565.8
50707.2
50825.3
50855.3
50877.6
50964.4
51154.1
51198.9
51259.6
51268.5
51269.4
51269.9
51298.3
51309.6
51312.8
51314.6
51338.6
51348
51556.6
51575.6
52505.3
52512.1
52523.9
52616.1
52644
52673.8
52715.1
52736.9
52780.5
52782
52818.2
52826.3
53070.2
53078.5
53079.9
53100.3
53116.9
53120.4
53129
53141.2
53143.3
53145.2
53162.3
53189.5
53383.6
53387.3
53451.1
53508.6
53518.7
53609.6
53638.8
53640
53642.4
53691.4
53706.7
53768.8
54272.4
54417.8
54424.1
54434.6
54446.6
54522.8
54534.2
54546.6
54555.4
54571.6
54583
54597.5
54602.2
54605.9
54613.4
54673.2
54744.9
54773.6
54789.8
55325.1
55429.6
55449.7
55649.4
55677.7
55723.9
55742.2
55778.6
55785.1
55825.2
56468.7
56526.5
56545.2
56641.5
58523.1
58601
58820.1
58981.7
59162.5
59583.6
60777.8
60805.8
60810.5
60820.8
61038.4
61046
61269.1
61276.6
61310.3
61316.7
61320.2
61361.8
61368.9
61459.8
61487.9
61554.4
61567.4
61574
61579.5
61587.6
61603.3
61605.5
61658
61658.8
61677
61696.2
61700.3
61708
61713.8
61734.9
61777.5
61784.9
61790.7
61792.2
61809.4
61816.4
61859.5
61898.2
61905.4
61949.4
61960
61970.7
62008.5
62021.2
62033
62046.3
62160.7
62166.5
62174.9
62183.2
62203.3
62208.5
62212.7
62221
62226.8
62229.6
62229.8
62245.8
62258.9
62267.4
62298.1
62300.5
62301.4
62303.7
62318.8
62334.8
62332.7
62341.2
62348.9
62357.9
62407.7
62417.1
62468.7
62472.6
62493.3
62491
62500
62511.3
62518.4
62546.9
62557.4
62567.3
62571.2
62569.2
62581.4
62583.2
62587.9
62592.5
62602.9
62611
62715
63140.1
63186.5
63237.2
63238
63394.2
63399.6
63407.9
63431.8
63441.4
63444
63452.7
63457.1
63490.1
63496.6
63505.9
63515.3
63524.7
63542
63548.2
63559.4
63561.6
63573.8
63605.4
63655.1
63661.9
63680
63676.2
63685.9
63732.2
63752.5
63761.5
63794.2
64174.9
65873.6
66568
66582.8
67079.1
67099.7
67119.5
67160.5
67166.6
67179.1
67698.9
68898.3
69305.8
69878.2
69903.4
69958.3
70087.2
70096.5
70109.5
70131.6
70133.6
70144.5
70153.6
70156.1
70182.7
70194.1
70199.5
70214.9
70237.9
70265.1
70370.4
70457.8
70491.7
70587.1
70609.9
70613.5
70613.9
70618.9
70628
70649.1
70664.7
70669
70678.5
70679.6
70693.2
70697.2
70733.2
70754.8
70761.8
70765.3
70801.8
70846.3
70851.1
70853.6
70850.9
70859.8
70862.5
70867
70874.8
70876.5
70880.9
70894.4
70891.5
70893
70906.4
70924.6
70972.8
70988.8
71425.2
71445.5
71450.2
71470
71580.6
71581
71600.2
71608.4
71614.6
71629.9
71646.8
71648.4
71649.7
71651.2
71720.7
71721.4
71722.3
71723.3
71724.1
71728.1
71728.9
71735.1
71743.4
71748.5
71756.5
71757.2
71760.5
71778.9
71780.9
71799.1
71813.7
71848.1
71849.3
71862.7
71864.2
71867.6
71981.6
72043
72096.6
72345.9
72355.8
72358.9
72362.5
72371.7
72385.2
72398.4
72407.2
72425.2
72434
72436.5
72438.5
72442.5
72447.2
72473.7
72530.5
72554
72560.5
72574.1
72581.3
72590.5
72620
72625.8
72634.7
72656.9
72676.6
72680.6
72683.9
72689.1
73060.4
73170.8
73168.5
73201.7
73196
73206.5
73213.4
73229.6
73283
74637.1
74669.9
75189.7
75414.6
75453.8
75463.7
75492.4
75498.1
75501.1
75529.1
75529.5
75550.1
75573.2
75597.1
75731.8
75867
75937
75949.8
75982.7
76179.3
76257.7
76429.6
76515.1
76714.6
76782.4
77063
77064.3
77070.1
77104.7
77528.7
77562.8
77565.1
78116.8
78289.1
78308.6
78312.2
78318.9
78328.5
78331.5
78350.6
78392.5
78402.4
78403.1
78403.7
78418
78448.6
78464.1
78524.6
78825.6
78870.2
78877.5
78878.8
78908.2
78917.5
78933.2
78960.5
79022.3
79074.8
79086.9
79091.9
79291.4
79424.1
79438
80487.4
80620.2
80632.3
80955.4
81137
81415.1
81816.4
81857.4
81872.3
81907.3
81938.1
82032.7
82549.2
82575.1
82615.6
82617.7
82624.6
82637
82649.9
82650.3
82654.5
82660.2
82684.4
82687
82695.2
82699.9
82710.9
82725.9
82727.6
82730.5
82740
82769.1
82786.3
82787.6
82798.6
82805.6
82808
82809.6
82821.9
82827.4
82836.6
82848.1
82852.4
82859.6
82863.6
82871.7
82879.5
82896.6
82910.9
82946.5
82965.6
82986.6
83001.5
83007.1
83007.9
83009.6
83014.3
83303.5
83304.3
83305.4
83323.2
83333.4
83405.6
83420.7
83427
83430.4
83433.6
83434.5
83473.4
83474.3
83476.5
83481.5
83488.4
83606.1
83651.2
83712.2
84864.2
85079.7
85163.1
85201.9
85210.8
85234.4
85770
85778.4
85796.7
85842.6
85864.1
85988
85993.8
87801
88212
88238
88273.5
88275.7
88286.1
88293.9
88302.2
88315.7
88316.9
88345.9
88362.8
88370.4
88374
88399.4
89222.6
89388
89391.7
89407.7
89928.8
92637.4
93836.5
93839.9
93908.8
94204.7
94265.5
94301
94305.2
94326.3
94342.1
94901.6
94905.1
96206.5
96222.5
96240.2
96255.4
96282.6
96308.4
96316.3
96382.9
96442
96454.7
96459.6
96487
96534.8
96605.2
96615.5
96647.9
96690.2
96813.4
96860.4
96928
97038.1
97126.1
97132.4
97167.8
97223.7
99100
99121.9
99165.1
99196.9
99245.8
99254
99310.1
99326.2
99485.3
99495.4
99521.1
99527.3
99555.6
99847.3
100054
100075
100090
100100
100104
100111
100122
100142
100149
100150
100174
100213
100255
100318
100616
101881
101904
101918
101975
101989
102028
102036
102061
102068
102082
102098
102517
102519
102597
102716
102770
102859
102938
102944
103084
103097
103106
103114
103135
103311
103324
103321
103363
103516
103648
103659
103665
104205
104270
104280
104375
105006
106224
106233
107093
107637
107675
107690
108594
108628
108691
108723
108728
108777
109645
111676
111697
111787
112733
113143
113147
113154
113166
113330
113423
113421
113433
113527
113587
113712
113908
116099
116123
116134
116206
116237
116289
116359
116362
116365
116418
116443
116450
116459
116473
116529
116558
116575
116613
116615
116614
116618
116662
116664
116715
116833
116843
116880
116894
116955
117043
117057
117095
117161
117241
117253
117304
117393
117425
117448
117459
117498
117539
117543
117580
117586
117589
117589
117601
117611
117628
117639
117669
117674
117678
117692
117711
117826
117928
118018
118040
118055
118081
118112
118193
118213
118253
118273
118519
118535
118540
118550
118625
118645
119111
119915
120405
120471
121761
122192
122234
122255
122259
122280
122318
122348
122380
122399
122413
122494
122564
122597
122603
122638
122659
122692
122703
122914
122930
123123
123767
123772
123813
123865
123868
123891
123899
123911
124479
124481
124509
124534
124551
124559
124557
124569
124602
124614
124730
124741
124763
124773
124839
124845
124869
124877
124900
124910
124958
124981
125023
125079
125105
125136
125365
125418
125446
125536
125938
126047
126063
126103
126369
126378
126415
126436
126468
126499
126606
126608
126624
126661
126780
126788
126790
126816
126855
126883
126885
126895
126951
126954
126960
126992
127237
127426
127466
127495
127516
127528
127543
127589
127773
127921
127956
127976
127978
127987
128032
128035
128039
128054
128078
128084
128137
128195
128199
128216
128254
128279
128312
128353
128470
128958
128991
129171
129189
129271
129273
129318
129374
129418
129511
129518
130022
130171
130200
130208
130236
130278
130298
130325
130402
130394
130418
130448
130465
130484
130533
130539
130554
130561
130575
130580
130585
130612
130603
130627
130620
130629
130635
130654
130643
130671
130673
130678
130697
130709
130751
130756
130796
131036
131058
131156
131815
131919
132054
132061
132063
132066
132077
134450
135933
136202
136350
136434
136449
136452
136530
136643
136860
136918
136981
137230
137261
137557
137562
137569
137599
137633
137638
137700
138467
138522
138543
138552
138565
138570
140396
142646
144082
144389
144640
145532
145624
145642
145882
146483
146674
146704
146713
146708
147817
147912
148026
150109
150162
152332
153438
153515
154200
154533
154598
155415
156414
158173
158228
158261
158273
158389
159411
161792
162098
162565
162839
163013
163133
166062
166305
170130
170165
170904
171888
171916
171973
171982
171990
172223
172526
172651
172687
172687
172903
172961
173261
173318
173362
173370
173397
173400
173435
173598
173753
173851
173944
173983
174176
174207
174212
174215
174260
174415
174448
174451
174525
174862
174872
175000
175052
175117
175177
175181
175575
175887
176150
176176
176255
176880
176892
176954
177651
177711
177753
177803
178355
178366
178407
178431
178483
178553
181599
181827
181939
182010
182389
182407
182476
182962
183000
183053
183075
183379
183408
183596
183698
183755
184136
184362
184409
184571
184775
185056
185430
185456
185495
185855
186151
186197
186562
186571
186595
186612
186667
186694
186702
186739
186860
186890
186961
186965
187064
187143
187158
187167
187252
187304
188066
188098
188158
188210
188327
188347
188355
188418
188544
188549
188552
188617
188823
189113
189262
189275
189297
189296
189556
190409
190430
190524
190566
190707
190824
191633
191691
191695
191731
191976
192030
192043
192283
192693
192800
194140
194152
194223
194226
194913
194991
195836
195839
197292
197409
197591
197667
197713
197732
198004
198055
198091
198119
198388
198782
199202
199235
201047
201150
201324
201651
202322
202702
203505
204067
204619
204738
204749
204834
204856
204881
204893
204925
204939
204952
204965
204986
205034
205040
205098
205508
206801
206804
206993
207019
207048
207098
207104
209002
209149
209480
209801
209911
209935
210231
210260
210275
210632
210874
210905
210928
211138
211163
211166
211174
211195
211205
211222
211236
211257
211271
211281
211292
211309
211328
211356
211381
211432
211490
211552
211681
211830
211839
211870
211882
211897
211909
211915
211940
211957
211987
212020
212190
212216
212256
212268
212927
212959
212971
214004
214027
214052
214060
214065
214068
214074
214117
214430
214781
214976
215006
215015
215101
215111
215116
215152
215181
215222
215225
215309
215684
215686
215806
215835
215857
215899
215924
215965
215999
216044
216204
216572
216636
216965
217175
217201
217212
217512
217621
217799
217842
218046
218124
218143
218154
218166
218171
218183
218196
218209
218221
218239
218252
218303
218305
218377
218838
218946
218972
219859
220145
220153
220186
220202
220236
220320
220864
221700
221707
221708
221714
221729
221735
221745
221771
221809
221883
222119
222325
222330
222346
222361
222417
222471
222475
222506
222521
222531
222540
222544
222622
222699
222696
222712
222704
222759
222767
222771
222787
222790
222805
222814
222816
222819
222826
222833
222840
222846
222849
222857
222862
222864
222870
222879
222883
222886
222888
222889
222903
222906
222916
222936
222981
223136
223840
223951
223943
223974
223988
223989
224001
224006
224025
224047
224050
224051
224058
224062
224080
224097
224869
224911
224922
224926
224917
224945
224925
224947
224949
224950
224952
224960
224989
225011
225062
225160
225162
225179
225185
225190
225198
225218
225224
225229
225239
225249
225260
225268
225270
225301
225286
225296
225335
225325
225339
225363
225345
225368
225370
225372
225389
225391
225394
225372
225400
225421
225423
225438
225441
225448
225450
225472
225477
225483
225498
225503
225509
225518
225530
225539
225541
225549
225551
225555
225570
225579
225585
225589
225596
225653
225655
225641
225644
225649
225655
225694
225677
225678
225679
225705
225683
225711
225713
225717
225718
225726
225727
225709
225736
225740
225719
225741
225743
225727
225734
225755
225744
225750
225764
225766
225769
225765
225783
225778
225787
225796
225827
225831
225835
225828
225830
225837
225851
225866
225858
225880
225882
225885
225893
225872
225909
225911
225912
225914
225917
225917
225919
225905
225937
225943
225947
225949
225957
225961
225964
225969
225956
225982
225985
225988
225971
225994
226001
226015
226019
225999
226048
226050
226054
226057
226060
226045
226068
226069
226073
226074
226079
226086
226086
226089
226093
226099
226102
226105
226111
226091
226114
226095
226101
226122
226127
226128
226154
226140
226145
226523
226589
226617
226619
226628
226631
226650
226651
226681
226681
226683
226687
226690
226706
226719
226727
226734
226738
226741
226743
226746
226747
226751
226751
226753
226772
226778
226781
226786
226792
226793
226796
226801
226803
226903
226933
226939
226945
226948
226989
226992
227010
227011
227020
227040
227048
227052
227053
227059
227061
227069
227081
227087
227093
227094
227099
227104
227106
227107
227115
227124
227131
227133
227135
227158
227163
227167
227179
227252
227305
227310
227343
227348
227381
227876
227967
228064
228097
228123
228125
228126
228128
228130
228139
228144
228153
228164
228164
228165
228166
228178
228179
228190
228193
228196
228201
228209
228215
228230
228233
228237
228242
228245
228256
228280
228290
228344
228347
228349
228498
228513
228539
228544
228578
228581
228601
228603
228606
228676
228686
228864
228915
228919
228930
228933
228935
228939
228962
228971
228973
228984
228995
229013
229157
229166
229256
229389
229408
229412
229415
229423
229415
229440
229443
229451
229473
229466
229490
229492
229495
229489
229501
229507
229513
229516
229512
229522
229532
229529
229538
229535
229549
229541
229543
229544
229560
229561
229577
229570
229575
229585
229582
229588
229592
229604
229605
229600
229610
229613
229610
229620
229615
229625
229618
229621
229623
229627
229631
229632
229643
229642
229644
229653
229655
229656
229673
229682
229686
229693
229689
229697
229700
229704
229704
229705
229710
229712
229716
229717
229735
229737
229737
229741
229748
229755
229760
229762
229764
229764
229768
229774
229780
229784
229785
229789
229792
229792
229794
229813
229815
229827
229830
229832
229836
229844
229847
229849
229854
229855
229857
229858
229859
229866
229884
229910
229913
229952
230027
230044
230050
230082
230096
230101
230460
230462
230472
230474
230475
230515
230526
230532
230532
230554
230555
230559
230565
230567
230572
230573
230578
230585
230616
230620
230621
230626
230633
230642
230647
230668
230670
230772
230774
230780
230785
230800
230846
230852
230855
230857
230869
230923
231019
231029
231038
231041
231044
231045
231047
231066
231072
231076
231087
231093
231119
231158
231174
231182
231247
231240
231257
231269
231296
231430
231515
231533
231602
231679
231897
231934
231954
232029
232069
232073
232081
232094
232113
232129
232133
232133
232149
232153
232166
232188
232204
232213
232219
232220
232577
232632
232696
232751
233104
233118
233368
233372
233375
233377
233380
233389
233397
233398
233400
233403
233405
233408
233415
233424
233430
233441
233443
233446
233452
233455
233462
233466
233473
233478
233486
233488
233489
233494
233502
233509
233514
233518
233519
233520
233540
233541
233543
233555
233559
233563
233570
233575
233578
233585
233587
233591
233596
233642
233655
233667
233671
233682
233709
233760
233777
234043
234148
234165
234294
234327
234346
234363
234408
234456
234463
234475
234478
234482
234487
234493
234494
234497
234511
234527
234532
234536
234547
235117
235210
236393
236404
236408
236410
236423
236425
236434
236441
236445
236451
236453
236465
236474
236490
236504
236669
236670
236696
236702
236727
236730
236738
236742
236745
236754
236759
236774
236780
236807
236811
236823
236829
236838
236854
236871
236882
236884
236902
236917
236925
236929
236931
236938
236940
236944
236949
236978
236985
237040
237047
237112
237097
237106
237116
237155
237210
237542
237586
237588
237590
237612
237615
237621
237626
237637
237646
237665
237677
237789
237817
237835
237848
237907
238143
238188
238197
238197
238205
238209
238218
238223
238233
238236
238237
238256
238257
238261
238275
238296
238627
238674
238680
238686
238719
238737
238741
238765
238769
238917
238950
238968
238987
238989
239004
239021
239012
239028
239036
239024
239039
239049
239058
239104
239478
239509
239515
239566
239587
239627
239645
239660
239667
239682
239692
239692
239708
239710
239722
239725
239728
239751
239753
239769
239780
239807
239812
239818
239822
239831
239872
239873
239879
239919
239979
240012
240016
240045
240073
240078
240160
240161
240222
240252
240255
240262
240265
240270
240277
240281
240284
240293
240302
240306
240308
240314
240317
240320
240324
240329
240334
240343
240353
240356
240364
240392
240405
240412
240429
240427
240450
240503
240578
240618
240644
240701
240708
240711
240721
240715
240724
240738
240742
240748
240763
240767
240773
240811
241681
242135
243399
243909
243924
243944
243955
243966
243999
244011
244028
244030
244032
244033
244036
244040
244044
244053
244069
244080
244085
244094
244097
244106
244116
244124
244132
244134
244155
244157
244162
244362
244384
244457
244495
244520
244533
244561
245377
245406
245456
245458
245462
245964
246269
246614
246819
247337
247340
247457
247479
247485
247503
247506
247532
247538
247559
247578
247590
247638
247670
247695
247719
247718
248654
248678
248692
248695
248701
248702
248708
248719
248723
248742
248743
248745
248747
248820
249642
249807
249838
249868
249903
249909
249973
249982
249993
250005
250006
250343
250344
250358
250391
250394
250415
250422
250432
250439
250458
250465
250473
250507
250509
250511
250527
250536
250565
250802
250803
250809
250813
250817
250818
250822
250827
250834
250836
250843
250862
250849
250856
250861
250863
250865
250888
250869
250871
250872
250875
250878
250883
250902
250884
250891
250900
250907
250908
250914
250919
250921
251000
251012
251016
251046
251733
251738
252182
252191
252206
252209
252218
252224
252231
252242
252243
252257
252271
252287
252304
252317
252341
252357
252367
252373
252387
252389
252397
252399
252444
252447
252449
252453
252461
252483
252498
252512
252517
252526
252528
252572
252584
252624
252681
252687
252733
252744
252751
252758
252763
252770
252776
252789
252793
252806
252811
252815
252822
252823
252826
252827
252829
252836
252843
252846
252865
252869
252871
253167
253180
253192
253199
253205
253210
253219
253238
253244
253247
253648
253949
253956
253973
253981
253985
253992
253999
254003
254013
254021
254027
254034
254070
254081
254114
254124
254132
254246
254249
254277
254283
254307
254336
254369
254545
254550
254562
254572
254612
254620
254958
254960
254973
254976
255001
255029
255046
255079
255091
255119
255121
255125
255140
255322
255362
255475
255498
255519
255522
255524
255539
255542
255564
255565
255579
255580
255588
255589
255641
255643
255667
255676
255681
255811
255819
255876
255917
255946
255932
255961
256047
256078
256270
256298
256334
256347
256408
256481
256458
256459
256496
256496
256533
256563
256566
256546
256585
256603
256629
256653
256682
256693
256707
256710
256740
256755
256783
256782
256812
256820
256924
256928
256988
256993
257018
257030
257046
257054
257066
257076
257086
257120
257123
257122
257147
257150
257135
257137
257171
257178
257208
257187
257217
257195
257202
257216
257231
257233
257240
257250
257269
257273
257276
257284
257287
257295
257308
257311
257339
257453
257652
257672
257674
257702
257706
257729
257748
257751
257785
257805
257804
257828
257831
257814
257841
257821
257846
257848
257837
257862
257868
257844
257874
257881
257913
257900
257904
257914
257915
257930
257932
257960
257939
257952
257963
257968
257976
257992
257997
258005
258006
258014
258017
258027
258029
258063
258066
258069
258112
258186
258194
258387
258389
258587
258594
258601
258604
258612
258616
258620
258627
258628
258656
258662
258672
258687
259212
259226
259253
259267
259278
259281
259296
259316
259308
259332
259337
259345
259363
259367
259377
259381
259385
259373
259403
259420
259446
259453
259460
259464
259493
260281
261130
261741
262630
262667
262678
262689
262710
262719
262722
262734
262740
262743
262748
262755
262763
262766
262775
262829
262835
262861
262880
262894
262929
262920
262952
262968
262994
262995
262998
263000
263022
263024
263007
263011
263037
263049
263073
263095
263113
263103
263129
263112
263134
263139
263125
263145
263154
263166
263340
263408
263430
263461
264534
264542
264558
264580
264602
264623
264628
264653
264683
264702
264755
264780
265148
265397
265825
265845
265858
265881
265895
265973
266043
266075
266119
266150
266145
266154
266177
266180
266196
266202
266208
266211
266219
266277
266312
266664
266671
266684
266728
266848
266859
266869
266920
267280
267312
267402
267824
268465
268482
268846
268859
268926
269224
269232
269244
269248
269264
269279
269351
269365
269397
269621
269665
270690
272045
273722
273728
273782
273792
273811
273830
273975
273993
274000
274033
274098
274183
274226
274329
274339
274346
274352
274368
274373
274373
274390
274392
274396
274406
274410
274415
274422
274662
274683
274744
274757
274771
274772
274800
274811
274934
274960
274976
275122
275218
275262
275342
275365
277475
277496
277653
277659
277699
277703
277731
277758
277774
277940
277976
277982
277993
277998
278006
278091
279208
279211
279216
279217
279227
279232
279236
279330
279341
279363
279367
279401
279411
279421
279437
279476
279567
279584
279638
279684
279781
279788
279791
279797
279827
279836
279849
279854
279863
279869
279885
279910
279918
279937
279951
279994
280062
280082
280096
280111
280131
280136
280204
280245
280286
280287
280328
280335
280538
280589
280597
280643
280656
280662
280671
280688
280721
280723
280746
280762
280766
280784
280910
280948
282731
282812
286069
286122
286165
286165
286175
286176
286656
286658
286684
286688
286715
286736
286765
286795
286811
286856
287149
287163
287465
287496
287566
287740
287747
287786
287791
287798
287819
287826
287828
287834
287851
287858
287867
287881
287908
287922
287930
287961
288021
288597
288606
288610
288647
288704
288713
288729
288757
288761
288775
288797
288822
288837
288841
288835
288857
288862
288879
288867
288908
289286
289344
289355
289464
289855
289891
289894
289895
289910
289914
289929
289946
289964
289966
289970
289980
289982
289998
290009
290011
290016
290025
290030
290075
290112
290138
290173
290621
290757
290806
290930
290944
291026
291029
291366
291407
291447
291464
291977
292031
292160
292171
292233
292381
292744
292748
292757
292764
292784
292795
292800
292810
293629
293645
293648
293714
293715
293802
293884
293879
293889
293926
293978
293985
293987
293985
293979
294002
293999
293992
294000
294015
294059
294114
294117
294118
294148
294188
294201
294243
294863
294876
294909
294913
294922
294927
294932
294962
294966
294989
295016
295022
295039
295056
295105
296224
296258
296266
296379
296666
296677
296731
296750
296757
296803
296810
296811
296823
296838
297139
298185
298226
300287
300539
300590
300607
300642
300683
300733
300742
300755
300767
300771
300783
301316
301367
301380
301402
301409
301445
301837
301981
303240
303247
303289
303318
303831
304011
304146
304226
304780
304955
304996
305016
305024
305075
305093
305489
305540
305983
306023
306055
306397
306412
306456
306567
306637
306692
306766
306945
306996
307027
307039
307274
307379
307403
307435
307562
308508
308795
308824
308843
308845
308946
311035
311820
311994
312004
312309
312844
312890
312896
312944
312972
313036
313069
313087
313095
313104
313128
313141
313265
313259
313276
313393
313397
314657
314695
314717
314746
314823
314979
315056
315046
315091
315101
315143
315242
315335
315886
315966
316840
317429
317723
318694
319053
319208
319322
319629
319773
319795
319835
319980
320052
320062
320118
320134
320248
320253
320256
320332
320547
320645
320869
320950
321007
321082
321184
321313
321390
321386
321404
321459
321465
321495
321501
321545
321574
321596
321757
321874
321858
321886
321933
321967
321976
322040
322078
322097
322122
322168
322187
322200
322208
322319
322473
322497
322568
322809
322846
323099
323109
323263
323295
323307
323346
323351
323371
323378
323496
323645
323651
323680
323993
324002
324063
324098
324105
324127
324139
324161
324208
324286
324307
324617
324648
324657
324719
324735
324743
325447
325508
325608
325672
327491
327907
328678
329392
329410
329463
329500
329616
329631
329735
330406
330531
330538
330599
330607
330623
330656
330658
330660
330710
331166
331207
331247
331257
331265
331266
331286
331333
331348
331377
331384
331409
331413
331416
331458
332675
332741
332789
332790
332822
332824
332870
332894
333043
333290
333301
333835
333841
333852
333906
333921
333975
334001
334055
334076
335215
335686
335779
335899
338431
338691
339094
339982
339990
340024
340029
340038
340063
340076
340095
340723
340805
341057
342431
342454
342526
342536
342540
342567
342568
342625
342638
343397
343712
344008
344076
344086
344103
344155
344598
344634
345181
345198
345206
353190
353961
353979
353985
356287
357406
357648
357663
357667
357672
357682
357690
357692
357704
357748
357750
357753
357761
357776
357846
357848
357859
357860
357868
357880
357901
357902
357905
357907
357916
357924
357933
357949
357973
358048
358154
358178
358205
358209
358234
358258
358261
358267
358274
358282
358285
358287
358293
358967
360500
360743
360777
361075
361090
361094
361110
361123
361124
361133
361173
361318
361356
361370
361383
361963
361979
361981
361988
362002
362020
362029
362034
362294
362316
362387
362510
363036
363046
363167
363344
363385
363372
363386
363392
363394
363402
363510
363545
363627
364378
364394
364415
364421
364428
364459
364477
364507
364530
364790
364831
364839
364840
364849
364875
364884
364897
367484
367531
367642
367682
367683
367702
367711
367717
367718
367720
367721
367741
367755
367793
367854
367980
368093
368532
368520
368614
368682
368715
368780
368789
368811
368825
368846
368868
368970
368984
368992
369007
369021
369038
369057
369038
369042
369081
369085
369092
369110
369302
369532
369554
369547
369593
369608
369650
369697
369737
369746
369762
369762
369791
369794
369805
369825
369844
369847
369856
369878
369883
369926
369932
369942
369970
369973
369993
370020
370027
370033
370034
370035
370041
370045
370049
370079
370080
370085
370097
370108
370137
370206
370475
370491
370509
370523
370520
370531
370580
370632
370644
370653
370658
370702
370704
370798
370910
370924
370930
370937
370948
370951
370958
370979
370987
370988
371000
371003
371012
371056
371037
371268
371353
371491
371504
371508
371518
371530
372352
372524
373318
373331
373340
373371
373362
373367
373375
373381
373389
373395
373426
373435
373439
373444
373449
373463
373474
373485
373490
373522
373531
373532
373559
373570
373575
373586
373645
373723
373771
373785
373805
373837
373850
373855
373881
373888
373904
373906
373949
373972
373981
373984
374035
374068
374132
374170
374685
374697
374869
374888
374894
374896
374907
374914
374928
374931
374993
375039
375091
375102
375108
375139
375140
375144
375165
375169
375173
375194
375212
375201
375212
375228
375232
375233
375236
375241
375245
375248
375254
375261
375278
375285
375286
375340
375345
375352
375359
375368
375403
375409
375415
375430
375436
375531
375577
375618
375781
375790
375818
375821
375831
375858
375863
375881
376428
376453
376486
376565
378623
378685
378776
379475
379498
379510
379561
379639
379806
379814
379936
380019
380148
380228
380261
380386
380440
380442
380529
380754
380849
381498
381925
383147
383167
383296
383339
385763
385852
386838
391534
391564
392007
392035
392100
392128
392135
392905
393045
393130
393184
393248
393418
393469
393494
393573
393668
393938
393994
394033
394133
394144
394154
394158
394174
394212
394213
394218
394224
394243
394257
394268
394354
394378
394447
394480
394622
394725
394821
394995
395003
395038
395054
395066
395087
395374
395402
395414
395410
395413
395594
395612
395650
396084
396138
396160
396169
396171
396184
396189
396207
396224
396226
396237
396239
397036
397159
397231
397248
397635
397668
398015
398027
398036
398338
398818
398835
398900
399007
399023
399027
399035
399045
399077
399200
399351
399348
399375
399397
399409
399401
399417
399445
399467
399462
399473
399476
399479
399486
399536
399945
399997
400208
400372
400451
400777
400783
400785
400884
400940
400991
401184
401196
401213
401237
401262
401277
401289
401293
401316
401328
401343
401349
401377
401381
401506
404899
404946
404988
405069
405066
405081
405247
405273
405501
405540
405550
405781
405798
405811
405898
405906
405922
405934
405962
405965
406072
406087
407382
407893
407901
407909
409401
409480
409481
409484
409487
409492
409493
409494
409500
409504
409506
409511
409550
409563
409595
409609
409621
409682
409752
409963
410314
410439
412517
413857
414542
414675
414685
414837
414915
415148
415160
415220
415724
415872
415877
415886
415893
415942
415947
415978
416017
416078
416092
416105
416111
416121
416123
416130
416140
416155
416169
416160
416238
416318
416286
416444
416537
416689
417166
417662
417666
417831
417879
418990
419594
419595
419721
419792
420006
420677
420759
420851
421417
421420
421451
421455
421512
421526
421572
421605
421681
421926
421964
422065
422072
422078
422096
422110
422129
422168
422178
422195
422207
422227
422228
422238
422241
422284
422285
422342
422476
422627
422628
422637
422807
422831
423059
423089
423106
423103
423143
423144
423148
423228
423225
423226
423243
423286
423293
423335
423348
423358
423368
423379
423439
423551
423615
423643
423644
423657
423930
423963
423985
423998
424001
424024
424026
424029
424060
424093
424095
424105
424133
424170
424281
424291
424309
424343
424499
424558
424654
424941
424984
425474
425520
425593
425607
425678
425856
426052
426261
426283
426328
426330
426452
426479
426634
428254
428298
428308
428309
428337
428407
428448
428489
428517
428521
428545
428836
429336
429362
429370
429372
429407
429449
429460
429470
429775
430099
430126
430159
430158
430174
430178
430178
430191
430208
430228
430233
430276
430329
430424
430460
430472
430540
430582
430592
430966
430971
431119
431123
431136
431437
431604
431864
431879
432125
432421
432455
432543
432593
432628
432711
432749
432851
433050
433567
433729
434326
434345
434362
434390
434398
434696
434736
434772
434817
434821
434825
434906
434943
434960
435001
435006
435015
434990
435020
435037
435045
435082
435109
435142
435150
435171
435235
435432
435438
435450
435466
435699
435849
436177
437336
437450
437925
437972
438057
438843
438852
438948
438977
438982
439061
439067
439167
439179
439198
439202
439214
439230
439547
439552
439589
439581
439584
439656
439742
439918
440705
440733
440712
440758
440927
440950
440966
441047
441070
441072
441105
441203
441245
441870
442300
442367
442378
442390
442427
442506
442576
442642
442672
442683
442743
442746
442770
442927
443612
443991
444146
444208
444470
446038
446047
446054
446063
446069
446079
446510
446547
446561
446568
446610
446618
447074
448111
448184
448230
448248
450182
450189
450213
450214
450231
450314
450322
451974
452128
452371
452442
452445
452450
452455
452523
452533
452542
452569
452601
452638
452652
452723
452727
453379
453399
453428
453439
453481
453500
453533
453541
453526
453575
453695
453680
453740
453760
453798
453802
453831
453868
453876
453920
453966
454174
454215
454223
454250
454278
454301
454799
454878
454971
455014
455053
455065
455106
455319
455527
455543
455547
455592
455614
455660
455686
455809
456002
456031
456034
456181
456528
457178
457302
457472
457638
457642
457934
457945
458327
458329
458368
458368
458441
458585
458883
458904
458929
458982
458989
458996
458999
459017
459005
459052
459048
459064
459052
459052
459074
459081
459098
459203
459204
459235
459241
459266
459261
459282
459272
459293
459314
459413
459421
459432
459436
459446
459500
459608
459616
459654
459672
459680
459696
459710
459710
459741
459767
459774
459778
459792
459866
459905
459914
460084
460142
460158
460172
460176
460185
460190
460229
460236
460240
460247
460250
460262
460265
460274
460299
460308
460312
460323
460346
460445
460502
460526
460532
460544
460590
460710
460727
460733
460792
460816
460830
460863
460909
460987
460991
461051
461114
461175
461184
461200
461890
461926
461938
461940
461944
461947
461963
461971
461973
461981
461988
461997
462020
462198
462202
462212
462445
462463
462466
462712
462728
462833
462847
462857
463736
464182
464304
464801
465175
465203
465313
465317
465339
465345
465349
465383
465386
465388
465400
465417
465432
465433
465449
465456
465542
466037
466069
466451
466633
466659
466852
466856
467150
467284
467559
467561
467562
467579
467585
467587
467591
467597
467599
467604
467614
467620
467622
467633
467659
467704
468283
468354
468376
468416
468426
468467
468607
468660
468671
469376
469385
469426
469435
469457
469459
469480
469484
469494
469496
469506
469511
469521
469523
469526
469544
469588
469599
469613
469615
469626
469629
469636
469665
469677
469681
469682
469693
469695
469702
469704
470567
470659
471129
471160
471171
471184
471189
471197
471199
471759
472022
472183
472191
472200
472201
472206
472208
472212
472229
472244
472269
472292
472303
472679
472690
472798
473223
473227
473244
473252
473260
473265
473284
473348
473361
473388
473393
473394
473404
473407
473414
473418
473421
473425
473425
473432
473433
473441
473448
473456
473458
473459
473461
473464
473471
473473
473474
473485
473498
473507
473529
473596
473604
473607
473615
473688
473687
473711
473726
473729
473740
474000
474038
474647
474955
474959
474962
476659
477835
479337
479367
479380
479398
479417
479440
479441
479447
479450
479466
479470
479484
479527
479802
479886
479903
480482
480486
480489
481575
481666
481683
481699
481717
481739
482289
482328
482351
482362
482375
482377
482396
482411
482656
482685
483903
483956
483966
483994
484003
484007
484011
484019
484043
484058
484038
484069
484108
484116
484117
484132
484144
484341
484486
484756
484763
484812
484852
484931
484975
485907
485908
485912
485927
485945
485970
485980
485991
485999
486018
486074
486753
486767
486802
486822
487742
487782
487795
487827
487839
487841
487857
487872
487885
487896
487909
487921
487937
488002
488052
488052
488069
488064
488099
488080
488110
488126
488143
488175
488242
488245
488257
488279
488331
488367
488413
488488
489101
489116
489174
489255
489279
489312
489320
489334
489346
489358
489367
489417
489429
489452
489480
489489
489491
489592
489686
489713
491739
491764
491838
492194
492218
492216
492292
492416
492472
492506
492545
492571
492584
492961
493032
493025
493062
493106
493124
493138
493151
493156
493162
493340
493379
493413
493422
493444
495014
495081
495089
495445
495717
495719
495752
495753
495771
495753
495757
495762
495779
495795
495811
495878
495856
495864
495896
495904
495945
495927
496001
496009
496088
496092
496102
496103
496124
496179
496198
496291
496301
496308
496316
496347
496392
497198
497664
497682
497691
497693
497757
497768
497772
497776
497783
497787
497797
497800
497806
497811
497818
497830
497836
497841
497857
497859
497883
497899
497902
497908
497913
497922
497929
497944
497963
497967
497972
497986
498006
498019
498032
498040
498046
498061
498082
498619
499670
499714
499730
499733
499736
499751
499760
499795
499798
499815
499817
499827
499832
499838
499845
499855
499863
499866
499868
499893
499900
499939
500012
500015
500209
500286
500317
500399
503723
504057
504213
504269
504472
504503
504567
504603
505616
505968
506700
507018
507066
507063
507150
507155
507178
507194
507205
507227
507239
507257
507282
509209
509607
510522
510661
510703
510716
510841
510852
510983
511124
512344
513833
513853
515176
516653
517952
518598
518775
518867
520974
521018
521053
521422
521525
521755
521912
522022
522253
522571
522855
523999
524004
524275
524402
524406
524421
524464
524467
524507
524513
524585
524615
524654
524723
524757
524798
524989
524982
525058
525077
525091
525115
525591
525635
525667
525700
525774
525798
525808
525826
525830
525828
525856
525929
526786
526817
526924
526933
526936
526984
527013
527039
527072
527661
527684
527690
527738
528247
528390
528438
528454
528466
528820
528824
529291
530449
530536
533142
533147
533249
533266
533364
533400
533540
533634
533657
533658
533663
533674
533694
534946
534974
535050
535712
535726
535929
536998
537992
538075
538100
538266
538336
538366
538403
538424
539594
539785
539968
541572
542281
543588
543856
544060
545136
545476
545526
545834
545959
546077
546258
546280
546286
546372
546380
546392
546404
546461
546461
546472
546484
546570
546795
546853
546904
547344
547626
547819
547821
547846
547880
547896
548010
548062
548079
548086
551551
551597
551669
551694
551708
551791
551914
551983
552810
552838
552859
552957
553013
553051
553488
553572
553618
553661
553687
553692
553703
553752
553836
553856
553933
553958
555174
557093
557725
558483
558501
558904
559011
559186
559669
559928
559931
559979
559987
560011
560031
560104
560110
560216
560966
561026
561154
563222
563256
563512
563571
563574
563583
563596
563696
563818
566252
566367
566373
566440
566499
566531
566557
566576
566735
566757
566899
567923
569143
569301
569317
569991
570059
570306
570309
570321
570352
570383
570451
570453
570458
570460
570604
570631
570638
570654
570699
570773
570925
570922
570946
570962
570968
570975
571423
571447
571477
571532
571565
571603
571622
571648
571671
571682
571759
571864
571957
572117
572121
572139
572154
572186
572236
576613
576647
576738
576744
576780
576793
576815
576846
576938
577310
577487
577508
577602
578658
578954
578955
578965
579006
579011
579017
579102
580323
580335
580350
580363
580390
580404
580429
580485
580517
580535
580580
580583
580611
580613
580616
580628
580630
580647
580648
580651
580655
580695
580699
580704
580729
580736
580740
580778
580812
580829
580958
580975
581014
581028
581159
581200
581447
581477
581495
581517
581532
581588
581621
581624
581722
581736
581745
581756
584396
585506
585534
585556
585609
585686
585758
585777
585822
586114
587457
588221
588848
590133
590242
590274
590280
590300
590301
590370
591351
591367
591418
591401
591407
591432
591449
591443
591453
591457
591476
591468
591474
591484
591489
591513
591495
591496
591510
591520
591527
591532
591562
591587
591682
592394
592474
592678
592860
592866
592870
592888
592903
593006
593023
593024
593068
593079
593074
593081
593082
593096
593101
593106
593114
593120
593138
593147
593148
593177
593173
593186
593198
593201
593208
593214
593215
593221
593222
593223
593225
593225
593232
593241
593242
593253
593281
593293
593305
593322
593338
593346
594074
594084
594944
595180
595211
595370
595427
595488
595503
595609
595628
595671
595897
596733
596798
597030
597039
597151
597237
598038
598077
598121
598133
598137
598143
598176
598386
598410
598466
598494
601283
601443
601495
601510
601506
601562
601593
601612
601682
601698
601734
601792
601964
602856
603562
604651
604688
604701
604762
604783
604834
604859
604907
605067
605227
605538
605581
605581
605620
605659
605702
605806
606352
607911
608301
608396
608588
608635
609275
609379
609403
609427
609435
609465
609473
609478
609490
609505
609510
609522
609526
609537
609542
609567
609575
609583
609647
609677
609692
609712
609763
609781
609800
609904
610009
610061
610116
610399
611723
611740
611875
611887
611897
612023
612377
612425
612445
612528
612549
613062
613508
613573
613903
614006
614073
614141
614230
614270
614321
614363
614373
614375
614444
614505
614510
614517
614531
614545
614558
614558
614620
614621
614652
614888
614921
614930
615054
615205
615665
615696
615978
616291
616391
616939
616968
617080
617092
617364
618020
618026
618071
618095
618379
618441
618723
618910
619044
620228
620275
620297
620322
620319
620330
620334
620590
620607
620664
620685
620707
620717
620721
620724
620722
620736
620741
620749
620746
620754
620769
620785
620826
620831
620907
621202
621752
621756
621873
622242
622458
622478
623094
623467
623473
623514
623867
624242
624250
624280
624287
624296
624571
624603
624773
625136
625240
628157
628171
628897
628954
629131
629146
629170
629188
629239
629250
629252
629296
629416
629668
629688
630079
630525
630630
630657
630700
630766
630777
630783
630855
632853
632970
633029
633037
633044
633052
633215
633239
633258
633341
633375
633388
633409
633426
633429
633434
633442
633464
633494
633504
633507
633513
633517
633519
633525
633734
633771
633797
633809
633814
634464
634505
634509
634526
634572
635127
635159
635190
635196
635205
635231
635452
635457
635641
635730
636483
636528
636802
636819
636898
638483
638556
639989
640017
640047
640048
643627
643890
643939
645982
646055
646101
646134
646136
647016
647075
647146
655049
656243
657746
658035
658644
659693
659727
659782
659792
659837
660038
660040
660045
660060
660061
660638
660706
660769
661156
661197
661233
661243
661265
661290
661601
661658
661735
661746
661788
661837
661842
661849
661892
662118
662105
662448
662572
662598
662629
662730
662770
663494
663709
664834
665193
668131
668202
668655
670458
670541
671597
672172
672229
672240
672266
672286
672295
672300
672315
672321
672357
672461
672463
672607
672615
672643
672654
672686
672697
672725
672733
672745
672830
672852
672916
672917
672936
672936
672955
672980
672981
673007
673037
673091
673131
673152
673207
673186
673309
673357
673377
673387
673826
674533
675100
675119
675552
677119
677612
678871
678884
678930
678942
678964
679379
679617
681214
681493
681548
681556
681578
681581
681589
681870
681910
681932
682099
682140
682142
682150
682173
682266
682274
682280
682351
682366
682467
682470
682477
682484
682501
682508
682535
682599
682971
683009
683797
683862
683872
683907
683963
683950
683962
683980
684024
684032
684017
684046
684038
684104
684145
684174
684208
684247
684272
684263
685049
685138
685505
685537
685529
685555
685548
685556
685590
685604
685602
685615
685622
685706
685714
685716
685780
686929
688173
689935
690333
691462
692444
692565
692882
692916
692927
692944
692935
692960
692952
693048
693081
693179
693228
693308
693324
693332
693709
696238
699255
699282
699286
699693
701108
701143
701158
701166
701167
701177
701186
701206
701231
701347
709471
709671
709822
709841
710525
710554
710584
712304
712310
712312
712425
712471
712474
712483
712553
712839
715224
715836
715956
716137
716901
716990
717197
717205
717209
717232
717252
718719
718750
718809
718904
718908
718998
719011
719022
720238
720263
720282
720386
721263
721622
721627
721664
721686
721714
721745
721963
721966
722000
722033
722244
722290
722302
725685
725985
726073
726207
726511
726913
726981
726995
727914
730026
730639
732313
732349
732368
732381
732559
732600
732603
732629
732613
732622
732638
732744
732752
732764
732812
732815
732846
732863
732867
732882
732894
732909
732989
733002
733169
733269
733358
733356
733349
733398
733459
733525
733553
733657
733689
733724
734541
734744
734778
734794
735383
735465
735515
735587
735601
735607
735619
735621
735653
735668
735686
735730
735760
735817
735927
736217
736256
736269
736335
736348
736379
736614
739544
739626
739627
740154
740596
740616
740619
740631
740656
740657
740674
740705
740711
740716
740756
740785
744684
744706
744708
744721
744796
744811
746397
746826
747599
749315
749798
749915
749925
749927
749939
750786
750857
751801
751829
751841
751888
751892
751907
751948
751987
752584
753052
753468
753783
754216
754234
754241
754307
754330
754854
755055
755107
755140
755209
756748
756763
756775
756792
756802
756809
759162
759488
759611
760075
760106
760474
760550
760821
760855
760875
760924
760894
760932
760935
760959
761019
761163
761156
762905
763285
765500
765590
766289
766467
766469
766952
766971
767016
767224
767266
767301
767345
767358
767517
767531
768012
768040
768064
768092
768123
768142
768172
768215
768226
768267
768312
768299
768327
768343
768331
768350
768341
768357
768363
768376
768388
768533
768736
768840
768877
768932
768949
768956
768963
768988
769027
769019
769044
769069
769109
769218
769481
770108
770325
770734
770942
770950
770958
771434
771451
771484
771503
771489
771541
771544
771548
771576
771610
771655
771661
771670
771693
771703
771706
771765
771775
771781
771782
771799
771816
771809
771811
771831
771830
771866
771881
771898
771904
771910
771955
771983
771988
772008
772027
772032
772034
772038
772118
772136
772201
772241
772283
772332
772344
772366
772357
772364
772400
772420
772435
772436
772461
772479
772482
772483
772505
772519
772521
772534
772546
772549
772556
772578
772596
772604
772640
772663
772695
772701
772726
772743
772800
772802
772803
772825
772861
772875
772885
772891
772896
772901
772936
772957
772960
772963
772966
772978
773003
773136
774300
774323
774548
775437
775439
775448
775452
775540
775591
775608
775660
775738
776101
776169
776196
776208
776328
776338
776356
776362
776381
776415
776557
776603
776764
776772
776791
776796
776866
776875
776881
776920
776994
777083
777174
777238
777466
777474
778026
778031
778023
778080
778120
778164
778713
778735
778815
778825
778877
778888
778883
779014
779131
779248
779273
779284
779364
779428
779473
779529
780028
780142
780173
780195
780203
780205
780216
780223
780224
780222
780248
780252
780259
780265
780297
780302
780343
780370
780412
780518
780522
780524
780568
780572
780584
780635
780648
780680
780698
780715
780848
780856
780858
780877
780864
780900
780896
780910
780928
780947
780953
780972
780973
780980
781005
781016
781055
781067
781092
781117
781185
781219
781469
781466
781489
781490
781528
781535
781545
781574
781568
781579
781585
781586
781591
781585
781594
781621
781632
781639
781687
781720
781729
782023
782081
782533
782543
782552
782563
782802
782817
782826
782830
784506
784509
784566
784691
784912
785399
787706
787707
787772
788878
788904
790281
791420
792280
792364
793265
793270
793272
793282
793423
793431
793544
794276
794286
795126
796187
796209
797826
797959
798349
798842
799766
799937
799984
799994
800014
800092
800110
800111
800124
800136
800222
801122
801513
801825
801825
801833
802666
802664
802778
802789
802806
802860
803010
803221
803273
803357
803430
803771
803793
803819
803828
803914
804050
804096
804159
804248
804252
804306
804317
804387
804399
804498
804858
804868
805079
805355
805866
805912
805914
805978
805982
805991
806003
806061
806112
807012
807049
807064
807067
807170
807181
807195
807212
807216
807228
807228
807240
807244
807247
807251
807257
807280
807296
807438
807426
807428
807446
807512
807545
807546
807559
807793
807822
807811
807853
807845
807893
808005
808026
808823
808924
808976
808979
808996
809191
809254
809356
809363
809396
809411
809412
809435
809433
809434
809448
809456
809484
809470
809486
809489
809514
809515
809517
809539
809557
809563
809566
809575
809611
809604
809631
809624
809688
809690
809728
809842
809846
809857
809887
809961
809982
809996
810002
810015
810066
810071
810102
810123
810469
810728
810864
810875
810994
811038
811093
811450
811483
811490
811705
814785
814794
814829
814881
814894
814896
814899
814904
814914
814935
814952
815138
815135
815143
815145
815146
815157
815181
815188
815197
815209
815223
815233
815245
815271
815272
815287
815300
815453
815598
815607
815862
815889
815884
815990
816186
816834
816850
816859
816861
816867
816870
816872
816874
816886
816904
816920
816926
817117
817172
817192
817198
817211
817279
817848
817861
817863
817959
817959
817971
817974
818016
818031
818032
818039
818050
818045
818051
818070
818160
818162
818188
818194
818199
818200
818205
818208
818214
818219
818221
818251
818259
818268
818274
818283
818294
818306
818342
818417
818548
818808
818835
818856
818881
818900
818911
818947
818966
818978
818980
818989
818991
818999
818999
819006
819010
819508
819510
819515
819518
819522
820015
820153
820497
820510
820520
820525
820529
820556
820579
820584
820595
820597
820603
820625
820627
820641
820651
820660
820688
820708
820818
820820
820860
820880
820898
820918
820928
820948
820983
821000
821007
821041
821052
821061
821061
821077
821109
821146
821171
821182
821275
821297
821307
823156
824020
824024
824027
824037
824044
824087
824126
824152
824156
824161
824252
824271
824361
824426
824418
824443
824496
824517
824548
824560
824594
824661
824761
824765
824779
824802
824806
824841
824857
824877
824933
824938
824963
825297
826030
826031
826039
826072
826075
826095
826125
826127
826176
826180
826334
826344
826343
826364
826365
826366
826410
826426
826429
826494
826503
826510
826532
826534
826544
826562
826631
826801
826808
826816
826830
826831
826838
826839
826842
826861
826871
826890
826893
826903
826916
828040
828089
828425
828503
828532
828542
828572
828606
828621
828638
828644
828660
828664
828706
828719
828722
828730
828753
828776
828786
828798
828826
828837
828839
828873
829083
829181
829209
829232
829244
829252
829250
829264
829255
829282
829284
829298
829301
829307
829308
829339
829345
829347
829349
829351
829364
829409
829423
829447
829435
829450
829549
829551
829557
829567
829740
829768
829771
829816
829824
829860
829923
829932
829953
830366
830392
830441
830448
830498
830564
830623
830641
830708
830758
830771
830783
830786
830802
830822
830841
830844
830852
830863
830866
830879
830883
830949
830961
830975
830982
830999
831004
831008
831031
831032
831036
831041
831047
831064
831146
831159
831197
831221
831220
831239
831300
831306
831449
831461
831485
831725
832230
832272
832614
832640
832744
832776
833348
833419
833445
833519
833546
834227
834262
834270
834274
834314
834323
834329
834385
834447
834560
834600
834602
834626
834631
834679
834687
834693
834708
834725
834768
834771
834771
834773
834773
834780
834786
834787
834813
834820
834829
834827
834833
834843
834849
834848
834851
834858
834859
834863
834868
834872
834877
834883
834889
834918
834925
834941
834949
834971
834993
835020
835024
835034
835042
835065
835103
835152
835170
835222
835225
835240
835251
835255
835272
835279
835289
835291
835346
835339
835363
835372
835374
835378
835403
835409
835423
835427
835443
835445
835470
835469
835474
835475
835484
835499
835510
835507
835557
835569
835586
835601
835608
835626
835630
835633
835641
835654
835676
835677
835688
835690
835691
835692
835698
835700
835708
835760
835759
835824
835867
836148
836192
836194
836205
836218
836230
836586
836627
836678
836699
836734
836753
836757
836836
836850
836862
836896
836901
836902
836907
836913
836924
836935
836947
836973
836987
837002
836989
836993
837005
837097
837099
837113
837118
837122
837166
837173
837193
837204
837331
837338
837352
837378
837519
837553
837607
837612
837633
837636
837653
837649
837665
837671
837672
837684
837692
837705
837708
837700
837711
837719
837727
837735
837743
837746
837757
837751
837788
837805
837920
838052
838097
838185
838192
838236
838246
838303
838308
838316
838327
838348
838409
838424
838438
838448
838553
838585
838591
838614
838606
838624
838638
838643
838655
838681
838856
839071
839074
839099
839138
839151
839468
839758
839760
839741
839813
839793
839842
839903
839931
839932
839995
840608
840769
840820
840833
840842
840865
840868
840891
840908
840950
843952
843959
843965
843970
843975
843997
844013
844038
844062
844068
844077
844099
844103
844133
844183
844219
844224
844262
844263
845694
845743
846625
846658
846684
846688
847736
847737
847833
847835
847835
847838
847846
847855
847900
847908
847955
848358
848365
848472
848572
848694
848695
848714
848775
848856
848857
848874
848885
848896
848915
848922
849006
849086
849731
849824
850103
850106
850410
850412
850421
850424
850432
850433
850435
850436
850499
850511
850664
850669
850679
850696
850776
850781
850788
850804
850811
850819
850824
850844
850856
850860
850868
850876
850888
850890
850900
850903
850910
850935
850944
850957
850970
850986
850990
850996
851011
851012
851039
851066
851085
851165
851659
851661
851672
851687
851705
851715
851718
851726
851746
851767
852356
852860
852871
853505
855571
855613
855822
855863
855872
855907
856005
856007
856027
856030
856050
856053
856060
856066
856068
856075
856086
856121
856123
856152
856161
856162
856285
856333
856402
856423
856426
856437
856464
856512
856984
857752
857780
857787
857790
857800
857831
857842
857856
857881
857863
857916
857938
857956
857993
858009
858031
858056
858063
858126
858137
858141
858147
858153
858157
858162
858163
858169
858171
858176
858189
858192
858208
858210
858212
858215
858229
858243
858255
858267
858275
858279
858281
858284
858290
858291
858295
858301
858305
858308
858322
858344
858377
858396
858407
858411
858415
858452
858470
858471
858485
858497
858509
858517
858549
858574
858598
858611
858617
858650
858662
858693
858725
858737
858748
858778
858788
858812
858823
858836
858847
858851
858860
858881
858895
858904
858907
858910
858973
859021
860033
860777
860786
860790
860797
860806
860813
860819
860823
860828
860829
860845
860852
860871
860882
860889
862123
862245
862250
862275
862277
862357
862363
862363
862370
862381
862476
862481
862488
862500
862504
862519
862528
862529
862730
862738
862745
862766
862774
863149
863190
863241
863255
864045
864121
864134
864165
864228
864621
864641
864699
864740
864757
864758
864789
864790
864832
864861
865036
865038
865058
865060
865063
865073
865096
865103
865138
865149
865336
865344
865354
865407
865493
865546
865557
865662
866025
866109
866151
866114
866146
866153
866170
866230
866261
866279
866282
866255
866273
866264
866267
866328
866277
866330
866279
866332
866284
866286
866302
866317
866319
866327
866386
866399
866418
866422
866425
866431
866451
866460
866461
866473
866478
866485
866492
866536
866585
866590
866572
866591
866587
866683
866684
866704
866713
866739
866755
866769
866772
866782
866812
866826
866830
866835
866840
866848
866860
866861
866871
866873
866882
866887
866894
866900
866903
866905
866906
866913
866915
866924
866934
866965
866965
866967
866973
866978
866984
866985
866988
866990
867004
867007
867011
867013
867015
867021
867035
867037
867039
867042
867042
867051
867052
867056
867057
867047
867075
867079
867080
867070
867085
867085
867104
867105
867106
867111
867112
867115
867121
867128
867136
867140
867145
867147
867164
867179
867182
867185
867197
867201
867207
867211
867211
867216
867217
867221
867230
867233
867234
867235
867242
867243
867245
867248
867255
867258
867259
867260
867270
867280
867285
867289
867291
867292
867297
867299
867302
867303
867307
867310
867311
867313
867315
867322
867336
867340
867347
867348
867357
867361
867363
867379
867387
867389
867397
867397
867398
867402
867403
867407
867412
867415
867417
867419
867419
867425
867425
867428
867432
867434
867436
867442
867456
867458
867462
867469
867471
867486
867493
867495
867497
867498
867506
867506
867508
867523
867526
867529
867545
867546
867548
867550
867552
867552
867556
867561
867567
867569
867572
867573
867575
867577
867580
867592
867592
867599
867602
867604
867620
867630
867637
867644
867645
867647
867652
867656
867677
867685
867686
867697
867703
867935
867938
867947
867961
867995
868008
868009
868010
868026
868030
868044
868045
868049
868055
868071
868098
868104
868106
868114
868116
868131
868158
868232
868337
868365
868417
868427
868434
868436
868482
868490
868545
868570
868898
868945
868977
869003
869350
869367
869378
869390
869403
869579
869655
869713
869702
869815
869911
870071
870072
870087
870096
870100
870102
870111
870112
870115
870129
870138
870144
870146
870149
870151
870151
870155
870157
870191
870194
870196
870197
870606
870774
870780
870836
870844
870886
870923
871425
871432
871445
871463
871467
871478
871480
871485
871490
871503
871507
871520
871526
871529
871531
871542
871549
871552
871571
871576
871606
871621
871624
872303
872314
872319
872321
872321
872326
872349
872357
872360
872365
872383
872387
872392
872394
872397
872406
872419
872436
872442
872447
872447
872456
872463
872478
872480
872487
872499
872503
872509
872513
872517
872522
872541
872543
872546
872548
872557
872559
872564
872572
872578
872582
872584
872608
872612
872619
872630
872631
872638
872647
872672
872726
873041
873052
873092
873388
873611
873747
873758
873775
873779
873799
873802
873806
873816
873817
873948
874020
874024
874026
874064
874082
874280
874312
874314
874328
874333
874342
874340
874354
874363
874361
874370
874382
874450
874529
874543
874543
874616
874626
874646
874664
874668
874675
874687
874731
874858
874868
874876
874891
874895
874897
874904
874912
874916
874934
874939
874946
874950
874962
874965
874968
874977
874982
874984
874992
875011
875013
875020
875025
875035
875038
875039
875060
875067
875090
875096
875107
875098
875104
875181
875214
875596
875643
875689
875933
875967
876004
876050
876051
876071
876072
876073
876074
876247
877039
877085
877093
877104
877110
877509
877555
877581
877590
877596
877607
877634
877638
877642
877650
877670
877671
877660
877700
877692
877708
877705
877709
877725
877715
877745
877755
877765
877803
877791
877798
877802
877817
877806
877820
877842
877845
877864
877866
878219
878274
878411
878653
878698
878744
878761
878783
878793
878818
878806
878818
878831
878858
878877
878880
878887
878891
878893
878894
878896
878904
878905
878909
878925
878927
878949
878958
878961
878979
878982
878993
879028
879043
879046
879069
879074
879089
879095
879110
879112
879121
879124
879135
879140
879145
879160
879165
879166
879168
879174
879175
879177
879192
879198
879199
879207
879213
879217
879225
879230
879245
879248
879272
879280
879289
879290
879340
879501
879503
879555
879581
879588
879598
879607
879616
879628
879632
879661
879667
879675
879675
879679
879713
879722
879725
879727
879732
879740
879742
879775
879787
879792
879796
879799
879816
879822
879828
879833
879843
879850
879853
879861
879873
879885
879891
879895
879904
879914
879938
879942
879951
879962
879974
879975
879984
879987
880010
880017
880019
880020
880028
880034
880039
880045
880060
880062
880081
880085
880096
880109
880109
880132
880143
880146
880154
880149
880162
880156
880171
880388
880394
880499
880546
880555
880559
880569
880590
880593
880601
880613
880627
880646
880656
880666
880673
880708
881233
881238
881262
881545
881548
881549
881582
881584
881585
881606
881610
881612
881617
881623
881627
881632
881634
881636
881637
881640
881642
881649
881659
881660
881663
881693
881701
881705
882126
882131
882136
882138
882150
882155
882167
882174
882183
882186
882197
882199
882202
882212
882217
882220
882222
882224
882225
882226
882234
882234
882235
882237
882238
882239
882245
882246
882247
882252
882254
882261
882262
882263
882266
882268
882270
882279
882281
882283
882287
882289
882290
882293
882296
882311
882313
882316
882343
882352
882370
882432
882476
882849
882897
882902
882920
882939
882943
882957
882996
883009
883038
883053
883102
883162
883132
883136
883149
883167
883217
883220
883187
883195
883203
883211
883230
883284
883295
883339
883361
883373
883381
883390
883400
883416
883421
883437
883448
883461
883504
883510
883525
883537
883557
883576
883579
883584
883594
883609
883611
883612
883615
883619
883622
883628
883631
883635
883637
883643
883665
883671
883684
883712
883727
883737
883985
884062
884071
884076
884082
884099
884102
884112
884141
884124
884128
884137
884163
884153
884156
884162
884197
884182
884231
884237
884216
884224
884256
884243
884247
884269
884252
884254
884302
884298
884508
884582
885286
885395
885438
885453
885466
885459
885502
885504
885555
885557
885573
885592
885598
885605
885611
885619
885666
885669
885698
885745
885755
885760
885890
885933
885929
885963
885990
885998
886002
886043
886050
886068
886087
886374
886406
886670
886810
886836
886850
886854
886863
886880
886872
886897
886913
887062
887140
887143
887153
887160
887169
887171
887172
887193
887198
887226
887327
887378
887381
887404
887416
887551
887574
887648
887655
887657
887667
887675
887731
887748
887751
887774
887782
887793
888421
888798
890547
891448
892364
894304
894944
894980
895001
895035
895907
895953
896636
896710
896910
896982
897344
897357
897381
897426
897470
897477
897513
897524
897564
897564
897567
897570
897601
897602
897602
897612
897825
897904
898253
898284
898826
899025
899267
899293
899305
899382
899388
899415
899682
899955
900012
900054
900080
900117
900120
900163
900194
900710
901347
901370
901404
901451
901994
902046
902079
902298
902368
902410
902438
902447
902532
902566
902582
902624
902625
902628
902998
903160
903175
903187
903195
903205
903310
903340
903389
903429
903467
903518
903649
903655
903666
903711
903721
903728
903729
903769
903789
904035
904639
904796
905243
905307
905334
905743
905726
905802
905969
906726
906901
906905
907211
908927
909570
909592
909622
910148
910168
910189
910192
910204
910207
910228
910491
910585
910594
910617
910660
910835
910867
911197
911248
911513
911530
912105
912132
912254
912259
912271
912320
913376
914151
914235
914491
914490
914513
914553
914565
914635
914681
915301
915387
915421
915441
915816
915822
915853
916289
916468
916515
916606
916700
916759
916776
916912
918923
918936
920112
920948
920959
920990
921073
921163
921355
921459
921590
921621
921605
921668
921795
922031
922215
922444
922455
923440
923963
924194
924230
924329
924372
924493
925026
925167
925319
925324
925373
926558
926666
926931
927482
927886
927931
927941
927980
928017
928041
928043
928310
928319
928548
928561
928628
928650
928677
928686
928724
928786
928886
928930
929299
930060
930267
930432
930447
930595
930627
931020
931057
931399
931629
931770
931913
932129
932252
932357
932557
932740
932871
933317
933337
933377
933389
933427
933434
933440
933485
933519
933521
933532
933587
933615
933620
933595
933632
933635
933641
933664
933634
933670
933649
933706
933706
933778
933792
933984
933967
934115
934242
934248
934265
934298
934331
934419
934523
934552
934570
934585
934862
934911
935004
935017
935034
935041
935077
935093
935138
935141
935154
935162
935232
936941
938877
938891
938952
939154
939150
939163
939280
939282
939338
939351
939422
939505
939755
939781
939795
939845
939855
939858
939871
939885
939893
939932
939950
939976
939991
940266
940363
940566
940638
940709
940825
941225
941318
941395
942550
945487
946883
946897
946997
947002
947020
947054
947090
947124
947127
947138
947146
947154
947158
947159
947163
947173
947177
947190
947201
947210
947236
947626
947628
947656
947659
947660
947661
947662
947666
947677
947689
947700
947735
947911
947948
947971
947981
947988
948004
948021
948033
948038
948042
948052
948065
948070
948073
948090
948097
948101
948108
948119
948122
948128
948144
948161
948168
948170
948170
948172
948179
948183
948184
948185
948187
948192
948197
948199
948205
948219
948239
948260
948267
948281
948304
948352
948378
948402
948427
948449
948469
948490
948503
948505
948510
948968
948974
949062
949068
949071
949080
949084
949092
949098
949129
949152
949155
949156
949160
949198
949216
949255
949263
949271
949290
949310
949312
949313
949326
949328
949330
949330
949338
949341
949350
949353
949359
949367
949368
949369
949374
949385
949386
949388
949390
949391
949392
949401
949402
949405
949408
949409
949413
949433
949435
949440
949444
949457
949460
949469
949479
949480
949482
949483
949489
949492
949496
949497
949500
949504
949510
949512
949525
949531
949537
949563
950389
950543
950545
950601
950629
950635
950638
950639
950659
950692
950694
950699
950821
950829
950837
950838
950842
950847
950847
950861
950876
950899
950930
951148
951206
951260
951266
951302
951326
951329
951359
951393
951542
952230
952349
952430
952501
952562
952575
952793
952880
952919
952924
952984
953008
953042
953056
953069
953616
953631
953645
957582
957623
958279
958348
958354
958356
958361
958363
958369
958370
958383
958426
958452
958473
958556
958711
958755
958765
958805
958860
958863
958876
959078
959105
959108
959111
959153
959163
959188
959218
959230
959236
959240
959243
959263
959474
959488
959497
959509
959509
959519
959522
959533
959547
959561
959638
959657
959745
959750
959753
959781
959803
959838
959845
959857
959920
961281
961292
961295
961363
961379
961656
961937
964449
964545
964845
964934
964937
964970
965157
965193
965238
965286
965357
965421
965430
965451
965574
965629
965632
965642
965651
965653
965687
965694
965727
965742
965751
965769
965776
965792
965825
965829
965837
965866
965872
965883
965884
965888
965925
965943
965945
965959
965974
965977
965990
966133
966139
966651
966966
968134
968294
968333
968382
968385
968418
968643
969128
970002
973821
974051
974086
974097
974149
974212
974228
974243
974250
974258
974266
975726
976191
976226
976245
976248
976252
976258
976263
976265
976306
976312
976964
977611
980845
981075
981088
981415
981422
981461
981474
981483
981484
981506
981526
981535
981549
981555
981558
981562
981608
983717
983946
983989
984024
984046
984059
984087
985669
985760
985953
986041
986126
987024
987159
987157
987176
987192
987396
987473
987625
987890
987949
988026
988038
988051
989004
989007
989206
989262
989274
989274
989282
989288
989353
989409
989453
989471
989503
989507
989513
989516
989532
989561
989574
989595
989617
989666
989782
989825
990819
990867
991154
991171
991230
991525
991537
991782
991753
991809
991812
991872
991879
991937
991941
991979
991943
991962
992155
992427
992441
992447
992473
992527
992532
992569
992875
992881
992936
992976
993084
993396
993458
993535
994201
995178
995199
995223
995300
996342
997356
997584
997639
997649
998360
998771
999039
999136
999182
999215
999240
999249
999299
999371
