1554.88
2178.45
2895.81
3834.16
5007.98
5082.71
5251.02
5370.78
6017.53
6029.49
6629.14
6869.98
7404.37
7479.72
7691.02
7931.36
8204.59
8276.4
8440.93
8776.22
8849.63
8860.42
8893.23
9101.01
9614
9812.81
9820.12
10045.9
13230.6
13889.5
14038.6
15456.5
15634.6
15755.8
15795.2
18198
18524.9
18755.4
19286.6
19855.3
25293.2
25929.9
26694.8
27633
27895.5
28097.1
30534.3
30746.6
31482.6
32641.5
33461.3
35619.9
37847.9
38112.6
39425.8
39591.4
39968.4
40129.8
40184.6
40233.3
41066.1
41168.5
41212.3
41459.7
41758.3
42515.2
43448.5
43602.6
44642
44689.2
45651.5
45894.8
47477.9
47910
49485.8
50806.5
53293.8
53958
55187.3
55959.4
56606.2
56871.3
57066
57544.6
57820.5
58834.7
59271.9
63179.4
63504
63982.1
64415.1
64812.9
65096.3
65322.8
65650.1
65744.5
66327.1
68456.9
70836.6
71462.2
73748.6
75866.9
76303.9
76405.2
79050.3
79330.9
79818
79877.3
80327
80433
81051.2
81504.5
81647.7
81832.2
81950.8
82242.3
82748.4
83068.3
83319.6
83639.3
84243
85020.8
85438.7
86347.8
86453
86744.9
87296.5
87897.6
88036.3
88761.7
88773.1
89838.9
90453.4
90962.2
91519.4
92580.6
93198.4
93630.6
94369.2
94558.1
95474.9
97898.2
99142.9
99232.7
99442.7
99920.6
100919
101018
102382
102588
103026
103306
103932
104248
104486
104828
104842
105081
105892
106026
107954
108096
112886
113086
113555
115125
116824
116908
120368
120695
121200
121576
122438
123963
124075
125558
126777
127043
127662
127874
128187
128764
131844
132146
135725
137279
137647
138293
138386
141658
142072
142211
143290
143431
144039
145406
145510
145733
146426
148526
148608
148925
149246
151550
157091
157427
157451
158068
158773
158849
159161
159505
159882
160597
161112
161627
161926
161940
162995
163198
163206
164194
165234
165562
165926
166783
168113
169512
169919
170038
170543
173147
176290
176583
176685
176762
177251
177593
178276
179038
182316
183635
186551
186713
188781
189804
190303
191663
192763
193094
193120
193140
193623
193804
194141
194410
194729
194909
195289
195341
196294
196547
196675
196787
198838
