172.97
1888.08
2357.44
3047.59
5470.84
5623.82
5915.05
6399.56
6712.26
6787.68
7983.57
8861.85
9004.88
10393.5
10440.1
10969.9
11037.9
13077.7
14056.3
14255.8
14722.1
15678.8
16324.8
16770.3
16892.4
19948.1
20554
21116
21410.7
22377.6
22591.2
25553
26023
27104.6
27393
27736.7
27965.9
28001.3
28073.2
29646.8
30067.7
30973.2
31135.6
35691.5
37131.1
37891.7
37888.8
38635.8
39725
40377.6
40905.5
42740.6
43547.7
45897.2
47537.9
50028.8
51310.6
52095.8
52985.2
56113.1
56366.2
56831.1
57796.2
59764.6
59792.6
60130.3
64339.9
64545.2
64845.7
65252.4
65561.4
66230.3
68341.3
68520
69628.6
69766.9
71571.1
71586.7
71929.5
72752
73246.6
73272.2
73692
73710.2
73926.3
74852.6
75341.7
76552.2
76722.9
76824.7
77385.7
78765.4
79085.9
80123.4
80128.5
81903.2
86478.5
87294.3
88337
90328.2
91736.3
91790.4
91975
92171.4
93313.5
93361.1
93473.4
94196.8
95697
98309.3
99046.8
99829.9
102686
103223
103961
105792
106559
109431
109582
110287
114849
115712
117421
117532
117666
118043
119635
121774
121974
122620
123149
123309
124050
125317
125633
126805
128766
130015
130047
130920
131135
134325
134495
134677
134882
135505
137071
139277
139277
139752
139960
141066
141446
143702
144333
145347
145853
145921
146769
147013
147429
147586
148411
148419
149265
149748
151390
151733
153086
153645
154405
154512
155756
155988
156866
160470
161383
161528
163025
163904
164053
164944
165425
165606
166010
167578
168503
169013
169169
169240
169847
170084
171658
172028
172812
173866
176277
178703
180190
181030
183618
184900
185435
186286
187192
187605
188861
189717
189996
194638
196404
197848
197852
198660
