410.19
451.35
555.91
626.06
1049.6
1072.01
1723.71
1920.79
2041.5
2294.18
2454.72
3837.11
4316.24
4461.62
4611.38
5357.88
5748.66
6567.28
6738.43
7230.64
7243.27
7878.34
8293.41
9210.05
9339.77
9921.52
10449.8
10577.7
10694.1
13266.6
13633.9
14074.1
14688.5
15817.8
16366.5
16675.5
17166
18288.2
18313
18430.1
19271
19579.6
20586.9
20761.6
20858.7
20974.8
21657
21755.8
21972.7
22056.6
22274.9
22333
22969.6
23028.7
24018.7
24343.7
25021.6
25117.2
25496.2
25570.3
26405.7
26833.2
27845.2
29238.4
29615.2
29797.8
30684.7
30698.2
30820.8
31179.1
32131.3
32268.7
32855.6
32998
33007.8
33572.2
34212.3
34320.5
35438.8
36129
36305.3
36495.6
36644.3
36742.2
36931
37485.8
37594.4
38324.7
39254.5
40906.8
41973.7
42329.1
42389.6
42711.2
43048.6
43470.6
43734.9
44356.4
44828.6
45392.2
45639.6
45685.8
45733.8
45988.4
46269.8
47736.1
48333.3
48431.1
48871.4
48966.3
49290.2
49332.3
49870.8
53479.7
54099
55313.7
55844.2
56217.6
56812.4
56814.9
57383.7
58110.9
58611.4
58949.1
60823
62233.4
62686
62707.7
63404.3
63761.3
64101.6
64655.4
64724.5
64852.9
65319.4
65973.8
66260.1
66406
66461.5
66749.2
66921.9
67541.8
67572.8
67603.3
67764.5
67907.2
68370.6
68394.8
69583.9
70240.9
70317.6
70353.4
70393.1
70673.5
70918.2
71370.2
71710.3
72323.1
72524
72581.1
74324.8
74534.2
75465
75657.1
76495.6
77326.4
77665.1
77911.3
78079.7
78111.3
78716.3
78847.2
79572.3
80397.6
80668.9
81142
81825.7
81913.3
82711.7
83315.7
83389.4
83742.4
84064
84380.7
84607.4
84844.4
85139.3
85212.5
85224.8
85492.1
85542.9
86103.3
88060.5
89915.4
90120.5
90421.6
91574.8
91601.9
92120.8
92218.7
92612.9
93157
93559.6
93655.7
93870.4
94191.4
94686.1
95844.5
96356.6
96944
97042.1
97716.9
99775.8
100131
100415
101363
101485
101944
102788
103314
103329
103626
103637
103692
104138
104692
104933
105298
105497
105627
105656
106029
106375
107762
107866
108151
108242
108296
108722
108920
109370
110145
110741
112540
112934
113207
113334
113427
113609
113824
114032
114102
114421
116483
116948
117343
117550
117814
117984
118082
118931
119155
119903
120087
120233
121386
121570
123229
123517
124255
124626
125116
125796
126043
126369
126476
126769
126934
127329
128447
128850
129395
129643
129712
129932
130399
130770
131125
131406
131808
131848
131887
132492
132592
132764
133038
133440
133953
134598
135860
135855
136959
137268
138095
138243
139310
139350
139834
139893
140285
140282
142229
142475
142658
143209
143355
143657
143935
144904
145144
145219
145373
146668
146757
146978
147138
148005
148189
148273
148679
148883
149340
149381
149981
150516
151501
151495
151598
152325
152527
152681
153019
153386
153719
154355
154661
155088
155133
155826
155883
156332
156502
156581
157104
157635
158840
159013
159844
160162
160324
161985
162780
162782
163084
163314
163501
163965
164918
165359
165353
165695
165837
167246
167791
167827
168769
169775
169882
170562
170702
171210
171736
171963
172431
173427
174102
174279
174511
174923
176144
176566
176674
176889
177085
177404
177852
178190
178386
178557
178866
178905
179019
179058
179722
179836
180108
180557
180559
181440
181538
181619
183757
183806
183997
184317
184482
186260
186585
186987
187233
188125
188973
189311
189608
189716
189878
190347
190379
191244
191486
191621
191793
191984
192491
193146
193418
193575
195416
195719
196049
198444
198841
199643
