189.62
1819.49
3454.35
4001.65
5699.45
7391.69
8363
9062.59
9824.74
9950.77
11295.5
11713.1
13408.5
13434.4
14551.6
14834.4
15117.7
15263.6
15875.8
16229.2
16973.8
19976
21484.5
22127
22705.4
22763.4
24398.8
24859.6
24994.6
25835
25912.9
27553.6
29491.7
31478.4
36345.7
37114.9
38166.1
38193.7
38211.6
39185.9
41138.2
41492.9
41587.3
42006.9
44411.5
45629.8
46137.3
47382.7
47439.7
48819.5
48887.2
49212.6
51368.5
51610.3
52254.2
52462.6
52500.9
53922.4
54640.1
54770.1
55237.1
56131.1
56720.5
59105.6
59300.7
59537.5
59678.8
60766
62693.9
63654.9
64490
65373
65881.5
66076.5
66674.8
66990.1
68084
70075.1
70492.2
71296
72249.3
72405.6
73155.6
75164.5
75634.9
75931
76251.9
77159
78574.4
78768.4
78792.1
78808
80177
80745.6
83905
83951.2
84041.2
84388.7
84811
84846.8
86025.6
86867.8
87066.2
87519.1
87739.9
88359.4
88499.8
89426.6
89796.4
89958.1
90112.4
90419.7
91882.8
92753.8
92942.1
93067.2
93626.4
94455.6
94737.1
95856
100537
101964
105060
107413
107857
108263
108281
108660
108757
109115
110424
110600
111407
111447
111651
111947
112491
112836
113149
113293
113363
113546
114229
114345
116711
116966
117134
117934
119429
120027
120076
120351
120404
121135
121460
121697
123823
124866
126869
127974
128853
128860
129201
129334
130324
132168
132509
134007
135224
135928
136235
136249
137025
137996
138400
139895
140226
140514
141762
142497
143051
143431
144519
145004
146206
148283
149415
149947
150711
151079
151203
151243
151869
151940
152417
153227
153281
153971
154287
155659
156168
157112
158605
159671
160379
160893
160976
161132
161403
161624
161757
161962
162118
162156
162357
164722
165170
165890
166067
168693
169045
169206
169640
170405
170493
170783
171019
171430
172138
172597
173526
176338
177277
179338
179506
180087
181923
181963
183271
183863
184074
184617
185215
185486
187127
189534
189668
189960
191085
193386
194245
196459
196864
197601
197672
198264
199558
