510.11
929.69
1341.08
3252.17
4765.66
6631.38
7417.79
9943.5
10015.5
10511.2
11995
14304.6
15004.1
15495.2
16721.9
17151.4
17353.7
18053.1
18415
18733.4
22233.8
22687.1
23516.9
26545
28402.5
29580.6
29813.7
30403.2
30842.6
32095.8
32459.4
33127.2
33492.8
33596.8
33647.8
34368.7
35741.5
38135.1
38291.9
38298.6
38554.7
38882.8
38894.3
39304.1
39851.7
41542.1
44251.9
44276.6
46239.1
49298.2
50404.6
50994.2
51545.1
51853.7
52698.8
53360.6
55018.9
55035
55382.3
55693
56614.7
57598.6
60238
60360.3
61395.3
63140.1
63293.7
63689.2
64761.1
66840.5
67724.3
69051.9
69531.9
69947.6
70385.6
72532.7
72573.6
72878.3
74576.1
75016.5
77724.3
79575.7
79752
80900.2
81607.3
82208.4
82269.1
84726.7
86392.9
90014.9
90854.2
92076.9
94033.5
94214.2
95565.5
96003.4
99725.8
100631
106225
106274
106377
107930
110256
111765
111888
112293
112694
113131
114323
115460
115513
119182
119863
120312
121380
121387
122042
122478
125561
128088
129593
130766
130791
131078
131585
131759
132392
132483
134341
136201
137260
142625
147135
150931
151232
151560
151891
153844
153901
154052
154343
154676
155685
156379
157738
158053
158121
158325
158797
160118
161137
161406
162413
162622
162987
163377
166553
167957
169278
170955
173584
173770
174075
175506
175773
176245
178338
180052
181368
182160
183253
183575
185408
185717
189392
191571
192395
192715
194737
195079
195242
198468
198897
