279.64
471.65
733.88
737.78
1091.12
1699.44
2325.08
2341.3
2465.46
2736.71
3043.73
3342.02
3466.68
3586.34
4241.42
4618.24
5009.12
5225.96
5345.12
5635.02
5643.52
5898.77
6071.13
6129.58
6342.31
6442.46
7068.62
7315.34
7513.07
7855.94
7894.84
7960.52
8464.32
8848.58
8961.68
8997.84
9511.81
9552.91
9610.29
9718.22
9794.95
9999.11
10095.4
10216
10230.2
10648.6
10882.3
11083.5
11149.8
11415.6
11682.2
11710
11975.3
12794.1
12893.6
13123.3
13151.3
13606.9
13659
14036.9
14060.3
14328.7
14445.9
14861.8
14880.3
15412.1
15574.5
15709.6
15899.1
16400.5
16420.9
16525.7
16929.5
16952.5
17380.3
17391.5
17506.1
17969.5
18781.3
18862.1
18944.9
19353.9
19722.5
19731.9
20120
20138.5
20684.4
21812.7
22070.3
22509.2
22545.3
22766.2
23258.1
23267.6
23704.9
23716.8
23963.4
24156.3
24477
24635.8
24811.8
25004.2
25150.5
25174.3
25404.5
25801.7
25880.9
26519.9
26562
27017.1
27447.1
27991.8
28054.6
28581.6
28946.1
29043.8
29275.3
29313.5
29323.3
29380.7
29588.5
29596.3
29912.5
30045.6
30155.1
30224.9
30238.1
30261.3
30297.1
30457.6
30727.7
30749.8
30861.4
30880.1
31128.2
31235.6
31314.3
31382.3
31559.4
31652.5
31732.7
31753.8
31789.1
31970.4
32013.9
32107
32142.7
32286.1
32402.2
32532.9
32553.4
32565.3
32998.2
33233.4
33287.9
33396.2
33716.2
33806.5
33831.8
33844.3
34271.7
34395.2
34556
34955.4
35534.4
35728.2
35770.4
36108.4
36239.7
36545.3
36915.6
37015.8
37160
37634.5
37664.1
38070.7
38365.2
38481.3
38697.2
39012
39127.6
39608.7
39863.9
40315.6
40449.3
40748
41322.7
42521.7
42727.2
42746.1
42863.7
43108.9
43228.9
43463.5
43657.9
44375.6
44796.5
45053.7
45231.8
45694.4
46038.8
46590.1
46848.9
47235.4
47290.1
47440.3
48221.4
48310.7
49240.9
49497.4
49625
49934.3
49979.4
50018.8
50249.2
50358.6
50786.6
50814.8
50809.8
51426
51517.3
51573.9
51694.2
51722
51852.3
51900.8
51988
52238.7
52749.1
52959.4
52989.5
53539.8
53656.1
53959.4
54243.1
54318.2
54331
54432.1
54688
54734
54802.8
55041.9
55086.5
55187.8
55403.9
55525.1
55835.7
56009.2
56043.2
56207.1
56284.7
56466.2
57369.5
57386.3
57592.2
57771
57841.8
57854.4
58049.6
58171.4
58387.4
58404.8
58484.3
58650.8
59253.9
59513.3
59535.7
59753.7
59827.3
59973
59980.5
60390.9
61041.4
61213
61344.5
61554.1
61989.7
62080.8
62763.6
63220.3
63219.1
63261.4
63327.3
63823.7
63857.2
63927.3
63953.2
64246.6
64267.6
65008
65026.8
65152.4
66204.1
66513.4
66664.7
67981.9
68481
68623.7
68651.3
68794.2
69157.6
69362.8
70500.2
70681.9
71139.7
71252.2
71306.5
71604
71689.9
71780.8
71945.3
72436.8
72506.6
72763.6
72968
73035.4
73109.1
73171.5
73432.2
73429.7
73475.7
73517.2
73737.4
73756.6
74049.9
74396
74495.7
74710.2
74765.4
74843.7
74963.5
75238.1
75390.2
75503.6
75593.8
75608.1
75901.2
76166.4
76256.9
76462.8
76619.4
76632
77111.7
77461.8
78346.7
78530.2
79494.9
79663.6
80099.3
80203
80791.9
80853.3
81013.4
81161.5
81561.7
81595.8
81716.6
82008.3
82396.2
82466.7
82529.1
83073
83369.3
83522.8
84166.7
84244
84563.4
85073.8
85079.7
85217.8
85383.2
85793.3
85898.3
86032
86106
86266
86303.4
86570.4
87130.8
87180.4
87464.6
88524.3
89252.8
90055.2
90179.3
90229.9
90248.5
90848
91231.2
91416.1
91467.5
91570.9
91874
92530.9
92890.4
93422.2
93655
93975.1
94082
94316.4
94721.6
95565.1
95746.6
95900.2
96643.2
96655.1
96913.7
96938.9
97058.6
97370.1
97604.9
97885.1
98004.8
98124
98379.5
98608
98856.9
99412.6
99661.3
99921.6
