595.32
1429.5
1592.6
2485.04
2501.9
2523.08
2722.96
2957.63
3284.43
3670.1
3779.27
4221.33
4848.67
4972.22
5051.35
5202.63
5241
5479.88
5589.92
5939.95
6406.77
6710.63
7032.41
7170.57
7421.28
7798.68
7928.67
7996.05
8131.58
8289.25
8706.84
8955.55
9171.09
10244.5
10900.2
11055.3
11315.9
11416.6
11796.2
11937.6
12457.3
12848.2
12922
13457.7
13620.7
13735.1
13931.5
14205.3
14499.7
14943.3
15644.8
15698.5
17864.3
18247
19089.6
20215
20785.9
21691.3
21981.1
22461.2
22956.4
23643.5
23794.5
23827.5
24361.9
24672.3
24693.8
24776.9
25045.1
25884.9
26065.5
26086.8
26144
26289.2
26398.1
26772.4
26972.5
27341.2
27366.9
27461.3
28015.3
28342.5
28378.5
31330.3
31943.1
32600.7
34173.9
34661
35329.3
35432
36379.6
36490.2
38019.7
38382.9
38499.2
38622.9
39444.8
40605.6
40779.5
40884.2
40952.2
41109.6
41366.9
42086
42514.7
42630.7
43269.8
43630.5
43798.6
43892.3
44026.1
44251.1
44507.6
44712.2
45089
45435.1
46361.6
46470.6
47004.3
48182.4
48381.3
48651.6
49034.5
49059.6
49831.4
50261.6
50620.2
50691.6
50774.6
50825.3
51128.1
51463.7
51588.9
52184.2
52940.2
52972.5
53229.3
53309.6
53422.7
53779.9
54621.5
54981.2
55507.1
57469.7
57641.8
57648.3
58429.4
58795.8
60094.3
60122
60348.5
60403.4
60431
60675.1
60769.4
60876.8
60923.3
61002
61198.7
61246.1
61365.3
61837.3
62355.7
62448.2
62491.5
62811.8
63279.9
63351.5
63625.1
63772.9
63996.1
64436.7
64571.7
64894.4
65175.4
65197.2
65694.4
66075.1
66395.7
66467.9
66899.1
66942.7
66956.1
66970.9
67276
67685.8
68018.5
68165.2
68259.5
68338
68949.3
69194.9
69368.8
69849
70357.3
70456.3
70544.9
70795.9
70867.5
70966.9
71326.6
71513.8
71647.3
71973
72343.1
72355.5
72363.7
72625.2
72688.7
73396.9
74432
74896.8
75923.6
75964
76274.1
77605.8
77893
78263.8
78541.5
78579.3
78606.7
79363.8
79680.3
80575.5
80828.9
81119.7
81298.4
81693.5
81761.1
82184.4
82430.5
82597.4
82893
83152.5
83170.3
83580.9
84125.1
84275.7
84722.8
85111.9
85376.9
85918.9
86270.4
86393.3
86666.1
86899.9
87150.7
87321.8
87905.6
88128
88281.3
88346.1
88538.4
88800
88829.2
89184.8
89431.3
89439.6
89489.1
89538.5
90196
90272.2
90460.9
91210.7
91366.6
91456
91529.5
92031.7
92694
92785.2
93033.5
93108.3
93108.4
93144.3
93472.1
93493.1
93599.6
93945
93978.1
94001.3
94048.6
94430
94573.4
95055.6
95141
95145
95571.8
96478.8
96654.9
97258.7
97835.2
98886.7
98927.2
99008.5
99214.6
99306.1
