3643.9
4539.32
5057.8
5489.2
6399.88
7339.7
7723.97
8755.88
9053.96
9306.37
10767.4
12216.9
14425.1
16335.8
16995.5
17201.5
17317.7
17673.7
18644.9
19291.1
20439
21528.1
22784.5
24283.3
24400.9
24722.3
25064.4
25088.1
25860.8
25870.9
26203.1
26273.9
26343.6
28046.6
28655.8
30430.6
30668.5
34082
34814.6
36215.6
36669.5
37221.7
37893.6
38060.7
38848.8
41137.4
42323.6
43132
46329.6
47089.5
47402.9
47956.1
48390.7
48734.4
48960.8
49332.3
50116.2
51744
52959.7
53709.6
56463.9
56642
58700.9
58748.5
58941.3
59064.9
59508.2
59693.4
59896.5
61188.6
61354.4
61440.5
61722.7
61889.3
64542.7
65814.1
66419.7
66741.4
67909.5
69463.7
69786.9
70040.6
70116.5
70399.8
71286.3
71500.4
71756.1
72587.9
75878.1
76094.4
77616.1
77667.7
77663.5
78539.7
79044.5
79272.7
79330.2
79350
79659.5
79767
83166.5
83773
84893
85053.1
85737.6
86423.8
90699.3
91147.7
91431.7
91688.5
94939.6
95149.1
95930
96470.2
99189.1
99508.4
100553
100830
100846
101369
101729
104487
108662
109183
110233
112031
114083
114296
114879
116856
117759
118135
118730
119288
119587
121388
122704
128411
129413
129805
130880
132017
132093
132843
133076
140798
141556
145954
154797
160547
160719
161241
162370
163096
163326
168476
168876
171047
172061
173716
176981
177017
178637
181040
181064
181568
182824
183459
183463
188492
189114
190332
190477
190971
191550
191702
192181
193005
193033
193499
193784
194695
195480
195883
196124
196214
196299
197070
197184
197421
197845
198551
199468
