169
522.91
1458.83
2204.32
2712.68
3671.23
3700.63
4121.74
4464.87
5224.68
5323.86
5818.23
6575.09
6796.85
7927.5
8455.7
8992.66
12477.6
12805.9
13021.2
14403.9
15007.1
15904.6
15942.4
16181.3
16623.3
16966.9
17902.5
18251
18758
21259.1
22124.7
22187.8
22351.9
23815
25218.4
25325.2
25414.3
25750.1
25937
27808.8
28057.7
28555.4
28589.4
29159.6
29705.8
29766.4
30248.4
30827
32171.8
32532.1
32792.9
33355.7
33453.2
33807.8
34041.5
34711.9
34727.7
38644.8
38792.6
39516.9
40444
40775.8
41372.9
42270.8
43109.5
46189.6
46573.4
46939.4
47921.8
49890.8
50253.8
50440.4
51318.8
52760.3
53081.7
53159.8
53535.7
53573.5
53859.5
54046.4
54141.9
54431.5
54439
54591.4
55164.5
55173
55334.5
55713.6
56474.4
59482.1
60167
60475.9
62119.7
62464.7
62593.8
63060.1
64202.5
66050.2
66129.8
67386.4
67600.4
67604.8
67658
68532
69484.1
69689
71231.3
71732.7
72442.6
73837.7
73860.5
75307.7
75999.4
76137.9
76513.3
77180.7
77298.7
77996.4
79443
79861.6
80372.8
81143.5
82120.2
82311.8
82544.8
82789.6
85134.7
85912.7
86474.3
86560.8
86700.9
87096.2
88854.4
88908.2
89000.1
89060.7
89372
91507.6
91797.3
92679.4
93488.9
93767.8
93941
94440.2
94627
94755.3
95084.2
95728.5
95820.1
96093.7
96564.9
96876.9
96920.8
97010
97146.5
97283.2
97311.7
97639.6
98144.6
98171.9
98399.1
98936.9
99791.8
100634
100771
101809
101819
102403
104300
104869
105202
105272
106111
106165
106372
106670
107554
110082
110470
110972
111819
113048
113101
114686
115103
115304
115474
116731
117243
117783
118354
119356
120878
121242
122446
122743
123862
124690
126660
129134
129775
130153
130422
130821
131487
131959
132694
133643
133869
134784
134965
135372
135905
136190
136383
136459
138220
138259
138503
138598
141082
141191
141966
142464
142695
142759
143052
144054
144151
145289
145833
146089
146221
146457
148547
149669
149893
150326
150624
151671
153584
153944
154417
154409
155018
155331
155608
155624
155887
156240
156304
156537
156764
156950
157618
157630
157665
158324
158797
159847
160500
160980
161085
161381
161621
161877
162338
162969
164550
166182
167876
168238
168284
168400
169273
170122
171307
171864
171935
173290
174931
175189
175425
175835
176660
177670
178055
179753
180300
181007
181884
182855
183051
183125
183716
184273
184341
185469
185949
188177
189237
190471
191058
191236
192011
192074
192066
192604
192942
193035
193487
194000
194387
194671
195136
195477
196934
197280
197720
198493
198772
199868
