243.14
2541.79
3469.76
3477.22
4329.57
5064.12
5450.4
6060.3
6197.95
6386.07
6583.43
7624.59
8279.63
8512.98
9387.07
9732.1
9968.57
10421.3
12162.8
12319
12751.9
13157
13565.1
15216.5
15772.9
16019.8
16190.2
16812.6
16882.6
16892.6
17920.3
18131.7
18577.4
18977.8
19305.3
19533.7
21711
21873.4
23193.9
23665.6
24410.5
24604.3
25032.9
25170.6
25215.7
25696.5
25736.9
25782.8
26064.8
28310.9
28983.2
31431
32234.6
32621.2
32880.9
33654.5
33918.2
36980.7
37429.2
37737.6
37814.4
39251.6
39295.9
39321.3
39551.5
39827.6
39852.8
39911.1
39964.2
40713.3
40879.8
41151.4
42086.6
44452.1
45928.9
47486.3
47575.8
48883.4
49589.7
49934.6
49992.7
50119.4
50557.9
50817.2
51992.6
52465
52751.5
52828.8
53257.1
53706.9
53723.8
54017.4
54187
54251.2
54552.4
55004.1
55304.9
55574.4
56768.6
56776.9
57546.7
57877.9
57972.8
58275
58325.4
58443.1
58799.1
59329.4
59332.8
59777.2
59863
60304.7
60490.3
60929.3
61554.3
61973.5
62220.4
63865.8
63956.6
65830
65901.9
66898.7
67445.2
67774.5
67883.2
68172.4
68276.5
69292
69369
69463.9
70804.1
71059.4
71152.1
71210.8
71980.1
72312.7
72426.9
73017.9
73572.8
73597.1
73994.8
74452
75229.4
75574.6
75577.2
75912.1
77008.7
77117.1
77894.8
78290.2
80191.9
81540.9
85075.6
86319.6
86360.9
86489.6
86837.3
87008.9
87640.5
88576
88649.1
88746.7
89134.2
90135.2
90548.5
91239.7
91494.7
91530.7
91554.8
92416.6
92681.5
92919.7
92987.3
93590.8
94177.8
94204.7
94301
94444.2
94769
94964.4
95366.4
95594.8
95596.7
95628
96639.2
96699.8
97258.1
97351.6
97877.1
98240.8
98324.9
98617.1
99066.8
99209.6
101084
101580
101946
102068
102466
102682
103161
104494
104898
105877
106337
106723
107411
107682
109357
109884
111198
111527
112427
112750
114493
114994
115125
115671
116562
117372
118715
119675
119911
120094
120613
121028
122069
122176
123256
124182
124468
124919
125065
126348
128361
128697
129000
129648
129882
130308
131137
131460
132177
133676
134345
134578
134862
135585
135654
135725
137919
138036
138193
138394
138419
138437
139425
139708
140934
141795
142209
142607
143305
143847
144032
145828
146565
148282
148430
149512
149579
149739
150344
151688
152191
153634
153853
154171
154285
154871
156148
157400
157455
157510
157850
158087
158576
159021
159680
160313
160551
160831
161135
161508
163573
163769
164012
164316
165356
167822
168610
168941
169309
170545
171099
171473
171483
171622
171844
172498
172943
173177
173416
173768
174326
174952
175179
175574
176411
177193
177781
179495
181660
181911
182163
182275
182279
182762
182890
182884
183438
183643
184003
184228
184971
185037
185128
185586
185786
186905
187555
187778
187823
188578
188624
190204
190799
190914
190930
191386
191664
192334
192665
193214
194174
194465
194966
195391
196546
197449
197473
197784
198285
199141
199756
