891.57
1176.15
1370.92
2038.26
2179.71
3258.81
3761.54
4012.12
4067.58
4149.68
4167.69
4500.34
4548.9
5278.56
5969.47
6509.49
6603.73
6914.33
8095.33
8269.51
9009.27
9097.16
9691.18
10131.7
10440.7
10644
11086.5
11279
11398.4
11739.1
11981
11998
12996.8
13323.2
13809.8
14759.1
15021.7
15175.3
15210.1
15272.8
16029.3
16060.6
16058.9
16412.7
16418.7
16985.8
17053.8
18087.7
18731.2
19078.3
19428.1
19929.9
20345.4
22709.2
25287
25561.2
25779.4
25869.5
26011.3
26057.3
26891.4
27250.8
27451.3
27618.1
27814.7
28352.5
28672.7
29191.5
29287.2
30398.6
30747.1
31097.5
31874.4
32052.3
32175.4
32437.9
32956.9
33363.2
33694.4
33834.4
34068.5
34317.9
34341.4
34668.8
35680.8
36069.1
36445.8
36900
37303.5
38063.3
38330.1
39010.8
39816.6
40355
40656.2
40768.2
41584.7
41694.5
41785.8
41978.2
42365.8
42401.5
42408.3
42725.8
42778.9
42792.1
43131.4
43186.5
43183.4
43253.1
43280.4
43625.9
43787.1
43937.8
44487.4
44853.1
45707
45727.4
46954.7
47222
47551.1
48073.1
48126.8
48819.8
49362.6
49378.8
49947.7
50055.6
50462.2
50600.7
50720.2
51442.9
51948.9
52255.9
52948.6
53877
54472.1
54681.3
55770.8
56059.3
56628.2
56731.4
57102.8
57301.5
57395.5
58338
59445.9
60919.3
61195.8
61612
63631.1
63751
64174.9
64999.7
65279
65376.4
65734.6
66102.5
66591.2
66701.9
66757.4
66945.5
67148.9
67534.3
67671.1
67725
68133.3
68708.2
69004.2
69023.9
69317.4
69491.6
70268
70359
71069.2
71407.5
72567.5
72905.2
73107.9
73294.2
73810.1
74071.7
74319.4
74919.5
75575.2
77840.5
77875
77990.6
78533.8
78681.4
80026.2
80153.8
80439.5
82304
82469.7
83015.5
83264.7
83271.4
83340.8
83574
83593
83772.8
83815.8
84008.4
84676.6
85374.7
85724.8
85726
86866.2
87207.3
89378.9
92909.4
93041.4
93147.6
93758.3
94089.2
94280.1
94324.8
94888.6
95081.1
95441.9
95649.6
95915.2
96311.4
96346.9
96697.9
96916
97079.7
98333.6
99355.9
99357
99971.8
