204.89
1214.85
2539.6
2590.35
3390.83
4001.58
4001.96
4017.7
5429.23
5432.83
6329.34
6925.97
8164.62
8724.46
8896.91
8989.62
9299.83
10272.2
10957.7
11460.5
11822
13410.9
13671.4
14095.2
15799.1
16609.6
16757.6
18029.3
18464
18836
19352.8
19709.1
20189.6
20359
20431.6
21239.6
21891.3
23034.9
23240.4
23896.5
24226.6
24513.3
24679.1
25288.4
25586.2
25624.6
26473.9
26526.3
27558.5
28819.2
29317
29348.3
29412.8
29883.2
30907.9
31124.8
31271.4
31408
31791.7
32830.7
33458.6
34205.4
34604.8
35287.5
35399
35491
35933
36247.1
36761.5
37880.9
38402.3
38552
38667.3
38951.7
39495.2
39621
40468.3
40775.5
41069.2
41076.8
41238.9
41654.9
42032.2
43770.3
44062.7
44668.5
45245.9
45567.7
47128.3
47228
47380.7
47504.6
47529
47697.9
48136.3
48833.8
49019.5
49120.4
49745.4
50488.6
50875.9
51146.4
51718.1
52416.3
52470.7
53166.7
53533.7
53685.4
53704.6
53935
53994.8
54237.9
55494.9
55938.3
56064.5
56083.3
56212.5
58540.5
58582.4
59377.6
59388.9
59481.8
60003.9
60073.1
60080.1
60341.1
60569.2
60722.6
60804.6
62630
63564.8
64824.9
65287.8
67082.3
67146.1
67716.1
68262.4
68359.4
68934.3
71281.5
71684.4
72008.2
72179
72628.7
72632.3
72960.2
73076.5
73725.9
74232.1
74732.6
75091.7
75430.7
76008.5
76303.2
77740.8
80002.7
80318.9
80410.1
81236.1
81426.8
82472.1
82870.1
83046.9
85035.3
85439.4
87064.1
87119.6
88007.6
88240
88510.2
88979.4
89204.4
89217.9
89287.8
89726.2
90413.3
90724.6
90730.2
90938.9
90983.1
91151.1
91305.4
92169.2
93325
93577.8
94173
94697.2
94964.5
95827.3
96155.7
97304.8
97939.6
98206.6
99616.7
100179
100455
100884
101296
101769
103065
104198
104583
104978
105802
106062
106363
107311
107465
108066
108339
108430
109198
109425
109647
109779
110266
111352
111354
112106
112305
112971
113249
113931
113973
114555
115032
116889
117139
117271
117539
118609
118650
119189
119353
119675
119960
120928
120937
121058
121112
121676
122093
122232
122813
123029
123500
124919
126675
126771
127313
127935
128380
128789
129121
129647
129696
129714
130034
131972
132124
132868
133100
133414
134078
134717
135313
136046
136117
136541
136910
137896
137914
138111
139417
139432
139726
140167
141291
141723
142251
142305
142899
142965
143321
143660
143668
143801
144296
144416
144606
144890
144874
145070
146820
149389
149560
150229
150378
150479
150798
150980
153201
153849
153994
154173
156702
157879
158515
160242
160284
160526
160636
161495
161616
162278
162722
162837
162954
163193
163243
163668
164094
164872
164884
164906
165108
165329
166128
166683
166845
166865
167031
167835
168277
168396
168447
168499
168764
168900
168923
169138
170156
170465
172783
172947
172962
173057
173177
173809
173946
173997
174598
174987
175416
176152
177014
177070
177522
177949
179624
181166
181426
181690
181756
181921
182097
182550
183864
183982
184031
185280
185705
186873
187333
187524
188262
189340
190001
191285
192340
192742
193188
193503
193591
193989
194444
194518
194506
196416
196877
197107
198109
198530
198927
199750
199860
