923.69
1656.36
1751.06
3733.96
3760.61
3826.25
3982.06
4469.56
4863.28
5069.99
5189.05
6032.92
6135.88
6668.42
7692.55
7881.9
8723.43
8744.85
9510.52
9665.53
9855.59
13286.6
13504.5
13820.4
14983.3
15519.1
16109.2
16874
17817.4
18221
18316
19450.4
19468.3
19935.6
20519.1
20870.5
21013.7
21572.5
22826
23660.5
23857.9
23949.5
24838
25000.1
25188
26354.8
26401.5
27611.2
28823.9
29164.1
29658.1
30279.4
31079.4
31527.1
33353.6
33716
33772.6
34286.5
34407.3
35260.5
35429.8
35630.5
35999.5
36128.2
36301.8
37251.6
37664.5
38391.6
38433.5
38500.1
38751.6
39040.4
39395
40124.8
40268.1
40902.6
42225.9
42868.9
43649.5
44532.9
46867
47533.2
47811.3
47876.5
48585.8
49465.8
50285.4
50649.3
50855.8
51333.5
51432.8
52224.7
52649.9
53242.1
53244.9
53496.6
53768.6
54031.7
54413.5
55343.3
55553.3
55667.1
55723.8
57251.8
57331.7
57785.7
58306
58559.6
59922.7
60399.4
62002.5
62218.6
62275.7
63364
66730.6
66983.2
67242
67305.1
67508.7
68022.3
69465
71138.2
71223
71961.1
72733.8
73478.3
73964.9
74138
74999.8
75191
75639.6
77441.6
80292.3
80826.6
81135.3
82723.5
83013
84668.9
84928
85117.8
85996.5
86689.1
87601.8
87797.6
88012.7
88208.9
88263.1
88826.2
88980.8
88991.1
89046.9
90246.4
90553.3
90708.3
90769.3
90869.9
91154.3
92434.2
92632.4
93020.6
93053
93111
93966
93971.7
94467.8
96024.4
96902.5
97012.2
97670.8
97878.2
97991.3
98013.5
99572.2
99915.1
100177
100706
102965
103895
104133
104337
104734
105433
105474
105842
106706
108005
108209
108358
108671
108968
109097
109307
109449
109571
110091
111051
111066
111609
112943
113019
113543
113701
114500
114764
115527
116565
117291
118200
118981
119717
119787
120569
121238
122621
122719
124468
124588
124909
125759
125793
126143
127116
127707
129343
129523
129752
130061
130527
130848
131243
131872
132902
133157
135116
135557
135905
135957
136547
136610
137358
139240
139277
139561
141815
142686
143246
143613
144004
144329
144411
144395
144781
145337
146114
149064
150219
150539
151395
151655
152075
152319
152610
153640
157332
157650
158340
159201
160027
160176
160223
160385
161257
161746
162460
162715
162984
163074
163253
163279
163847
164714
166631
168130
168229
168244
168487
168931
169566
169939
169983
170082
170377
170907
171167
171839
172000
172686
172831
172880
173307
173793
174416
174832
175154
175483
175931
176035
176299
176801
176889
178056
178711
179293
181184
181374
181779
181957
182003
182375
183129
183195
183378
183677
183793
185308
188447
188634
189912
193069
193366
193622
193654
194211
194233
194405
195061
196197
196809
197932
198374
198540
198753
198891
199153
199702
