2022.34
2505.36
3158.6
4088.75
4488.36
5907.82
6826.6
7022.51
7597.68
8400.77
11497
13789.6
14306.4
15007.9
15960.2
16360.4
16803.6
17021.9
17120.3
17354.3
17481.6
21034.1
22090.6
24406.8
25814.7
27058.1
27996.9
28471.2
29065.4
29583.4
29975.6
30394.3
31150.3
31716.3
31898.4
32256.7
32313.1
36886.4
37363.8
38120.7
38744.1
39263.8
39907.6
40510
40630.5
41234.1
41441.2
42743.8
42870.2
43063.1
43230.9
43575.4
43703.5
44027.9
44900.8
45279.7
48393.2
57887.3
58159.4
63164.1
63898.6
65110.7
67791
68354
69636.4
70374
73449.3
75415.8
76300.1
76664.7
79276.7
79922.2
80973.7
81123.8
82030.4
82066
82513.2
83541.7
84088.3
84844.2
85034.3
85916.2
87176.1
87674.1
88104.4
88532.3
89196.4
89354.1
91601.8
91770.3
91957.9
92421.3
92746
92961.8
93135.1
94423.7
97520.6
98201.2
98471.7
98728.6
100455
101156
102067
105164
105656
106133
106935
107045
107812
108372
109293
109390
109845
110423
110820
111022
111366
112127
112150
112713
112863
112902
113838
113995
114281
122693
122740
124715
126801
130256
130476
130872
131119
131298
132482
132969
132999
133699
134266
134451
134739
137642
140180
140478
140554
140706
140859
141268
141297
142234
142851
147192
148122
154040
154710
155251
155439
156931
157459
157653
158538
159302
159907
162639
163719
164632
165147
165451
166697
167508
168488
169552
169657
169938
170969
171437
171649
172117
172204
172742
172944
173005
173483
174178
174388
174766
175127
176882
177259
177348
178383
178505
178627
180004
181160
181639
181776
182708
183448
184119
184665
185408
186738
187173
187410
188277
189151
189278
189403
189770
189950
189983
190281
190388
191403
193208
195167
195901
196325
197315
197577
