3258.76
3894.91
4726.46
7180.48
8256.19
8301.66
8366.84
8940.14
9123.7
10131.1
10331.1
10497.4
10699.1
11414.9
12461.9
12584
12684.3
13175.9
13804
15707.5
16834
17323.6
17868.4
21187.9
22003.2
22854.2
32171.6
32490.2
39508.4
43194.9
44405.5
46719.1
50864.1
50971.4
51452
51642.9
52035
52233
52672.8
52677.7
52920.3
54834.7
55247.8
56164.6
56783.1
59810.4
59819.6
60227.4
61245.1
62792.9
64202.2
64790.2
65401.9
66139.8
67995
68775.3
69619.6
70105.3
71026.6
71674.9
73463.4
75139.7
76078
76702.5
76962.7
77711.2
78730.5
79030.7
80650
84624.3
86637
89317.9
90284.1
92219.9
94646.7
94881.9
96145
97776.9
102401
103103
107695
108439
113462
114087
117224
118856
119024
124319
124750
124803
127771
131083
155411
155663
156701
157625
157849
158024
158077
158191
159136
162956
164696
165086
167646
168161
169713
172786
173293
175399
175942
176130
176686
177580
177933
178964
179556
179876
181030
181550
182361
183174
183795
186026
188408
188701
189993
190167
190348
190432
191024
192235
199530
