826.99
1283.55
3319.97
12927.3
13787.4
17678.6
19772.7
20228.5
20292.6
20564.1
22082.9
23818.5
26676
27704.4
28084.5
28303.9
29434
33101.8
34689.4
37172.8
43464.5
45429.3
46344
48838.7
49144.6
50946.9
52648.5
52950.1
57878.9
58382.2
62988.1
63680.2
64640.7
66311.4
66763.6
68539.3
70405
75119.6
76083.2
78003.7
79342.6
80078.4
80273.7
81474.1
84800.8
85305.8
85555.6
87136.8
87986.6
88513.4
93826.9
95767.7
98383
98684.3
99842.1
100141
101536
102832
109770
113820
114167
115074
119630
120996
122966
124014
125134
128710
130639
133781
133861
134008
134024
134272
135232
136299
136995
137965
138546
138840
138973
139304
140253
141568
146746
149509
149631
155093
156472
157661
158358
159813
161958
164625
166133
170686
175959
177181
178000
178407
181654
183353
183633
184638
186206
186846
189413
189934
193010
195227
