133.9
302.14
671.3
709.29
716.45
970.54
1599.35
1934.39
1956.81
1999.43
2135.35
2367.65
3082.61
3182
3214.7
3709.34
3909.52
4117.08
4222
4356.78
4367.94
4601.13
4756.65
4816.15
4938.34
5389.35
5556.97
5592.59
5848.91
6206.11
7916.93
8233.16
8235.93
8510.3
8648.61
8711.44
8735.94
8842.44
9298.59
9625
9847.98
9853.34
9988.42
10010.8
10231.1
10244.9
10442.7
11019.9
11358.4
11400.1
11423.4
11709.9
11868.6
11889.6
12148.4
12263
12297
12597.4
12694.4
12935
13061.2
13110.7
13379.4
13586.9
13599.4
13734.2
13985.7
14098
14539.6
15020.3
15194.3
15540.5
15658.4
15957.3
16475.8
16585.2
17062.3
17152.5
17350.4
17577.4
17625.5
17744.8
17808.8
17908.9
18030.4
18130.4
18389.4
18601.9
18686.4
18731.7
19022.8
19237.5
19330.1
19520.1
20166.1
20218.5
20302
20322.8
20490.4
20986.7
21115.9
21246.7
21412.8
21775.3
22001.8
22058
22159.7
22290.7
22665.5
23448
23514.6
23945.1
24037.3
24276.4
24662.4
24962.9
24991.2
25774.9
25814.2
25910.5
26250.8
26262.3
26406.9
26541.9
26637.9
26906
26948.2
26957.2
27049
27175.2
27217.2
27437.2
27554.6
27916.1
28057.2
28070.7
28109.9
28231.7
28364.7
28647.2
28689.7
28833.3
29099
29320.9
29394.7
29419.1
29620.1
29697.7
29838.9
29873.7
30063.9
30322.9
30763.3
31094.5
31110.1
31390.8
31961.2
32358.5
32620.9
32658.5
32764.4
32981.1
33325.2
33630.8
33945.6
34003.1
34309.3
34479.4
34634.3
34929.9
35071.4
35223.3
35306.4
35556.7
35694.8
35891.4
36155.3
36465.2
36486
36844.9
36857
37285
37795.7
38019.7
38122.7
38910.7
38924.1
39512
39758
39822.7
40218.9
40409.3
40518
41058.6
41087.6
41685.2
42075.1
42100.3
43180.2
43271
43313.6
43629.4
43661
44217.8
44353.8
45084.4
45174.6
45437.1
45445.6
45992.5
46130.1
46191.9
46555.4
46616.3
46645.9
47046.5
47107.7
47480.6
47672.8
47680.9
47772.6
48020.4
48101.8
48459.7
48650.1
48936.5
49557
49788.8
49942.5
50519.5
50810.2
51440.1
51512.5
51926.7
52003.9
52415.7
52458.8
52515.5
52530.2
52698.9
52839.8
53663.1
54291.4
54596
54651.4
54798.5
55157.3
55167.6
55227.8
55427.7
56244.8
57214
57468.4
57752.6
58109.4
58120
58545.2
59092.6
59522.5
60082.2
60632.6
60811.8
60905.2
61065
61148.9
61535.7
61540.4
61837.9
62142.1
62174.6
62581.4
62797.5
63145
63141.9
63396.3
63441.6
63632.6
63888.5
63903.7
64274.8
64507
64675.9
64743.7
64871.4
64978.6
65434
65462.7
65539.1
66150
66341.8
66544.6
66664.8
67087.1
67172.9
67253.4
67734.2
68009.1
68193.6
68373
68683.2
68746.6
69038.7
69640.6
69646.3
70010.9
71205.4
71550.7
72467
72902.9
73467.9
73856.4
74003.6
74535.1
75136
75405.7
75738.9
75824
75904.2
76533.8
76989.3
77208.3
77466.2
77553.8
77836.6
77850
78033.7
78329.2
78399.8
78752.8
79048.6
79410.5
79982.7
80097.4
80141.7
81103.6
82140.8
82652.3
82951.9
83679.3
84599.6
84629.2
84812.9
84818.1
85329.4
85336.1
85458.3
86030.5
86047.1
86354
86618.6
86816.1
86892.8
87311.7
87600.2
87641.1
87822.7
88065.5
88273.5
89248
89443.2
89869.7
90473.6
90520.8
90560.7
90653.2
90827.4
90871.8
91150.8
91174.6
91328.9
91396.7
91863.5
92050.1
92354.9
92449.9
92515
92655.2
93174.4
93644.6
93727.7
94198.2
94520.1
94517.6
95136.9
95571.5
96088
96541.7
96685.2
97292.9
98438.6
98644.2
99177.9
99445.3
99610.3
99758.1
99909.2
100003
100134
100560
100582
101134
101258
101820
102291
102437
102574
102605
102753
103016
103474
103523
103769
104094
104714
105175
105636
105808
105921
107098
107404
107450
108067
108194
108422
108959
109207
109328
109585
109619
109814
110013
110385
110865
111540
111574
111704
111774
111959
112177
112167
113184
113495
113674
113717
113752
113903
114164
114555
114626
114939
115040
115302
115397
115435
115804
115921
116225
116527
116817
116842
116849
117108
117616
117683
117992
118040
118429
119007
119305
119478
119912
120185
120550
120733
120880
121183
121485
121693
121750
121855
122277
122357
123372
123804
124209
124470
124860
125531
126369
127103
127232
127532
127685
127788
128286
128288
128643
128828
128851
129146
129311
129501
130478
130909
131203
131603
131802
132654
132872
132917
133518
133660
133850
134320
134644
134986
135233
135341
135433
135546
135909
135984
136077
136452
136800
136814
136937
137712
137746
138298
138399
138423
138518
138717
139076
139300
139434
140294
140399
140510
140746
140840
141083
141827
141909
142412
142854
143215
143930
144255
144488
144899
145027
145051
145602
145626
145959
146210
146473
146487
147042
149128
149180
149394
149428
149548
149842
150070
150321
150719
150713
150956
151286
151296
152124
152159
152246
152758
152986
153094
153281
153991
154507
154640
154874
154966
155127
155566
156122
156124
156291
156307
156343
156532
157459
157469
157702
157724
158137
158531
158723
159382
159637
161086
161638
162702
163325
163564
163641
163670
163719
164130
164146
164331
164514
164991
165322
165531
165561
165626
166008
166140
167103
167162
167383
167543
167574
167612
167847
168163
169024
169044
169402
169605
169879
170100
170217
170556
170826
171196
171583
172334
172624
173095
173290
173654
173808
173894
174323
174577
174663
174834
174985
175276
175432
175730
176922
177059
177376
177470
177712
178093
178253
178785
179415
179742
180234
180462
180922
181487
182449
182635
182685
182765
182798
183114
183182
183273
183278
183394
183425
183714
184297
184372
184443
184581
185018
185989
186631
187378
187777
187806
188589
188724
188934
189210
189210
189688
189879
190050
190104
190278
190565
190618
190911
191510
191721
192202
192844
193613
193815
193919
194118
194261
194451
194468
194505
194913
195157
195553
195819
195818
196258
196283
197033
197400
197476
197519
197670
198133
198403
198422
198517
198663
198738
199154
199735
199943
