12818.4
13529.6
13827.4
14621.7
14823.2
15483
16910.9
17447.6
17606.1
17819.9
18294.1
19009.3
19471.6
21650.1
23150.1
24355.1
25093.7
25129
25819.9
26903.5
28335.3
28593
28933.4
30163.6
31520
31698.7
36517.4
36759.9
36759.6
37342.5
37734.4
37865.5
38220.6
38724.4
39502.5
41670.7
42835.6
43153.4
43183.5
43622.9
44045.8
44640
46444.6
47190.1
48022.3
50196
51110
51399.9
52322.4
52894.2
53674
53856.9
54028
55457.8
57137.6
57287.6
58261.9
58813.6
59357.9
59639.1
59876.9
60229.4
60516.9
61078.1
61238.2
62215.1
62374.9
62741
63491.8
63701.9
63959.8
64096.7
64522.9
64835.8
66381.7
67553.6
69987.4
73357.8
74955.4
78709.9
81525.2
82425.9
83009.3
87321.1
91545.5
92214.8
98941.4
102282
106062
112312
113836
117227
117469
123415
124382
158765
174562
174865
176277
177733
179350
181001
183556
183704
184203
184612
185680
186386
186841
190802
192283
192773
193254
194345
197195
197462
198503
199193
199335
199539
199892
