4644.41
7743.22
7752.5
9988.08
10096.8
13282.6
14459.7
14639
14749.7
15761.9
17789.3
21064.3
22315.9
22507.2
23343
26051.2
27284.5
28203.7
32187.2
33009
35619.3
36365.7
36429.6
36457.2
39572.8
42065.8
42568.9
43066.9
44405.2
45987.6
46841.3
47137.3
49438.7
50641.6
51851.1
51951.1
53208.5
56356.2
58285.8
58807
59328.5
59776.5
60080.5
60733.5
61090.6
61808.6
62882.7
63863.9
64726.2
65066.6
65557.9
68495.4
74350.1
75693.3
75699
76265.5
78341.5
78649.6
79511.9
81356.2
83071.3
83402.4
84491.1
87888.8
88891.4
89823.1
90480.4
90715
90740.2
91203.9
91731.5
92038.4
97171.6
98309.7
99642.9
100622
102967
106736
108679
109561
111249
111969
112545
113804
115739
115929
116613
117269
118864
120506
120719
121557
121831
122773
124259
125992
126789
127683
128695
129141
130054
130496
130824
132616
133442
133623
136024
141172
141677
145097
145422
146895
147221
148689
150184
150896
153440
153510
153967
155131
155604
157926
159113
161203
162865
163865
164196
164753
165200
168447
168884
169112
170032
172713
173452
174167
174272
174800
176401
177938
177994
178298
178409
179988
182198
182308
182644
183938
184292
185804
189366
189487
189815
190948
197213
197818
198284
199417
199526
