141.89
187.53
367.92
556.8
895.54
934.28
1155.67
1340.79
1662.89
1872.01
2232.42
2382.24
2736.36
2844.75
3058.43
3154.78
3244.76
3278.63
3601.34
3679.66
3879.59
4067.9
4499.49
4584.57
4788.99
5256.29
5751.1
6120.18
6188.89
6292.31
7330.92
7379.29
7842.98
8180.17
8346.87
8639.57
8882
9520.48
9848.79
10105.4
10239.4
10551.8
10626.7
10850.3
10975.1
11069.7
11173.2
11235.2
11630.5
11642
11672
11948.3
12015.4
12233.1
12475.5
12619
12804.2
12840
12935.4
13020
13691.8
13779.3
13852
14044.2
14063.3
14219.4
14605.2
14646.8
14728.6
14858.2
15178.3
15289.2
15290.5
15503
15708.1
15840.9
15846.8
16010.2
16125
16210
16492.5
16513.6
16567.3
16859.7
16912.1
17337.9
17462.6
17581.5
17701
18347.9
18609.1
19025
19629.5
19819.4
19873.6
20203.3
20417.8
20896.8
21599.6
21618
22707.2
23349.4
24389.6
25459.9
25935.7
26030.7
26821.5
26855.3
27035.9
27527.4
27609.9
27739
27774.2
28140.8
28761
28861.6
29018.5
29186.7
29306.6
29389.5
29492.8
29657.4
29728.4
29744.1
29751.5
29762.4
29761.5
29966
30052.9
30112.1
30272.2
30343.9
30623.3
30687
31021.7
31251.9
31321.5
31404.5
31444.7
31629.6
32196.6
32227.9
32240.8
32304
32364.8
32632.4
32860
35043.9
35313.4
35759.2
35945
36584.6
36595.1
37146
37310.3
37507.3
37716.9
37916.3
38357.9
38931.5
38933.1
39232.8
39399.9
39598.6
39738.4
40115.1
40241.9
40249.2
40291.7
40324.1
40467.8
40503.8
40533.9
40792.6
40931.5
41256.4
41424.1
41662
41834
41857.5
42132.1
42173.5
42444.4
42473
42730.2
42782.1
43000.2
43020.4
43041.5
43507.6
43945.7
44143.4
44152.8
44780.2
45035.5
46560.4
46800.7
47107.5
47205
47455.2
47635.1
47644.3
47920.4
48020.4
48079.9
48268.1
48710.9
49054.8
49081
49108.9
49848.3
49862.6
50467.3
51000.2
51370.8
51600.6
51670.1
51895.6
51934.8
52147.9
52290.2
52570.1
52603.6
52634.8
52682.1
53201.7
53268.6
53819.2
54392.9
55286
55809.3
55927.6
56082.5
56327.2
56332.4
56418.4
56514.9
57121.6
57126.3
57562.4
57905.7
58003.4
58895.3
59162.5
59392.4
59643.2
59831.7
59863.7
59985
60022
60480.7
60777
60923.3
61296.4
61480.3
61620.7
61646.3
61945.2
62550.2
62842.7
62946.2
63051.2
63300
63441.7
63562.1
63947.7
64227.2
64515
64522
64639.1
64716.8
65074.7
65164
65184.3
65377.2
65479.3
65928.5
66129.5
66159.4
66393.2
66398.7
66484.2
66548.6
66911.3
67358.1
67462.1
67473.8
67648
67757.6
67891.6
67944.7
69152.8
69191.6
69408.2
69615.5
70253.5
70548.4
71567.7
72160.4
72309.8
72526.2
72592.3
72927.1
72978.3
73221.9
73428.4
73834.5
73899.2
74497.7
74978.1
74996.2
75302.6
75481
75572.7
75684.8
76028.9
76216.1
76223.6
76286.5
76450.6
76509.1
76756.3
76795.4
77162.9
77562.5
78207.9
78825.3
79279.8
79309.8
79469.9
79769.8
80235.8
80580.9
80956
81135.2
81195.7
81312.2
82285.3
82798.4
83245.3
83623.8
83906.4
83987.6
84650.7
85580.7
85601.7
85648.7
85892.3
85906
86385
86450.2
86517.7
86692.4
86824.3
87070.5
87483.5
87682.1
88782.8
89296.5
89314.3
89594
89906.1
90170.6
90297.8
90394.9
90735.7
90794.7
90898.8
91090.1
91255.9
91537.6
91905.7
92119.1
92346.3
92358.9
93386
93696.7
94284.8
94505.6
94577.1
94709.9
94817.3
94844.8
94868.4
95121.1
95327.4
95394
95568.8
95615.3
95789.2
95923.5
96042.4
97881.2
97896.7
98018.7
98039.3
98472.6
98544.8
98899.8
99257.2
99263
99540.6
99808.9
99928.9
100180
100349
100445
100597
100665
100751
100829
100850
100988
101040
101176
101277
101372
101432
101672
102165
102776
103835
104067
104113
104493
104495
104651
105087
105466
105498
105507
105540
105773
106013
106023
106444
106768
107239
107340
107950
108117
108232
108698
109197
109513
109614
109672
109838
110326
110343
110890
111238
111244
111247
111559
111586
111743
111971
112119
112196
112357
112508
112622
113113
113407
113500
113649
113954
114165
114203
115105
115244
115391
115455
115744
115830
115855
116096
117187
118510
118916
119056
119121
119209
119278
119406
119494
119646
119742
120001
120175
120570
120652
120786
120899
120960
121207
121254
121396
121840
121933
121963
122250
122463
122496
122512
122803
122902
123132
123185
123690
123986
124085
124300
124388
124800
125090
125177
125745
126150
126735
127130
127333
127464
127813
128040
128197
128367
128712
128942
129093
129272
129651
129852
130256
130303
130350
130671
130804
131135
131444
132172
132235
132544
132636
132962
133176
133307
133591
133663
133803
133964
134430
134846
135314
135508
135554
135706
135948
136421
136437
137404
137793
138089
138230
138266
138529
138643
139246
139398
139497
139893
140990
141081
141225
141286
141686
141761
142724
143200
143348
143707
143910
143974
144177
144225
144663
145051
145622
145625
145858
145997
146382
146428
146500
146747
146798
146915
147369
147511
148672
148682
149077
150629
150689
150878
151111
151302
151355
151425
151445
151710
151755
152047
152119
152144
152337
152380
152943
153214
153251
153405
153568
154134
154449
154673
154746
155544
155663
155885
156007
156156
156314
156425
156587
156853
157718
157717
158074
158099
158336
158526
158962
159157
159300
159371
159394
159576
160119
160650
160941
160964
161049
161382
161688
161703
161714
161940
162633
162724
162886
163109
163216
163288
163351
163363
163394
164158
164319
164420
164505
164860
164953
165025
165356
165710
166109
166208
166287
166712
166761
167727
168101
168430
168529
168556
168945
169345
170092
170200
170302
170716
170953
171132
171511
171535
172103
172328
172581
172790
172793
173149
173160
173207
173275
173467
173948
174261
175037
175405
175444
175980
176629
176908
177134
177168
177533
177563
177965
178058
178184
179026
179182
179245
179409
179766
179863
179958
179958
180493
180681
181000
181119
181182
181630
181912
182091
182210
182471
182502
182785
182878
182950
183281
183565
183563
184060
184109
184142
184520
184833
185042
185152
185145
185445
185489
185512
185776
186285
186361
186471
186512
186650
186713
188191
188285
188323
189384
189763
190151
190169
190466
190642
190785
190902
191129
191538
192124
192373
192914
192939
193116
193335
194077
194194
194570
194678
196125
196563
197180
197700
197795
197979
198074
198329
198981
199081
199686
199926
