1065.05
2403.84
3161.18
3511.58
4034.25
4517.95
4685.44
5189.41
6591.15
6821.66
7418.34
9960.77
11505
13892.4
14042.8
15017.8
15383.5
15726.3
17299.6
17575.1
18041.1
18692.2
18775.5
18881.4
19085.1
19760.9
20295.5
21605.8
21651.2
22538.9
23937.9
25808.6
26260.7
27006.7
31938.9
33797.4
34964.9
35225.4
37445.7
39285.6
40619.4
41982.4
42961.4
44472.8
44734.5
49886.3
50387.3
51216.9
51424.1
52144.1
52770.7
56010.9
56197.7
57051
60404.1
60544.8
61059.1
61136.2
61451.7
62454.8
62918.7
65225.1
65915.3
65917.5
66219.5
66546.2
66593.7
67339.5
72079.4
73241.6
73478.2
73587.3
74769
75120.1
75614.9
75863.1
78958.9
79095.2
81041.1
81092.1
81551.2
82130.5
82199.9
82239.5
82460.4
82997.6
87507.2
87971.4
88573.7
88602.6
88672.9
88833.6
91692.1
95949.5
96434.9
97316.9
98082.3
98136.2
98552.5
99234.1
