299.75
363.87
900.25
990.22
1375.99
1687.66
1792.03
1805.17
1817.61
2329.8
2663.09
3224.58
3343.72
3499.86
3918.15
4251.76
4426.6
4558.1
4643.72
5041.43
5310.63
5591.54
5998.21
6113.96
6145.9
6180.17
6257.98
6289.48
6341.84
6464.28
6569.23
6700.14
6720.28
6807.18
6972.13
7007.06
7062.38
7229.99
7382.83
7817.42
8097.28
8177.05
8270.61
8315.32
8448.36
8479.83
8529.08
8701.62
8766.31
9066.7
9442.47
9592.79
9934.36
9960.82
10265.5
10373.5
10482.6
11184.4
11411
11649.7
11835.6
11931.8
12191.2
12370.9
13322.9
13419.5
13594.7
13774.2
14045.4
14409.1
14536.6
14621.4
14651.8
15497.6
15632.4
15717.9
15800.7
15860.9
15872.7
15888.9
16005.2
16391.8
16430.1
16529.6
16670.2
17362
18207.6
18910.5
19052.8
19202.3
19246.2
19356.9
19434.2
19475.5
19704.5
19792.2
19828.1
20081.3
20308.1
20340.8
20379.1
20427.3
20544.3
20600.6
21005
21160.8
21334.9
21527.8
21652.8
21679.8
21812.3
22414.5
22702.7
22853.5
22890.1
23546.2
24544.3
24629.7
24756.8
25086.3
26159.5
27021.9
27033.3
27120.8
27531.4
27894.8
27946.4
27966.4
28062.6
28079.9
28253.7
28270.8
28311.7
28327.7
28735.4
28824.3
29313.2
29326.9
29426.2
29446
29448.1
30233.7
30821.1
30832.8
31753
32003.1
32717.9
32789.6
32924
33075
33187.6
33744.3
34073.3
34081.3
34431.1
35870.3
35994.3
36438.2
36480.4
37097.3
37181
37647.1
37808
38009.2
38121.2
38280.3
38286
38471.2
38709.5
38857.8
38995.4
38995.7
39051.4
39119.7
39308.5
39363.6
39484.1
39711
39863.7
39988.5
40708.1
40927.5
41700.3
41779.2
42032.1
42182.3
42374.2
42632
43095.3
43323.8
43408.2
43563.3
43568.5
43580
43660.4
44082.4
44176.6
44372.1
44648
44653.3
44715.8
45160.7
45362.5
45568
45909.1
45915.5
48147.5
48411
48973.9
49545.6
49873.1
50859.2
51522.7
51728.4
51746
51834.7
51921.6
52097.1
52370
52424.7
52583.3
52686
53252.9
53702
53787.7
53957.6
54247
54970.5
55183.8
55510.4
55813.1
55815.5
55863.2
56007.3
56014
56332.2
56427.6
56710.1
56923.8
56973.3
57055
57591.4
57615.9
58784.4
59078.5
59108.2
59798.8
59901.4
60171.5
60304.3
60443.3
60476.5
61007.9
61273.1
61420.9
61545.5
61659.5
62030.2
62607.1
62680
63001
63089
63379.6
63438.6
63632.4
63939.4
64752
64895.7
65203.4
65264
65683.9
65748.8
65989
66027.2
66444
66573.8
66590
66606.6
67075.3
67175.7
67377.9
67383.4
67435.5
68095.5
68489.9
68611.1
68702.1
69193.8
70302.2
70487.1
71180
71495.2
71656.6
71791.1
72003
72022.1
72685.2
72875
73073.8
73267.5
73362.8
73535.7
73615.5
74315.2
74333.2
74346.8
74631.4
74719.4
74791.8
74966.2
75086
75231.4
75734.9
75902
76076.2
76176
76533
76785.5
77098.9
77147.1
77410.5
77445.5
77798
77994.3
78133.4
78291.6
78606.3
79123.7
79198.3
79488.6
79595
79814.9
80080
80080.7
80075.4
80498.3
80687.3
80758.3
80781.9
81913.5
82069.3
82205.8
82309.7
82431.1
82686
82960.8
83266.4
83348.4
83707.6
83777
84366.1
84408.9
84643.9
84781.3
86028.8
86274.3
86646
86767.4
86767.2
86954.5
87257.9
87563.4
87750.6
87787
88195.2
88550.9
89876.6
90943.1
92104.9
92197.4
92637
94929.9
95746.6
95800.7
97109.9
97841.5
98400.6
98444
98739
98857.4
98868
99141.5
99165.8
99215.3
99249.2
99421.5
99451.5
99581.7
100017
100228
100600
100819
101915
102202
102199
102310
102912
103046
103102
103275
103627
103815
103868
104026
104123
104442
104897
105198
105648
105898
106689
107645
107720
108042
108223
108335
108772
108803
108919
108948
109229
109485
109563
109757
110125
110908
111430
111479
111680
112673
112965
113116
113492
114218
114517
114850
114891
114993
115113
115144
115442
116111
116151
116747
116749
116789
116788
117059
117065
117221
117311
117553
117833
117985
118131
119159
119276
119366
119637
119878
120241
120492
121021
121117
121598
121649
121770
122159
122161
122171
122229
122814
123314
123389
123417
123650
123731
124135
124683
125049
125165
125358
125379
125542
126124
126318
126491
126826
127198
127215
127538
128007
128575
129103
129189
129234
129534
129551
129584
130061
130175
130347
130487
130942
130993
131146
132569
132596
132954
133315
133634
133812
133923
134068
134238
134312
134361
134391
134484
135291
135631
136071
136254
136938
137582
137803
138064
139790
140041
140043
140160
140278
140321
140538
140862
141015
141142
141471
141514
141552
141644
141713
141711
141839
141875
142179
142224
142247
142246
142431
142491
142551
142659
142985
142999
143143
143284
143319
143416
143646
143659
143749
143824
144082
144145
144164
144482
144680
144978
146365
146375
146427
146622
147139
149188
149594
149608
149697
149856
149970
150912
151118
151269
151440
151524
151880
151915
152018
152658
153036
153091
153276
153315
153381
153515
153774
153837
154306
154334
154470
154768
154867
156314
156443
156619
156619
157065
157117
157104
157155
157249
157381
157398
157406
157433
157727
157811
157903
158616
159076
159295
159301
159378
159468
159649
159750
159824
159876
159905
159908
160466
160869
160898
161180
161298
161357
161730
162125
162346
162400
162621
162631
162690
163061
163266
163440
163809
164044
164392
164449
164470
164640
164794
164913
164996
165130
165339
165829
166460
166553
166673
166910
166927
166983
167389
167425
168109
168307
168647
169474
169636
169638
169683
170121
170200
170283
170374
171250
171285
171481
171617
171903
172071
172589
172759
173052
173416
173422
173567
174050
174064
174268
174805
174991
175368
175777
176425
176516
176820
177187
177272
177433
177759
177829
178054
178340
178590
178582
178799
179229
179485
179757
180183
180380
180558
180679
181265
181462
181727
182127
182378
182574
182799
183339
183438
183481
183614
183866
184114
185516
185673
186035
186139
186812
187700
188314
188554
188739
189063
189754
190079
190144
190424
190548
190803
191292
191794
192610
192617
193160
193657
193895
194148
194143
194780
195198
195519
197212
197612
197882
198152
198498
199126
199205
199452
