566.34
609.68
811.1
1194.82
2059.63
2771.18
2963.71
3659.28
4266.59
5788.03
5867.66
6066.85
6195.91
6287.87
6312.3
6639.11
6805.01
6816.89
7248.32
7429.84
7647.71
7794.82
7906.84
8812.52
9080.94
9406.54
9755.61
10792.5
11080.7
11165.5
11289.4
12339.9
12572.4
13467.7
14135
14190.5
14194.8
15188.2
15310.6
15410.2
15584.5
15594.9
15747.9
15869.8
16584.1
16874.4
17119.2
17360.9
17842.1
18296.6
18397.3
18435.4
18617.6
19057.8
19279.6
19827
20356.9
20361.5
20936.2
21413.8
21630.7
22190.4
22581.3
22978.6
24051.7
24389.3
24788.8
24900.2
25204.6
25673.2
25843.3
26135.8
26137
26263.1
26312
26623.8
26639.1
26969.7
27498.8
27515
27748.5
28109.3
28344.1
29160.8
29209.4
29784.3
30162.9
31113.5
31711.6
31978.1
32433.9
33003.3
34160.6
34682
35162.2
35308.1
35850.1
36236.4
36844.6
37487.8
38904.6
39168
39388.2
39965.4
40589.8
40906.8
41008.1
41330.8
41664.1
42711.6
43083.5
44105.5
44372.5
44429.8
44626.8
44854.3
45067.1
45095.7
45720.5
45932.8
45995
46005.3
46269.7
46397.2
46813.2
46965
47187.7
47599.6
47723.7
47739.1
47757.8
47815.3
48611.3
48784.7
48854.4
49074.9
49119.5
49456.1
49735.3
49913.7
50488.2
50891.1
51020.6
51636.3
51943.5
51965.9
53450.7
53523.1
54035.1
54365.4
54379
54521.1
55104.4
55326.1
55918.1
55985.4
56469.3
56928.8
57807.9
57858.7
57927.2
58180.5
58210.4
58446.3
58764.5
59143.7
59199.5
59269.7
59418.7
59550.1
59839.9
60068.5
60923.1
60937.4
61274.3
61421.3
61478.9
61626.4
62128.8
62514.8
62553.4
62753.7
63018.6
63136
63359.3
63888.6
63886.8
64020.6
64905.8
65326.3
65692.3
65749.9
66147.4
66529.8
67177.9
67401.9
67399.9
68659.1
68754.3
69044.3
69106.1
69341.5
69583.9
69859.1
69970.4
70150.2
70271.1
70505.6
71273.9
71678.7
71785.6
72785.6
72978.1
73035.2
73217.6
74390.1
74450.4
74671.2
75100
75338.8
75344.9
75583
75873.2
75971.6
76021.1
76173.4
76271.1
76515.8
76553.4
76556.2
77348
77438
77871.5
77883
77890.5
78149.4
78227.2
78314.2
78466.7
78698.9
78879.9
79066.9
79176.1
79378
79591.9
79861.1
80427.3
80434.3
81050.1
81095.5
81856.9
82059.5
82394.4
83051.1
83347.3
83443.3
83754.8
83850.6
84025.1
84633.1
84648.5
84815.6
85040.8
85251.1
85661.8
85698.9
85860.8
86451.5
87345.7
87890.3
88562.8
88778.8
89363.1
90033.6
90060.8
90354.9
90789.9
91154.6
91917.4
92392.3
92613.4
92815.8
94449.9
96428.4
96499.1
96904.1
97357
98322.8
98353
98788.9
98792.1
98937.6
99265.7
99429
99587.2
99614.2
