129.8
289.74
409.34
559.12
647.58
999.63
1288.46
1462.29
1673.38
1763.28
1837.17
1864.15
2097.09
2433.32
2629.26
2845.36
2889.99
2930.94
3278.84
3578.36
3704.93
3790.6
3902
4613.54
4731.95
4741.45
5025.07
5189.49
5463.56
5525.12
5591.99
5700.73
6002.73
6113.54
6123.41
6204.92
6315.68
6600.73
6685.56
6828.26
6966.11
7214.51
7231.25
7447.02
7508.15
7601.1
7992.13
8133.08
8455.04
8906.58
9027.3
9031.12
9034.45
9229.94
9276.52
9418.78
9992.55
10015.7
10129.3
10209.4
10435.2
10581.4
11080.8
11092.5
11295.7
11640.5
11644.8
11658
11923.5
11930.3
11981.4
12117.3
12491.9
12783.6
12888.9
13153.8
13206.7
13231.5
13557.2
13652.7
13667.2
14160
14267.5
14366.9
14648.9
14652.6
14929.1
14944.9
15064.2
15173.5
15257.2
15562
15926.4
15950.3
16523.1
16832.8
17214.4
17359.6
17838
18157.7
18197.1
18322.9
18398.2
18733.9
18908.8
19162.6
19175.6
19324.1
19524.9
19707.6
19760
19905.4
20582.5
20687.8
20689.6
21095.2
21190.7
21356.7
21688.3
21789
21834.4
22019.7
22551.3
22722.8
22770.3
23064.3
23384.5
23569.4
23764.3
23889.7
24034.7
24222.5
24284
24375.1
24411.8
24545.1
24820.2
25116.9
25472.8
25477.3
25500.7
25537.8
25633.2
25719
25887.2
25946.1
26028.4
26270.3
26505.6
26568.3
26660.3
27120.1
27333.9
27541.4
27756.6
27905.5
27940.9
28036.1
28201.1
28239.2
28458.7
28515.9
28584.9
28783.5
28947.8
28948.8
29108.4
29170.6
29174
29212.5
29583.2
29651.1
29667.2
29808.1
30052.1
30326
30350.5
30437.5
30439
31002.6
31055.6
31128
31387.5
31767.9
31970.7
32322.1
32342.3
32558.7
32613
32752.2
32984.9
33091.2
33146.6
33434.5
33468.5
33490.5
33579.8
33771.5
33958.2
33960.9
34129
34468.2
34579
34803.8
35275.6
35366.9
35579.8
35714.6
35884.7
36143.2
36147.3
36276.6
37036.4
37604.5
37664.7
37886.4
37938.3
37939.7
38113.4
38413.4
39102.8
39163.4
39329.9
39631.4
39668.3
39752
39878.8
40010.9
40086
40266.8
40271.7
40317.5
40389.8
40451.3
40556.9
41077.8
41142.9
41244.7
41299.3
41394.5
42100.9
42427.4
42691.5
42753.8
42810.2
42880.1
43099.3
43272.3
43470.8
43506
43552
44005
44342.5
44783.1
44869.6
44982.3
45030.8
45133.2
45596.6
45753.9
45852.4
46886.4
46924.7
47214.8
47244.5
47882.8
48035.5
48183.1
48263.1
48260
48431.7
48655.4
48734.7
48820.5
48893.5
48925.3
49004.5
49478.3
49857.4
50057.9
50252.3
51004.5
51072.9
51142.6
51533.3
51685.3
51704.2
51783.5
52117.8
52371.3
52375
52697.9
52712.1
53251.6
53362.1
53691
53704.7
53783.3
53913.6
54216.2
54768.5
54809.6
54956.3
55093.2
55754.9
55880.8
56781.4
56882
56906.8
56941
57002.4
57147.8
57318.2
57569.4
57790
58212.7
58242.9
58277
58380.3
58440.2
58503.5
58605.6
58932.4
58957.3
59329.4
59389.9
59641.5
59906.5
60304.5
60972.3
61005.9
61032.8
61583.1
61994.4
62029.6
62030.4
62216.9
62351.7
62530.9
62543
62863.5
62951.7
63301.8
63375.6
63595.5
63606
63693.9
63861.7
63875.9
63899.5
64033.4
64462
64802.1
64965.2
65266.6
65299.2
65833.6
66051.1
66628.8
66785.1
66834.3
67170.1
67195
67249.2
67345.2
67518.9
67896.9
67955.3
68067.7
68226.9
68290.5
68522.7
68811
68937.1
68995.8
69140
69155.1
69146.9
69404.9
69428.1
69966.3
70072.2
70111.4
70283.9
70348.7
70431.3
70587.9
70632.7
70799.7
70912.5
70978
71142.1
71336.4
71453.9
71490.6
71784.3
71807.2
72092.9
72119.5
72334
72363.3
72365.7
72543.2
72584
72585.7
72607.1
72922.1
72923.5
73152.7
73158
73463
73698.1
73778.9
73874.7
74019.1
74069.3
74368.1
74415.4
74844.4
75082.5
75268.4
75568
75633.8
75697.5
75730.8
75916.3
76054.5
76180.2
76309.1
76810.9
76992
77073.1
77485.6
77720.7
77901.9
78085.4
78168.9
78310.2
78431.2
78610.5
78790.6
78940.6
79878.2
79900.4
79948.7
80058.1
80266.9
80417.3
80504.1
80510.2
80707.9
81101.1
81397.7
81447.3
81691.5
82021.2
82020.7
82285
82300.6
82476.8
82477.6
82611.1
82931.1
83368.9
83392.3
83560.8
83635.5
84083.4
84427
84449.1
84460.8
84519.3
84675.2
84805.1
84885.2
85178.8
85214.9
85277.8
85354.7
85381.6
85610.9
85660.2
85687.8
85995.2
86052.9
86372.9
86539.6
86593.8
86724.2
86924.2
87015.8
87199.2
87243.1
87521.5
87887.8
87927.3
88266.5
88305.6
88340.1
88687.9
88761.2
88833.3
88839.1
88926.2
89041.5
89219.9
89708.1
89742.3
89999.8
90607.6
90677.6
90756.2
91094
91439.9
91518.1
91832
91950.8
92007.1
92184.7
92498.6
92569.3
92880.8
92982.6
93070.4
93137.5
93153.8
93265.7
93457.4
93494.2
93519
93547.4
93961.6
94057.4
94127.5
94359
94450.2
94678.6
94843.4
94975.4
95185.1
95211.2
95444.3
95628.8
95673.6
95885.8
95939.9
96240.1
96860.6
96883.8
97241.6
97289
97324.2
97343.4
97669.4
98011
98334.2
98492.8
98678
98783.9
99012.1
99515.8
99715.3
99743.2
99749.2
100268
100285
100376
100966
101016
101061
101066
101239
101503
101722
102152
102147
102196
102473
102605
102862
102902
102957
103421
103493
103512
103590
103721
103808
104171
104374
104456
104529
104653
104893
105127
105217
105292
105721
105841
105856
106100
106184
106382
106397
106489
106507
106565
106602
107047
107249
107360
107459
107746
107999
108209
108415
108578
108607
108941
109141
109261
109465
109812
109852
109946
110029
110268
110449
110622
110740
110762
110877
111177
111296
111330
111418
111521
111708
111939
111991
112037
112314
112598
112665
112890
113180
113640
113759
113857
114300
114692
114989
115106
115619
115665
115901
116004
116038
116055
116140
116248
116386
116446
116483
116515
116873
117046
117571
117611
117690
117697
117771
117998
118191
118319
118482
118647
118764
118832
119144
119662
119711
119883
119924
120243
120572
120569
121763
121920
121969
121995
122726
122992
123438
123779
123916
124006
124143
124318
124366
124431
124697
124918
125141
125352
125373
125598
125668
125948
125976
126256
126391
126417
126557
126705
126749
126817
126837
126937
127086
127121
127576
127581
127633
128019
128152
128248
128455
128625
128739
129209
129748
130287
130360
130391
130434
130715
130808
131229
131356
131430
131600
131771
132264
132494
132612
132824
132988
133062
133152
133337
134113
134315
134400
134740
134756
134995
134988
135051
135279
135459
135536
135831
135953
136150
136553
136578
136612
136812
136866
137517
137696
138277
138471
138486
138929
138990
139036
139666
139783
139831
140059
140470
140585
140643
140667
140773
140894
141082
141100
141209
141427
142152
142353
142483
142683
142769
143042
143500
143728
143888
143958
144139
144485
144703
144758
145019
145103
145138
145390
145598
145920
145911
146130
146220
146255
146641
146867
146962
147141
147205
147376
147405
147791
148291
148760
148973
149155
149208
149298
149369
149482
149588
149859
150078
150178
150206
150553
150644
150660
150777
150911
150997
151003
151053
151212
151230
151302
151299
151361
151630
152408
152441
152575
152936
153068
153197
153317
153605
154305
154518
154638
154800
154998
155146
155191
155384
155431
155677
155806
156040
156152
156229
156649
156981
157045
157223
157357
157373
157522
158079
158327
158348
158422
158610
158702
158858
159059
159098
159741
159794
159835
159927
160214
160417
160730
160965
161427
161995
162394
162990
163114
163350
163395
163477
163768
163789
163795
163970
164059
164134
164305
164431
164470
164751
165020
165064
165195
165463
165648
165690
166486
166767
166850
167041
167095
167467
167536
167637
167735
167859
167902
168053
168054
168338
168393
168642
168711
168797
168816
168921
168988
169313
169395
170402
170412
170768
170856
170944
171100
171359
171391
171575
171603
171740
171842
172057
172130
172304
172713
172757
173104
173340
173648
173760
173771
173896
174075
174595
174853
174976
175300
175393
175708
175852
176002
176118
176156
176534
176770
176883
176927
177055
177339
177361
177464
177629
177777
178130
178183
178356
178476
178523
178773
178875
178968
179020
179096
179112
179149
179202
179396
179680
179843
180310
180547
180778
180829
180868
180958
180982
181278
181478
181563
181580
181618
181962
182276
182373
183095
183091
183801
184078
184456
184732
184790
184828
185447
185543
185928
186000
186168
186370
186364
186593
186604
186790
187000
187006
187094
187101
187318
187387
187476
187562
187664
187833
187917
187968
188177
188529
189039
189227
189401
189510
189678
189798
189823
190441
190605
190792
191113
191261
191536
191739
191820
191817
192085
192536
192885
193258
193371
193389
193573
193576
193670
193722
193783
193861
193963
193985
194016
194130
194286
194474
194875
195247
195266
195283
195406
195590
195600
196091
196429
196620
196871
196937
197087
197173
197190
197203
197441
197788
197827
198160
198334
198382
198917
198951
198975
199374
199471
199496
199569
199715
199725
199783
