168.29
426.5
784.93
1054.86
1593.12
2123.16
2226.3
2687.18
3288.77
3306.51
5341.55
5959.25
5990.43
6208.85
6469.26
6479.29
6782.83
6844.59
6921.77
6979.25
7141.06
7179.19
7805.72
8936.12
10259
10328.6
10809
11381.3
12301.7
12601.8
13097.2
13901.9
14287
14484.3
15397.8
16042.8
16799.4
18159.6
18439.3
19134.4
19179.2
19332.6
19961.8
20048.5
21047.9
21331.7
22428.9
23005.8
23739.4
24109.7
24557.3
24561.5
24636.2
24941.9
24945.8
25286.5
25487.6
25498.1
25778.8
26434.3
29644.9
29906.8
29957.2
30501.6
31010.7
31262.5
31970.7
32571.1
33700.4
34073.4
34087.4
34195.7
35082.2
35139.4
35617
35659.4
35719.7
35735.6
35787.1
36188.3
38773.3
39834
41546.5
41747.4
42078.1
42156.1
42750.1
42773.9
43772.9
44529.2
44949.9
45814.5
46783
46948.5
46985.5
47355.6
47491.7
48431
48471.7
50107.7
50379.1
51205.4
52490.9
54177.2
54287.7
57394.2
57757.9
58751.3
58901.4
59344.9
60986
61622
61902.2
62693.7
62985.6
63211.3
63667.8
64635.1
64722.7
65574.4
66243.2
67048.3
67296.4
67397.1
67478.4
68539.3
69459.1
69489.8
69729.8
70125.6
71218.9
71737.6
71808
71839.5
72128.6
72632.6
73736.6
74004.9
74127.3
74260.5
74455.9
75435.6
76185.6
76696.6
77987.6
78813.6
78929.4
79528.6
80265
80522.1
81337.5
81600
82060.8
82850.9
83171.6
83475.3
85298.2
85379
85432.6
85686.7
86456.3
86880.5
87164.8
87280.2
87333
87572
88387
88586.3
89137.2
89167
89436.8
89903.5
90280
90460.3
90798.7
91257.6
91410.8
91844.6
91944.4
92142
93530.7
94928.8
95927.8
97819.7
98193.4
98311.6
99426.6
99867.5
99887.2
99938.7
100076
101514
101780
102413
102876
102914
103008
103148
103196
103372
105870
106858
107239
107605
108254
108546
108824
108926
109048
110462
111980
112619
113126
114097
114551
115033
115440
116955
117993
118135
118662
118947
119932
120159
120274
121361
121600
121718
123892
125190
125412
126528
127456
127545
128275
130904
131037
131231
131644
132313
132427
132566
133024
133356
133357
135213
135479
136792
137407
137710
138468
138727
139196
140049
140941
141322
141328
141813
141840
142976
143404
143826
144405
145980
146044
146125
146893
147885
148332
148445
151000
151258
151684
152064
155050
155145
155570
155748
156013
156276
156496
156566
156981
156988
157111
157733
157980
158180
158292
158754
158963
159523
159716
159740
159782
160248
161659
164805
165056
165914
166761
168473
169426
170805
171169
172062
172155
172502
173004
173160
173190
173389
174247
174493
175379
175754
175826
176104
176969
178302
179362
180748
180907
180985
181030
181764
182102
182483
183096
183434
183589
184080
184214
184969
185691
185803
187444
187749
189053
189330
190042
190191
190356
190844
191061
191537
191693
191962
192155
193013
193240
194338
194410
194951
195558
196167
196178
196437
197094
197561
198163
198380
199358
199411
199684
199978
