1130.01
2526.79
2538.93
3383.66
3434.42
3783.56
3810.02
4166.36
4695.7
4707.68
4760.37
4845.08
5563.8
5652.53
6242.92
7126.69
7169.83
7906.79
7924.44
8423.14
9215.87
9332.89
9714.44
9912.02
10052.3
10264
10935.9
11079
11119.2
13523.2
15205.5
15407.4
17086.2
17097.4
17700.2
17893.2
18106.8
19248.5
19344.2
19638.5
19685.5
22614.7
22766.8
23103.5
23407.5
24575.6
24952.1
26007.5
26268.3
26512.1
26623.7
26626.8
28149.4
28313.7
28806.7
29185
29599
29901
30226
31453.3
31998.9
32562.1
32943.8
33088.2
33140.1
33234.1
34034.3
34299.1
34435.3
34596.8
34800.8
34831.2
34988.1
35297.8
35649.9
35851.1
36361.1
36485
36752.1
37708.2
38333.8
42611.6
43203.3
43431.8
44046.7
44375.7
44485.8
44766
46355.3
48132.5
48774
49036.2
50183.9
50863.7
51527.6
51766.7
51972.5
52000.5
52021.5
52139.6
52267
52400
52856.2
53070.6
53102.7
53979.3
54260.8
54504.4
54803.3
55597.8
55936
56440.9
57518.8
57568.4
58575.8
59607.9
60444.7
60546.9
61633.1
62594.6
65684.8
66062.5
66481.6
67463.5
67794.4
68668.6
69962
70428.9
70738.4
70927.9
71006.3
71053.2
71887.4
72551.8
72727.4
73714.2
74727.2
74917.6
76566.7
76826.7
76920.6
78680.4
79268.4
79629.5
81292.2
81842.6
82229.3
82293.4
85823.7
86394.7
87480.1
87753.1
87818.2
88774.4
89155
89195.9
89623.7
89855.4
89941.2
90456.1
90490.3
90711.1
90724.3
91412.5
91955.6
92122.3
92526.6
92926.6
92949
93037.3
93221.1
95445.1
96015.8
96125.7
96580.1
97351.2
98464.9
98549.4
98675.5
98993.2
99565.7
101636
102525
102554
103761
104533
105601
105755
106464
106544
107702
108035
108053
108236
108848
109182
109550
111406
111447
111546
111771
112563
113244
114254
114508
114831
115221
115634
115961
116338
116874
117297
117466
117703
117907
118107
118189
118444
118571
119000
119656
120054
120291
120589
121813
121898
122405
122468
122873
124822
124870
125334
125669
125843
126257
127169
127700
127882
127915
128212
128217
128641
130570
131083
132974
134931
135750
135925
136118
136255
138188
138640
138998
139159
139504
141436
142172
142558
143305
143501
144919
145542
145586
149437
150622
151065
151599
152286
153198
155810
156832
156960
156993
157137
157253
157606
159525
160327
160373
160444
160747
161499
161609
161821
162257
163449
163478
164162
164483
164577
164651
164917
165178
165870
167942
168437
168723
168859
169339
169426
169570
169866
171167
171677
172324
173391
173580
173981
174024
175125
176165
176263
176418
176550
177861
178374
178424
178517
179003
180526
181102
181155
181595
181713
182128
182310
182652
182909
183268
183285
183619
183691
183972
184802
187948
188990
189452
191267
191625
192619
192823
193917
193984
194120
195480
198102
198147
198145
198240
199924
