1134.65
2175.66
2316.39
5366.93
5707.7
8778.55
9058.42
10606.4
11737.4
12067.6
13635.5
15983.5
19487.5
21830.2
23744.1
24400.6
27219.2
28375.3
28658.2
28894.5
30941.1
31034.3
32868.1
33869.7
36073
37501.5
39219.5
39216.5
39265.4
39705.6
39847.4
40357.1
43288.6
43578.9
43672.6
43988.9
45018.9
45265.2
46371.3
50963.5
51665.1
51998.7
52347.7
52931
54189
56125.5
56502.5
57669.1
57722.7
59968.9
60518.4
60623.2
61722.2
62425.9
63709.8
63977
65540.3
67200.9
70822.4
72093.5
73149.2
75584.2
77223.6
78520.5
79277.5
79930.8
80376.6
80875
83500.4
84486.9
85164.7
87367.3
88617.6
91088.6
98699.3
99136.8
106811
108047
108961
109646
111062
115143
117394
117429
119324
120836
121729
123456
124778
126423
126449
126699
126790
127046
127305
128967
130389
133922
135521
137119
138509
140244
141374
142097
142833
143220
143628
143936
144263
144298
145058
146591
147229
150358
152419
154744
156799
157168
157520
157637
158034
160173
160621
162623
165038
165195
165456
165507
167076
167555
167622
167780
168841
173982
175348
177919
178566
178689
189134
191133
191909
194758
198830
199171
