312.36
363.11
461.72
719.67
802.48
874.57
983.24
1017.14
1082.31
1167.15
1221.94
1570.62
1626.36
1882.18
2107.35
2116.76
2325.39
2650.83
2683.97
3154.81
3403.87
3516.72
3586.01
3732.3
3850.34
4814.7
5270.19
5378.19
5792.05
5866.68
6409.15
6451.92
6507.08
6703.49
6712.96
6844.4
6917.61
7014.96
7060.59
7282.66
7418.7
7432.87
7659.89
7991.39
8123.53
8145.63
8288.46
8319.77
8487.06
8629.56
8644.88
8784.08
8850.37
8934.38
9090.44
9242.41
9312.94
9527.1
9586.86
9767.5
10317.1
10373
10538.7
10753.9
11073.8
11240.4
11475.1
11753.3
12104.3
12138.3
12299.5
12487.7
12682.4
12684.4
12730.5
12854.5
13008.9
13092
13733.3
13782.2
13824.8
13855.2
14008.3
14096.3
14310.6
14451.8
14643.4
14782.6
14842.7
15190.7
15643.8
15748.2
15806.6
16095.4
16247.2
16320.9
16639.6
16864.7
16959
16993.1
17023.6
17027.6
17101.2
17270.1
17358.5
17655
17758.6
17981.6
17992
18235.2
18239.1
18594.6
18688.5
18824
18884.9
19024.8
19045.8
19340.4
19717.4
19887.8
20147.9
20245.5
20399.5
20399.8
20618.9
20843.6
20976.2
21222.6
21426.7
21453.4
22004.5
22275
22587.6
22742.4
22983.8
23033
23231.4
23310.8
23431.9
23727.3
23924
23932.9
24028.7
24250.8
24299.1
24383.4
24483.6
24658
24688.9
24862.5
25277.9
25295.3
25385.6
25568.6
25912.8
26055.6
26478.8
26577.8
26952.2
27160
27319.6
27362
27656.9
27917.8
28062.1
28268.6
28313.8
28353.1
28969.1
29006.5
29354.6
29462.8
29554.8
29687.5
29718.3
29967.7
30033.4
30456.9
30482.2
30938.1
31364.9
31396.1
31798.2
32463.7
32741.9
32923.5
32974.1
33214
33354.3
33420.1
33465.5
33636.9
33707.5
33891.8
33944.9
34379
34444.7
34543.5
34741.6
34770.6
34868.5
34869.5
35192.6
35606
36051.4
36331
36636.1
36778.4
36840.5
37039.8
37088.5
37591.8
38029.5
38151
38304.1
38633.9
38647.4
38930.2
39042.9
39195.2
39425.3
39548.9
39587.9
39598.8
39781.8
39845.4
39866.3
40034.1
40142.2
40171.9
40217.4
40238.4
40386.2
40419.1
40547.5
40659
40729.8
41154.6
41241.1
41262.2
41667.4
42066.5
42083.1
42464.9
43280.5
43702.8
43925.2
44033
44146.7
44230.3
44503.7
44791.6
44932.8
45067.1
45102
45702.9
45854.1
45866.1
46018.9
46057.3
46242.3
46576.5
46711.2
46740.4
46841.7
46945.4
47217.8
47324.1
47767.7
47988.6
48161.6
48345.4
48415.9
48514.5
48723.6
48799.8
48860.2
48866.2
49224.5
49772
49847.5
49881.1
49925.6
50460.5
50761
50811.9
50826.9
51175.7
51182.9
51192.2
51225.8
51893.8
52088.9
52209.6
52301.9
52427.2
52812.4
53174.3
53290
53477.2
53490.5
53926.6
53931.6
54019.3
54030.1
54200.5
54772.1
55080.1
55517.7
55641
55987.5
55993.8
56136.6
56219.4
56736
56801.6
57361.5
57421.6
57433.7
57801.2
57888.1
58046.9
58086.1
58104.1
58219.8
58354.6
58372.6
58549.9
58877
59117.3
59155.1
59308.7
59371.1
59500.8
59661.8
59755.6
59989.1
60119.9
60636.4
61031.2
61051.4
61461.6
61576.8
61960.9
62005.5
62057.9
62855.7
63043.9
63253.6
63294
63507.4
64082.3
64588
64640.2
64757.7
64854.9
65097.9
65219.3
65416.4
65487.5
65666.6
65937.6
66113.1
66577.3
66617.9
66752
67124.4
67221.3
67311
67383.3
67627.2
67698.4
67864.2
67897.4
68183
68217.2
68397
68406.3
68542.9
68624
68885.9
69456.3
70632.2
71424.5
71528.1
71938.9
72136.7
72266.4
72438.1
73076
73239.1
73281.5
73495
73642.7
73720.6
73734.4
73790.6
74005
74176.8
74229.2
74249.8
74258.7
74448.9
74771.2
74955.5
75210.1
75480.5
75633.6
75813.8
75874.6
75963.3
76134.2
76640.2
76715.9
76947.8
77046.9
77056.3
77348.5
77535.9
77565.2
77616
77808.1
77903.6
77911
77970.1
77984.9
78298.5
78638
79064
79539.9
80323.2
80756.3
80916.8
81067.5
81772
81830.1
81910.6
81917.8
82077.2
82114.2
82355.5
82571.1
82727.1
82879.6
83142.8
83150.2
83316.5
83360.2
83652.5
83983.1
84046.1
84547
84737.9
84815.4
84910.9
85260.6
85270.1
85307.5
85491.1
85564.4
85810.4
85835.7
85912.2
85925.1
86054
86069.8
86267.7
86387.4
86439.4
86774.7
86793.5
87104.1
87119.3
87125.5
87159.5
87569.5
87917.4
87923.7
88279.6
88342
88402.8
88495.5
88712.7
88921.6
89041.4
89101.7
89177.8
89422.9
89546.6
89801.3
90184.8
90265.4
90537.3
91338.1
91408.5
91540.2
91560.1
91571.4
91742.7
92034.8
92456.1
92519.2
92576.6
92716.8
93136.5
93280.5
93298.9
93379.7
93470.6
93603.7
93639.3
93643.5
93669.8
93704.1
93993.4
94011.8
94129.5
94506.4
94528.5
94758.6
95070
95261.2
95361.6
95369.2
95474.3
95559.8
95732.9
95808.9
95829.1
96166
96404.4
96467
96512
96577.1
96586.6
97528.3
97614.7
97707.4
97722
97841.6
97865.3
97883.9
98006.5
98227.6
98327.2
98339.7
98392.2
98521.5
98664.8
98717.9
98853.7
98987.1
99240.7
99390.9
99409.7
99557.8
100185
100516
100549
100684
100900
101026
101071
101315
101775
102346
102494
102699
104230
104404
104598
104674
104750
104941
105035
105072
105084
105518
105746
105862
106096
106192
106330
106351
106954
107481
107532
107629
107666
107784
107816
107973
108449
108568
108968
109007
109528
109529
109578
109594
109826
109836
109970
110172
110188
110235
110651
110743
110784
110820
111199
111443
111884
112151
112265
112645
112991
113058
113139
113199
113316
113397
113715
113813
113832
113890
114497
114815
114966
115019
115445
115468
115580
115612
115833
115870
116429
116534
116757
116776
116872
116978
117301
117467
117621
117656
117690
117969
118903
119069
119105
119104
119444
119750
119752
120180
120286
120415
120537
120730
121133
121177
121240
121397
121494
121729
121868
121984
122596
122838
122873
122941
123039
123194
123423
123640
123690
123779
124229
124295
124532
124544
124598
124664
124939
125025
125439
125673
125807
125835
125993
126135
126200
126279
126342
126407
126542
126601
126714
126784
126800
126928
126982
127139
127190
127192
127325
127389
127656
127713
127754
127875
128046
128068
128164
128287
128585
128938
129350
129407
129574
129631
129905
130060
130074
130148
130439
130489
130490
130878
130980
131045
131081
131117
131274
131278
131407
131423
131682
131723
131745
131783
131852
131892
132210
132362
132678
132932
133157
133488
133726
133839
134135
134379
134447
134483
134511
134607
134771
134802
135391
135567
135867
136241
136340
136437
137289
137315
137351
137543
137607
137863
137905
137933
138153
138280
138567
138585
138592
138689
138854
138868
139082
139101
139208
139256
139261
139370
139511
139847
139941
140216
140437
140488
140579
141287
141795
141827
141912
142039
142097
142246
142252
143018
143146
143168
143276
143416
143589
143642
143733
143847
144013
144139
144333
144362
144558
144743
144903
144966
145080
145179
145519
145737
145918
146081
146191
146344
146431
146670
147008
147076
147332
147508
147902
148372
148463
148853
148943
149096
149432
149517
149629
149641
149635
149798
149838
149900
149992
149988
150246
150374
150559
150699
150813
150873
150947
151105
151145
151388
151944
152104
152473
152587
152813
152936
153116
153258
153990
154272
154443
154579
154668
155134
155242
155302
155907
155976
156033
156181
156269
156293
156300
156474
156814
156826
156959
158123
158176
158894
159040
159395
159507
159659
159795
159932
159961
159987
160490
160805
160929
161343
161587
161855
161971
162049
162146
162511
162585
162971
163133
163154
163351
163545
163668
163709
164470
164503
164602
164835
164941
164983
165056
165412
165497
165952
166172
166205
166252
166477
166571
166753
166882
166930
167293
167502
167821
168142
168261
168349
168616
168722
169075
169299
169658
169863
169914
170189
170566
170684
170933
170950
170950
170964
171391
171640
172016
172333
172360
172398
172530
172574
172925
172940
172999
173229
173574
173813
174090
174214
174325
174423
174751
174859
174947
175041
175105
175152
175379
175392
175527
175536
175592
175920
176353
176372
176382
176659
176773
176823
176956
177173
177232
177457
178011
178027
178344
178345
178796
178947
179237
179305
179702
179835
179930
179971
180079
180095
180131
180333
180345
180431
180687
180748
181019
181102
181111
181118
181232
181340
181629
181649
181912
182152
182193
182475
182523
182614
182831
182945
182987
183063
183177
183212
183392
183468
183508
183788
183814
184011
184390
184487
184579
184581
184802
184885
184978
185112
185579
185705
185983
186052
186187
186301
186382
186697
186718
187157
187220
187266
187596
187729
187755
187798
188017
188049
188308
188412
188415
188425
188567
188931
188927
188949
189485
189781
189879
189934
190501
190676
190948
191011
191134
191327
191359
191635
191749
192016
192016
192149
192255
192403
192435
192608
192597
192861
192951
193160
193230
193258
193282
193339
193480
193632
193703
193880
193997
194019
194173
194441
194509
194512
194592
194676
195049
195064
195407
195431
195449
195697
195742
195919
196086
196138
196138
196134
196277
197622
197833
197977
198191
198420
198539
198549
198734
198894
198970
199159
199167
199213
199746
199965
