441.24
561.88
609.46
1047.84
1284.83
1363.3
1372.77
1631.43
1891.08
2062.96
2282.59
3173.6
3433.75
3847.1
4307.66
4456.49
4486.15
4593.01
5783.02
5818
5994.4
6489.35
6662.5
6732.79
6793.56
7022.55
8275.38
8601.26
8716.87
8954.09
9053.67
9200.09
9428.39
9924.29
10449.6
10473.7
10526.5
10565.4
10883.4
10892.5
11714.7
11824.8
11955.3
12218.3
12351.2
13254.7
13272
13356.3
13391.4
13443.4
13445.2
13902.3
13945.7
13956
15153.5
15866.5
16359.3
16668.2
16822.2
16844.6
16964.2
17154.3
17473.8
17524.2
17568.8
17926.7
18088.5
18419.5
19297
19383.2
19564.4
19990.3
20128.6
20242.4
20968.2
21002.3
21260
21636.3
21962
22287.4
22342
22690.5
23004.4
23340.9
23497
24114.6
24589.1
25103.3
25494.3
25743.3
26378.1
26832.9
27269.5
27347.5
27575.3
28125.1
29489.5
29641.9
30276.4
30545.5
30670.1
30898.7
31437.1
31935.3
31961.5
32104.5
32992.2
33347.5
33374.7
33571
34313.5
34669.5
34719.4
35133.1
35255.1
36288.3
36607.5
37473.2
37587.7
37587.9
37978.5
38219.5
38613
38643.9
38903.3
39726.8
40232.7
40396
40450.7
40524.5
40891.2
41488.9
41512.9
41632.4
41724.1
41960.3
42991.8
43080.3
43152
43455.3
43511.4
43731.7
44004.2
44016.5
44546.1
44595.4
44637.5
45132.8
45180.5
45422
45721.3
45772.2
46980.9
47179.3
47446.6
47689.1
48089.3
48320.4
48375.1
48865.5
49017.1
49242.5
49282.3
49622.3
50277.4
50804.1
51080.4
51374.4
51571.1
51587.2
51765.5
51898.3
52007.6
52198.6
52427.9
52529
52759.2
53522.7
53849
53991.5
54095.1
54480.2
54483.3
54698.9
55012.5
55713.4
55830.5
56135
56169.2
56242.6
57720.5
58035.3
58082.8
58340.4
58737.1
58746.9
58794.5
59342
59422
59712.3
59928.9
59948.3
60070.2
60808.8
60891.9
60901.5
61992.1
62045.1
62119.7
62580.9
62585.8
62753
63099
63237.8
63723.5
63994.2
64777.4
64817.9
65302.5
65772.3
66128.9
66302.9
66359.5
66600
66908.4
67527.6
67569.6
67594.7
67894.7
68089.6
68234.6
68694.8
70230.5
70236.1
70940.9
70972.9
71549.4
71705.5
71717.8
72652.3
72786.4
72869.4
73609.8
73743.6
74761.5
75316.5
75648.3
76130.5
76467.3
76481.4
76623.2
77204.3
77899.3
77992.9
78066.5
78391.4
78621.7
78712.7
78738.4
78751.7
79538.8
79635.9
80007
80384.4
82114.2
82307.6
83064.4
83430.5
83726.3
84008.1
84061.8
84619.2
84676.4
84829.2
85419.5
85820.5
86057.7
86090.9
86777.7
87094.1
87298.8
87632.4
88045.9
88313.2
88420.9
88665.5
88994.8
89432.2
89453.8
89909.6
90360.8
90559.4
90676.3
90880
90893.2
91269.2
91786.9
91812.1
91922.2
92108.4
92456.3
92624.9
93398.4
93482
93525.7
93552.6
93790.9
93843.2
94182
94748.2
95118.6
95134.8
95244.7
95491.4
96072.8
96331
96349.9
97002
97510.1
97576.3
97713.9
98314.4
98465.4
98688.2
98825.1
99205.5
99215.4
99491.8
99618.8
99696
99775.3
99881.5
99928.8
100668
100697
100774
100969
101119
101287
101351
101474
101805
101811
101952
102016
102049
102569
103077
103082
103161
103312
103320
103392
103547
103610
103851
104416
104991
105026
105267
106015
106335
106427
106950
107032
107118
107505
107547
107746
107749
107856
108238
108323
108880
109075
109458
110113
110413
111090
111107
111865
112165
112511
113206
113287
113598
113814
114660
114678
115273
116703
117805
117918
117970
118751
119889
120106
120221
121544
122099
122278
122719
122742
123216
123385
123417
123467
123501
123928
123980
124193
124520
124616
124799
125111
125312
125376
125670
126353
126462
126767
126874
127099
127318
127549
127644
128178
128438
128503
128539
129383
129704
130076
130118
130419
130707
130922
131401
131874
132467
132475
133140
133149
133282
133425
133454
133465
134596
134782
135142
135172
135550
135840
135904
136004
136454
136689
136830
137219
137297
137536
137553
138216
138237
138471
139206
139337
139823
140271
140489
140831
141218
141504
141900
142470
142547
142685
142750
143423
143517
143520
143719
144183
145043
145079
145209
145471
145807
146213
146640
146993
147122
147522
147759
147990
148259
148398
148573
148870
148951
149075
149371
149846
149910
150229
150502
150689
151486
152519
152576
152801
153370
153887
154338
155010
155503
155571
156063
156301
156317
156575
156612
156673
156985
157064
157631
158322
158386
158864
159003
159764
160640
160846
161729
161888
162332
162546
162682
162736
162779
163368
163833
164179
164339
165345
165543
165823
166312
166366
166995
167230
167506
167606
167871
168015
168133
168417
168863
169370
169763
169819
169940
170247
170704
170945
171004
171198
171301
171719
171860
172719
172897
173148
173213
173815
174268
174831
175184
175359
175418
175521
175829
176615
176684
177153
177574
178072
178573
178829
178904
179005
179188
179248
179720
179830
180552
181526
182084
182193
182622
182644
182966
183702
183795
184328
184391
184630
184986
185123
185390
186976
187337
187755
188766
188955
189295
189708
189816
189837
189962
189956
189995
190214
190953
191032
191360
191516
191790
192195
193280
193637
193895
194375
194369
195303
195621
195658
195906
195993
196033
196248
196475
196767
197704
197892
198285
198442
198723
198765
198840
198963
199304
199392
199408
