253.44
308.62
523.57
623.04
1026.95
1082.78
1162.78
1224.11
1301.43
1547.06
1686.05
1873.3
2010.34
2123.49
2686.77
2795.31
2922.25
3141.23
3346.09
3352.89
3405.38
3421.25
3501.92
3542.44
3570.91
3856.25
3858.46
3871.05
3914.08
4017.88
4068.97
4179.42
4190.87
4291.25
4364.25
4431.21
4512.23
4630.32
4649.82
4750.3
4781.31
4869.9
5655.4
5672.91
5811.94
6142.06
6770.72
6807.01
6837.71
6969.4
7408.22
7411.96
7672.34
7691.11
7700.6
7792.16
8383.22
9093.62
9225.61
9256.28
9545.8
10177.7
10288.4
10622.8
11155.5
11351.2
11669.3
12201.4
12205.1
12223.8
12226.4
12259.3
12317
12391.3
12547.2
12580.2
12766.5
12958.4
13006.1
13247.5
13345.5
13525.2
14022.5
14035.5
14041.1
14419.3
14556.2
14788
14835.9
14969.1
14989.7
15205.3
15596.1
15852.5
16123.8
16314
16558.3
16824.6
17582.9
17909
17935.6
18062.9
18066.3
18469.7
18493.4
18771.3
18889.3
19064.7
19093.1
19317.5
19621.6
20822
20874.7
20914.6
21170.2
21340.2
21548
21632.1
21657.4
21691
21803.4
21844.7
21887
21895.7
22087.3
22409.9
22579.6
22982
23034.5
23293
23423.1
23631.7
23754.2
23974.7
24174.4
24614.9
24854.7
25245.9
25517.3
25585.1
25979.7
26043.2
26457.3
26579.6
26757
26766.3
26800.2
27256.4
27486.8
27498
27574.3
27705.5
27751.7
27876.7
28019.1
28209.5
28280.3
28534.7
28565.7
28739.4
28857.1
28880.5
29002.1
29068.4
29160.9
29338.6
29508.2
29517.2
29723.4
29769.7
30019.1
30258.9
30633.5
31901.3
31993.3
32053.1
32205.2
32201.1
32453.9
32697.1
32891.7
33091.4
33137.9
33206.1
33256.8
33422.3
33547.3
33938.1
34012.9
34071.6
34086.8
34154.8
34236.2
34329.8
34342.5
34370.2
34491.8
34712.2
34781.5
34785.1
34933.9
35077.3
35081.4
35209.8
35224.9
35602.7
35842.7
35913
36008.2
36234.3
36413.3
36748.5
36785.4
36853.5
37349.5
38023.7
38109.4
38184.5
38292
38413
38413
38441.6
38561
38824.2
39267.6
39479.8
39975.5
40331.5
41079.8
41127.8
41374.7
41760.2
41809.3
42177.8
42745
42855.9
43325.3
43472.3
43475.6
44887.1
44891.3
44981.2
45512.1
45839
46115.7
46198.7
46391
46807.3
46867
47066.5
47078.1
47119.3
47177.9
47320
47442.1
47518.4
47744.5
47908.9
48221
48274.7
48295
48376.8
48505.3
48633
48799.5
48937.8
49096.8
49107.3
49108.2
49150.3
49376.7
49525.5
49823
50000.2
50230.5
50520.2
50584.8
50688.1
50777.7
50802.4
51086.4
51211.2
51386.9
51551.5
51554.2
51979.8
52067
52165.1
52304.6
52433.9
52448.8
52491.9
52615
52727.8
52787.7
53066.3
53148.6
53153.5
53278
53286
53513.8
53907
54083.2
54146.7
54493.6
54565.5
54627.5
54640.1
54922.6
55314.8
55448.4
55622
55961.2
55970.4
56334.3
56420.2
56443.3
56560.1
56666.5
57140.5
57711.4
58372
58443
58441.3
58871.4
58995.1
59550.8
60017.9
60192.2
60516.5
60838.9
60839.3
61011.8
61012.9
61046.3
61606.5
61745.5
61878.5
61899.1
61991.6
62312.4
62467.4
62494.3
62697.4
62813.2
62862.8
62987.7
63171.8
63450.6
63483.8
63718
63827
64222.5
64341.4
64736.3
65106.1
65108.9
65119.4
65473.3
65658.7
65730.7
65750.9
66361.7
66718.2
66736.5
67120.8
68000.6
68511.8
68531.1
68816.7
68965
69097
69625.7
69891.9
70240.8
70276.5
70588.5
71146.8
71314.3
71506.2
71872.7
71924.3
72246.8
72426.7
72742.5
72940.4
73148.4
73189.1
73336.6
73774.8
73845.9
74303.1
74593
74834.2
74963.7
74970.1
75453.6
75667.3
75707
76277.6
76330.9
76936.5
77151.7
77603.9
77725.4
77790.1
78095.7
78247.3
78366.3
78446
79294.4
79342.2
79362.8
79629.9
79670.7
79868
79872.7
79920.6
79952.8
80074.3
80092.5
80251.2
80413
80509.9
80734.1
80777.4
80797.5
80968.9
81234.1
81257.7
81263.1
81543.2
81719.8
82069.4
82205.3
82341.9
82386.8
82723.4
83308.9
83347.8
83434.5
83612.2
84043.4
84093.5
84166.7
84273.1
84358
84360.9
84529.7
84543.7
84587.8
84603.8
84951.1
85105.5
85150.3
85446.2
85616.1
85684.1
85864.5
86245.8
86695.7
86776.8
87002.7
87013.6
87222
87313
87489.7
87720.3
87912.7
87984.1
88199
88245.6
88504.9
88526
88599.1
88722.4
88766.8
88993.7
89222.5
89397
89405.1
89473.1
89746.9
90090.7
90329.4
90440.6
90914.3
90953.6
91131.7
91181.6
91425.9
91474.4
91614.4
92976.2
93146.7
93153.6
93223.5
93344.5
93360.7
93649.3
93933.4
94264.8
94513.1
94939.2
94963.4
95033.5
95228.9
95407.4
95796
96427
96667.3
96812.2
96981.2
97172
97348.9
97526.6
97532.2
97731
97825.6
98204.7
98298.8
98783.7
99073.9
99268.1
99321.2
99494.8
99733.7
99824.9
99959
100054
100283
100378
100433
100834
101018
101148
101191
101354
101474
101508
101658
101755
102176
102266
102345
102599
103130
103137
103184
103299
103426
103449
103686
103735
103754
104055
104069
104307
104326
104778
105114
105304
105824
106436
106719
106911
107048
107066
107360
107467
107608
107727
107849
107970
108370
108497
108556
108597
108833
108876
109210
109379
109575
109632
109997
110236
110410
110654
110898
110932
111105
111313
111537
111727
111778
111824
111887
112559
112683
112920
112932
113316
113381
113384
113644
114131
114193
114388
114417
114581
114679
115538
115930
115989
116354
116655
117731
118284
118301
118750
118796
119152
119163
119237
119433
119638
119746
120081
120098
120829
120976
121016
121165
121253
121322
121491
121587
122050
122115
122333
122619
122625
122885
123062
123108
123126
123404
123403
123589
123722
123914
124212
124303
124513
124562
124597
125195
125580
125708
126169
126696
126842
126908
127006
128121
128312
128494
128664
128885
128925
129472
129824
130516
130667
131312
131933
132055
132162
132399
132527
132544
132614
133218
133252
133622
133841
133914
134653
134776
134948
134945
135000
135262
135300
135402
135950
136032
136220
136233
136462
137016
137211
137620
137739
137997
138087
138175
138547
139090
139205
139454
139497
139635
140146
140249
140438
140747
141662
141721
141790
141845
141920
141982
142069
142389
142715
142740
142797
142943
143485
143497
144012
144509
144835
145280
145392
145574
146111
146155
146328
146509
146865
147036
147319
147523
147717
147813
148059
148160
148380
149224
149699
149785
149883
149947
150127
150216
150277
150326
150404
150493
150539
150702
150832
150970
151121
151229
151300
151383
151505
151641
151731
152016
152033
152509
152765
152787
152795
153184
153215
153231
153352
153544
153633
153846
154174
154543
154721
154937
155286
155556
155565
155938
156090
156326
156347
156484
156632
156661
156761
156886
157352
157460
157471
157478
157673
157710
157903
157981
158136
158229
158433
158827
158825
158866
159039
159042
159095
159224
159334
159565
159786
159982
160292
160714
161017
161247
161388
161403
161428
161653
161772
161982
162123
162236
162246
162404
162524
162733
162852
162992
163055
163092
163178
163240
163461
163489
163627
163635
163700
163709
163879
164162
164205
164499
164589
164917
165321
165362
165472
166396
166494
166613
167141
167230
167320
167368
167571
167612
167673
167721
168053
168440
168446
168663
168749
168772
169769
169971
170055
170434
170632
170745
171031
171100
171263
171427
171468
171491
171719
171960
172057
172272
172548
172699
172825
173045
173074
173630
173773
173779
174208
174315
174405
174563
174651
174678
174682
174707
175149
175450
175555
175709
175870
175887
176340
176389
176443
176534
176632
176747
176796
176856
176896
177482
177900
178324
178444
178612
178946
178964
179248
179450
179574
179615
180020
180193
180650
180996
181015
181428
181620
181690
181805
181827
181983
182021
182305
182475
182578
182638
182750
182850
182989
183108
183203
183427
183460
183758
183821
183858
183872
183984
184051
184146
184222
184368
184926
184974
185312
185310
185359
185460
185582
185686
185687
185883
185911
186034
186053
186059
186320
186399
186608
186626
187002
187034
187052
187295
187472
187936
187971
188009
188080
188419
188428
189155
189413
189935
190245
190555
190961
191551
191696
191913
192388
192603
192767
192880
192899
192901
192999
193341
193442
193461
193489
193491
193489
193729
193747
193808
193941
194089
194462
194561
195249
195380
195475
196189
196396
196865
196972
197038
197146
197284
197441
197549
197891
198292
198449
198528
198590
198893
198959
199286
199427
199675
199850
199958
