410.19
555.91
1049.6
1723.71
2454.72
5357.88
5748.66
6567.28
7230.64
9339.77
10694.1
13633.9
14688.5
15586.4
15817.8
18313
19271
20586.9
20761.6
21755.8
21972.7
22056.6
22274.9
22333
22969.6
24343.7
25021.6
25570.3
26405.7
27845.2
29238.4
29615.2
30698.2
30820.8
31179.1
32855.6
32998
33007.8
34212.3
34320.5
35438.8
36129
36495.6
36644.3
36742.2
36931
38324.7
42329.1
42389.6
43048.6
44828.6
45392.2
45639.6
45685.8
45988.4
47072.3
48431.1
48966.3
49332.3
49870.8
56812.4
57383.7
58110.9
58949.1
60858.8
62233.4
62707.7
63404.3
63761.3
64101.6
64655.4
64852.9
65973.8
66260.1
66406
66461.5
66749.2
67603.3
67764.5
68370.6
68394.8
69583.9
70353.4
70918.2
71370.2
71623.4
72524
72581.1
74324.8
74534.2
75465
77271.8
77326.4
77665.1
78111.3
78716.3
78847.2
80668.9
81142
81825.7
83315.7
83389.4
84607.4
85139.3
85212.5
85224.8
85492.1
85542.9
90421.6
91574.8
91601.9
92218.7
92612.9
93157
93655.7
93870.4
94686.1
95844.5
96356.6
96944
97042.1
100131
100415
101944
102788
103637
103692
104692
104933
105298
105497
105627
105656
107268
108296
108722
108920
109370
110741
112540
112934
113427
113609
114032
114102
114421
116483
116948
117550
118082
118099
119155
120087
121386
121570
124255
125796
126043
126934
128850
129013
129068
130399
131808
131848
132764
135860
136959
137268
138095
139310
142229
142658
143355
143657
143935
144904
145144
145373
146757
146978
148189
148679
149340
151598
151776
152325
152681
153019
153719
155088
155133
155883
156502
158840
159844
160162
160338
161985
162780
163084
163314
163501
163965
165695
167791
167827
168769
169882
170562
171311
171736
171963
172431
173427
174511
174923
176144
176566
176674
176889
177085
177404
177852
178190
178557
178866
179058
179722
180108
180559
181619
183757
184317
184482
186585
186987
187233
187932
188125
189608
189878
190347
190379
191244
191486
191984
192491
192674
193418
193575
195416
195719
198444
199643
