444.81
1018.25
1071.2
2131.62
2376.89
2474.36
2587.21
4348.05
4558.31
4861.42
4896.49
6658.03
6841.72
7759.01
7771.01
8364.98
8509.56
8789.69
9536.77
10060.3
10519.6
11172.1
11312.2
11653.9
12471.4
12533.9
12938.1
13241.8
13687
13821.4
14666.3
14816.2
14968.2
15009.6
15406.7
15909.1
16813.3
17322.2
19036.7
20766.2
21565.1
22736.6
22750.7
23176.7
23639.6
23802.1
25028.5
25210.5
25750.2
26374.5
28938.7
29252.8
30357.1
31180.1
31180.3
31916.6
34676.1
34680.9
34881
34915.4
35800.6
36223.8
38346.1
39369
39537.4
40655.3
42011.1
42044.7
42717.1
44045.7
44373.6
44678.5
44739.1
45054.8
45123
48156.6
49336.9
49421.6
51155.5
52159.4
52672.7
53446.5
53993.9
54210.7
55273
55752.9
56718.8
56742.7
60025.6
60598.6
61509.8
62014.2
63112.7
63425.2
63524.6
64310.5
65032.8
65927.8
66026.1
67275.5
67895.3
70503.5
70647.1
71491.8
72277.9
72417.6
72565.7
73328.5
74000
74086.6
75950.3
76191.1
76710.6
76868.7
77111.7
78932.3
79312
79699.1
79872.8
80485.1
80805.9
81350
81390.4
82062.3
84065.4
85150.4
85778
86011.5
86260
87002
87381.2
87815.5
88154
89184.4
89708.8
91056.2
92052.7
92703.9
93762.3
93908.3
94272.5
94677
96732.4
98112.5
99421.5
99605.6
99815.9
100493
100923
101089
101519
102355
102371
103014
103255
103614
103888
107674
108707
109057
110132
110826
111781
112202
112501
113354
113401
113683
113705
114072
114487
114702
115765
116361
118651
119595
119824
121138
122081
122660
123613
123777
123898
127458
127801
127863
128077
128447
129406
129464
130748
130852
132003
132111
133026
133347
133929
134542
134658
135480
135948
136124
136264
136506
137442
138171
138255
138948
139201
139319
139991
143695
144346
145423
145778
146174
146771
147113
148438
148532
148726
150364
150643
152379
152512
152888
153084
153546
154239
154520
154658
154727
154833
155015
155469
155587
157461
158499
159148
160254
160259
161161
161449
161518
161512
161553
162211
162328
162672
163340
163418
164172
164396
165073
165141
165760
166066
166401
166757
167128
167464
167919
168738
169442
169854
171118
171577
171609
171740
171883
172450
172448
172694
172858
173404
173421
175282
175388
176068
176672
176757
177182
177232
177614
178199
178610
178706
180039
181032
181861
182796
183599
186277
186620
186734
187427
188001
188740
190399
190403
191767
193130
193271
193468
193484
193611
194070
196603
198859
199257
199669
