1400.78
2543.35
10991.4
11848.8
12281.1
13519
14845.6
15315
15696.2
16503.3
22631.1
22877.3
23023.9
27590.7
28250.8
28737
32256.1
32556.5
34954.3
35423.9
35481.9
35839.1
37185.2
37869.2
39068.3
39649.2
39759.5
40285.9
41088.2
41673.9
41918.9
42051.1
42993.2
43898.5
44289.4
46835
47618.8
48228.6
49134.9
50107.7
51479
53038
53266.1
54508.5
58691.9
59213.2
60002.6
61617.8
62357.8
62895.3
63278.6
63730.5
63738.1
64714.8
66294.2
67567.4
67793.5
68662.8
68957.9
70198
70793.9
71320.7
71521
71971.9
72428.9
73240.2
73682.8
74124.9
74669.3
75828.1
75890.3
76352.1
76594.3
76816.1
78109.3
78197
78400.4
78744.7
78961.5
79668.8
80899.4
81577
82041.4
82613.1
83037
85198.6
88184.2
91874.1
92489.5
95386.5
95859
97363.4
97587.2
97671
97847.4
98174
101490
102341
103250
103641
105429
106722
108773
117265
118801
120328
122410
123247
123632
124921
127064
127248
127639
129177
129215
130554
130634
130887
131168
133002
139825
148073
152423
155816
156560
156601
156836
157176
157620
157815
159501
160249
163282
164155
166092
167324
170844
171235
172484
173028
173254
173754
175355
175593
176025
177909
178135
178452
180395
180900
182477
182701
183092
183573
187975
189081
192205
192861
193700
194475
194792
196327
