681.39
2008.5
2115.25
3986.06
4712.86
5843.52
6584.68
8430.56
9504.52
10052.7
10556.3
11007.9
12081.3
12224.4
12242.4
12601.8
13185.6
14063.3
14066
14305.3
17111.3
17585.7
18719.7
19056.4
21269.5
22001
22097
22457.1
22467.7
22707.8
22865.8
23262.5
24506.9
24801.2
25161.8
25682
25751.3
27938.7
29015.2
29147.6
30763.9
31269.8
35785.4
37453.7
37660.2
39456.4
40869.8
41425.2
42269.6
44859.9
46260.4
48577.6
50617.6
50835
51196
51273.4
51776.6
54114.6
54593.8
55494.3
56637.7
57215.8
57314.2
58019.5
60085.3
60732.4
62602.4
63309.5
63330.2
63762.6
63994.8
64712.7
64942
65744.8
65968.7
66285.8
68837.6
69590
70042.5
70429.3
70607
70616.9
70988.1
73859.8
74129.8
75475.1
76172.7
76878.2
78883
80522.6
81749.6
81980.8
84105.4
84555
84746.8
84804.3
86462.3
88327.9
88995
90028.9
90290.2
90620.7
92670.5
93339.7
93880.2
101026
102982
104077
106128
106755
107428
107704
108885
110121
111753
113217
114404
115089
115891
116564
117565
117665
118223
120108
120716
125771
125999
126448
128841
130271
130457
130668
131752
131804
132856
133573
133642
135549
135685
136126
136317
136572
137245
138549
139427
140454
141925
143149
143745
144685
145490
146491
146884
146951
147626
148321
148611
148755
148896
152096
152198
153677
154041
154491
154987
155861
156288
156397
157202
157392
158667
159885
160084
160736
161141
161239
161347
162507
163344
165976
166960
170101
170217
172504
172651
173388
173618
175544
176208
178234
180112
180847
181241
184359
190918
191678
193152
193581
195000
195372
195597
196735
198081
199469
