1010.2
2828.77
3594.34
4272.65
7023.91
7955.78
8614.12
9294.31
9843.41
9846.74
11378.9
12122.6
12600
12800.9
13062.6
13678.2
13963.3
14085.4
14915.4
15452.2
15600.4
16928.8
17017.2
17099
17235
17888.4
20562.7
21070.1
21076.4
21771.6
22350.2
24172.6
25312.1
25674.2
26071.8
26935.9
27827.2
29367.5
30096.6
31363.9
32994
34213.1
35920
37181.8
38355.8
38902.7
40506.6
40643.6
40915.3
41397.1
44499.3
44707.7
48443.7
50153.6
50440.7
50599.4
51571.6
52464
52801.9
53532.9
53904.2
53922.5
54106.9
55198.3
56011.3
56078
56426.3
59708.2
61820.3
62648.6
62671.1
63289.1
63542.1
63822.2
64472.8
65099.1
65447.9
67716.7
68591.3
68650.5
69136
69501.7
70032.4
70148.4
71567.5
72515.3
73017.7
73472.6
73678.1
75337.5
75468.1
77916
78330.4
80141.5
80393.8
80447.3
81066.6
82319.2
83052.5
83976.2
84096.6
84561.1
85704.3
85894.7
86021.8
88001.4
89727.1
90778.2
90835
91766.5
93182.1
93642.3
94015.8
94365.1
95704.6
95789.1
96127.3
97760.2
99976.5
100123
100623
102721
104333
106419
106591
106902
107829
108271
111329
113367
114075
114355
114772
114901
114972
115185
116117
116422
116874
117301
117952
118286
118457
119039
119197
119943
120118
120352
121071
125137
125291
125323
125581
127054
127645
128421
128843
129587
130238
130841
131664
132318
132461
132966
133378
135383
135804
138638
141487
141754
142999
143315
143376
144534
144640
148299
149929
150603
151070
151966
153080
153147
153893
154199
154790
155182
155294
157098
158107
159672
160225
160769
161034
161272
162376
165004
165643
166440
166642
168512
169937
170783
171640
172288
172388
173205
174056
174312
174307
175183
175637
176210
176423
176860
178412
179625
180312
180817
185043
185650
186842
189458
190748
191198
191373
192120
192720
194688
194794
195115
196810
197860
199957
