164.42
426.66
544.22
549.35
595.81
1025.65
1045.74
1272.27
1351.86
1363.38
1611.59
1879.52
1951.28
2048.81
2265.55
2424.8
2452.49
2589.79
3159.58
3424.05
3508.91
3591.45
3695.03
3832.75
4107.99
4292.82
4297.35
4438.26
4453.99
4476.09
4577.84
5216.13
5767.35
5801.31
5983.32
6476.41
6647.79
6721.18
6781.51
7008.38
8256.91
8587.64
8661.41
8706.15
8944.4
9039.75
9044.47
9188.08
9415.98
9913.48
10123.6
10436
10461.2
10506.3
10555.8
10870.4
10883.8
11701.3
11815.2
11944
12206.4
12339.5
12772.7
13245.8
13262.9
13339
13379.3
13433.4
13435.5
13766.9
13892
13927.9
13944.2
14037
14599.9
15143.1
15854.5
16333.7
16429.5
16658.6
16805.4
16834.2
16955.4
17145.5
17446.7
17513.9
17553.4
17628.9
17912
18047.7
18078.4
18409.7
18705.8
19258
19288.2
19374
19553.9
19979.8
20117.8
20229.8
20586.6
20753.1
20951.1
20991.2
21247.3
21249.3
21535.9
21586.4
21603.5
21949.8
22124.1
22273.5
22329.8
22677.2
22994.7
23329.6
23467.9
23480.6
23796.5
24103.4
24342.9
24579.7
24652.9
25009.8
25093.6
25099.7
25313.8
25407.2
25480.5
25733.2
26361.9
26435.3
26819.2
26821.3
27006.8
27257
27335.2
27554.2
27800.9
27934.3
28113.9
28763.2
29478.2
29610.7
29632.9
29659.4
30168.6
30263.8
30533.7
30660.1
30883.1
31030.2
31171.4
31426.3
31926.1
31950.2
32081.3
32514.5
32782.4
32978.1
33330.6
33361.5
33539.3
34013.1
34277.2
34302.8
34656.3
34705.7
34710.3
34957.9
35123.9
35235.3
35807.7
36260
36275.7
36597
36925.3
37454.7
37576.3
37574.8
37963.4
38038
38097.5
38599.1
38631.4
38884.2
39709.6
40218
40281
40384.7
40440.8
40514.5
40767.7
40879.4
41361.9
41476
41500.5
41621.7
41715.2
41932.4
42968.7
43068.7
43139
43401.2
43444.4
43451.3
43498
43555.6
43717.4
43986.7
44004.4
44206.2
44535.7
44586
44626.4
44875.8
45122.2
45169.3
45412.1
45676.9
45708.7
45757.3
46250.2
46571.7
46939.1
46968
47163.2
47436.4
47678.6
48079
48363.2
48854.1
48942.2
49004.5
49229.2
49269.7
49328.8
49611
49878.9
49944.5
50265.2
50791.8
51069.2
51364.3
51549.5
51576.1
51755.6
51870.6
51995.8
52188.6
52414.3
52489.5
52733.5
52748.8
53019.3
53169.7
53492.2
53568.8
53836.5
53977.9
54083.1
54356.9
54467.7
54469
54471.4
54684.6
54895.2
55002.9
55157.9
55322.5
55702.3
55820.1
56055.7
56124.6
56157
56231.4
57167.9
57708.4
58022.4
58073.8
58100.2
58328
58721.7
58727.3
58784.2
59024.6
59331.3
59408
59700.8
59918.1
59935.6
60059
60159.8
60798.9
60855
60881.9
60883.1
61978.5
62032.3
62106.8
62564.2
62571.1
62697
62740.1
63085.7
63225.6
63707
63984.2
64762.6
64805
65288
65757.2
66115.7
66289
66350.6
66589.6
66899
67027.7
67515.8
67556.9
67578.2
67885.1
68080
68225.1
68683.7
70010.3
70216.7
70225.6
70929.4
70963.3
71340.8
71528.1
71614.6
71690.4
71706.8
72631.4
72765.7
72857.7
73113.9
73546.9
73596.3
73729.9
74111.1
74749.3
75301.2
75385.5
75637.5
75991.3
76114.1
76388
76455.9
76471.1
76612.3
76610.8
77193.5
77232.3
77297.1
77433.6
77887.2
77980.4
78056.7
78379.7
78610.5
78700.8
78724.7
78735.2
78836.5
79525.6
79623.8
79816.6
79996.5
80373.4
81032.4
81702.3
82104.3
82296.7
82522.8
83053.4
83416.3
83712.9
83927.5
83995.2
84051.7
84604.4
84663.9
84815.2
85101.1
85406.2
85532.8
85737.2
85810.7
85901.5
86005
86042.3
86082.2
86766.8
86957
87066.2
87265.4
87621.5
87725.4
88032.9
88303.4
88409.8
88425.6
88655.6
88981.6
89048.7
89419.2
89441.1
89896.9
90352
90420
90549
90665.1
90670.9
90847.3
90869.9
91232.6
91257.1
91776.1
91802.5
91901
92097.6
92211
92446.6
92602.5
92612.6
92611.5
92750.4
93381.6
93467.1
93513.3
93540.6
93774
93811.8
93829.8
94169
94613.8
94736.1
94946.1
95108.6
95124.2
95229.1
95297.8
95480.6
95712.6
95759.2
95805.6
96060.3
96108.9
96184.9
96319.7
96337.9
96549.9
96871.7
96933.8
96990.4
97303
97497.1
97566.8
97700.6
98298.5
98453.5
98674.4
98815.9
99006.3
99167.9
99203.4
99476.7
99610
99679.6
99757.8
99868.4
99905.8
100620
100657
100679
100765
100957
101107
101260
101341
101465
101792
101798
101941
102001
102037
102556
103065
103073
103084
103125
103301
103307
103378
103534
103579
103594
103834
104398
104441
104973
104979
105167
105252
106005
106274
106413
106859
106940
107022
107105
107244
107494
107529
107731
107739
107847
108227
108311
108716
108866
109062
109284
109322
109448
110078
110398
111078
111094
111448
111853
111899
112151
112494
112920
113192
113273
113590
113790
113802
114479
114650
114667
114763
114848
115262
115404
116259
116481
116530
116692
116720
116943
117271
117795
117902
117957
118274
118551
118662
118736
119081
119877
120095
120184
120211
120300
121228
121533
122087
122259
122425
122710
122729
123145
123193
123207
123269
123371
123406
123456
123489
123916
123966
124169
124228
124252
124510
124566
124605
124787
124937
125101
125301
125363
125661
126116
126341
126447
126661
126745
126863
126918
127085
127296
127539
127627
127918
128167
128426
128489
128524
129124
129372
129694
130062
130104
130253
130403
130690
130905
131391
131433
131863
132449
132463
132621
133120
133140
133271
133399
133442
133456
134584
134767
134813
135133
135155
135531
135826
135885
135990
135993
136441
136678
136815
136951
137203
137259
137286
137522
137519
137525
137541
137653
138085
138195
138218
138233
138462
139196
139325
139807
140050
140161
140255
140474
140819
140951
141123
141206
141479
141535
141694
141890
142234
142457
142535
142653
142672
142736
143114
143132
143414
143505
143507
143708
144043
144171
145031
145044
145131
145196
145461
145780
146186
146311
146415
146414
146630
146756
146982
147109
147512
147750
147978
148185
148249
148387
148561
148859
148942
149065
149361
149837
149866
149896
150218
150326
150490
150622
150678
151475
152390
152507
152563
152784
153357
153875
154154
154325
154408
155000
155319
155490
155552
156051
156094
156234
156289
156306
156497
156527
156565
156599
156654
156921
156972
157054
157060
157618
158257
158311
158377
158793
158835
158847
158992
159351
159753
160336
160492
160627
160836
160947
161717
161764
161878
162138
162164
162318
162532
162666
162725
162770
162768
163299
163356
163492
163820
164164
164324
164692
165202
165317
165460
165515
165524
165619
165812
166029
166301
166355
166975
167217
167496
167586
167826
167854
168002
168122
168406
168847
169257
169754
169802
169929
170120
170167
170238
170687
170932
170993
171186
171289
171705
171735
171825
171848
172380
172702
172885
173135
173200
173306
173795
174254
174821
174822
174927
175173
175344
175406
175444
175507
175818
176280
176354
176604
176642
176668
176670
177139
177488
177563
177642
177851
178062
178561
178819
178884
178995
179179
179238
179681
179712
179736
179819
180025
180538
181080
181149
181312
181512
182075
182182
182610
182631
182953
183062
183687
183754
183782
184302
184318
184379
184474
184620
184708
184973
185113
185234
185365
186397
186568
186966
187325
187734
188749
188941
189282
189615
189695
189804
189819
189943
189945
189984
190197
190360
190840
190944
191018
191349
191502
191779
192053
192185
192428
193269
193477
193626
193876
194258
194360
194358
195125
195290
195607
195627
195649
195891
195965
196022
196160
196238
196292
196318
196456
196498
196757
197693
197873
198001
198273
198429
198479
198572
198714
198751
198829
198952
199291
199380
199394
199392
199800
199801
