138.86
2416.89
2736.1
3026.55
3996.69
4186.61
4279.19
5204.06
5315.59
5777.41
6114.23
8282.51
10666.6
10812.4
10921.9
11102.6
11218.1
11233.9
11666.3
12921.9
16693.3
17651.2
18006.3
19509.3
20917.9
21672.8
22097.4
22145.9
22441.6
23491
26294.8
26817
26845.3
27217.7
27375.3
27772.2
27805.9
28452.8
28550.2
29025.4
29719.6
29729.8
30389.3
30977
31380.1
31921.3
35165.5
36779.4
37245.4
37469.4
37651.2
38066.1
38714.5
39613.2
40713.4
41003.3
41194.3
41568.2
41755.9
41790
42140.7
43221.8
44165.2
44282.7
44669.7
44672.1
45688.9
47588.8
47750.5
47892.1
48594.7
49396.5
49505.6
50099
50324.6
51369.1
51998.7
52982.7
53591
54276.7
54375.9
54703.5
55245.1
55276
55344
56335.4
56482.4
57411.3
59004.4
59733.8
60117.6
60898.6
60915.7
61181
61278.6
61411.9
61784.6
62444.2
62500.3
63435.2
63680.6
63754.5
64151.8
65458.8
65465.5
65763.5
66073.8
66107.5
66174.3
66352.9
66485.2
66500.7
67680.8
68233.2
69527.1
69620
69622.2
69727.7
70785
70940
71020.1
71097.9
71591.2
71649.5
71967.8
72282.4
72382.3
72881.2
72989.3
74970
76519.4
76555.2
76662.8
76712.5
77666.9
78277.7
78825.4
78894.9
80083.1
80777.3
80837.3
81423.3
81430.5
81688.4
83457.9
85312.2
86736.5
87328.6
88209.4
88830.5
89203.9
89484.9
91032.1
91509.1
91850.8
92317.6
92592.3
93606.5
94066
95567.8
96788.2
99955.1
99964.3
100013
100380
100727
101913
102181
102975
103160
103321
103857
104024
104223
104672
105186
105870
106165
106757
106921
107789
108097
109409
110126
110680
110848
110959
111141
111549
113361
114271
114344
114646
115186
115272
115461
116454
116968
117304
117393
118010
118157
118733
118905
119081
119551
120897
121099
121353
121717
121969
122113
122278
122411
122907
123130
123169
123434
123628
123765
124174
124716
126254
127300
127588
129335
131812
132222
132249
132939
133788
137821
138122
138359
139483
140301
140630
141178
142711
145501
145587
146056
146375
146905
147617
147908
148177
148181
148917
150217
151039
152200
152238
152301
152434
152707
153196
153344
155497
156368
156415
156721
156726
156963
158450
159444
159503
159966
160673
160809
160856
160891
161296
161489
161537
163870
165682
166020
166823
168361
169537
169742
170469
170766
170986
171474
172224
173932
174687
175086
175694
176304
177448
177928
178518
178560
178646
178833
179395
180573
183443
184376
184807
184936
185854
186102
186473
186696
188107
190252
190417
190497
190866
192148
193185
193494
195879
196554
196666
197512
197735
198197
198421
199096
199885
