1739.72
2716.53
3227.84
3810.95
5794.73
8784.21
9396.55
10990.3
15758.4
16534.8
21687.1
21726.4
22528.2
26001.5
26534.8
27477.7
33639.4
33736
34263.7
34991.6
36328.5
37084.7
39082.6
39589.2
41183
46935.7
48191.3
49307.8
51946.8
55578.8
61049.2
61281.7
65007.9
66401.9
67598.4
73606
75999.8
78375.1
82876.4
87280.2
88347.2
91479.6
93987.4
94201
94782.4
95554.6
95739.9
96740.4
97503.8
101756
102746
106903
108179
108316
110016
112584
113902
115297
121307
122048
123431
123823
130591
134308
137481
138462
143968
144086
144179
146426
148097
148511
149769
151545
153643
159369
160022
160586
162668
170373
172208
173345
176020
182715
182771
183924
184832
189411
190352
194914
196506
198601
199383
