191.97
705.97
852.64
1008.17
1053.9
1376.5
1432.64
1970.89
2075.33
2153.96
2441.25
2558.06
2648.91
2807.49
2833.2
3446.06
4350.47
4498.6
4738.12
4771.74
5155.59
5446.02
5468.59
5871.94
6310.65
6608.01
6641.23
7010.01
7057.58
7584.89
7659.41
8287.13
8289.62
8483.32
8745.55
9019.31
9277.33
9483.26
9876.92
10053.8
10148.1
10676.8
10849.6
11043.8
11163.3
11597.6
12174.4
12441.8
12969.2
13012.5
13363.2
13396.3
13428.8
13566.1
13645.4
13668.8
14143.4
14361.9
14531.2
14570.8
14712.2
14888.3
15422.9
15625
15679.8
15795
15875.8
16341.5
16934
16976.7
17792.3
18736.3
19093.9
19250
19400.2
19587.3
19692.9
19990.5
20156.5
20559.4
20613.9
21085.3
21149.6
21441
21472.5
21543.5
22396.4
22765.6
22881.4
23467.8
24516.1
24624.4
25425.7
25762.2
26062.8
26999.1
27055.2
27576
27652.5
28080.7
28175.3
28188.9
28329
28611
29040.6
29054.6
29223.1
29393.3
29602.1
29841.3
30362.3
30506.4
30568
30609.5
30987.4
31286.8
31657.6
32133.5
32914.6
33550.8
33960
34212.2
35784.9
35787.4
36166.2
36285.7
36290.8
36635.9
36812.8
37271.9
37603.6
37755.3
37818.9
38254.7
38405
38451.5
38546.5
38663.6
38746.3
38767
38786.1
38821.7
38820.8
38922.6
39158.4
39174.5
39187.3
39405.1
39794
39958.6
40170.1
40259.1
40406.8
40897.1
40992.6
41064
41358.6
41529
41819.8
42014.6
42291.9
43210.6
43365.6
43394.5
43466.4
43934.8
43969.6
44198.8
44247.4
44266.5
44300.5
44479.4
44983.6
45037.3
45179.5
45351.3
45467.4
45745.5
46171.8
47281.6
47770.8
48290.7
48601.7
48998.7
49661.8
50919.5
51091.7
51773.9
51779.5
51949.2
52159
52882.6
53782.1
53777.9
53931
54342.4
54748.9
54984.7
55341.7
55466
55503.3
55657.2
55989.5
56240.6
56799
57138.9
57784.9
58133.3
58402.8
58752.7
58950
58950.5
59335.5
59342.6
59489.4
60007.9
60132.2
60575
60890.3
61401
62181.6
62366.5
62553.4
62697.9
63116.5
63523.4
63547
63798.2
63979.4
64103
64667.3
64718.2
64962.5
65934.8
65993.6
66172.8
66465.3
66673.6
66710
66842.7
66945.5
67326.9
67841.8
67966.6
69391
69814.4
70240.8
70523.4
70811.4
71091.1
71186.9
71306.4
71536.8
71596.8
71652.7
72240.7
72425.1
73412.6
73734.6
73793.2
74148.1
74156.4
74225.4
74546.6
75172.1
75508.3
75804.6
75997.4
76356.6
76757.5
76800
77047.3
77319
77680.6
77908.2
78178.9
78468.2
78545.8
78932.2
78967.8
79244.8
79406.8
79999.2
80050.2
80463.8
81923.4
82060.9
82112.7
82185.9
82839.6
83034.9
84051.9
84102.4
84225.8
84418.2
84507.5
86163.3
86433.2
86684.1
86930.3
87278.3
88224.3
88518.4
88705.5
89144.3
89159.5
89963.4
90274.4
90521.5
90721
91742.6
92273.7
92570.6
92996.7
93084.3
93312.7
94370.9
94391.9
95642.2
95819.3
96111.9
96128.3
96210.7
96526.2
96897.8
97087.2
97256
97559.8
98206.3
98262.6
98520.3
98882.4
98905
99082.7
99099.1
99358.9
99375.3
99500.5
99830.1
100223
100464
100674
100954
101046
101065
102450
102582
102712
102842
103245
103499
103612
103656
103680
104150
104363
104564
104708
104743
105370
106195
106517
107420
107717
107808
108319
108815
108897
109699
109768
109992
110397
110425
110429
111596
112275
113007
113057
113380
113844
114071
114302
114671
114736
114746
114908
115144
115469
116235
116637
116893
117481
117649
118267
118450
118577
118603
119051
119906
120066
120360
120863
121096
121485
121573
121856
121898
122103
122489
122965
123388
123660
123859
123934
124551
124941
125312
125392
125834
126164
126534
126647
126839
127355
128036
128154
128438
128465
128896
129066
129786
129826
129949
129985
130165
130493
130847
130868
131255
131283
131310
132494
132907
133126
133353
134097
134167
135540
135723
135754
136073
136339
136426
136674
136732
136985
137423
137758
137919
138023
138131
138548
138954
139501
139541
139852
139936
140394
140652
140709
140717
141087
141379
141634
141881
141948
142001
142066
142563
142585
142842
143002
143036
143350
144097
146294
146758
147446
148074
148990
149132
149553
149750
149973
151047
151219
151219
151367
151536
151696
151978
152763
152966
153138
153411
153492
153565
153852
154122
154567
154947
155024
155669
155925
155953
156133
156642
156778
156920
156946
157072
157227
157341
157515
157666
158004
158185
159012
159097
159294
159491
159579
159709
159933
160078
160256
160376
160652
160827
160944
160999
161582
161869
161960
161987
162147
162492
162633
162871
163171
163700
163732
164193
164240
164625
164880
164893
165390
165833
166016
166241
166737
166900
166956
167177
167825
167915
168209
168474
168553
168980
169198
169453
169579
170105
170125
170255
170456
170493
171169
172590
172974
173029
173028
173568
173605
173830
174194
174217
174351
174807
174817
176052
176207
176389
177214
177275
177906
178211
178378
178517
178985
179157
179413
179398
179437
180036
180147
180169
181384
181554
181657
181862
182242
182750
183173
183267
183345
183411
183810
183940
184249
184981
185437
185663
185715
185850
186332
186361
186520
186675
187053
187172
187590
187651
188060
188178
188839
188927
188917
188991
189538
189822
189838
190028
190237
190632
190659
190892
191021
191332
192412
192876
193401
193547
194054
194107
195024
196838
197004
197409
197679
197989
198697
198902
199154
199319
199569
199591
199870
