171.84
793.89
2118.24
2729.57
4129.43
4821.51
4854.84
5888.01
6396.39
10719.6
12144.1
15217.2
16728.5
17645
18970.8
23555.8
25354.1
26775.2
30986.1
32307.3
34241
34331.6
36642.9
38901.5
41122.1
41361.6
41951.2
42641.2
43754
44220.6
44438.6
47776.4
48666.7
48693.9
52552.7
53220.3
53291.2
53606.7
54214.6
55099
56059.9
58055.7
60114.3
62769.9
64212.8
66591.2
69557.3
72945.2
72975.1
73168.1
73914.2
75500.1
76190.5
77332.8
77454.9
80918.8
82601
83879.4
84273.8
84815.1
88299.5
88646.3
90439.1
93133
93209.6
95893.8
96088.4
97519
100802
100993
101125
101632
106861
107350
108902
109242
109397
109962
111028
111867
112224
112520
112555
113612
116303
119179
123962
126487
126900
128450
131473
131777
131900
132691
133560
134546
135297
135865
139780
139871
140846
144686
145620
147320
148852
149700
149969
150966
152735
154410
157359
158988
159067
160773
161460
161652
162633
165551
166046
166362
170568
170905
172003
174863
176754
182918
184630
187860
187911
188357
189779
193780
194972
195586
195594
196145
197175
198372
198574
