7766.56
7798.88
8003.36
9445.99
11016.1
11860.7
12813.2
13628.1
13769.2
13849.5
14117.8
14283.3
14334.2
15058.9
15638.2
15693.3
17309.7
17816.5
17958.3
18224.8
18337.3
18457.7
18794
19719
19739.5
21060.3
21211
21551.2
23194.9
23879.9
24850.2
25994.4
26554.9
27363.6
27483.9
27722.1
27989.1
28307.5
29727.8
30448.9
30627.7
32346.3
33109.2
33197.4
35928.5
36109.1
36255.6
37870.5
38166.4
38315.8
39172.2
39944.7
40741.8
40818.8
42676.7
42972.5
43054.1
44989.6
45181.2
47566.7
47742.5
49053.3
49147.6
49377
49722
49959.4
50128.8
50242
50567.1
50572.8
50959.5
53790.7
54454.1
57176.2
57322.4
57949.6
58190.8
58580.6
58640.7
58662.9
59025.3
59231.1
59438.6
62865.7
64253.6
65386.7
67975.5
68297.4
68900.9
69549.2
76214.4
76220.2
80784.1
82515.7
82916.8
82995.5
85649.1
85696.1
88575.4
88756
88840.5
88989.7
89279
89716.6
89870.4
89996.1
90018.2
90290.8
90358.9
91820.8
91962.3
96813.1
96889.8
97248.1
97314.2
98012.7
98158.7
98413.8
