806.62
1509.79
1522.56
1828.95
1887.06
2938.18
3098.55
3533.83
5215.66
5412.86
6364.26
13048.3
14326
14718.4
19625.8
20777.4
20783.1
21280.9
21721.7
22274.1
22602.9
23068.9
25154.6
25567.3
26122
27801.6
29485.2
30103.4
31600.7
31684.2
31682.9
31947
33899.2
34207.1
35360.3
35505.4
35812.1
36873.7
38008.4
38925.9
39365.4
40988.7
42402.6
42406.8
44132.9
45340.6
46904.2
49213.8
49279.9
50967.4
53795
54864.8
57072.3
58831.6
59547.1
63101.1
69234.9
69379.6
70151.2
70262.4
70401.1
71941.1
72696.3
74585
75673.4
76253.8
76415.5
76913.9
77101.1
77334.8
77530.5
78780.4
80401.6
81406.5
81874.3
82590.7
83169.1
85944.4
87314.6
87904.4
88153
89325.6
90805.4
91473.6
92204.9
94449.1
95042.2
95608
95979.4
96876.2
98178.3
98284
98618.4
101055
101775
103119
106683
108570
110291
113312
113680
114142
116695
118743
119231
119507
122037
124793
125743
125917
126601
128579
128917
129602
129789
130695
130928
134866
136042
136082
138101
138824
141701
142040
142609
145558
145803
147476
148134
150131
150756
151803
152188
152870
157336
159079
159748
160077
162583
162613
162953
166428
167377
167710
168343
168844
170230
173399
173411
174178
175868
176876
177210
177977
177988
178723
178727
179286
179514
180379
180949
181919
182152
182831
184119
184598
185165
185357
186117
187153
189789
191939
192089
192197
192411
192943
193852
194385
194982
195280
197121
197762
198064
198504
198974
