231.57
275.08
434.29
818.26
1515.68
1534.76
1782.71
1903.8
1996.14
2141.63
2201.69
2254.85
2943.45
3620.78
3949.67
4023.69
4118.88
4575.38
4890.57
5504.05
6028.86
6403.52
6584.03
7041.92
7070.56
7656.03
7962.59
8000.36
8194.52
8740.47
9111.12
9113.27
9513.7
9653.39
10050.2
10171.9
10408.1
10813.1
11043.5
12022.7
12460
13081.2
13200.2
13361.8
13681.1
13916
14146.4
14358.9
14386.1
14391.5
14563.3
14713.9
14743.2
14822
15078.6
15407.7
15611.2
15727.8
16204.5
16217.3
16580.1
16858.8
17243.2
17761.4
18126.5
18209.3
18631.9
18760.6
19042.3
19116.8
19373.8
19387.5
19422.9
19745.4
20115
20159
20307.9
20356.7
20739.9
20754.1
20825.4
20950.6
21194.9
21287.4
21583.1
21587.3
21630.9
21726
22065.2
22214.5
22329.3
22510.8
22807.4
22863
23233.7
23662.1
24240.1
24743.1
24810.5
25204.6
25226.9
25475.6
25821
25929
26154.9
26576.7
27141.5
28013.8
28077.7
28810.3
28949.9
29057.2
29219.3
29575.9
30261.6
30266.3
30298.9
30445.3
30512.3
30519.1
30813.2
30894.4
30910.3
31169.1
31193
31528.1
32091
32135.5
32607.9
32716.7
32792.3
33197.6
33652.2
33745.7
33872.9
33964.4
34366.2
34546.6
35174.4
35319.2
35582.1
35702.8
35778.1
35971.9
36098.6
36110.4
36116
36305.6
36331.3
36787.3
37061
37095.6
37143.2
37963
38131
38716.7
39011.8
40704.7
41762.9
41934.1
42122.6
42228.3
42303.2
42787.2
42954.1
43325.2
43340.4
43602.6
43624
43952.9
44655.8
44773.5
45051.3
45506
45507.4
45515.5
45547.3
45886.7
45900.1
46075.4
46287.6
46656.1
46943.7
47460
47512.3
47913.2
48182.8
48197.8
48214.3
48653.1
48671.5
48953
48957.6
49178.5
49637.9
50704.6
50970.5
52647.7
52964.8
53248
53852
55690.5
55713.7
55938.1
56043.9
56435.4
56703.9
56975.5
57057.3
57212.1
57599.8
57623.1
57970.3
58222.7
58779.6
60120.9
60219.7
60700.6
60745
60761.2
60983.5
61130
61933.6
62241.9
62404.6
62427.6
62528
62700.5
63136.8
63367.6
63393.2
63548.8
63591.1
63849.5
63879.2
64292
64385.8
64451.1
64467.3
64689.4
64871.9
65138.7
65529
65754.2
65760.1
66019
66055.2
66334.4
66479
66967.5
67210.4
67223.4
67536.8
67561.6
68167.1
69166.2
69238.7
69567.7
69802.6
69967.3
70097.3
70203.3
70300.7
70399.6
70803.9
71208.9
71242.3
71463.3
71496.7
72086.5
72216.4
72467.5
72900.3
73646.5
73888.3
74068.7
74469.2
74858.9
74903.1
74941.7
75382.5
76215.2
76637.8
76775.3
77091.8
77124.9
77129
77217.5
77385.1
77498.1
77718.9
77789.9
77840.7
77943.7
78157
78575
78692.2
78843.5
79029.4
79304.2
79354.3
79445.4
79871.6
80123.5
80246.5
80319.8
80539.6
80591
80686.5
80807.4
81095.4
81330
81586.1
81601.8
82267.9
82523.6
82598.6
83040.5
83086.7
83497.2
83604.3
83686.3
83925
84028.7
84150.1
84199.6
84249.3
84485.2
84726.7
84773
84862.2
84987.8
85018
85069.8
85278.9
85357.5
85646
85874.5
86280.2
87879.2
88350.9
89340.9
89357
89410.4
89698.8
89856
90073.9
90229.1
90702.9
91088
91305
91597.1
91815.7
91935.3
92049.5
92404.1
92857.4
92959.6
93358.9
93481.9
93723.3
93963.3
94089.9
95618
95699.3
95938.2
96181.2
96384
96422.2
96485.5
96781
97286.7
97534.8
97593
97997.3
98419.1
98495.2
99541.2
99913.9
99963.2
100282
101148
101189
101288
101771
102203
102474
102493
102895
103008
103129
103162
103216
103430
103619
103745
103845
103871
103997
104191
104390
104793
105028
105052
105120
105176
105357
105683
105786
105883
106032
106966
106977
107156
107308
107392
107642
107730
107906
108009
108353
108387
108502
108643
109096
109787
110204
110488
110736
110743
110932
110972
111183
112116
112163
112402
112754
112753
112907
112983
113034
113062
113343
113578
113652
113714
113865
114168
114320
114350
114956
115534
115715
115843
115954
115986
116275
116310
116561
116904
117183
117325
117525
117527
117566
117649
117695
117984
117980
118792
118933
119055
119385
119995
120090
120248
120508
120661
120898
121091
121248
121534
121785
122923
123312
123740
124004
124293
124336
124487
124870
124881
125332
125536
125826
125929
126006
126129
126179
126253
126457
126593
126846
127164
127222
127322
127533
127722
127758
127847
128264
128327
128456
128568
128598
128842
128905
128952
129493
129526
129761
130244
130267
130474
130602
131066
131061
131499
131569
131714
131729
132032
132047
132188
132337
132391
132710
132747
132819
133629
133704
133911
134349
135168
135220
135619
135634
135951
135965
136210
136293
136697
136989
137104
137352
137682
137959
138569
138614
138735
138895
139089
139187
139663
139716
139847
140007
140098
140217
140817
141723
141911
141919
141989
142294
142521
142816
142862
143170
143419
143689
143747
144285
144316
144422
144551
144647
144740
144914
145033
145901
145919
146393
146510
146681
146823
146854
147634
147789
147792
147868
147975
147988
148405
148626
148649
148648
148846
149163
149176
149189
149483
149518
149600
149863
149966
150250
150307
150561
150769
151018
151153
151259
151630
151756
151955
151996
152251
152294
152391
152655
152656
152816
153286
154151
154276
154874
155341
155548
155557
155991
156109
156125
156126
156370
156420
156516
156648
157242
157278
157943
157941
158178
158344
158626
158806
159004
159187
159546
159913
159919
160113
160149
161550
161799
162315
162636
162853
163009
163069
163278
163556
163709
163744
164645
164715
164935
165039
165088
165476
165678
165898
165966
166499
167085
167116
167569
167591
167614
168353
168473
169120
169532
169557
169720
170007
170107
170300
170333
170434
170882
171063
171161
171400
171746
172089
172409
172843
173206
173531
173918
173940
174289
174658
174665
175371
175885
176021
176214
176428
176462
176738
176861
177036
177160
177600
177617
177650
178048
178336
178595
178607
178732
178734
178853
179329
179434
179498
179542
179598
180342
180451
180683
181262
181358
182791
183498
183604
183742
183870
183978
184296
184412
185319
186020
186118
186150
186305
186480
186809
186933
187355
187365
187478
187777
187966
188096
188174
188444
188611
188874
188974
189176
189536
189575
190092
190141
190175
190723
191055
191101
191342
191371
191530
191802
192201
192512
192724
193227
193294
193460
195122
195354
195779
195823
196586
197217
198201
198690
198971
199211
199447
199532
199590
199760
