109.79
166.93
173.93
270.8
387.61
423.48
459.04
511.72
535.42
554.69
569.11
586.75
622.93
832.7
971.81
1012.89
1189.26
1243.43
1437.1
1643.93
1736.81
1778.64
1843.67
1873.65
2023.4
2033.95
2073.12
2143.9
2377.92
2409.67
2474.67
2573.64
2601.52
2747.01
2810.53
2864.14
2902.77
3251.54
3360.11
3542.32
3594.92
3661.68
3745.89
3752.86
3799.1
3876.65
4071.33
4221.64
4395.43
4438.18
4568.59
4621.6
4622.82
4697.1
4716.81
4823.18
5001.9
5165.78
5424.55
5498.35
5558.21
5566.31
5632.14
5662.46
5976.01
6064.52
6103.31
6180.22
6205.71
6263.88
6296.43
6494.64
6556.39
6634.79
6669.03
6789.27
6813.53
6943.33
7153.38
7191.09
7204.54
7427.28
7481.26
7567.62
7678.46
7720.83
7732.68
7972.61
8108.59
8416.81
8422.97
8503.04
8885.15
8996.34
9005.8
9010.99
9150.13
9205.77
9213.22
9252.11
9400.9
9735.35
9851.15
9873.53
9967.15
9972.21
9998.71
10092.4
10105.9
10192.5
10389.2
10423.7
10558.8
10663
10872.9
10982.6
11060.2
11060.5
11070.6
11242.5
11270.8
11394.1
11615.7
11621.3
11637.8
11765.6
11901
11909.7
11938
12099.7
12140.2
12146.5
12407.5
12470
12608.6
12681.6
12762.8
12794.3
12844.1
12843.9
13126
13183.6
13195.8
13220.6
13259.7
13262.5
13340.1
13535.1
13629.3
13645.8
13926.1
14144.5
14244.5
14346.2
14346.6
14415.9
14436.4
14626
14626.6
14635.9
14730.4
14868.3
14913.6
15036.5
15090.3
15143.9
15231.5
15417.2
15540.2
15739.9
15903.2
15929.6
15960.5
16045.5
16160
16344.1
16351.2
16433.2
16503.4
16808.7
16823.6
16970.8
17115.2
17195.6
17332.8
17340.3
17368.5
17485
17510
17594.7
17763.2
17809
18123.5
18163.3
18170.8
18305.2
18367.4
18530.5
18616.6
18708.8
18713.1
18837.3
19138.3
19157.3
19220.9
19306
19328.2
19374.1
19468.4
19487.9
19527.9
19674
19731.5
19764.2
19881.4
19906.6
20018
20146.4
20260.3
20321.5
20561.2
20636.2
20660.5
20744.3
20805.6
20843
21041.3
21052.5
21147.7
21165.6
21325.2
21415.6
21425.9
21612.7
21653.1
21762.5
21762.2
21813.5
21847.8
21853.9
21995.5
22242.6
22305.2
22340.8
22483.9
22533.5
22592.1
22674.1
22677.3
22702.4
22737.3
22776
22819.2
22968.8
22995.9
23025.5
23172.2
23213.3
23300.3
23357.7
23546
23651.5
23708.2
23741.3
23867.1
23944.9
23958.6
24010.2
24134.2
24181.7
24194.6
24255.7
24355.6
24365.9
24437.1
24446.6
24522.1
24593.8
24708.6
24803.3
25013.3
25090
25141.9
25439.9
25443.7
25459.3
25465.4
25520.7
25611.1
25696.3
25869.3
25912.2
26000.4
26027.9
26197.7
26245.1
26334.2
26464.1
26482.2
26537.8
26567.4
26573.1
26637.5
26663.4
27059.4
27100.3
27217.1
27252.8
27315.6
27512.2
27714.7
27732.2
27883.5
27923.6
27960
28006.8
28089.9
28168.8
28211.6
28246.8
28442.3
28476
28560.9
28765.6
28905.2
28926
29049.5
29090.7
29149
29150.9
29197.4
29325.5
29354.6
29504.6
29549.7
29635.6
29641.5
29790.4
30003.8
30125.8
30168.2
30287.7
30330.4
30408.2
30421.2
30491.1
30781.3
30920.5
30974.7
31031.4
31093.4
31098.8
31223.1
31360.8
31406.3
31694.9
31728
31947.5
32085.6
32153.7
32167.3
32300.3
32321.3
32538.8
32594.4
32727.3
32786.3
32967.3
32989
33010.3
33047.4
33131.1
33391.9
33405.7
33449.6
33466.3
33531.1
33719.6
33752
33940.3
33942.2
34069.5
34103
34206.1
34290.7
34441.7
34441.3
34482
34545.6
34568.1
34776.2
34776.2
34804.5
34842.3
35248.8
35351.2
35554
35597.4
35692.2
35840.3
35851.9
35863.5
36117.6
36123.5
36209.6
36241.5
36267.2
36357.1
36403.4
36427.9
36471.3
36507.3
36682.1
36679.7
37009.4
37107.8
37116.1
37225.9
37343.8
37417.1
37449
37580.1
37643.2
37654.3
37863.3
37888.6
37917.2
38092.6
38293
38381.4
38609.1
38653.8
38657
38727
38828.2
38855.7
38935.2
39074.6
39083.3
39144.2
39205.8
39267.2
39308.9
39385.5
39566.4
39599.9
39638.5
39728.8
39848.1
39970.9
39976.2
40061.7
40243.1
40248.6
40291.4
40326.9
40331
40368.2
40423
40527.8
40765.7
40805.6
40875.9
41056.4
41114.8
41211.2
41279.1
41370.3
41899.6
42073.4
42076.5
42355.2
42389.8
42548.7
42665.1
42725.2
42789.6
42855.9
43040.9
43070.7
43104.6
43248.5
43447.7
43476.8
43535
43558.8
43897.3
43979.6
44031.4
44310.8
44358.9
44393.4
44444.9
44760.9
44849.6
44877.9
44964.7
45013.2
45105
45213.8
45247.3
45296.3
45493.2
45530.8
45572.4
45728.8
45765.2
45819.5
45861.8
45876.4
45963.3
46074.6
46182.7
46249.5
46313.9
46404.2
46736.4
46735.5
46750.5
46845.1
46871.5
46901.6
46929.7
47118.6
47156.3
47185.8
47223.8
47364.8
47589.6
47663.8
47702.5
47847
47880.4
47913.3
47984
48020.7
48146.7
48228.6
48242
48244.6
48267.2
48266.5
48411.2
48618.6
48637.8
48709.3
48721
48725.4
48775
48869.5
48902.5
48907.4
48980.4
49012.1
49085.2
49190.4
49419.9
49460.5
49836.1
49888.6
49916.8
50038.4
50057.1
50208.5
50234.7
50297.4
50335.8
50352.5
50408.9
50515.8
50611.8
50640.3
50688.4
50754.2
50986.5
51038
51114.6
51131.1
51308.5
51365.1
51428.4
51451.6
51511.2
51657.1
51678.5
51756.3
51778.2
51824.2
51937.5
51963.2
51999.4
52090.5
52268.6
52351.9
52350.8
52551.4
52679.9
52696.4
52854.8
52866.8
53157.1
53189.5
53229.4
53342.7
53596.7
53658.8
53680.2
53755.5
53841.9
53901.5
53968.3
54181.1
54343.8
54738.1
54783
54784.1
54923.6
54958.3
55071.1
55108.6
55238.5
55342.4
55420.5
55557.2
55680.8
55722.2
55834.6
55888.4
55950.2
56212.5
56243.1
56333.6
56677.9
56761.4
56774
56843.7
56859.9
56876.5
56896.3
56983.9
57015.1
57130.9
57256
57291.6
57344.4
57546.8
57771.5
57838.8
57880.6
58192
58194
58220.7
58256.9
58277.4
58358
58412.3
58478.6
58500.3
58590.2
58785.1
58912.5
58934.5
58932.7
59304.1
59365
59528.3
59586.8
59631.9
59730.9
59757.1
59866.7
59980.5
60003.4
60029.4
60059.2
60280.9
60578.2
60646.6
60719.9
60922.5
60939.7
60969.3
60987.2
61073.2
61465.9
61550.3
61553.7
61799.1
61808.1
61863.7
61969.9
61989.8
62005.3
62085.8
62185.8
62327.8
62507
62519.3
62832.9
62924.4
62962.3
63116.5
63140.1
63193.5
63213.3
63264.5
63280.7
63349
63569
63587.9
63677.6
63820.5
63834.2
63834.7
63856.3
63861.3
64010.7
64432.3
64504.1
64723.5
64757.4
64942.8
64999.1
65043
65198.1
65229.7
65276.9
65410.5
65565.6
65806.6
65897.4
65986.5
66145.8
66562.7
66600.5
66615.9
66747.2
66806.6
66974
66985.8
67145.5
67172.5
67229.9
67325.6
67455.7
67498.1
67528.2
67584.1
67585.5
67688.8
67789
67877.3
67876.1
67914.9
67937.1
67950
68044.1
68193.2
68238
68264.5
68372.5
68472.7
68585.1
68676.7
68720.4
68791.1
68906.4
68953.2
68987.3
69105
69123.5
69136.2
69160.5
69207.9
69243.1
69380.8
69391.3
69628.2
69748.6
69827.8
69939
70045.9
70086
70200.9
70253.1
70263.2
70322.8
70404.4
70430.7
70548.5
70559.8
70604.8
70690
70776.5
70824.2
70874.1
70879.7
70955.1
71001
71119.5
71238.3
71311.1
71395.2
71436.8
71470.5
71487.6
71512.8
71762.2
71783.7
71823
71957.9
72075
72097.3
72299
72342.5
72343.6
72519.6
72544.5
72564.3
72579
72654.6
72719.6
72831.8
72896
72901.5
73102.2
73120.5
73196.3
73216.9
73386.1
73443.6
73440.5
73521.8
73576.8
73670.1
73680.6
73756.6
73787.1
73852.8
73984.7
74036.4
74114.2
74212.3
74255.8
74321.8
74346.7
74355.3
74395.1
74565.2
74813.8
74955.4
74975.6
75059.9
75093.3
75243
75246.5
75264.9
75465.3
75507.7
75611.4
75667.4
75666.1
75680.6
75693.6
75817.7
75898.2
75998.7
76026.4
76101.8
76138.5
76157.5
76167.1
76278.4
76697.2
76783.7
76806.9
76971.7
77030.9
77299.3
77330.4
77462.3
77511.6
77583.7
77697.1
77824.6
77876.1
78043.5
78064.4
78142.9
78277.7
78333.3
78406.5
78572.2
78590.1
78600.8
78623.8
78666.1
78714.2
78770.2
78804.1
78796
78888.4
78910.9
78972.6
79146.3
79231.3
79471.9
79490.9
79513.8
79662.5
79746.5
79830.8
79850.7
79873.3
79920.8
80038.7
80239.5
80396.5
80400.8
80472.3
80487.3
80684.9
80696.8
80770.4
81073.3
81235
81368.4
81428.1
81428.8
81630.4
81669.3
81869.7
81894.3
81992.6
81987.3
82001.3
82125.6
82149.3
82263.5
82264.9
82273.7
82305.9
82453.2
82456.7
82586.3
82592.6
82912.7
83044.9
83094.5
83103.5
83124.1
83348.7
83369.4
83513.5
83542.2
83609.8
83627.4
83713.5
83859.4
83997.2
84063.1
84168.3
84344.4
84400.1
84428.1
84440
84467.4
84499.2
84651.2
84665.5
84786.2
84857.9
84945.1
84988.6
85144
85188.2
85248.7
85326.8
85358.4
85585.8
85638.3
85637
85662.9
85789
85971.9
86028.2
86209.1
86268.6
86310.6
86350.9
86355
86507.6
86504.6
86576.9
86686.6
86684.6
86860.1
86878.3
86997
87027.5
87084.8
87157.4
87223.2
87501.5
87709.1
87864.7
87865.6
87906.7
87981.3
88241
88261.2
88304.8
88310.4
88437.4
88661.7
88742.7
88777.4
88788.7
88898.2
89005.5
89172
89408
89643.4
89688.3
89712.4
89803.3
89977.6
90096.7
90574.8
90587.3
90658.9
90725
90720.5
90928.2
91071.8
91098.1
91180.7
91178.2
91325.6
91422.5
91498.2
91711.2
91720.8
91783.3
91796.3
91932.9
91981.4
92014.8
92158
92183.3
92455.6
92471.1
92546.8
92606.5
92745.6
92789.3
92858.9
92955.9
92963.1
93049
93058
93105.2
93117
93222.7
93238.2
93240.2
93440.1
93456.6
93496.6
93522.9
93581.3
93732
93846.1
93933.3
94002.7
94024.8
94093.1
94340.7
94387.7
94660.9
94741.1
94822.9
94881.9
94952.3
94976.2
95146.1
95192.7
95201.1
95228.5
95281.1
95374.4
95418.7
95443.5
95607.9
95648.5
95712.9
95829
95865.5
95925.1
96183.1
96315.6
96386.7
96671.7
96843.4
96863.7
96925.3
97103.4
97202.1
97262.7
97299.9
97311.2
97320.2
97616.3
97638.2
97677.1
97726.3
97824.4
97824.6
97840.8
97888.2
97980.1
98266.2
98300.5
98314.5
98359.8
98369.3
98470.2
98658.9
98709.9
98755.3
98811.7
98990.3
99002.5
99021.2
99241.6
99419.3
99471.2
99620.4
99693.8
99713.5
99716.1
99717.7
99785.5
99880.6
100225
100231
100247
100261
100350
100474
100530
100571
100594
100944
100990
101022
101039
101101
101213
101471
101504
101628
101657
101692
101813
101866
101964
102118
102168
102454
102583
102733
102835
102880
102934
102941
103052
103398
103472
103481
103568
103689
103703
103706
103786
103784
104030
104142
104190
104234
104348
104437
104456
104507
104633
104790
104871
105033
105045
105105
105123
105139
105176
105177
105196
105271
105413
105698
105787
105793
106011
106048
106052
106082
106081
106158
106246
106363
106373
106467
106490
106537
106576
106716
106883
107025
107227
107332
107363
107435
107466
107571
107721
107745
107849
107942
107965
108178
108324
108397
108556
108555
108583
108655
108904
108954
108980
109110
109154
109240
109383
109419
109448
109536
109577
109788
109794
109821
109904
110011
110077
110241
110304
110372
110417
110498
110552
110598
110707
110731
110758
110849
110856
111137
111154
111219
111260
111302
111392
111414
111496
111684
111885
111905
111913
111916
111949
111966
112006
112186
112292
112301
112448
112478
112556
112642
112741
112857
112873
112909
112932
112968
113050
113054
113150
113159
113473
113620
113638
113705
113729
113743
113778
113827
113838
114253
114275
114650
114663
114789
114817
114856
114909
114931
114969
114972
115086
115207
115318
115321
115588
115645
115732
115790
115848
115874
115910
115980
116016
116035
116123
116220
116339
116365
116409
116458
116490
116583
116832
116867
116964
117019
117202
117237
117259
117551
117592
117663
117677
117685
117799
117924
117972
118029
118142
118292
118306
118424
118464
118539
118614
118739
118798
118847
119119
119149
119234
119357
119519
119643
119680
119861
119878
119903
120219
120234
120315
120334
120332
120340
120392
120483
120510
120544
120545
120708
121018
121043
121221
121475
121534
121570
121645
121720
121771
121899
121940
121945
122012
122054
122186
122316
122462
122699
122752
122878
122962
123020
123141
123212
123324
123414
123428
123540
123756
123786
123896
123987
124120
124236
124287
124339
124398
124398
124508
124675
124894
125115
125148
125194
125197
125331
125352
125449
125570
125576
125654
125718
125718
125837
125896
125925
125951
125972
126135
126207
126232
126354
126370
126398
126475
126525
126681
126723
126758
126793
126808
126918
127065
127100
127269
127333
127459
127544
127558
127608
127679
127761
127964
127991
128134
128222
128310
128369
128412
128601
128633
128713
128948
129125
129183
129404
129435
129531
129641
129731
129792
130034
130097
130262
130341
130358
130410
130417
130431
130439
130455
130693
130781
130798
131202
131335
131381
131404
131581
131685
131747
131751
131771
131854
132011
132244
132344
132358
132462
132595
132800
132970
132979
132987
133092
133204
133284
133293
133434
133513
133585
133646
133764
133884
133950
134084
134293
134378
134475
134710
134737
134753
134951
134978
134983
135034
135105
135192
135235
135257
135435
135508
135813
135833
135933
135953
135981
136120
136236
136533
136545
136556
136572
136789
136848
136859
136977
137139
137215
137292
137483
137563
137567
137675
137692
137785
137813
137877
137883
137897
138045
138142
138195
138205
138252
138450
138460
138766
138906
138966
139011
139136
139448
139555
139646
139768
139804
139856
140026
140057
140220
140265
140445
140560
140600
140643
140739
140872
141056
141076
141152
141180
141300
141407
141489
141612
141622
141889
141928
141998
142076
142125
142251
142331
142439
142632
142662
142747
142817
142969
143011
143132
143476
143699
143754
143817
143864
143889
144041
144119
144328
144363
144466
144680
144743
144958
144996
145079
145085
145123
145156
145362
145397
145559
145704
145693
145721
145837
145884
145902
145898
146092
146199
146227
146355
146597
146613
146758
146822
146839
146863
146934
147119
147180
147216
147272
147279
147325
147385
147541
147755
147885
148110
148132
148269
148446
148601
148664
148725
148735
148743
148800
148840
148946
149129
149188
149238
149273
149340
149377
149378
149578
149568
149765
149837
149948
149940
150055
150132
150154
150186
150377
150525
150620
150621
150736
150748
150894
150976
150978
151023
151163
151190
151265
151282
151337
151333
151609
151617
151644
151766
151894
151964
151998
152384
152419
152552
152785
152798
152898
153048
153163
153184
153302
153417
153481
153581
153594
153669
153915
153950
154234
154242
154284
154496
154566
154615
154646
154785
154815
154961
154969
154999
155052
155060
155105
155114
155161
155365
155402
155576
155655
155778
156022
156137
156191
156553
156571
156609
156635
156961
157021
157173
157282
157321
157329
157340
157454
157495
157537
157665
157810
157902
157929
158050
158165
158308
158325
158401
158556
158632
158656
158684
158779
158834
159005
159028
159064
159113
159111
159560
159595
159706
159719
159736
159756
159796
159841
159902
160185
160359
160362
160386
160700
160945
161041
161201
161278
161404
161508
161617
161654
161888
161971
162321
162364
162452
162567
162600
162620
162614
162731
162835
162963
163059
163086
163326
163371
163441
163454
163458
163740
163758
163766
163845
163940
164031
164038
164107
164164
164279
164404
164437
164580
164663
164725
164729
164782
164867
164854
164985
165009
165044
165090
165173
165199
165438
165442
165567
165611
165634
165672
166382
166469
166494
166708
166748
166779
166794
166843
166929
166971
167018
167078
167410
167448
167454
167513
167616
167675
167720
167837
167848
167879
167890
167995
168023
168032
168144
168302
168373
168424
168567
168614
168688
168761
168789
168889
168967
169088
169201
169196
169292
169370
169507
169525
169541
169759
169874
170011
170021
170274
170328
170370
170388
170690
170750
170829
170840
170866
171077
171119
171340
171364
171489
171508
171558
171579
171722
171819
171881
171946
171961
172035
172042
172062
172283
172393
172572
172575
172687
172693
172704
172747
172791
173080
173312
173508
173621
173728
173743
173855
173996
174052
174128
174135
174148
174211
174252
174251
174321
174569
174645
174781
174826
174883
174949
175066
175163
175277
175376
175421
175586
175688
175705
175823
175875
175883
175972
176092
176136
176235
176382
176381
176439
176515
176641
176678
176741
176840
176911
176906
177032
177050
177198
177279
177305
177332
177381
177442
177568
177611
177621
177695
177757
177935
177969
178114
178157
178277
178333
178383
178453
178497
178753
178856
178946
178994
179072
179095
179110
179110
179180
179375
179389
179661
179657
179663
179817
179970
180114
180243
180291
180516
180750
180806
180836
180887
180939
180967
181199
181251
181459
181536
181550
181598
181746
181945
182087
182095
182185
182251
182285
182353
182647
182822
182965
183036
183077
183144
183151
183500
183489
183506
183712
183755
183757
183777
183811
183844
183912
183906
184055
184259
184257
184432
184462
184463
184710
184771
184803
185031
185428
185506
185518
185766
185788
185909
185977
186145
186284
186343
186345
186394
186574
186575
186643
186768
186975
186984
187072
187065
187079
187162
187296
187358
187368
187442
187436
187543
187628
187754
187818
187899
187947
188041
188155
188275
188349
188471
188505
188678
188927
189008
189194
189312
189373
189471
189490
189649
189757
189786
189780
189793
190174
190412
190587
190768
190946
190967
190990
191065
191088
191244
191267
191364
191519
191552
191557
191607
191709
191792
191788
191939
191973
192040
192066
192153
192343
192387
192399
192516
192739
192849
193004
193230
193320
193344
193367
193386
193537
193549
193652
193700
193758
193816
193929
193960
193996
194103
194266
194369
194452
194549
194765
194858
194879
195185
195227
195242
195257
195387
195446
195530
195556
195563
195569
195666
195691
195694
195843
196068
196099
196247
196411
196595
196633
196673
196844
196907
197069
197147
197162
197176
197193
197420
197500
197705
197743
197770
197796
197799
197927
197987
198058
198135
198309
198303
198362
198365
198501
198507
198561
198896
198918
198946
198994
199038
199187
199351
199387
199447
199458
199533
199657
199696
199701
199759
199939
199968
199982
