936.73
1003.74
1506.18
1642.4
1709.94
2367.23
2490.86
2779.03
2865.38
3654.63
3903.61
4860.7
4970.61
5755.88
5905.43
6314.16
6706.88
7026.59
7947.49
8047.06
8623.14
9048.41
9150.06
9634.44
10049.7
10187.2
10312.8
10940.2
11501.5
11608.7
11744.3
11758.4
11789.3
12153.7
12261.7
12357
12858.1
12930
13010.9
13124.9
14847.9
14912.2
15201.5
15456.3
15669.3
15867.7
16166.8
16246.1
16286.9
16291.3
16874.9
16965.6
17037.6
17269.4
17471.8
18084.7
18454.7
18797.2
19055.3
19183.6
19247
19596.8
19731.3
19884
19941.7
20052.6
20295
20642.2
20949.5
21247.2
21756.7
21840.4
22013.3
22061.1
22175.7
22408.1
22587.6
23022.2
23480
23839
23913.4
24152.3
24976.1
25695.4
25758
26429
26732.8
27066.2
27370.9
27539
28686.9
28725.4
29217.6
29455.6
29630.1
30033.7
30314.4
31197.3
31698.5
31960.2
33124.9
33335.9
33551.9
33851.9
33857.5
34682.4
34677.2
35318.4
35687.7
36151.9
36412.2
36773.5
36770.2
38008.9
38157.8
38457.1
38537.5
39091.8
39197.8
39380.7
39951.8
40088.8
40463.1
40531.6
40798.7
41195.6
41205.6
41463.4
41657.9
42252.8
42487.8
42547.2
42699.8
42974.3
43082.1
43239.5
43323.3
44410.4
44475.3
45064.4
45243.2
45250.2
45277
45591.3
45865.1
46322
46476.4
46681.5
46949.6
47224.4
47274.4
47505.7
47623.9
47815.8
48462.6
48597.7
49107.3
49582.8
49708.6
49731.1
50101.7
50528
50805.8
50949.3
51439.3
51500.3
52211.7
52221.7
52335.4
52478.1
52613.8
53082.7
53196.5
53283.2
53770
53952.4
54340.7
54906
55408.7
55413
56050.2
56196
56690.6
56998
57042.5
57771.3
58025
58087.8
58380.4
58403.8
58453.9
58778.9
58866.2
59128.4
59247.7
59403.8
60244.8
60244.7
60791.5
61368.6
62043.8
62243.3
62318.8
62531.2
62585.4
62715.8
62752.8
63055.4
63194.6
63382.8
63448.9
63725.1
64079.5
64347.7
64368.3
64650.7
65781.4
66312.1
66384.9
67054
67311.5
67764.4
68123.4
68222.5
68369
68899.2
68901.8
69022.8
69322.8
69363.4
69530.1
70289.1
70479.9
70858.4
70916.1
70997.1
71566.7
72835.7
73093.2
73095.9
73506.8
73510
73536.1
73724.9
74119.6
74517.4
74886.4
75163.2
75821.9
76024.8
77153.9
77390.8
77590.7
77998.3
78211.2
78532.5
78699.5
79012.3
79053.4
79318.1
79428.5
79467.7
79592.5
79700.7
79785.4
80100
80127.3
80813.6
81369.9
81741.5
81782.4
82038
82282.3
82428.6
82433.7
82727.2
82852.1
82928.7
83570.5
84045.4
84258.1
84271.1
84292.9
84305.2
84667.9
85037
85028.9
85839.1
86062.8
86275.1
86932.3
87009.3
87257.4
87287.2
87670.1
88128.9
88713.6
89453.7
89799.9
89829.4
90219.9
90508.1
90914.9
90945.8
91301.5
91838.4
92255.6
92539.2
92851.4
93081.4
93301.5
93585.4
93606.9
94120.7
94342
94987
95073.1
95168.8
95342
95556.8
95713.5
95741.8
96114.1
96793.9
96891.1
97126.3
97540.3
98129.6
98487.1
98620
98957.8
99012.5
99514.3
99539.2
99770.9
100038
100807
100921
101265
101396
101578
102192
102447
102484
102816
103055
103435
103508
103657
103751
104071
104573
104973
105265
105538
105970
105988
106117
106326
106652
106679
107211
107589
107812
107855
108110
108142
108402
108739
109176
109369
109603
110666
111450
111543
111718
111736
111985
112143
112623
113862
113984
114242
114539
115097
115245
115896
116933
116982
117030
117807
118099
118169
118201
118537
118560
119218
119332
119553
119873
120108
120131
120199
120591
120760
121314
121714
121868
122167
122177
123385
123559
124251
124372
124695
125050
125141
125347
125355
125373
125422
125668
125686
126159
126799
126889
128064
128590
128661
129481
129824
130197
130291
130346
130574
130645
130992
131332
131548
132178
132182
132376
132508
132544
132749
132839
132899
133089
133260
133483
133577
133602
134008
134079
134696
134787
135041
135072
135201
135215
135288
135615
135769
135892
136063
136304
136421
136508
136949
137056
137161
137286
137706
137882
138229
138241
138300
138562
138755
138775
138923
139384
139412
139683
139815
139874
140045
141042
141482
142138
142563
142577
143378
143842
144276
144552
144568
144585
144689
144835
145378
145980
146022
146142
146651
146980
146980
146996
147320
147498
147567
148075
148149
148171
148588
148775
148834
149042
149661
150106
150182
150366
150488
150544
150857
151399
151666
151667
151811
152149
152237
153291
153291
153718
153992
154009
154027
154279
154345
154514
154801
154841
155399
155873
155872
156329
156773
156914
157227
157271
157717
157738
157954
158054
158153
158191
158470
158544
158568
158983
159062
159163
159443
159491
159808
159961
160557
161090
162367
162723
162791
162928
163701
164170
164349
164679
164724
165010
165496
165513
165636
165756
165932
165983
165994
166484
166777
166809
167110
167504
167823
167845
168149
168476
168506
168698
168866
169394
169512
169699
169706
170244
171051
171632
172282
172518
172623
172863
173141
173260
173650
173825
174600
174769
175684
175828
176029
176141
176188
176731
177109
177161
177459
177623
177764
178010
178130
178520
178624
178780
178962
179384
180542
180801
180977
181391
181540
181691
181838
182020
182274
182545
182626
182732
182918
183946
184337
184972
185073
185289
185362
185529
185900
185900
185962
186052
186117
186291
186518
187545
187821
187991
188462
188794
188793
189055
189066
189093
189418
189602
190280
190314
190702
190795
191230
191326
191566
191713
191921
191929
192039
192114
192328
192457
192930
193019
193977
194005
194218
195748
195789
195935
196277
196395
197370
197786
198073
198101
198509
198581
198759
199053
199213
199527
199761
199869
199948
