537.63
1586.89
2407.68
2514.96
2616.47
2842.81
2959.67
4255.59
5145.92
5683.59
6127.55
6869.8
7315.97
7668.59
7815.68
8880.86
9417.04
9758.92
9806.79
9893.1
10447.6
10587.8
11672.3
12171.1
12312.5
13029.8
13663
14507.6
15023.7
15802.5
16058
16516.2
16689.2
16958
17225.4
17468.1
18298.9
18341.3
18636.3
18713.9
18907.2
19515.2
20289.4
21264.1
21744.8
22420.5
22690.8
22748.8
22932
23424.4
23447.3
23756
23985.3
25511.2
26167.1
26182.4
26563.9
27475.1
28741.3
29357
29881.5
30001.2
30329.8
30516.3
31037.5
31958.1
32370.1
32557.2
32676.5
32888.2
33183.9
33542.3
33546.3
33906.8
34011.1
34331.1
36882.4
37381.1
39048.3
39350.2
39603.2
40182.6
40662.8
40774.8
41570.9
41614.6
41635.6
41662.5
41700.8
41816.1
41839.2
41955.5
42784.8
42890.2
42988.6
43325.3
43555.6
43926.4
44722.5
45157.7
45786.2
46018.8
47097.7
47461.1
47655.4
48372.5
48401.4
48642.5
49238.1
50487.3
50723.4
50914.1
52571.1
52825.1
53257.1
53270.8
54028.4
54369.5
54848.2
55325.6
55394.5
55744.4
56313.3
56588.8
57649.7
58670.2
58803
58984.1
59022.6
59113.7
59173.1
60400.9
60600.7
61064.6
61788.4
62008.6
62840.3
63095.7
63165.1
63652.2
63967
64132.6
64529.6
64877
64960.3
65021.5
65405
65523.8
65556.8
66150.3
66315.2
66332
66580.1
66706.2
67730.2
68422.8
69000.2
69380.3
69444
69577.3
69611.6
69908.3
70337.6
70728.9
70732.3
70786.2
71086.4
71148.8
71500.2
71731.5
71782.7
71918.9
72044.2
72182.4
73220.6
73272.8
73488.2
73817.9
73845.6
74351.9
75063.6
75373.2
76011.7
76342.1
76505.6
77220
77284.7
78009.4
78560.2
78577.1
78906.2
79008.8
79209.6
79873.7
81419.5
82291.2
82671.5
82917.3
83218.7
83935.8
84258.8
84265.7
85725.3
85804.4
86228.5
86256.6
87338.7
87903.1
88397.5
88445.5
88734.3
88761.2
89284.1
89826.8
90260.8
90560.4
90741.4
90778.3
90859.5
92896
92910.6
92999.2
93092.4
93635.7
93846.1
94327
94690
95237.4
95858
96057.6
96525.3
96880.8
97131.3
97365.9
97416.8
97503.9
97637.3
97924.3
98147.5
98152.2
98459.3
98550.5
98886
99180.5
99361.9
99541.2
99677.4
99759.9
99840.6
100349
100461
100752
101613
102230
102888
103469
103474
104035
104045
104072
104086
104264
104709
104806
105074
105158
106289
106453
106825
106914
107643
107988
108340
108530
108772
109015
109147
109260
109663
110160
112597
112879
112985
113123
113738
113865
113872
114288
114328
114767
114838
115061
115518
115908
116024
116426
116709
116829
116986
117086
117477
117638
118424
118843
119639
119704
120272
120319
120695
120716
120985
122797
123046
123158
123364
123366
123379
123497
124858
125030
126058
126446
127501
127930
128022
128607
129665
129669
129672
129849
130028
130523
130521
130921
131114
131144
131346
131401
131938
132440
132504
133178
133772
133786
134410
134521
135621
135726
137265
137436
137729
138487
139144
139811
139882
140094
140166
140635
140690
141292
142155
142683
142915
143022
143041
144340
144426
144719
144916
145163
145941
146584
146999
147013
147065
149266
149662
149846
150441
150524
150696
150833
150887
151743
151800
152406
152438
152602
152692
153058
154082
154330
154659
154759
154819
155176
155600
155639
156035
156112
156115
156387
156575
158859
160514
160854
161335
161342
161551
161598
161657
161775
161847
161887
162118
162175
162491
162636
162905
163366
163736
164303
164540
165054
165263
165954
166555
166766
167274
167410
167788
168063
168544
168742
168819
168857
168877
169231
169506
169538
169758
169858
169995
170128
170320
170388
170740
171573
172477
172674
172912
173134
173983
174356
174615
174658
175087
175276
175415
176084
176283
176371
177179
178450
178805
179195
179339
179501
179729
179779
180239
180259
180404
180413
180412
180795
181007
181218
181330
181796
181931
182050
182205
182274
182500
182823
183593
184208
184930
184977
185255
186017
186243
186696
187430
187694
187857
188160
188254
188301
188322
188391
188474
188691
189294
189735
190652
190814
190950
191158
191314
191625
191947
192433
192574
192952
193006
193421
193887
194244
195270
195308
195400
195519
195635
196552
196760
197432
197668
197996
198021
198059
198131
198149
198417
198505
198615
198694
198944
199004
199407
199503
199709
199727
