184.03
1867.95
1909.28
2162.4
2184.24
2560.1
3243.49
3277.75
4526.67
4907.21
4953.78
5167.42
5580.71
6525.87
6674.02
7147.79
8637.6
9028.51
9700.77
9988.9
10122.2
11357.6
11738.5
12210
12418
12537.3
12898.4
13087.1
13505.1
13981.8
14864.8
15305.2
15537
16471.3
16862.9
17003.3
17591
17844.5
18158.5
19464.4
19514.7
19916.2
22274.9
22851.4
23231.1
23700.3
24126.6
24245
24384.3
25385.8
26262.4
26751.8
27850
28526
28606
30241.5
30892.6
31272.5
31332.9
31517.8
31991.3
32062.4
32150.7
32599.1
32823.8
33087.2
33127.7
33444.5
33994.3
34168.1
34825
35151.9
35337.7
35840.5
36073.1
36131.8
36537.8
37443.7
38016.1
38220.8
38257.9
39077.7
39430.3
39674.2
40678.9
40876.2
41037.5
41373.4
41743.1
42133.6
42345.7
42643.1
42837.1
43160.1
43579.8
44734.7
44789.1
45459.5
45544.7
46344.8
46344.6
46873.1
47232.8
47890.2
48567.4
48585
48759.6
49272.2
49399.9
49738.5
50130.7
50999.8
51517
51679.5
52056.3
52061.1
52230.6
52341.6
52361.8
52684.7
53949.8
56033.6
56087.9
57028.9
58544.4
59375.8
59518.4
59637.6
60544.9
60588.3
61626.3
61667
62370.9
62379.8
62773.2
62857.1
63371.1
63866.4
64539
64675.4
64793.1
64811.3
64866.9
65134
65146.2
65912.1
66533.2
67217.2
67510.8
67802.6
67829.4
68857.6
69720.8
69873.9
70129.8
70739.7
70970.8
71223.2
71268.3
71292.6
71404.8
71942.1
72023.1
72069.1
72485.8
72623.9
72959.5
73186.3
73726
74537.2
74795.7
74917.3
75510
76245.7
76465.1
78198.5
78437.9
78551.3
78714.4
79225.2
79750.5
79774
81376.3
83611.6
83679.8
85158.8
85821
86154.6
86867.3
87322.3
87345.1
87568.3
89335.6
89580
89698
90214.4
90319.7
91018.1
91121.4
91798.7
92210.4
94895.9
95317.8
95584.5
96034.1
96375.1
96891.5
96959.3
97304.4
97613.6
97760.6
97968.9
98288.1
98352
98385.3
99020.7
99556.9
99891.4
100163
100551
100941
102044
102969
104393
104833
105871
106181
106563
106819
106933
107585
108134
108551
108614
108978
109589
110259
110463
110943
111001
111197
111721
112047
112279
112789
112967
113217
113323
114584
114612
115371
115951
116349
117118
117281
117390
117464
117960
117968
118112
118739
118957
119360
119959
120541
120692
120714
120744
121440
122390
123063
123349
123865
124026
124881
126027
127549
127610
127814
128087
128347
128682
128720
129451
130061
130288
131485
131957
133756
134881
134998
135213
135222
135285
135980
136076
136134
136249
137541
138263
140368
140989
141259
141397
142847
143621
143943
144083
145471
145994
146231
146912
147402
147664
148501
148924
149548
149652
150057
150160
150398
151284
151406
151680
151898
152153
152289
152306
152943
153934
154418
155187
155471
155734
157414
157675
157675
157852
157927
158232
158291
158387
158742
159403
159894
160050
160482
161105
161241
162023
164397
165088
166136
166259
166359
167301
167489
168193
169576
169641
170022
170257
170566
170905
171303
171647
173085
173530
173624
174809
175492
175943
176196
176561
177397
177656
177855
178015
178206
178677
178751
178888
179241
179298
179602
179906
180406
180473
180815
181187
181220
182325
182325
182974
183018
183573
183672
183699
184401
184822
185058
185180
185220
185343
185643
186022
188780
189482
190503
190736
190858
190961
191629
191875
192170
192726
193115
193994
194195
194266
195225
195906
196178
196346
196541
197995
198667
199792
199818
