1463.5
1569.69
1623.08
2272.61
2762.9
3817.69
4182.91
4672.82
5196.29
6309.21
7296.72
8213.1
8901.14
9734.99
10661.8
10758.9
11249.7
11689.9
11800.7
12716.7
13735.7
14307
14587.6
14685.3
15443.8
15833.5
16726.9
17407.2
17512
17599.4
17907.8
19219.1
19305.3
20107.7
22360.7
22528.3
22826.5
24122.3
25068.7
27483.2
27620
28353.4
28429.6
31014.5
31419.8
31827.9
32470.1
32623.1
32711.3
32775.9
33710.2
33879.2
34980.3
36333.5
37274.4
37845.7
38078.3
38659.9
39686
40381.1
40478.7
40864.1
41335.4
41608.6
42193.8
43263.6
43634.5
43904.2
44227
45259.9
45924.4
46131
46201.5
47737.2
48908.8
49043.1
49205.3
53675.8
53774.9
54242.9
55807.2
56866.1
56933.6
57529
59485.4
59669.2
59780.1
60066.2
60230
61125.6
62087.9
62567.7
63151.8
63679.8
64338.9
64465.6
65729
67014.4
67294.4
67574.4
67982.5
68000.1
69932.8
70326.3
71788.3
72188.9
72355.4
72521.8
72712.9
72864.9
73225.8
73691.7
74733
76250.1
77774.4
78236
78277.1
78837.2
79575.5
81176.5
83035.8
84310.8
84982.1
87363.4
87517.1
88031.2
88396.6
89113.7
89893.3
89967.3
90117.4
91017.3
91609.4
94458.1
95147.3
96278.3
96369.2
96518.4
97136.8
97302.1
98774.2
99942.9
103884
104636
104641
104861
105772
106000
106504
107499
107569
108034
108138
108161
108778
108839
109347
109518
110507
110857
110998
112093
112364
112468
112521
113866
115192
115771
116042
116610
116919
116958
117178
117628
117632
117915
118564
118745
119037
119753
120440
120443
121203
121714
123542
123652
123968
124740
125069
128462
128636
129262
129689
131705
134079
135018
135913
137288
137731
137948
138597
141090
142633
143909
145657
146723
148029
148173
150030
150912
151265
151489
151872
151902
152264
152633
153521
153634
155099
155363
155508
157165
157458
157612
157988
158530
159867
159934
160372
160712
160773
160904
164144
164654
164684
165184
166776
167157
167945
168634
169406
170060
170437
170594
173073
173509
175524
175949
176131
176238
176894
177213
178396
179045
179941
180227
180831
181995
183788
184128
185004
185455
185846
186578
190242
191456
192173
192190
192508
194683
195589
195832
196144
196208
196813
197752
198802
199296
