682.63
1937.28
2061.44
2157.57
2530.23
3141.27
3363.12
3644.11
5497.26
5543.3
6016.24
7505.31
7648.98
9570.64
10180.1
10245.8
12233.9
12355
13719.9
14473.4
14917.6
15583.2
15638.7
15876.6
16695.2
16943.3
18470.7
18651.1
18721.1
20142.7
20716.3
20979.8
22340.3
23679
24821.1
31001.9
31665.1
31765.8
31897.2
32275
34015.3
35783.6
36238.1
36522
37070.9
37295
37547.5
37883.2
38053.8
38112.4
38283.2
38340.6
39143
39557.8
39928.3
40076.2
40151
40383.7
40583.6
40663.8
43423.8
45803.8
46040.3
48883
49098.9
49284
50288.8
54696.3
55582.4
55992.3
56097.9
56568.2
56702.3
58017.7
59887
60063
60243
60579.5
60944.4
61449.5
63442.6
63566.7
63844.9
64765
65338.2
65957.8
70538.6
70685.9
72062.5
74033.5
75523.2
75820.5
76660.6
78033.2
78069.2
78859.4
86034.9
86182.1
87468
90908.7
91026.8
92428.4
