1424.39
1565.37
1768.01
2430.44
2519.52
3777.27
4076.44
5474.59
6835.27
9764.34
11295.1
13236.1
16060.8
16515.6
17537.1
20345.4
22557.9
23680
24156.9
26692.9
29551.7
31972.1
33775.6
33783.8
34137.6
34302
34534.8
40454.9
42370.2
43890.6
44353.9
44523.6
46186.5
46835.2
49032
51074.8
51437.9
56953.6
58006.9
58503.8
60569.1
61576.2
61831
65669.5
68583.2
73479.8
78171.2
81238.4
84506.5
84888.6
86065.2
87742
89742.7
90105.3
91755.6
91959.1
92625.6
92787.4
93920.1
96611
98017.5
98662.4
98709.5
99855.1
105150
105207
106012
106565
110762
112376
112862
112930
114766
115922
116936
117011
119225
121090
121309
123588
124168
124552
127579
127828
128296
128555
129825
130451
132021
135076
137572
138795
143720
144012
144641
146764
148271
148745
150041
150776
150948
151313
152758
154950
157311
160340
164670
166428
169313
170069
170127
170377
173763
173995
174650
175305
175868
175892
176663
178618
181470
182844
183544
183978
186312
186362
187467
188031
191397
191719
193337
193421
194637
197971
199039
199155
199878
