346.97
752.65
1031.47
1038.94
1188.48
1243.47
1591.29
1648.95
2137.24
2353.42
2678.5
3187.65
3421.61
3539.47
3617.18
3910.68
4841.89
5294.9
5394.64
5817.15
5886.89
6444.83
6539.85
6722.25
7047.98
7452.68
7678.71
8012.05
8180.94
8308.44
8359.34
8523.44
8670.8
8674.31
8800.08
8878.83
8970.55
9109.52
9287.53
9341.63
9546.2
9627.91
9785.46
10563.9
11114.3
11506.4
11801.5
12125.5
12167.4
12318.6
12744.3
13037.2
13122.1
13758
13798.7
13848.7
13885
14030.9
14134.2
14351.8
14472.6
14675.4
14823.9
14858.6
15214.1
15683.1
15773
15839.4
16271.9
16339.2
16673.7
16945.2
17024.4
17040.5
17054.7
17126.1
17288.4
17424
17682.9
18024.6
18611.7
18860.3
19048
19070.2
19366.9
20172.5
20423.1
20437.9
20644
21242.5
22035.7
22764.9
23065.1
23331.9
23464.8
23750.4
23954.5
24067.5
24331.4
24408.4
24677.9
24709
24882
25297.6
25314.5
25589.7
25932.3
26078.1
26503.8
26602
26970.5
27385.5
27389.1
27681.6
28090.9
28377.2
29001.2
29031.6
29487.5
30505.4
30958.4
31420.2
31828.1
32485.1
32766.9
32945.6
33235.3
33379.8
33507.9
33656
33921.2
33965.1
34407.8
34565.9
34895.4
35213.9
35622.2
36077.9
36361.4
36811
36861.5
37063.8
37110.5
37618.1
38062.6
38175.1
39217.3
39448.7
39607.3
39610.7
39621.6
39883.8
40055.2
40192.1
40240.8
40419
40566.7
40761.1
41183.8
41257.8
41320.9
41691.1
42103.6
42106.6
43311.3
43726.9
43946.9
44063.5
44254.7
44534.2
44959.7
45092
45745.2
46048
46074.4
46265.4
46617.1
46756.4
46983.5
47350.7
47799.3
48377.6
48437.1
48548.9
48904.7
49788.9
49905.1
49948.1
50491.8
50827.3
50854.1
51204.7
51253.9
51920.4
52111.1
52233.6
52321.9
52453.9
52867.5
53215.6
53312.9
53493.2
53560.4
53969.2
55109.8
55677.1
56017.5
56039
56241.2
56824.3
57444.6
57479.9
58113.2
58133.8
58896
59153.3
59176.8
59335.3
59524.3
60016.2
60150
60683.5
61060.6
61069.1
61483.4
61597.2
63279.2
63337.8
64606
64659.9
64775.3
65122
65245.3
65442.2
65525.3
65695.5
66139.4
66774.1
67159.1
67264.8
67649.1
67726.5
68212.1
68237
68567.7
68680.1
68911
70651.6
71554.1
71970.6
72173
72289.2
72459.4
73095.5
73259.8
73539.5
73747.7
73753.6
73833.1
74278.3
74283.1
74487.2
74978.3
75288.1
75836.3
76660.1
76733.8
77069.8
77590.1
77838.5
77951
78020.9
78329.8
78655
79088.5
79567.6
80354.8
80937.1
81116.6
81846.4
81942.4
81953.6
82095
82896.5
83205.6
83335.3
83383.9
84015.9
84099
84570.1
84769.6
84843
85296.3
85335.7
85513
85609.7
85838.6
85858.4
85952.8
86083.8
86409.7
87141.8
87153.7
87183.2
87601.3
87939.8
88438.1
88530.2
89023.1
89060.7
89122.8
89198.9
89822.8
90210.9
90558.7
91372
91476.9
91566.4
91628
91767.3
92063.4
92475
92545.1
92604
93169.9
93311.5
93332
93677.3
93695.5
94054.7
94548.2
94779.8
95300.9
95386.7
95500.9
95585.5
95754.1
95879.2
96437.7
96496.8
96536.2
96617.8
97550.3
97726.2
97743.5
98431.5
98550.9
98733.8
98903
99009.3
99574.9
100707
100924
101058
101809
102394
102722
104284
104626
104701
104782
104961
105101
105109
105552
105769
105884
106350
106370
106991
107506
107556
108000
108513
108614
109039
109557
109599
109631
109853
110196
110268
110675
110844
112178
112665
113021
113084
113160
113232
113342
113424
113852
113858
113914
114524
114843
115041
115481
115503
115599
115675
115892
116468
116562
116785
117336
117660
117720
117996
119092
119778
120209
120317
120467
120575
120750
121201
121302
121432
121520
122010
123218
123463
123670
123727
123804
124247
124315
124552
124565
124628
124699
125045
125457
126026
126153
126370
126565
126739
126831
126948
127221
127233
127428
127735
127862
128092
128306
128603
128966
129431
129661
129923
130093
130211
130468
130508
130896
130997
131069
131290
131716
131807
131898
131916
132239
132701
132959
133187
133509
133869
134157
134415
134532
134627
134829
135452
135596
136269
136378
136460
137325
137372
137572
138307
138608
138719
138886
138887
139140
139234
139280
139286
139398
139541
140235
141323
141854
142064
142128
142264
142317
143054
143174
143197
143443
143659
143761
144364
144391
144581
144766
145198
145541
145801
145938
146102
146226
146367
146462
146707
147035
147099
147528
147923
148398
148487
148880
148971
149124
149455
149541
149652
149659
149868
149932
150012
150393
150582
150723
150859
150900
151166
151414
151975
152126
152498
152604
152969
153288
154314
154469
154610
154685
155280
155326
155954
155992
156209
156322
156345
156497
156843
156860
156994
158153
158201
158915
159062
159433
159813
159990
160015
160509
160833
160958
161364
161992
162169
163000
163156
163186
163374
163574
163698
163737
164529
164631
164999
165083
165527
165975
166198
166231
166282
166495
166604
166932
166953
167322
167524
168171
168310
168368
168651
168777
169096
169337
169898
169942
170224
170587
170954
170980
170972
170991
171419
171668
172058
172390
172952
173030
173249
173600
173834
174460
174788
174893
175124
175410
175418
175545
175563
176382
176414
176705
176851
176985
177196
177485
178042
178058
178367
178812
178963
179338
180002
180104
180162
180364
180447
180771
181069
181126
181140
181253
181398
181652
181685
181933
182173
182630
182977
183018
183087
183419
183547
184030
184512
184608
184607
184824
185600
186006
186081
186213
186405
186722
187177
187295
187758
187814
188037
188075
188453
188961
188949
189798
189900
189958
190519
190697
190977
191165
191363
191385
191805
192181
192285
192444
192749
192883
192977
193184
193318
193501
193726
193924
194017
194041
194475
194550
194622
195486
196180
197648
198465
198754
198914
199241
199785
