117.82
510.47
513.96
614.11
1525.01
1652.71
1859.85
2394.8
2440.22
2667.85
3212.87
3222.89
3413.18
3956.86
3993.75
5525.57
6110.98
6150.31
6757.94
7024.78
7516.09
8035.31
8360.51
8989.83
9201.6
9816.85
10731.8
11109.8
11164.6
11420.7
11443.4
12047.4
12071.1
12303.9
12576.6
12653
12688.1
13072
13830.3
14154.9
14919.2
15262.8
15892.7
16294.5
16378
16978.6
17121.1
17149.5
17278.9
17605.7
17887.6
18090.6
18326.3
18917.7
19465.9
19848.2
20076.8
21162
22126.4
22140.9
22284.2
22445.5
22899.3
23094.9
23201.4
23445.6
23507.7
23592.7
23764
23784.2
24112.7
24353.1
24353.9
25818.2
25920.3
25962.6
26236
26262.2
26604.6
26652.2
26682.9
26997.6
27081.2
27235
27321.3
27593.7
27632.1
27816.1
27861.6
28058.1
28084.3
28328.2
28373.8
28609.5
28635.5
28921.5
29079.5
29083.5
29128.6
29940.7
30101.4
30208.6
30555.3
30731.3
30781
31628.1
31701.9
32210.7
32626.7
32786.1
33030.9
33027.2
33448.8
33636.8
33653.1
34079.5
34119.8
35065.6
35129.7
35695.1
36163.9
36522.2
36703.6
36795.7
37222.5
37453.1
37466.3
37638.3
37837.6
38792.1
39257.8
39547.5
39901.5
39991.1
40051.9
40231.4
40728.8
40865.8
41377.9
41570.5
42072.6
42462.4
42683.1
42884.3
42985.8
42991.5
43380.8
43484.9
43650.1
43657.6
44146
44673
44986.9
45037.1
45061.7
45191.3
45375.2
45378.7
45687.9
45736.8
45942.2
46129.3
46265.4
46285.2
46595.7
46607.6
46768.6
46888.1
47201.5
47584.7
47928
48063.2
48112
48211.1
48477.8
48624
49037
49196.9
49550.8
49595
50349.8
50502
50586.3
51364.7
52214.4
52432.9
52524.9
52670.2
52691.2
53188.8
53355.5
53745.8
54103.2
54685.5
55147.7
55201.7
55316.1
55375.3
55471.7
55653
55746.9
56222.8
56338.8
56548.4
56671.1
57069.9
57129.2
57615.5
57728.6
58084.4
58668.9
59631.2
59811.8
60148.4
60489.8
60555.1
60751
60809.6
61060.7
61276.1
61603.8
61714.3
62247.2
62489.3
63150
63435.3
63783.9
63844.1
63913.8
64127.3
64359.4
64642.4
64791.6
65003
65108.9
65177.2
65241.3
65713.9
65823
65865
66300.7
66411.2
66417.4
67273.7
67353.2
67701.3
67854.3
67868.6
67908.9
68091.3
68443.3
68720.2
68957.5
69011.5
69471.5
69806.7
70303.9
70947
71951
73380.3
73485.9
74075.6
74127
74369.1
74487.9
74520.6
74805.8
74887.4
74966.2
75023.4
75136.9
75443.7
75476.6
75551.1
76145.6
77215.1
77259.8
77463.2
77799.6
78023
78361
78565.8
78657
79238.3
80043.4
80124.7
80516.9
80512
80998.5
81782.2
82151.5
82731.4
82882.9
82989.1
83065.6
83152.5
83434.4
83759.3
84062.7
84438.5
84746.3
85010.2
85084.4
85144.1
85309.4
85459.9
86182.8
86249.1
86811.5
87211
87281.9
87572
87719.4
87840.5
88228.7
88368.6
89077.4
89343.3
89401.3
90179.5
90388.5
91215.3
91218.9
91365.2
91546.2
91730.4
91950.9
92174.5
92253.1
92719.8
93389.2
93989.8
94437.8
94722
95369.1
95524.5
95806.9
96209
96295.9
96325.1
96638.8
96844.7
97190
97352.5
97363.7
97422.3
97868.9
97886.7
97906
98450.5
99190.6
99229.5
99323
99878.9
100651
101012
101430
101476
102035
102178
102187
102301
103212
103509
103509
103957
104109
104135
105041
105311
105352
105433
105528
105694
106067
106375
106515
106598
106690
106850
106859
107044
107128
107509
107951
108216
108478
109621
109823
110298
110506
110538
111138
111156
111224
111341
111531
111765
111842
111891
112170
112329
112862
113202
113542
114324
114342
114865
115043
116145
116498
116704
117183
117250
117390
117423
117513
117728
117735
117929
118232
118638
118688
118798
119249
119494
119849
120083
120118
120249
120379
121012
122182
122572
122675
122847
122960
123143
123189
123637
123663
123760
123902
124134
124176
124276
124607
124875
124972
125015
125033
125174
125269
125434
125443
125467
125618
125724
125826
125949
126363
126561
127102
127125
127232
127674
127742
128207
128241
128579
128960
129247
129842
130009
130039
130417
130564
132084
132183
132301
133210
133423
133507
133706
133804
133941
134343
134680
135047
135153
135190
135716
136050
136703
136846
137306
137518
137670
138248
138357
138520
139081
139207
139240
139252
139504
139777
139818
140205
140354
140560
140601
140681
141008
141222
141556
141822
142096
142114
142187
142538
142761
142936
142995
143114
143249
143920
143947
143956
143988
144360
144604
144840
144926
145003
145592
145651
145906
146282
147314
147593
147968
148183
148780
149134
149184
149202
149409
149442
149576
149804
150418
150604
150678
150942
150975
151069
151112
151144
151489
151871
152010
152205
152359
152790
153680
154284
154333
155778
156185
156445
156763
156793
157179
157225
157613
157845
159297
159524
159943
160266
160322
160496
161146
161849
162555
162969
163022
163322
163707
163953
164095
164090
164109
164641
165166
165179
165456
165633
166700
167124
167408
168066
168130
168202
168489
168516
168777
168917
168995
169159
169461
169609
169666
169674
170722
171017
171018
172085
172392
172574
173565
173640
174055
174242
174426
174647
175856
176091
176464
176891
177152
178970
179226
179455
179551
179610
179702
180226
180316
180346
180712
181284
181412
181494
181742
181838
182099
182256
182411
182559
182814
183098
183529
184738
185006
185070
185167
185229
185277
185789
186251
186627
187138
187292
188146
188737
189080
189138
189240
189602
189809
190188
190605
190974
191251
191422
191563
191892
192255
192531
193173
193248
193622
193861
194015
194389
194939
195082
195359
195450
195458
196801
196943
197313
197573
197917
198184
199930
