924.54
975.78
1929.11
2328.58
4113.48
4905.88
5019.49
5804.84
6461.31
7045.78
7455.17
7558.61
8118.54
9014.54
10383.3
11821.2
12756.5
13025.2
13277.7
13690.9
13792.5
14544
14846.5
15107.7
15360.5
15890.8
16303.6
16902.7
17880.5
18365.1
18778.8
19144.7
20168.4
22130.9
22288.4
22381.4
22831.6
23925.7
24526.2
24603.3
25630.3
25896.9
27685.7
29084.3
29320.6
29717.2
30692.9
33756.6
34701.5
34896.6
34926
35350.5
35390.3
36099
36222.4
36339.9
36554.2
41458.9
42387.2
42803
43381.6
43445.2
43486
43938.3
44496
44892
44911.3
45094.2
45335.2
46212.5
46301.2
46360.9
46590.1
47104.1
47865.3
47967.4
48532.9
50801.9
51139.2
51768.2
52981.1
53068
54519.9
54582.4
55362.5
56625.7
56719.1
57549.9
57653.3
57704.8
58498.7
58664.7
58737.2
59287.9
60640
60812
61360
62097.6
62535.9
63131
63579.7
63904.6
64482.4
64779.7
65486.6
66181.7
66238
66825.3
67007.8
67236.5
67591.4
68241.3
68653
70059.4
70220.7
70410.9
70457.2
70496.9
72051.7
73766.8
74917.3
75254.3
76621.2
77737.3
77943.7
79084.5
79166.1
79332.4
80166.2
80811.9
81328.5
81615.6
81999.2
82997.2
83476.1
83745.9
84301.4
85006.2
85208.9
85597.6
86168.7
87514.7
88581.5
89373.9
89806.5
89829.3
89898.9
91316.1
91825.1
92673.7
92983.8
93714.9
96208.7
96346.2
96877.6
97117.2
97201.1
97505.6
97648
97711.5
97747.6
98216.5
98335.2
98516.6
99033.1
99664.7
101190
102947
103452
104246
104331
104447
104845
105057
105715
107667
107813
107881
108486
108749
108970
109015
109241
109510
110356
110733
110750
112797
113769
114138
114152
115212
115750
117613
117852
119819
121272
121676
121949
122042
122337
122362
122886
123317
125324
125340
126201
126631
126861
127204
127689
127717
128615
128723
129592
129766
131393
132206
132291
132411
133330
133408
134085
137453
137503
138010
138424
140644
140860
141421
141657
142835
143433
143512
143584
144280
144860
145495
146041
146304
146354
147009
147177
147895
149841
149864
149876
150717
151203
152005
152667
152860
154343
155167
155780
155895
156167
156605
157985
159252
159606
160099
160691
161980
162070
162737
163323
164720
164754
165461
166042
166240
166545
167000
169683
170509
171083
171299
171449
172192
172757
173598
173957
174511
174790
175809
175972
177489
177488
177497
177554
177986
178646
178748
179579
180453
180725
181500
181863
185829
186083
186732
186778
187020
187358
188481
188854
188877
189338
189412
189624
193820
193920
193923
194028
195806
195832
196202
198515
198609
199356
199643
