764.17
3030.68
4756.41
4778.17
6318.08
7346.37
7871.91
8268.9
8620.49
10281.7
10753.3
11447.5
12557.3
13868.5
14489.7
14795.5
14876.8
14968.5
15025.1
17188.5
20004.5
20519.4
20854.3
21020
21794.1
22634.6
22665.4
24453.7
25688.4
26429.5
27361.2
28227.2
28825.5
29150
30094.4
30231.7
30343.6
30539.6
30684.5
31046.2
31318.3
33411
34547
34623.6
34665.7
35052.3
35257.8
35289.2
35548
35747
37217.8
38949.5
40545.3
41036.6
41809.3
41904.8
42358.5
43097.3
44074.2
44495.1
44550.4
44714.2
44913.3
46093.2
46286.1
47316.9
48464.2
49420.1
51357.7
52845.3
53740.3
55580
56176.6
56807.8
57364.4
57431
58326.6
60333.6
60403.7
61911.2
62416.2
62700.7
63512.9
64130.3
64484.8
65078.8
65564.5
65928
67132.4
67360.3
71411.3
75039.7
76905.9
77398.5
77439.8
78382
78722
78964.5
79206.8
79514.9
80104.8
80864.5
81009.6
81652.2
82286.3
82517.1
82554.2
83001.5
84985.3
85536.8
86728.1
87366.8
89248.2
89481.9
89621.3
90000.3
90497.4
91052.7
91273.9
92102.4
95389.6
95732.7
96503.7
96639.1
96913.5
97476.8
98378.6
98677.4
100427
100965
103319
103333
103514
104203
104676
105162
107112
107495
107710
108283
108756
109268
109673
110391
110411
110985
112499
113025
114581
114908
116112
117236
119643
120701
120782
121359
121789
122033
123843
124631
124728
125013
125569
125602
125740
126040
126397
126499
127066
127298
127616
128559
128731
129177
130851
131684
132261
132451
134319
135452
136091
136152
137745
138196
140062
140532
141511
142136
142695
143058
145156
146004
147861
147962
148067
148662
148937
149280
149706
149769
150130
152738
153508
154836
155069
155445
156305
157402
158438
158644
159125
160314
162211
162327
164087
164319
164439
165072
166103
166736
168009
168866
168907
170222
170504
170680
171838
172486
172707
172820
173055
173861
174502
175191
175844
176032
176577
177227
177862
179178
180138
180290
180856
183297
184388
185248
185481
186312
186886
187635
187660
187951
188666
189125
193053
193404
193753
195543
196744
196776
197302
197779
199091
199886
