592.51
1149.45
1217.33
1740.65
2186.05
2619.45
3432.27
3450.12
3501.28
3696.6
3701.74
3939.27
4612.16
4657.53
4884.88
5575.14
5849.78
5944.58
6503.39
7067.12
7536.32
8259.2
8616.04
8727.11
9335.38
9683.96
10430.3
10495.8
12497.7
12535.2
13229.4
13686.1
13908.6
13941.9
14091.3
14325.1
14556
14924.9
15068.7
15670.8
16184.8
16920.1
17056.7
17192.1
17240.6
17361.3
17640.2
18317.5
18434.7
18717.8
18873.4
19102.2
20038.5
20706.5
22659
23031.8
23475.4
23556.2
24602.4
24922.8
25089.8
25115
25324.9
25931.9
26543.8
26931.6
28655
29140.1
29288.1
29390.5
29811.4
30021.7
30079.1
30147.4
30396.6
30777.3
30780
31162.1
31829.5
32067.8
32353.3
32735.6
33204.9
33535.2
35008.5
35024.2
35199.9
35700.5
35737.7
36782.6
37060.4
37272.2
37278.8
38184.4
38450.6
38464.5
39054
39361.4
39452.3
39471.8
39511.9
39669.1
39805
39921.3
40318.3
41436.4
41653.8
41746.3
42204.4
42959.5
43396.3
44084.6
45168.2
45182
45958.7
46312.7
46608.8
47881.9
48644.5
49021.3
49506
49779.3
50011
50108.6
50910.8
51046.7
51070.8
51370.4
51500.3
51800.6
52317.1
52667.6
52721.9
53055.3
53586.7
55763.4
56146.3
56179.5
56794.5
57579.6
57748.3
57963.7
58637.5
58644.9
59211
59352.8
59753.5
60088.4
60289.8
60602.5
60907
61347.7
62587.4
63023.2
63126.3
64470.8
64616.9
64724.1
64844.8
64863.5
65566.6
65580.9
65893.9
66956.4
66987.3
67299.8
67342.9
68437.8
68793.3
68980
69024.6
71433.5
71775.4
72281.3
72772.5
73287.1
73622.3
73946.1
74302.7
74355.2
74494.7
74497.1
74616.9
75668.1
76004.9
76237.8
76524.2
76925.7
77265.9
77758.9
78500.6
80733.4
81070.4
81988.2
83185.4
83286.3
83619.2
83660.1
83968
84696.2
85691.1
86157.7
86189.6
86238.1
86283.6
86920.1
86971.6
87164.9
87310.4
87378.1
87689.7
88090
88426
89443
89626.7
90250.4
91142.1
91384.9
91432.1
91850.7
92264.6
92483
93064.4
93446.7
93720.1
93840.1
93915
95407.4
95693.8
96138.4
96272.7
96733.8
96744
97058.5
97400.6
98086.2
98515.3
98896.7
99304.7
99416.7
99998.5
100094
101062
101515
102018
102324
103519
103851
104212
104697
104830
104896
105209
106567
106993
107271
107448
107625
107702
108921
109404
109738
109876
110067
110089
110311
110378
110909
111534
112394
112929
113115
113526
113846
114061
115567
115782
116360
117554
117796
118964
119508
120316
120504
121049
121380
121424
124189
124703
125110
125379
126248
126520
126727
127370
127526
127546
127711
128580
128890
129195
129843
130713
130761
131276
131282
131364
133167
133441
133706
133814
133957
134234
134374
134621
135021
136248
136547
137561
138164
138653
138845
138997
139315
139362
139448
140774
141058
141599
141883
141924
141999
142703
143362
143496
143741
144538
145681
146197
146510
146898
148545
148601
149233
150006
150213
150494
151918
152339
153365
154216
155339
155459
155469
155777
155991
156354
156515
156661
157823
159209
159286
160211
160340
161091
161526
161728
161986
162852
163157
163577
164324
164615
164773
165185
165847
166061
166082
166698
167134
167164
168270
168989
169755
169801
170333
170803
170860
171192
171348
171798
171977
172009
172748
172818
173176
173319
173362
173475
174608
175161
175402
176371
177061
177701
178694
179050
179816
180420
180664
181317
181841
182177
182875
183428
183606
183705
184338
184354
184373
185199
185495
185932
187202
187409
187822
187857
188120
188627
189197
190085
190566
190647
190934
191275
191301
191697
192552
192876
193060
193331
193610
193771
193787
194137
194233
194679
194686
194714
195148
196571
197935
198268
198523
199055
