4935.5
6665.33
6763.8
6986.85
7673.91
9045.09
9799.66
10144.7
10979.1
11314.4
12042.7
14979
15942.1
16944.8
17038
18144.8
18442.2
21312.1
22162.6
22411.4
23612.9
23771.7
25685.9
26722.4
27531.2
29058.6
29951.8
33108.7
33830.1
34115.9
35217.7
37348.7
38210.4
39920.7
40389.2
41764.7
42070.1
42563.9
43496.8
43810
44296.2
46129
46423.4
46681.7
47024.9
47499.3
48620
48951.6
49029.5
49395.6
49404.2
51313.6
51855.7
51985.4
52429.7
54998.4
55651.9
56445.5
57631.6
57762.1
58641.6
58816.6
59554.2
59934.1
60100.9
60279.6
60742.5
61451.1
62758.4
63447.3
64046.1
65194.9
65212.4
65766.6
65802.1
66743.8
66866.9
67483.2
67802.4
67825
68359.6
70857.1
71848.3
72077.6
76290.6
76727.3
76932.4
79062.2
79301.7
79371.2
80881.3
81458.1
81728
81872.8
82156.2
83042.4
83435.3
84562.3
85440.2
85748.5
86158.7
86475.8
87208.3
88914.5
89927.9
89985.9
91789.7
92674.9
93264.8
93809.8
94533.4
95352.8
95566.8
95776.9
96118.4
97945.4
98558.3
98619.2
99778.9
100209
100903
101343
101874
102848
104803
104977
105323
106174
106253
106550
107641
108389
109403
109899
109941
110159
110197
110266
110893
111341
112050
112870
112905
114430
114640
115018
116122
117270
119353
119811
120242
120690
120789
120872
122561
123682
123713
124148
124289
124527
125588
125873
126337
126868
126957
127131
128982
129477
130390
131708
134560
137316
138054
138244
139429
139745
140352
140417
141966
142608
142735
142960
143129
143209
143535
143567
144549
144927
146615
147604
147816
148959
149831
150724
151364
151765
152961
155203
155421
156202
156684
157805
158416
158676
159362
159485
159962
160090
160346
160979
161112
161732
161777
161803
162238
162340
162649
164397
164490
170130
170322
170717
171009
171392
172536
172958
173764
173780
174711
174781
176182
176286
176992
178578
181503
182212
184548
185839
187049
187107
188729
188995
189288
189372
190284
190585
191201
192027
193156
193169
193307
193511
193541
193998
195292
195656
195938
196286
196548
197436
197824
199145
199167
199802
