650.26
917.28
2514.8
3079.01
5403.24
5605.05
8120.95
10673
12228.3
17323.5
17354
18167
18622
19195.6
20028.8
21829.5
22020.8
22988.9
23871.1
24811.1
25537.7
25844.2
26398.3
27422.1
27576.2
27995.1
28242.9
29242.3
30659.4
31708.6
32345.5
32994.3
33989.1
34782.6
35033.8
35417.1
35936.5
37265.6
53945.6
54165.7
54931.9
56465.9
57917.1
60457.1
60808.9
63470.7
66205.1
67412.9
68013
68667.3
69108.6
69477.8
70019.7
70123.4
70170.5
70720.9
70782.3
71016.8
72781.4
75054.6
75715.5
77478.3
79711.4
80086.4
80280
85348
85941.7
87261
87389.7
88282.8
89213.1
90175.3
92812.5
98599
99772.3
105254
106043
106243
112412
120555
121256
121884
122221
122676
123919
124757
125387
125612
126097
126724
127247
127300
128388
128470
128693
128923
129706
130345
131136
131271
131281
131327
131708
133075
135150
135558
138023
143405
143676
144794
145640
145882
147138
149167
149825
151651
152055
153625
156135
157149
158468
159837
160425
160796
163336
163566
163632
164429
164649
164669
164835
165300
166873
168047
168859
168857
169412
171657
174194
174463
174645
175401
177334
178009
178029
179708
179756
180535
181375
182706
183413
184083
184078
184132
184172
185824
187070
190299
191538
191973
192204
192722
193833
194181
195251
195485
195511
195974
196184
197648
197777
197844
198648
198989
206372
206411
209888
211864
212168
212886
214604
216176
216344
217248
220114
221102
223222
223678
224231
224781
225732
238660
240241
241210
243836
243991
244361
244577
269129
269497
270650
272352
272960
275095
275732
276029
278237
279895
281326
281675
281769
282165
284239
284463
288124
305169
307912
308063
309999
310237
311206
315100
316693
319490
320415
320939
322137
323160
323787
324131
324783
324893
325196
325975
326018
326082
327078
327075
327588
327736
328644
330507
330730
331493
331576
331777
332293
332324
333372
334267
336721
339832
340323
341008
346442
347662
348991
350750
352272
352485
353439
354106
354910
357669
360354
363873
363965
365022
366178
367387
370985
372311
376079
376789
377102
377113
377193
378559
378816
379805
379987
381074
381278
383460
385379
386010
386804
388049
389025
389817
390223
390215
390350
392184
395600
397335
398260
399159
399812
400202
400772
400795
401117
401238
402652
402693
404344
404764
409202
409546
409820
413130
413196
413267
415428
419524
420963
422449
422962
423973
424405
424516
425416
426020
427012
427599
428650
429012
430583
431756
433162
433410
433616
433663
433986
434426
434555
434738
435778
436546
436878
437377
438327
438826
440350
440423
440472
440772
441313
442588
443614
443786
446965
447398
447621
449344
452562
466672
471711
471849
474203
475757
476827
478526
479128
482226
482537
484709
486299
488451
489286
489844
490203
490799
494391
494707
495180
495514
496432
497439
497480
497935
498090
498487
499836
500372
502188
502487
502704
502761
502782
503977
504095
504250
507132
507996
508160
508710
509282
509686
509841
510251
511021
511170
515400
515728
515776
516073
516577
516632
517193
517718
520316
520527
520570
521960
524193
525072
525503
526805
528223
528278
528379
528693
536727
537991
538644
538982
539059
539369
539726
540845
541888
547229
547360
547812
548360
559826
567829
601945
626670
629587
630508
632719
633853
637220
637672
637825
639068
639410
640736
641168
641454
641483
642338
642725
643819
644992
645350
645986
647572
648470
651496
652223
652720
652746
652883
653363
653937
654028
654355
654416
655643
656548
657282
657654
658002
659296
660172
661198
662636
664005
664579
664904
670015
670611
671290
672775
673558
673771
674859
675395
677094
678407
678510
680319
680863
681635
683816
687547
687738
687906
689533
693114
693384
693555
693988
694525
695401
695787
696590
696994
697586
698433
699526
700202
701278
701287
702399
702852
703780
703973
705049
705777
706884
708001
708491
709646
709813
713083
713227
714875
715294
715705
716182
716231
717060
717128
717339
718306
724635
724704
725141
726839
733040
733713
735510
740291
740512
740969
741476
742243
744113
744408
744846
745536
746992
747011
752342
753945
754010
754978
756660
756867
757258
757488
757735
758239
758230
760704
762355
762384
763052
767216
767504
768279
772523
773481
773794
774875
774996
775734
777703
777879
780151
780592
781797
782586
785501
789793
797434
800142
806001
806144
811425
823037
823080
826932
826939
828638
829264
829504
829763
830462
831864
832758
838902
840221
841131
841165
841705
842164
843627
844884
845557
845801
848126
849395
849779
849786
850039
850680
852615
853941
854267
854680
855840
857416
858746
859378
859501
861605
863310
864591
864897
865474
867333
872495
873722
874188
874270
875640
876882
877113
877457
878436
879305
879796
881193
882101
883114
883368
884874
885065
886119
888405
889024
889108
889402
889932
889946
890102
890350
891437
897482
898496
898516
898621
916746
917000
917147
918039
