114.76
937.19
2544
3815.56
4143.36
4843.86
6669.4
7215.32
7538.67
7644.09
7858.06
9966.86
10187.8
17481.4
17495.8
17502.3
18482.7
20188.5
20258.2
20667.2
21661.8
22907.6
23087.2
24613.2
25028
25045.5
25080.1
25383.5
26569.4
27380
27763.1
27834.4
27997.8
29622.5
29858.4
29893.5
29929.9
30514.8
30531
31500.9
32044.6
32064.3
32065.5
32438.3
33350.1
36772
37163.2
37266.2
37613.3
37838.5
37977.8
38439.7
38693
39045
39569.6
39670.5
41141.4
41935.8
41933.8
43326.3
43694.8
44259.5
44989.8
46124.7
46351.3
47110.1
47474.4
47580.7
47768.3
49175.1
49720.7
53673.4
55245.6
58206.5
59527.9
60786.3
60857
61181.7
63272.1
63845.4
64231.1
64622.8
64910.5
65294
65362.7
66717.4
67026.3
67968.3
68156.7
69008.9
69468.6
70027.6
70670.6
71117.3
71353.3
72577.3
72877.5
73454.1
75145.4
76204.1
77058.5
78131.5
78185.2
78611.3
78729.1
79199.8
79523.9
80369.8
80570.7
83717
83830.3
84300.3
84469.5
86906.9
90604.3
90943.9
91778.7
92041.9
92105.6
94055.7
95877.3
96516.4
98406.7
98409.8
99501.2
