8605.83
9183.66
13055.3
13325.7
15832.9
20021
21459.9
22596.2
27495.5
28036.1
29492.8
30482.8
30771.6
31115.1
35742.1
36214
38425.3
39281
39895.5
41952.2
44377.5
47608.7
49621.9
53626.5
55926
56214.5
57883.1
58944
63857.1
66209.1
68549.7
69598.6
72540.6
74664.4
85373.3
86408
86619.5
86754.3
89515.4
91979.3
92768.6
95447.4
102627
104047
107064
110166
111170
111298
111885
113449
113770
118152
121637
121969
124837
125741
126437
141720
142820
142905
144550
146525
147984
150431
151887
152192
153971
157050
159657
161025
162991
164285
165440
167782
168113
168198
169847
171182
171702
174398
174787
179340
182688
183941
187259
194200
194708
196070
196884
199741
