180.14
302.51
561.26
571.02
584.37
878.77
1005.92
1127.7
1145.55
1358.3
1411.99
1951.83
2141.87
2361.33
2397.51
2593.56
2595.79
2658.84
2711
2778.7
2827.91
2989.38
3048.57
3062.18
3192.22
3360.54
3705.49
3857.7
3954.48
3957.8
4139.56
4278.12
4459.8
4519.4
5148.53
5158.37
5259.42
5570.38
5598.32
5725.43
5880.61
5904.89
6016.21
6095.79
6569.85
6657.93
6742.09
6945.57
6981.55
7015.92
7027.84
7113.48
7194.84
7426.98
7468.65
7561.85
7882.06
7886.38
7919.88
8241.2
8494.56
8565.48
8617.05
9020.02
9110.15
9107.95
9114.18
9141.37
9509.88
9515.26
10032
10261.3
10399.6
10546.2
10560.7
10637.7
10827.6
10909.4
11032.6
11198
11477.2
11535.3
11867.4
12027.7
12118.4
12408.4
12870.4
12919.6
13291
13290
13486.3
13630.3
13861.3
13993.2
14083.4
14467.2
14593.3
14949.7
15139.2
15598.7
15685.8
15710.2
15748.8
16031.8
16191.7
16598
16877.9
17277.2
17391.4
17506.6
17506.5
17598.2
17928.7
17949.3
17953.2
18214.6
18401.5
18483.5
18591.9
18646.1
18966.6
19058
19086.3
19274.3
19396.3
19465.7
19542.5
19678
20568.3
20640.4
20947.1
21101.9
21118.6
21317.3
21376.2
21636.2
21763.1
21972.9
21997.4
22131.9
22229.8
22296.3
22806.5
23518.2
23582.6
23781.7
23827.3
23852.3
24291.1
24335.4
24394.4
24441.3
24655.9
24672.7
24907.4
25341.9
25334.8
25355.5
25395.9
25546.2
25606
25644.3
26066.8
26566.8
26833.5
26947
27243.9
27490.5
27540.8
27959.3
28179
28285.2
28418.2
28570.3
28771.5
28769.2
29212.3
29425.2
29647.8
29667.5
29868.4
29951.9
29971.7
30078.1
30744.5
30745.5
30792.2
30946.8
31021.2
31025.7
31303.5
31441.1
31570.9
31693.1
31906.2
32026.1
32289
32316.5
32378.6
32781.8
33020.5
33233.7
33418.4
33550.5
33603.3
34064.6
34367.7
34473.2
34593.5
34740.2
34762.4
34958
34987.7
35221.5
35334.7
35444.6
35568.9
35690.3
35896.1
35913.4
35926.6
36210.3
36327.3
36464.7
36771.4
36805.9
36821.6
37036.4
37219.6
38158.6
38408.2
38413.6
38647.2
38826
38821.3
39121.1
39146.3
39186.8
39344.6
39405.8
39624.7
39681.8
40125.3
40230.5
40774.4
40923.6
40981.4
41291.2
41563.4
41753.7
41836.2
42097
42229.5
42447.9
42760.7
43498.1
43557
43888.1
43961.8
44012.4
44088.9
44177.2
44821.5
45165.3
45381.7
46111.8
46258.7
46372.4
46632.9
47121.9
47473.4
47678.4
47751.3
47760.4
47975.2
48225.2
48261
48641.7
48747.2
48968.4
49787.5
49805.2
49987.6
50080.3
50194.2
50420.7
50475
50537.7
50542.6
50548.9
50694.1
50775.1
50788.3
50850.1
51324
51541.3
51553
51618.1
51673.9
51855.6
52256.5
52336.7
52731.4
52736
52899.5
53001.4
53136.6
53167.3
53346.1
53428.5
53491.2
53606.3
53900.6
54202.5
54409.6
54470.7
54696
55535.9
56479.5
56912.8
57452.8
57870.9
57970.5
57969
57995.9
58081.9
58237.4
58258.6
59038.9
59094.4
59240.9
59295.8
59602.4
59760.6
59891.7
60061
60203
60256.6
60471.7
60557.4
60768.9
60841.4
61181.5
61227.3
61376.4
61553.2
61868.9
61959.2
62222.6
62280.9
62362.1
62406.7
62518.1
62865.3
62889.3
62924
63091.7
63109.1
63985.2
64046.2
64188
64184.4
64310.2
64799.2
65338.5
65597.9
65842.2
65966.7
66062.8
66100.8
66108.6
66155
66629.2
66735.6
66758
66776.5
66801.8
66825
67067
67207
67584.8
67709.5
67982.2
68260.8
68276.8
68327.4
68835.3
68910.1
68940.1
69146.8
69233
69614.5
69647.6
69922.3
70005.4
70020.9
70244.3
70258.2
70294.6
70389.7
70688
70849
70982.6
71116.9
71497.4
71623.9
71895.1
71978.6
72014.2
72330.6
72342.4
72369.7
72427.1
72621
72731.7
72825.3
74129.1
74294
74332.3
74566.6
74677.6
75052.8
75696.9
75811.4
75916.9
76003.3
76186.8
76272.5
76397.7
76469.9
76643.1
76923
76924.3
77043.3
77269.1
77284.8
77463.8
77531.4
77664.9
78110.5
78316.7
78435.2
78517.3
78833.8
79050
79206.9
79772.8
80228.5
80727.2
80785
81051.2
81358.6
81412
81477.9
81994.6
82396.6
82465.4
82572.4
82982.8
83064.7
83181.6
83221.4
83569.8
83632.4
83712.9
83856.1
84359
84478.6
84534.8
85163.5
85549.5
86372
86540.4
86701.5
86814.8
87074.7
87232.7
87268.6
87362.5
87397.7
87634.2
87837.5
87988.2
88190.1
88362.2
88393.4
88511.2
88694.5
88758.7
88806.5
88868.5
88905.3
89122.5
89204.3
89278.3
89481.5
89492.9
89521.6
89557.6
89760
89835.3
90182.4
90257.2
90328.7
90863.5
90892.3
90997.3
91105.1
91170.1
91527.5
91567.7
91753.2
91824.3
91919
92392.4
92443.2
92468
92675.4
92745.1
92791.6
92898.2
92994.6
93466.9
94030.4
94312.2
94428.8
94658.3
94702.4
94742.5
94895.7
94953.5
95207.6
95271
95320.6
95369.6
95421.5
95536.3
95660.7
96070.7
96360.8
96867
97100.8
97165.1
97372.4
97449.2
97627.9
97817.2
97954.4
97999.4
98205
98290.6
98612.8
99152.5
99316.5
99498.1
99664.3
99714.6
99894.5
100087
100140
100151
100991
101601
101622
101923
101930
102117
102152
102159
102407
102412
102715
102800
102961
103054
103229
103866
104543
104802
104938
104946
104993
105055
105312
105462
105597
105631
105697
106061
106166
106219
106320
106589
106585
106826
107647
107911
107913
108007
108126
108232
108376
108647
108727
108967
108994
109166
109697
109845
109902
109989
110226
110314
110561
110784
111452
111505
111527
112152
112180
112186
112430
112524
112833
113007
113134
113237
113523
113812
114129
114167
114332
114556
115167
115439
115508
115854
115858
116000
116088
116127
116450
116571
116705
116869
117325
118060
118075
118724
119214
119736
120033
120054
120374
120567
120579
120687
120798
120830
120868
121159
121286
121439
121748
121774
122051
122116
122322
122414
122906
123065
123358
123387
123567
123604
123669
123861
123889
123898
124352
124426
124428
124565
124963
125087
125305
125344
125566
125635
125922
126442
126490
126696
127289
127392
127842
127960
128551
128880
129145
129269
129444
129522
129671
129767
129812
129996
130088
130243
130570
130735
130791
130822
130868
131155
131260
131353
131385
131737
131791
132193
132266
132322
132559
132725
132815
132964
133105
133277
133562
133651
133704
133767
133890
134034
134117
134330
134521
134529
134587
134760
134787
134885
134946
135000
135317
135398
135998
136001
136343
136508
136919
137442
137623
137634
137916
138118
138112
138252
138301
138593
138832
139044
139372
139536
139706
139893
139902
140110
140544
140596
140904
141093
141351
141486
141889
142101
142459
142527
142753
142758
142886
143022
143046
143098
143215
143317
143594
143639
143753
144148
144179
144254
144317
144622
144797
144936
145049
145502
145722
145837
145911
146132
146170
146192
146371
146647
146846
147616
148127
148197
148379
148455
148742
148965
149021
149098
149278
149351
149445
149665
149917
150130
150407
150571
151031
151480
151562
151678
151881
151985
152042
152529
152603
152610
152937
153169
153173
153475
153628
153818
154889
154937
155032
155346
155433
155514
155765
155980
156020
156256
156378
156519
157120
157422
157523
157598
157637
158172
158281
158298
158375
158441
158490
158488
158869
159060
159228
159247
159350
159527
159603
159705
159991
160600
160656
161883
161888
162229
162268
162486
162845
162955
163199
163712
164038
165182
165733
165831
165885
166179
166523
166680
167384
167700
167720
167713
167834
167874
168019
168038
168277
168330
168517
169059
169114
169176
169229
169491
169550
169753
169777
169865
170206
170450
170488
170530
170655
170777
170904
170928
171232
171367
171519
171652
171742
171814
172185
172345
172409
172734
172761
172781
172935
173010
173174
173514
173819
173882
174276
174371
174674
174716
174968
175105
175524
175934
175956
176296
176318
176402
176768
177031
177287
177292
177307
177408
177508
177588
177645
177882
178050
178612
178660
178734
178864
178920
178983
179342
179590
179605
179953
180084
180582
180761
181081
181202
181337
181392
181449
181634
181708
181730
181734
181798
181833
181937
181974
182232
182745
182834
182854
183167
183195
183349
183401
183747
183769
183895
183931
184080
184178
184280
184316
184353
184462
184553
184764
184929
185133
185344
185461
185656
185694
185838
186683
187451
187530
187682
187717
187847
187888
187943
188509
188621
188782
188934
189307
189362
189636
189945
190005
190020
190055
190349
190373
190641
190648
190717
190918
191201
191289
191561
191651
191703
191753
191851
191856
191883
191922
192035
192172
192366
192645
192840
192874
193550
193573
193794
193786
193996
194130
194175
194231
194551
194564
194737
194865
194927
195227
195425
195814
195891
195918
195959
196001
196366
196390
196646
196699
196780
197028
197148
197187
197312
197365
197423
197786
197817
198025
198104
198145
198712
198743
198763
198855
198898
199095
199293
199310
199448
199566
199957
