1184.04
1980.6
2058.38
3783.54
5450.48
7244.75
7431.72
8797.66
9574.23
11819
12906.2
16845.7
18272.9
19847.9
21171.3
23121.5
23560.1
25381.3
27283.2
27334.3
27848
28626.7
28815.7
30131.9
30479.7
31673.7
31723.8
32733
33927.5
35509.8
36054.8
36080.8
36507.1
36559.1
39493.1
43223.9
44485.5
44783.7
47446.8
49454.3
49686.3
50482.9
50729.7
51941.3
52122.8
52365.7
53071.6
54062.9
55724.6
55972.1
57762.9
58178.8
58994.7
61139.7
61396.1
61723.9
61821.4
63222.2
64740.9
66517.5
68404.4
68676.1
70553.4
70993.5
72378.9
73918
74828.2
75962.1
77055
77758.4
79553.8
80777.9
81021.4
82950.9
83173.7
84625.7
85303.5
86101.3
86529.4
87896.4
88357.4
90342.2
91145.2
92237.3
92718.7
92730.3
93486.5
95498.6
95704.2
95828.7
96393
96695.1
97633.5
100106
101418
101643
102808
102972
105245
107163
109410
109725
110098
110870
111888
112838
115727
116689
118950
119483
119495
119724
119949
121696
122811
123037
123139
124155
124399
125575
126611
129409
130654
133262
133683
134363
134823
135895
136734
136752
138466
139492
139509
142183
142240
144788
146094
148347
149660
150084
151185
151674
152017
153650
153909
157982
158509
159370
159708
159817
160893
162310
164676
165395
171784
172961
173843
177897
178207
179046
179230
179273
180148
182361
182723
183701
183913
184186
185648
186390
186811
193832
194943
195302
195937
196408
196469
196975
197015
197396
197579
