813.33
1220.25
1771.54
1812.92
1906.83
1978.1
3380.74
3989.1
4192.86
4443.67
5085.14
6421.18
6449.89
6457.53
6788.05
6852.98
7124.44
7313.9
8076.42
8256.36
8641.96
8688.77
8814.34
8984.59
9133.89
10029.1
10771.8
11381.5
12083.8
12181.2
12253.5
12749.9
13108.6
13232
14572.8
14750.2
14844.4
15538.2
16514
16967.3
17798.1
18181.2
18747.2
19287.4
19616
20136.1
20464.2
20730.8
21369
22462.8
22782.3
23787.7
24178.5
24216.1
24712
26937.4
27017.2
27022
27615
27643.1
27679.4
27723.1
27943.9
28227
28429.2
28559.9
29857.1
30379.2
31403.5
31543.1
31559.3
31818.8
32155.4
32679.8
33541.7
34722.6
34756.9
35183.8
35603.1
35604.9
35723.1
36078.7
36136.7
36174.1
36395.6
36398
36914
38468.1
39113.7
39752.2
39775.7
40271.7
40283
40335.5
40570.3
40842.6
43971.1
44924.9
45380.7
45704.7
46172.2
47037.1
47164.1
48767.8
49175.9
49282.5
49288.5
50325.4
50453.5
50916.4
51242.1
51292.5
51516.3
51550.7
51595.7
51656.3
52800.6
53600.7
53648.9
54009.3
54066.5
54386.6
54470.8
55230.5
55432.2
55510.8
55545.3
55674.2
56061.7
56920.6
57341.4
57795.6
58053.4
58716.6
59160.8
60589.2
60923.4
61187.5
61623.7
62020
62379.6
62522.9
62886.7
62985.2
63008.5
63275.1
63725.9
65134.1
66157.2
66192.3
67606.5
67996.7
68254.1
68449.1
68988.9
69509.2
70302.1
72016
72358.7
72740
72976.2
73105.4
74038.9
74328.8
74428.9
74770.4
75646.3
75674.4
76899.6
77523.6
78653.8
78865.6
78966.2
79721.9
79756.5
80112.2
80190.4
80937.2
82752
83741.5
84195
84208
84303.6
84675.8
85123.4
85163.1
85407.5
85558.4
85976.7
86375.1
87741.4
87758.2
87891.3
88110
89520.9
89783.4
89798.7
90533.7
91353.5
91605.2
92055.6
92400.8
92659.5
92848.6
93263.1
94030.6
94811.2
94878
95015.2
95174.5
95283.5
95299.4
95804
96296.9
96671.9
96794.7
97308.9
97895.7
97900.5
98928.6
99247.7
99505.6
99580.8
100916
101233
102074
102276
102447
102565
102845
105106
105829
106906
107267
107869
108541
108630
108981
109419
109894
109937
110132
110249
111308
111671
112695
113432
114564
115105
115308
115508
115786
116502
116993
118811
119145
119393
119564
119663
120040
120590
120906
121872
122167
122585
122683
124262
124345
124660
124780
125218
125318
125437
126101
126183
126303
126864
127103
127400
127951
128594
128776
128983
129092
129126
130844
131135
131317
131429
132791
132965
133257
133558
134454
134490
135373
136142
136285
136822
137387
138021
138108
139547
140096
141197
141837
142407
142665
143166
143293
144352
145114
145216
145688
145818
147983
148504
148600
148693
149320
149750
149843
149958
151306
151367
151827
152791
152901
153323
153360
153359
153996
154810
155695
156941
157621
157744
157816
158145
158187
158397
158492
158835
159095
159358
159646
160255
160746
160875
162043
164159
164570
164853
167095
167453
167940
168645
170930
171034
171637
171911
171995
173606
173618
174393
177040
177707
177762
178207
179009
179258
179847
180195
182255
182898
183306
183355
183738
183785
183844
183926
184487
184725
184804
185410
186218
186710
188651
189665
189893
190149
190695
191257
192785
193592
194000
194281
194405
195545
195741
195795
195912
196238
196682
197358
197470
198811
