946.81
1017.69
1518.34
1654.04
1724.17
2511.88
2787.82
2877.55
3668.53
3919.17
4984.06
5916.13
6716.52
7040.66
7957.98
8060.73
8634.54
9061.24
9643.34
11512.1
11619.2
11767.8
11770.7
11800.3
12161.8
12274.9
12882.2
12943.1
14857.7
14922.9
15215.9
15467
15679.1
15878.7
16176.8
16296.4
16300.1
16887.5
16978.4
17048
17488.4
18100.2
18908.3
19073.4
19197
19256.9
19606.4
19901
20062.7
20307.9
20653.5
20962.5
21260.8
21769.1
21850.5
22022.5
22189.2
23031.9
23493
23925
25708.4
25782.2
26437.6
26746.6
27076.9
27409.1
27550
28699.5
28732.9
29227.4
29641.4
30324.3
31206.3
31973.7
33135
33573.9
33863.1
33868.9
34690.6
35327.6
35695.6
36165.9
36427
36793.4
38017
38169.7
38473.9
38550
39101.6
39206.1
39395.1
39962.8
40104.1
40542.2
40811.8
41206.6
41472.1
42262.8
42499.6
42558.3
42983.7
43123.5
43255.6
43332.7
44419.4
44485.3
45258
45293.3
45878.3
46339.2
46689.5
47519.6
48472.3
48612
49719.2
49744.4
50543.9
50821.5
51458.3
51511
52219.5
52232.6
52345.3
52622
53091.3
53206.9
53966.1
54355
54919.9
55422.3
55427.6
55711
56205.7
57025.6
57780.1
58036.4
58105.5
58411.7
58471.3
58810.8
58873.8
60253.9
61379.9
62053
62250.8
62333.1
62592.8
62729.7
62765.2
63067.4
63212.8
63394
64365
64377.7
64669.1
65805.2
66321.7
67069.4
67323.4
67785.8
68131.9
68231.5
68914.8
69041.5
69374.4
69541.4
70867.8
71012
71577.9
73106.1
73107.2
73514.5
73580
73736.8
74528.8
74894.5
75832.5
77165.1
77401.5
78006.3
78235.3
78543.5
79063.9
79330.4
79437.1
79480.2
79713.4
79809.8
80113.8
80137.7
80839
81380
81753
81795
82051.7
82293.4
82440.9
82447
82741.5
82867.3
82936.1
83579
84061.1
84276.5
84282.9
84302.6
84318.8
84684.9
85046.7
85041.4
85848
86072.2
86283.6
86957.9
87300.1
87685
88140.3
88725.2
89468.3
89839.7
90240.1
90516.9
90923.8
90954.2
91314.7
91850.9
92555.8
93594.5
93623.9
94131
94352.2
94995.7
95183.8
95355.5
95568.8
95752.1
96128.6
96813.4
96902.7
97136.9
97550.9
98144.5
98497.6
98627.8
99022.7
99524.9
99548.7
99783.3
100056
100934
101277
101589
102201
102455
102829
103066
103445
104582
104985
105276
105547
105981
105998
106128
106341
106661
106689
107228
107599
107866
108120
108414
109184
109613
111463
111559
111732
111745
111995
112634
113994
114250
115104
115257
115905
116953
117039
117828
118220
118573
119231
119346
119563
119883
120118
120139
120772
122188
123399
123567
124263
124394
124704
125065
125149
125355
125363
125387
125433
125685
125695
126899
128675
129497
129563
130208
130300
130602
130663
131342
132188
132520
132759
132855
132911
133098
133271
133495
133593
134019
134090
134705
134799
135049
135083
135224
135234
135300
135626
135902
136312
136432
136518
136959
137734
137890
138237
138258
138572
138767
138786
139395
139421
139693
139831
139898
141052
141492
142148
142577
143860
144290
144565
144580
144700
145419
146003
146663
146991
147013
147344
147578
148088
148166
148181
148603
149053
149673
150115
150497
150558
150874
151674
151680
151831
152159
152245
153300
153301
154002
154017
154289
154356
154525
154814
154854
155904
156925
157235
157282
157754
157969
158063
158163
158202
158480
158554
158579
158999
159070
159173
159504
159983
161099
162378
162736
162799
162937
164180
164736
165022
165518
165531
165643
165766
165945
165995
166005
166496
166806
167517
167838
168159
168490
168544
169403
169522
169720
169719
170254
171655
172295
172531
172632
172872
173155
173273
173657
173836
174609
174782
175697
175837
176040
176740
177117
177172
177469
177639
177775
178022
178636
178790
179396
180824
180986
181406
181701
181854
182029
182555
182635
182746
182926
183962
184351
184981
185378
185909
185910
186065
187836
187999
188807
188804
189094
189103
189430
189613
190293
190331
190720
190803
191247
191343
191579
191929
191941
192049
192125
192341
192470
192942
193029
194016
194236
195801
196288
196404
197383
197803
198084
198125
198522
198594
198774
199063
199228
199773
199879
