2870.82
6141.1
6451.98
8161.38
8460.85
15159.8
16052.9
16658.9
16866.9
17421.8
20074.1
20456.3
20508.9
20777.1
21452.8
22092.6
24882.7
25418.3
26118.8
26517.6
27694.3
29133.9
33296.9
35295.3
35521.7
36745
44976.2
48589.3
50091.6
51306.2
51437.7
52178.5
52490.1
52737.7
53032
57219.1
58416.5
58841.8
59196.5
60946.5
63065.4
63901.8
64322.6
68173
68445
70957.1
71310.3
72082.8
72702.9
73562.5
74229.6
75943.8
80932.4
81599.9
88582.7
91060.8
94757.4
95242.3
96009.8
97212.3
100879
101091
101536
102096
102907
105976
107440
107961
108322
108390
108617
108692
109008
110112
115401
115587
116276
116577
116711
116729
117362
117418
122881
123796
125197
125726
133668
134919
135921
137910
138071
138374
140144
140401
140725
140909
141387
142258
143810
146417
147115
147739
148435
149162
149302
152521
154364
154382
154779
154913
155916
156203
156872
158007
158689
158832
158916
160258
162267
164088
164336
166207
167035
169270
171973
172939
173387
174585
174902
175022
175293
178070
178701
180121
180403
180734
180949
181558
182473
182908
183430
184838
185356
189074
190134
190502
190667
190879
191112
191399
195245
197874
199299
