21
23
22
24
3
26
5
8
29
8
32
31
33
14
34
16
17
18
17
18
41
22
0
44
46
4
4
28
49
49
31
52
33
11
13
14
56
38
59
17
18
61
63
44
65
67
24
27
27
27
29
29
31
33
32
76
35
58
78
38
59
81
61
42
84
85
45
88
47
47
71
92
71
51
94
54
54
99
77
80
60
82
61
103
64
107
106
86
110
110
112
69
93
73
93
94
75
119
120
78
101
100
101
83
103
127
128
108
128
131
89
91
90
91
136
135
137
137
119
139
140
141
142
122
102
103
147
147
148
128
110
151
152
111
114
114
114
136
118
118
161
120
143
121
122
165
125
168
147
169
170
171
130
175
174
135
178
178
137
181
182
160
182
142
143
145
145
146
169
147
148
192
150
152
154
153
177
155
158
199
200
203
181
205
185
163
208
165
167
168
169
170
193
172
193
194
195
176
176
177
221
223
180
223
183
183
226
185
186
187
231
212
233
233
215
237
195
237
196
240
240
241
243
203
246
203
248
206
227
228
208
210
253
232
212
257
237
257
237
259
260
219
221
244
223
223
266
248
268
229
228
230
232
254
275
277
236
278
238
237
259
282
284
242
285
286
287
246
288
248
290
251
251
294
252
255
254
298
277
299
260
301
260
261
283
263
264
266
268
268
310
269
270
272
274
317
275
319
299
278
278
280
301
302
324
284
326
306
287
310
309
310
313
292
293
295
315
296
298
297
300
300
302
301
323
303
305
305
306
328
310
310
310
313
335
314
