2089.57
5386.94
6975.99
8985.89
11639.5
12574.7
13671.4
16315.4
17097.7
18409.6
19066.1
20016.3
20538.1
20560.5
21160.3
22040.5
22248.7
25344.5
26075.2
26346.4
26652.7
27067.8
28773.9
29319.7
31065
31125.6
31360.1
32410.8
32998.7
37219.2
37431.8
38763.5
39248
39576.8
39787.5
40702.1
40873.6
41321.8
41401.2
42777.3
47002.1
47982.2
52952.2
53285.4
53400.7
56281.4
56758.9
62943.2
68799.7
70858.8
80363.9
80649.3
83164.6
85308.1
85416.5
85610.2
90407.1
90968.5
95201.5
96987.1
99566.8
99829
100317
100340
100808
106667
107802
108533
108621
108949
109055
109377
109378
110093
110283
110987
111294
111333
111814
112094
112555
112941
114811
119684
120137
122078
122756
124026
125203
127042
127092
130257
135238
135719
135943
142465
143776
144429
145481
145874
146290
147507
151970
152378
153804
155387
156138
156191
162283
162730
163821
163860
163900
166381
166918
166927
167231
168608
169094
171035
172121
172353
173809
174044
174378
175695
176182
177195
177431
178122
178263
178721
181605
182503
182744
183285
184316
184303
186256
186887
187253
189256
189343
190037
196830
198684
198932
198962
199361
