106.84
123.54
392.33
480.91
535.99
708.05
873.55
1034
1321.25
1670.49
1700.12
1771.2
1836.68
2062.04
2217.97
2547.64
2616.77
2779.47
3011.67
3235.86
3567.27
3804.78
3933.74
4038
4222.95
4249.77
4505.59
4607.17
4624.77
4970.03
5110.67
5123.69
5283.15
5606.97
5625.14
5634.1
5659
5800.95
5906.62
6222.99
6244.46
6515.13
6779.87
6873.44
6894.54
7110.2
7862.6
8353.74
8441.98
8782.39
8797.79
8899.43
8914.08
9135.18
9155.34
9405.44
9402.93
9758.69
10462.3
10533.4
10548
10844.8
10885.4
11214.9
11366
11425.1
11582.4
11697.4
11897.5
11898.9
12243
12380.1
12467.8
12470.4
12972.7
13252.9
13586.2
13704.6
13930.1
13993.2
14369
14405.2
14874.2
14964.1
15272.1
15281.2
15369.8
15527.7
16264.1
16342.7
16993.5
17056
17149.2
17214.4
17396.3
17473.8
18052.4
18398
18517.6
18661.8
19130.8
19386
19553.8
19808
19949.7
20301.2
20407.9
20650.5
21077
21171.8
21544.8
21633.7
21739.9
21742.1
21999.1
22130.7
22228.3
22364.5
22397.6
22563.1
22603.1
22629.4
22703.1
22861.7
23072.3
23207.8
23321.7
23395.4
23716.5
23861.4
24024
24292.5
24333.9
24338.7
24813.1
24837.1
25081.3
25339.2
25396.1
25517
25552.5
25705.1
25736.4
26222.5
26396.8
26627.6
26890.3
27006.8
27216.5
27331.1
27531.7
27663.9
28680.6
29178.9
29298.8
29588.4
29920.2
30363.1
30427.7
30489.8
30569
30858.8
31047.6
31052.4
31165.8
31259
31702.9
31716
31764
32033
32050.5
32103.5
32173.6
32177.4
32448.4
32488.6
32648.5
32967.6
33177.8
33348.9
33366.1
33549.7
33635.1
33887.5
33984.1
34017.8
34126.5
34276.4
34487.4
34526.2
34623
34664
35019.5
35142.3
35324.8
35414.3
35905.2
36182.6
36455.3
36516.6
36536.2
36656.6
37052.2
37221.9
37396.6
37463.4
37684.2
37762
37952.3
38114.5
38701.1
39318.5
39417.6
39926.2
40028
40553.5
40808.5
40802.7
40981.2
41610.9
42491.7
42686.5
42852.9
42929.7
43614.2
43795.4
43981.5
43990
44029.8
45397.3
45479.3
45868.2
46018.2
46103.4
46127.5
46539.1
46554.1
47083.3
47278.6
47363.6
47517.3
47539.5
47622.7
48449.1
48463.3
48584.4
49276.3
49742.8
49858.8
49890.6
50292.9
50414.6
50447.7
50503.4
50647.2
51249.3
51381.8
51536.4
51609.1
51954.8
52180.9
52270.1
52335.2
52380.3
52406.2
52570.6
52577.9
52729.2
52798.6
52999.9
53180.9
53332.3
53451
53484.2
53501.7
53577.4
53709.8
53725.7
54265.3
54358.2
54426.8
54578.1
54660.3
54693.4
54949.7
55146.5
55184.7
55495.4
55492
55601
55912.8
56235
56300.5
56532.6
56684.1
56761.5
57117.8
57328
57402.1
57720.2
57741.1
57957.2
58373.9
58756.4
58791.6
59489.9
59639.3
59678.1
59773.5
59797.5
59889.2
59930.9
60091.8
60202.1
60309.5
60594.6
60638.9
60671.1
60831.6
60886.5
61020.1
61040.6
61084.4
61304.6
61501.6
61600.7
61818.4
62069
62095.9
62235
62349
62515.9
62550
62716.3
62937.5
63752.4
63979.3
64032.3
64052.8
64101.3
64957.4
65085.5
65196
65427.1
65926.5
65929.5
66339.6
66684.7
66928.6
67131.1
67607.9
67611.3
67642.6
67841.8
68157.6
68269.1
68809.3
69158.5
69204.7
69677.5
69759.7
70051
70290
70300.3
70344.7
70773.1
70876.2
70883.8
71151.4
71195.7
71280
71711.3
71973.7
72014
72274.7
72313.2
72440.5
72685.6
72708.1
72770.4
72810.3
73002.5
73015
73589.8
73641.3
73805.2
73893.1
74012.9
74133
74222.3
74397.7
74843.6
74888.9
75096.5
75095.1
75183.9
75325.7
75579.8
75800.2
75900.3
76372.1
76497.4
76926.3
76936.1
77090.7
77516
77958.2
78070.2
78322
78378.9
78834.7
79050.6
79343.4
79557.9
79567.6
79731.5
79816.8
80455.3
80638.1
80653.2
80780.7
81110.2
81270.9
81277.6
81635.5
82187.4
82276.7
82591
82817.9
82886.9
82987.5
83003.6
83372.7
83387.6
83553.9
84096.6
84138.2
84297.6
84419.2
84609.2
84642.7
85064.2
85182
85239.2
85398.4
85504.5
85560.7
85619.1
85843.8
86060.9
86293.1
86413.2
86883.9
87258.7
87307.1
87316.3
87452.9
87617.9
87772.7
88094.8
88131.5
88197.1
88246.1
88405.4
88417.2
88522.5
88725
88842.6
88965.7
89345.1
89382.5
89433.3
89773.9
90000.5
90163.9
90158.3
90262.5
90349.6
90428.7
90623.9
90665.7
91248.5
91265.5
91474.8
91780.5
92374.1
92561
92592
93001.3
93001.2
93141.4
93363.6
93424.9
93613.2
93892.1
93996.6
94040.9
94373.5
94648.2
94643.5
94914.4
94991.8
95048.8
95093.9
95166.5
95541.6
95587.8
95805.2
96227.9
96523.9
96596.2
96726.4
96757.9
97015.3
97489
97831.3
98204.2
98422.1
98537.5
99310.1
99345.5
99568.7
99694.7
99728.8
99883.2
99925.6
100069
100136
100300
100327
100389
100468
100551
100548
100698
100762
100859
101066
101088
101148
101361
101716
101723
101918
102230
102621
102852
103195
103684
104108
104505
104632
104819
105032
105023
105416
105504
105584
105631
105769
106090
106284
106317
106374
106561
106616
106871
107096
107273
107273
107458
107692
107688
107841
107864
107945
108083
108136
108287
108308
108524
108592
108644
108736
109163
109172
109203
109624
110019
110166
110159
110535
110927
110967
111491
111567
111666
111850
112081
112348
112380
112428
112446
112702
113034
113185
113295
113458
113477
113548
113987
114250
114774
115196
115320
115355
115363
115383
115690
115714
115854
116091
116135
116167
116186
116246
116497
116609
116750
116923
117180
117248
117388
117741
118162
118211
118709
118811
118896
118935
119062
119089
119155
119610
119624
119789
119897
119954
120018
120145
120357
120459
120521
120690
120842
120920
120968
120977
121039
121231
121368
121360
121403
121687
122073
122261
122534
122598
122619
122848
123046
123114
123167
123406
123595
123777
124528
125577
126173
126318
126622
126805
127042
127276
127322
127391
127668
127664
127683
127798
127960
127978
128258
128335
128477
128580
129296
129363
129511
129846
129943
130423
130505
131170
131236
131424
131614
132000
132183
132216
132362
132520
132596
132644
132741
132957
133131
133161
133306
133305
133365
133466
133475
133585
133903
133958
133982
134053
134247
134250
134528
134725
134942
134956
135047
135127
135386
135381
135663
135686
136205
136373
136542
136699
136974
137157
137228
138103
138806
139330
139430
139447
139596
139641
140001
140606
141108
141442
141533
142938
143118
143282
143768
143870
144548
144607
144750
144759
144892
144949
144980
145290
145298
145315
145344
145396
145416
145567
145710
145834
145922
146061
146600
146605
146764
146860
146998
147122
147166
147341
147396
147470
147660
147691
147906
148066
148108
148306
148355
148453
148469
148612
148638
148676
148926
148970
149150
149170
149389
149577
149872
150106
150211
150337
150361
150375
150597
150722
150734
150779
151191
151222
151838
152140
152237
152289
152344
152588
152711
153230
153418
153475
153687
153955
154177
154424
154562
154660
154814
155627
155624
155813
155874
156185
156580
156851
156908
157018
157080
157785
158114
158143
158218
158269
158535
158617
158629
158742
158760
158853
158878
160170
160251
160501
160632
160992
161215
161397
161486
161541
162116
162559
162632
162881
163135
163173
163196
163374
163651
163776
164128
164725
164979
165021
165010
165172
165218
165323
165460
165455
165464
165540
165703
165729
165854
166106
166314
167255
167561
168093
168170
168267
168433
168446
168473
168585
168708
168765
168938
169040
169100
169145
169537
169746
169796
169824
170368
170564
171533
171564
171769
171997
172168
172418
172589
172691
172781
173021
173745
173812
173817
174029
174062
174288
174324
174367
174522
174646
174686
174781
174964
175235
175291
175593
175843
176065
176102
176288
176559
176726
176952
177166
177243
177687
177724
177729
177962
178382
178491
178601
178686
178706
178780
178842
179019
179125
179264
179394
179871
180015
180208
180252
180953
181051
181191
181270
181392
181487
181556
181776
182257
182414
182630
182785
183279
183778
184163
184212
184237
184361
184374
184445
184440
184460
184507
184561
184764
184903
185044
185082
185091
185299
185435
185546
185597
185718
185712
185848
185847
185897
186806
187184
187273
187556
187760
187863
187917
188396
188711
188756
188808
188962
189157
189418
189504
189539
189871
190303
190363
190534
190753
190971
191581
192142
192145
192445
192600
192644
192668
192737
193294
193359
193417
193645
193763
193917
194079
194152
194616
194614
194640
194968
195039
195222
195287
195350
195392
195622
195634
195717
195753
195774
195819
195909
195974
195963
196107
196126
196321
196448
196840
197007
197129
197231
197319
197359
197887
197995
198116
198258
198283
198298
198316
198372
198510
198658
198687
198710
198894
199125
199510
199628
199712
199817
199887
