3914.09
7081.47
10760.6
16777.3
17974
20059.9
21434.3
22946.1
27106.6
30939.4
34055.5
34207.4
35611.7
38703.4
43327
44236.5
45239.2
51065.3
56115.6
56465.7
59848.3
63018.8
64060
67578.5
74653.8
77411.4
83947.3
88139.8
94965.2
95853.3
96432.6
97148.6
100585
102758
103419
107324
108687
110153
110672
111213
112578
114180
114673
115090
115327
116264
120963
124915
125649
125715
126733
128525
130353
130764
132918
133500
135099
135760
137036
139104
144486
153330
159334
160293
160686
164307
165313
166683
182684
