3228.4
3603.37
3867.37
4527.65
6767.61
8372.84
8535.4
8865.97
10006.7
10696.4
10917.3
12477.3
12999.3
13136.8
13770.1
15157
15204.3
16775.7
21988.4
22282.2
23043.5
24056.9
24363.2
24729.9
26248.2
26838.4
26942.4
27197.3
28037.1
28501.9
28684.9
28876.7
30858.2
35337.4
36391.2
37368.7
38196.5
38453.6
39938.5
40317.3
40427.3
41287.1
41484
43294
44474.4
45382.8
45875.4
45953.4
46492.8
47474
47525.7
47858.2
50177.3
50410.2
51018.9
51615
51995.4
53415.3
54346.6
55361.1
55393.7
55504
55914
56258.3
56583.2
57142.7
57482.1
58728.7
61237.8
65475.6
66073.3
66374.3
67988.4
68423.6
68671.7
69424.4
69981.4
73018.7
73820
73867.1
74612.2
75344.5
75991.1
76536.8
77745.4
78161.9
78575.3
79078.3
79912.1
81157.3
82162.2
82738.8
85299.9
86185.8
86355.3
87969.9
88394.2
88644.5
89682.1
90308.5
91903.9
92344.4
92768.7
93268.3
93904.3
94119.2
94270
95130.5
96147.2
96657.7
97709.1
98203
98797.3
99243.8
102199
103138
103513
103533
104529
104779
109176
109574
110552
110779
111144
112115
112651
112822
113873
115778
116344
116712
117259
119075
119146
119620
120885
121243
121439
122700
122834
123142
125883
127112
127957
128392
129573
129961
130417
130526
130841
131891
132469
132960
132958
134713
136423
136592
136921
137322
137640
140607
141260
141421
142097
142358
142548
144003
144442
144638
145016
145269
147966
148293
150559
151074
151117
151289
151465
151672
152777
153443
154478
157003
159888
160847
161090
161316
161571
161797
162350
162530
163584
164115
164564
164578
164938
165079
165571
166437
167073
169437
169612
170408
174078
174602
174813
175164
176673
180195
181232
181264
183994
184792
185496
189256
191204
191308
191831
192981
193383
193778
194647
195457
195478
