136.62
172.86
227.69
1738.69
2117.93
2346.2
2377.98
3036.61
4091.6
4302.27
4483.4
4528.01
5001.8
5013.52
5339.52
5380.47
5589.71
5650.08
5936.7
7195.43
7202.07
7853.79
8825.49
9304.16
9925.36
10379.2
10394.9
10713.7
10733.6
10802.7
11106.7
11211.8
11483.4
11946.5
11979.1
12395
12722.1
13058.4
13380.9
13389.3
13496
13672.6
13865.8
14196.9
14229.4
14386.2
14603.1
16072.8
16897.1
17281
17504.6
17866
18141.6
19128.6
19793.8
20381.5
20456
21267
21271.8
21662.2
21874.9
21977.8
22017.6
22355.7
22797.9
23057.3
24319.9
24696.7
24922.7
25044.2
25206.9
25769.2
25776.5
26013.5
26131.6
26491.9
26647.5
26990.2
27128.8
27133.5
27167.3
27569.7
27718.2
27956.5
28864.7
28877.9
29151.2
29490
30088.3
30243.4
30761.7
30865.6
30897.7
31135.4
32005.9
32343.9
32387.8
32454.1
32787.7
33768.1
33820.7
33925.1
34995.9
35180.1
35761.3
36251.3
36621.1
36705.6
36711
37178.4
37411
37707.8
37814.3
37819.5
37887.3
38543.7
39034.1
39378
40366.8
40447
40509.8
41180.6
41325
41420.9
41856.3
41890.9
42234.6
42810
42923.4
43538.7
43945.8
44766.4
44963.7
45263.7
46234.1
46561.9
46652.5
47263.2
47391.1
47675
48368.9
49806.4
49983.5
50023.9
50402.2
50991.2
51047.5
51577.9
52129.3
52290.2
52718.3
52984.4
53560.2
54043.4
54056
54127.8
54385.7
54460.2
54539.8
54608.7
54683.1
54868.7
54928.4
55011.4
55139.2
55310.2
56606.9
56618.7
57212.7
57515.2
58579.4
58845.4
58995.3
59072.7
59622
59794.6
59952.7
60184.3
60289.9
60523.2
60698.9
61054.9
61074.8
62989.2
63582.1
63664.2
64246.5
64294.1
64833.6
65298.5
65610.5
65988.6
66257.6
66661.3
66890.9
66925.1
67534.9
67909
68188.8
68639.1
69145.3
69384.8
69389.1
69391.9
69721.9
70028.2
70361.4
70369.5
70652.7
71094.2
71202
71354.6
71490.4
72106.5
72598
72743
73259.1
73305.7
73969.8
74281.8
74871.9
75691.1
75771.3
76507.6
76602.6
76936.3
77964.3
77997.8
78221.7
78513.1
78630.9
78667
79065.9
79392
79455.6
79687.5
79889.8
79905.4
79984.6
80264
80327.9
80424.6
81208.3
81266.4
81655.7
82774.2
82926
83240.2
83249.8
83438
84356.6
84443.9
84661.5
85418.4
86405.4
86625.8
87136.5
87522.1
87705.8
88218.9
88690.7
89071.9
89331.6
89699
89836
90312.1
90475
90517.5
90642.5
90877.1
91288.7
91464.1
91718.1
91900.4
93960.8
94189.9
94286.8
94863.3
94943.3
94964.4
95340.9
96395.3
96840.6
97033.7
97092.3
98008.1
99552.7
99771.4
99821.5
99847.9
100039
100120
100218
100452
100874
100923
101376
101430
101643
101791
102393
102509
102641
102744
102855
102987
103049
103177
103303
103369
103720
104185
105029
105269
105996
105996
106163
107131
108376
108533
108939
109284
110599
111212
111259
111443
112609
113244
114204
114496
114547
114735
114838
114989
115138
115361
115366
115510
115576
116215
116280
116632
117241
117480
117910
118068
118268
118354
118481
118890
118920
118974
119234
119521
119565
119738
119781
120809
120797
121510
121528
121691
121869
122107
122165
122544
122605
123239
123360
124210
124557
124627
125763
126934
127403
127815
128401
128612
128792
128853
129491
130537
130572
130893
131438
131576
132136
132371
132673
132886
133268
134445
135502
135907
136074
136127
136275
136674
136810
136963
137216
137498
137747
138394
138403
140744
140849
141331
141924
141997
142165
142377
142522
142711
142973
143443
143577
144939
145027
145040
145452
146256
146560
146636
146835
147017
147166
147656
147721
147935
148001
149021
149028
149378
149816
150618
150743
151755
152369
152399
152615
152876
152865
153171
153468
153759
153977
154032
155047
155225
155287
155462
156150
156280
156752
156834
156873
157191
158172
158295
158348
159006
159217
159213
159583
159635
159627
160130
160371
160609
160833
161454
161662
161972
162108
162129
163207
163226
163426
163617
164323
164369
165199
165346
165549
165751
167120
167433
168198
169148
170049
170243
170584
171775
172051
172410
173793
173998
174006
175233
175433
176139
176203
177196
177445
177572
178085
178181
178319
179511
180410
180649
181382
181496
181762
183252
183331
183590
183970
184235
186239
186802
187153
187344
187625
188239
188769
189031
189367
190579
190740
191018
193377
194312
195158
195178
195667
196004
196118
196170
196396
196395
196815
197011
197011
197430
197539
198087
198200
198717
198889
199091
199152
199534
199634
199669
