2212.43
3275.99
3611.22
4721.47
8054.71
9012.86
9521.52
10462.4
11012.3
11122
11644.1
12968.8
17127.2
19234.8
19731.1
22657.9
23223.2
42590.5
43579.4
43838.9
53386.8
53955.7
55314.8
55897.1
56910.7
57081.1
58148
58205.7
59780.7
72593.4
73205.5
74223.1
75351.6
80060.8
83395
83615.9
84023.1
84788.4
85724.7
87966.7
88967
95521.9
97172.9
98121.5
99147.4
100135
101992
104243
104758
108063
108680
110850
111241
111393
112007
112202
112550
112563
113337
114302
114538
115409
115799
116125
116352
116786
117033
118141
121428
129462
131350
131575
132555
132970
133273
135497
135906
140752
140909
141489
142580
142595
142772
143912
146020
146843
152634
152975
153442
155598
156025
162960
163411
163992
164291
165403
165918
168317
168906
169349
170146
171344
171361
173290
174852
176229
177705
178403
178849
180491
181341
181586
181929
186108
186244
186792
187640
188443
188699
194003
194348
194857
198186
