5345.75
6202.8
7933.61
8039.07
11409.2
15290.2
15966.7
18731.1
19849.1
20169.6
20836.8
23003.3
23931.6
24807.9
25119
25252.8
26423.2
27790.8
28989.1
29171.3
30855.7
33409.8
33817.9
34682.6
35134.7
35613.1
35944.8
38974.4
40500.2
41434.1
42407.6
42931.1
43479.3
44123.9
45306.2
47665.2
49504.6
51438.8
51727.8
52817.6
53702.6
54029.3
55257.7
55799.1
61151.9
61834.2
62581.3
67017.1
67071.4
68780.2
69960.2
72892.9
73254.8
73455.4
74696.3
76675.1
80451.7
83250.2
86881.6
87195.3
88168.5
88528.3
90671.9
91499.2
91769.8
91980.5
95862.8
98429.4
98513.4
98645.2
102932
103864
106095
106865
106875
107130
108132
115673
119116
121210
122711
123371
123688
125133
125916
125970
128129
128646
130079
130532
132129
132608
133571
134290
134431
134828
134972
136496
137342
138682
139300
142669
146939
151554
152090
152540
152759
152778
153227
154893
155350
158174
160091
160579
163038
163678
164467
164812
166721
168147
168159
168387
168674
169144
170002
173607
174464
174951
177763
178247
178536
184230
185265
185650
186293
187212
188964
189608
190254
191293
192703
194858
196115
196791
197291
198467
198754
