409.17
1110.82
4954.54
5775.42
7091.13
7307.77
7688.43
8635.6
9989.02
10451.7
10585.6
11123.9
11265.9
12077.5
12495.3
13423.8
14301.2
15089
16359.6
16457.5
16728.8
16821.5
17127.2
18642.2
18678.9
19751.8
19948.3
21106.1
21928.2
23401.1
24127.8
24576.9
24678.3
24736.1
24882.1
24888.7
25542.9
25921.2
26047.9
26151.7
26650.3
26790
27755.4
28989.7
30248.5
31270.5
33067.1
33155.1
33386.5
34469.3
34497.6
35472.7
36626.4
38245.3
38358.6
38582.8
38958.4
39845
40346.1
40914.3
41060.8
41128.8
41764.8
42005.8
42411.5
42429.8
42687.2
42881.8
43984.1
44532.8
44730.8
44908.1
45074.2
45632
45890.9
45905.6
46018.6
46236.6
47157
47308.6
48312.7
48834
48987
49690.3
50480.7
51225.3
51525.2
53091.2
53193.6
53792.5
53958.3
54190.1
54285.1
55482.5
55733.1
60927.9
62530.5
62713
63321.4
64285.9
64529.6
64689.9
65126.8
65131.9
65379.7
66012.7
66208.9
66330.7
66397.9
66509.8
66712.4
67687
68511.3
69539.1
69809.2
69972.2
69985.6
70684.2
72410.4
72932.2
73152.8
74755.2
75163.2
75501.4
75793.6
76189
77182.5
77263.6
77401.3
77640.9
79749.1
79853.6
82463.6
83096.6
83872.2
84034.8
84965.3
85036.6
85246.7
85821.5
86880.8
87407.9
87760.7
88125.5
88898.2
89954.2
90258.5
90293.7
90892.4
91205.4
91481
91804.8
91808.9
92172.5
92369.6
92916.9
94588.2
95195.8
95762.5
97344.6
97606
97790.8
98429.1
99037.6
99640.8
100245
103211
103903
104292
104431
104493
105798
106567
106726
107710
107743
108076
112720
113237
113394
113511
114163
114347
114755
114948
115048
115481
116806
118320
119197
119298
119865
120334
120605
121030
121170
121678
121730
121728
121963
122181
122246
123224
123400
124563
125535
125788
127247
127749
128121
129636
130816
131147
131684
131800
132208
132256
132434
132898
133762
133932
134243
134266
134689
135862
136132
136464
136838
137216
138203
138593
138668
139295
140664
141202
142262
144033
144477
149783
149807
150027
150334
150347
151048
151371
151432
151713
152191
152541
152615
153149
153561
153551
153853
153934
153949
154055
154368
155058
155505
155543
155594
156392
156483
156561
157464
157928
159031
159080
159863
160724
161366
162992
162976
163574
163614
163888
164267
164326
166596
167393
167756
167779
168051
168267
168671
168845
168964
169455
169561
169845
170727
171064
171521
172330
172763
173208
173380
173468
174959
176031
176118
177345
177398
177659
177850
178207
178681
179148
181157
181751
183711
183765
184252
185340
188355
188932
189185
189410
189624
190031
190572
190703
191948
192681
192929
193043
193102
193271
193588
193818
193942
194042
194199
194611
194662
195535
195639
196797
197415
199783
199904
199945
