2757.75
2909.62
2914.11
2945.48
2971.17
3479.51
3513.1
3532.86
3539.6
3547.37
3588.78
3593.91
3604.49
3609.04
3641.77
3658.69
3669.93
3689.49
3698.17
3722.56
3932.69
3961.61
3979.91
3996.7
4048.99
4249.37
4998.89
5103.4
5126.8
5148.41
5154.83
5169.68
5173.82
5181
5198.49
5268.49
5277.56
5326.06
5358.87
5363.02
5372
5402.82
5582.59
5594.87
5596.84
5644.39
5807.58
5809.03
5827.7
6026.36
6924.82
10806.2
12403.6
17784.4
17877.9
17921.8
18260.5
18350.3
18359
18396.1
18405.4
18424.2
18429.7
18494.7
18501.8
18548.3
18560.7
20828.5
20864.5
21051.4
21063.5
21075.6
21093.7
21106.5
21113.5
21127.4
21141.8
21153
21167.1
21177.9
21198.7
21206.3
21236.3
21248.1
21292.1
21337.8
22084.3
22113.4
22121
22136.1
22152.6
22171
22311.6
24642.5
25539.6
25552.9
25569.4
25587
25590.7
25612.7
25613.4
25615.1
25636.9
25871.9
25900.3
25916.4
25991.4
26009.5
26016.6
26047.2
26282.7
26355.7
26663.7
26672.1
26692.4
26733.3
26734.9
26845.1
27066.8
27086.2
27174.4
27691.3
27704.9
27873.3
27914.8
27949.9
27955
27956.8
27959.6
28005.7
28010.5
28050.6
28075.9
28084.6
28099.3
28103.6
28121.4
28127.1
28159.4
28185.6
28197.9
28207.8
28211.9
28217.4
28218.7
28256.7
28285.4
28288.9
28295.8
28346.4
28348.1
28352.1
28576.6
28618.8
28636.2
28647.3
28675.6
28792.7
29413.8
30574.8
30664.7
30676.1
30714.7
30715.3
30762.6
30768.3
30808.1
30815
30828.9
30847.5
30867.5
30875.8
30902.2
30908.3
30915.6
30918.6
30924
30963.2
30970.4
31601.4
31646.5
31651.7
31660.1
31673.3
31929.4
31988.6
32064
32283.9
35712.4
36379.5
37094
37150.2
37258.5
37260.9
37267
37273.8
37287.3
37309.8
37463.5
37501.3
37508.7
37511.5
37568.8
42726.6
42800.7
42826.9
42848.1
42876.5
47228.1
47246.9
47273.5
47293
47372.7
47466.9
47529.1
47531.6
47581.8
47584.1
47635.5
47776.9
47838.3
47925
47932
48424.9
48958.5
49018.6
49041.8
49049.8
49068.8
49771.1
49804.4
49816.3
49820.5
49886.9
50284
50408.6
50455.7
50471.2
50494.6
50555.2
50597.1
50900
51764.1
51787.8
51813.5
51829.4
51919.6
51954.2
51959.2
51983.5
51996.5
52015.8
52057.4
52068.9
52069.7
52072.7
52094.9
52107.3
52123.5
52135.6
52151.8
52156.8
52175.4
52184
52845
52948.2
53054.3
53088.9
53179.3
53214.6
53227.3
53268.6
53656.6
53914.5
54107.7
54647.4
54653.9
54656.6
54672.2
54685.4
54691.9
54761.6
54772.1
54774.9
54809.7
54862
54874
54883.8
54889.1
54955.9
54947
55038.8
55056.3
56038
56050.1
56067.9
56121.6
56142.4
56204.5
56237.9
56307.8
56338.4
56341.3
56377.4
56438.9
56447.9
56458.7
56461.5
56473.6
56479
56494.5
56764.8
57736.7
57742.7
57952.5
57978.5
57982.6
58010.1
58413.6
58497.2
58501.7
58530.9
58541.6
58546.9
58553.1
58565.9
58618.4
58664.9
58836.7
58914
58930.9
58932.9
58944.1
58950
58960.7
59016
59020.3
59061.3
59070.7
59087
59099.6
59482.9
59546.7
59548
59564.6
59592.9
59606.2
59700.2
60553.1
60576
61955
61997.6
62385.7
62395.8
62404.5
62447.5
63220.7
63238
63241.2
63268.9
63286.8
63288.1
63289.1
63291.5
63307
63345.4
64690.1
64755.3
65885.4
66402.5
66703.6
69005.3
70367.1
70778.6
70778.7
70780.1
70788.7
70891.9
70907.4
70951.4
70968.6
71019.5
71031.3
71066.5
71071.3
71096.9
71105.9
71116.2
71140
71198.8
71203.6
71206
71396.1
71425.3
72566.8
72570.8
72573.8
72574.9
72580.6
72592.8
72595.8
72614.6
72620.4
72649.8
72841.8
72948.9
72977.9
73232.6
73248.9
73254
73255.7
73266.7
73275.6
73606.5
73636.9
73648.5
74635.1
74892.1
74991
74996.4
74997.5
75005
75012.4
75021.7
75050.2
75057.2
75058.3
75988.2
76018.7
76035.8
76037.6
76049.5
76354.9
76657.1
76709.1
76918.3
76967.3
76979.6
76983.8
77209.8
77333.3
77378.9
77390.9
77406.8
77415.6
77422.9
77435.4
77444.4
77448.9
77462
77496.8
77574.1
77713.7
77728.5
78437.1
78444.1
78447.7
78451
78504.2
78536.7
78547.9
78617.1
78626.1
78643.4
78650.9
78655.6
78674.8
78702
79133.4
79183.2
79191.7
79405.3
79848.6
79946.7
79972.2
79995.4
80062.2
80084.3
80094.4
80391.2
80711.3
80721.9
81283.1
81529
81548.5
81607.5
81707.3
81717.6
81781.1
81895.2
82033
82457.9
82925.8
83368.5
83414
83520
83629.5
83773.2
83778.2
83806.7
83816.4
83841
83857.5
83879.3
83883.2
83889.7
84235.9
85186.7
85214.6
85674.9
85689
86289.6
86317
86384.4
86395.9
86407.2
86439
86450.7
86579
88255.8
88261.4
88282.5
88415.3
88748.1
88805.4
88998.8
89171.5
89256.9
89282
89318.3
90315.6
91053.3
91109.6
91134.2
91153.3
91156.7
91161.2
91173
91186
91212.4
91869.3
91874.9
91893
91914.7
91920.2
91941.1
91949.7
91978.3
91984.6
92011.1
92231.1
92245.4
92381.9
92508.3
92927.4
94766.2
96377.6
96497
96500.1
96529.4
96788.9
96849.1
96854.7
96900.7
96971.2
96977.5
96999.1
97006.1
97005.1
97029.7
97024.3
97029.2
97036.4
97069.4
97159.5
97186.9
97189
97211.3
97256.6
97832.7
97842.5
97855.7
97867.2
97874.9
97877.9
97891.1
97896.7
97897.3
97907.3
97917.9
97995.1
98301
98649.9
100165
100706
100802
100807
100819
100823
100841
100874
100887
101031
101048
101063
101066
101072
101120
101123
101138
101516
101832
101868
101872
101889
101893
101915
101937
101944
101971
101999
102009
102039
102133
102458
102477
102494
102512
102570
102846
102858
102903
102907
102912
102944
102958
102977
102985
103007
103025
103026
103052
103151
103156
103156
103164
103190
103194
103190
103254
103760
104050
104056
104067
104190
104189
104459
105401
106078
106760
108951
108983
109067
109107
109250
109263
109471
109520
111792
111817
111835
111833
111865
111871
111883
111886
111929
111967
111983
111994
112010
112012
112021
112023
112054
112068
112076
112112
112193
112210
112240
112274
112344
112426
112476
112513
112517
112568
112572
112600
112641
112737
112874
112910
112940
112956
112988
113001
113028
113039
113043
113057
113062
113070
113082
113092
113093
113095
113105
113107
113123
113136
113317
113331
113370
113388
113461
113465
113494
113627
113647
113754
113816
113852
113909
113913
113923
113929
113942
113954
113957
113960
113967
113969
113974
113981
113995
113998
114019
114493
114525
114559
114566
114583
114595
114680
114683
114691
114748
114772
114814
114825
114869
114922
115278
115318
115341
115381
115393
115424
115429
115437
115438
115442
115443
115446
115486
115535
116077
116605
116883
117023
117057
117080
117088
117091
117157
117161
117174
117261
117627
117793
118064
119222
119229
119236
119275
119284
119294
119305
119987
121527
121528
124455
124553
124580
124625
124640
124653
124679
124771
124784
125028
125203
126596
127106
127353
127661
127671
127678
127690
127751
127796
127919
127978
127989
128541
128607
128626
128632
128645
128679
128697
130313
130407
130543
130615
130832
130908
131048
131227
131410
131416
131426
131429
131479
132060
132115
132123
132128
132134
132137
132156
132169
132176
132182
132188
132201
132205
132217
132236
132238
132242
132726
133130
133144
133160
133207
133241
134534
134545
134546
134549
134551
134563
134591
134598
134605
134615
134619
134633
134697
134748
134786
134801
134940
134949
136618
136672
136675
136684
136981
136998
137384
137389
137417
137465
138592
138780
140304
140309
140310
140320
140336
140648
140663
140756
141273
141358
141390
141444
142345
142357
142377
142385
142400
142404
142439
142555
143227
143305
143320
143329
143346
143372
143387
143410
143770
143925
143997
144274
144278
144279
144314
144323
144635
144674
144688
144716
144726
144742
144821
144853
144910
144941
144964
144981
145006
145210
145220
145273
145365
145369
145385
145433
145457
150254
150259
150293
150297
150306
150312
150318
150333
150338
150337
150348
150351
150379
150421
150518
150554
150574
150681
150822
150832
151200
151220
151254
151309
151332
151359
151369
151395
151419
151441
151440
151454
151480
151505
151517
151641
151707
151710
151725
151778
151780
151807
151817
151882
151896
151923
151959
151973
151992
152006
152026
152050
152826
153177
153208
153226
153243
153257
153266
153287
153289
153342
153444
154043
154077
154100
154108
154113
154140
154150
154152
154159
154186
154187
154195
154199
154220
154228
154258
154264
154660
159934
160572
160609
161500
161528
161569
161588
161597
161613
161638
161640
161677
161679
161685
161696
161705
161711
161713
161725
161731
161733
161735
161746
161771
161784
161787
161842
161868
161878
161896
161910
161916
161931
161951
161960
161960
161995
162035
162062
162063
162080
162085
162101
162106
162109
162168
162176
162181
163366
163393
163401
163544
163592
163604
163615
163616
163623
163628
163651
163670
163693
163813
163827
164420
164430
164439
164443
164478
164485
164552
164553
164569
164575
164636
164643
164986
164988
165006
165051
165078
169360
169399
169411
172881
176551
176562
176588
177249
177249
177870
177879
177907
178054
178090
178099
178106
178144
178192
178209
178218
178221
178227
178229
178251
178258
178260
178725
178780
178844
178908
178911
178939
178962
178964
178975
179001
179146
179226
179231
179234
179247
179249
179261
179264
179278
179280
179285
179301
179306
179334
179858
179867
179889
179909
179927
179960
179961
181471
182827
182828
182838
182849
182887
184581
184587
184657
186205
186306
186341
186412
186479
186485
186487
186490
186524
189383
189384
194869
194880
194900
194915
194968
194996
194998
195002
195021
195040
195046
195049
195056
195070
195121
195137
195147
195222
195233
195252
195281
195294
195353
195452
195454
195464
195493
195553
195560
195562
195712
195730
195840
196798
197197
197201
197285
197399
199146
