654.3
677.74
701.48
711.68
723.04
731.35
745.67
753.09
763.97
2536.61
2757.43
2891.15
2898.21
2909.16
2912.6
2945.46
2970.84
3015.7
3478.71
3490.16
3495.1
3512.49
3529.84
3532.35
3538.24
3547.15
3552.43
3564.75
3568.67
3586.77
3588.51
3589.75
3593.89
3602.78
3607.35
3620.44
3628.97
3640.32
3643.91
3648.44
3650.96
3654.73
3667.94
3681.09
3684.82
3693.18
3707.14
3709.88
3719.71
3721.38
3931.9
3979.21
3986.09
3996.14
4048.79
4249.3
4490.35
4506.57
4520.49
4523.08
4538.9
4545.6
4561.21
4564.39
4598.36
4616.82
4632.81
4798.31
4812.01
4998.73
5036.27
5038.36
5085.72
5103.28
5126.65
5133.37
5142.75
5146.47
5154.72
5164.82
5169.52
5172.68
5175.83
5178.81
5191.72
5196.76
5202.83
5214.9
5225.27
5228.25
5230.13
5239.54
5264.3
5265.33
5270.28
5276.94
5283.16
5289.62
5292.07
5294.4
5305.78
5315.62
5320.89
5332.12
5358.7
5362.55
5371.56
5379.63
5402.58
5594.7
5596.63
5615.75
5643.96
5667.93
5808.3
5810.87
5818.87
5821.23
5824.96
5826.92
5837.73
5840.94
5844.74
5849.47
5864.11
5872.75
5876.69
5887.21
5890.63
6026.33
6773.86
6789.58
6816.77
9941.65
10805.7
17680.3
17724.8
17729.9
17771.2
17774.9
17776.2
17784.9
17832.6
17834.9
17846.4
17852.7
17875.3
17877.9
17888.7
17892.6
17898.5
17902.1
17910.9
17921.2
17923.6
17966.9
17980.4
17992.9
18034.8
18055.8
18061.1
18069.7
18072
18074.4
18076.1
18081.1
18090.1
18095.4
18106
18108.4
18118
18183.2
18191.6
18201.4
18203.5
18223.1
18246.5
18252.3
18266.3
18269.7
18277.8
18287.7
18293.3
18294.8
18299.1
18307.8
18343.6
18351.9
18370.1
18376.2
18378.5
18393.5
18396.9
18414.9
18420.2
18423.4
18427.6
18433.9
18438.7
18446.7
18449.3
18450.9
18454.1
18457.5
18495.3
18501.3
18504.3
18508.8
18520
18547.3
18562.4
18579.6
19097.1
19102.7
19114.2
19127.6
19133.9
19146.5
19150.9
19304.5
19324.6
19338.6
19342.6
19361.6
19371.4
19375.2
19550
19553.9
19558.3
19766.1
19792.2
19800.8
19813.6
19823.4
19918.7
19939.6
19947.8
20340.9
20828.5
20864.2
20977.4
20994.1
21001.4
21004.5
21021.3
21023.4
21029.5
21041.3
21045.1
21050.6
21054.7
21063.5
21075
21088.1
21088.1
21093.6
21106.2
21109.5
21112.9
21124.8
21127.1
21141.4
21147.6
21151.8
21166
21171
21177.5
21178.4
21183.7
21185.8
21191.9
21196.5
21206.2
21212.1
21225.1
21236.2
21243.9
21247
21259.4
21261.1
21267.1
21290.6
21304.7
21332.2
21337.8
21341.5
21419.2
21527.6
21563.5
21567.2
21570.6
21579.4
21600.8
21621.1
21629.4
21635.5
21646
21660.8
21668.4
21680.9
21692.7
21703.5
21711.6
21722.2
21745.4
22065.2
22103.8
22107.1
22112.4
22120.9
22122.4
22130.4
22151.2
22170.5
22172.1
22180.2
22182.9
22188
22310.9
22334.4
25539.4
25552.8
25569
25579.7
25586
25590.5
25596
25611.9
25614.8
25636.6
25837.6
25866
25868.6
25881.1
25885.7
25908.8
25916.8
25960.4
25970
25983.4
25992
26006.6
26009.2
26019.3
26022
26025.1
26028.4
26031.1
26032.7
26046.9
26067.4
26075.9
26283.9
26522.9
26613.9
26618.4
26629.3
26630.4
26634.8
26663.6
26668.6
26683.4
26686.3
26689.7
26699.6
26736.1
26742.7
26755.8
26772.7
26805.8
26845.9
27001
27049.7
27056.2
27061.7
27064.3
27071.6
27083.8
27140.7
27168.1
27174
27688.8
27703.4
27866.8
27873.3
27937.1
27946.3
27953.6
27965.9
28003.8
28009.7
28050.6
28073
28081.5
28085.8
28098.2
28102.8
28119.7
28141.4
28164.7
28169.5
28171.1
28175.4
28178.1
28184.2
28186.2
28186.9
28192.1
28194.5
28197.4
28205.3
28213.7
28217.2
28217.6
28219.5
28223.7
28228.8
28231.5
28231
28241.7
28240.2
28247.2
28255.5
28260.6
28263.7
28265.8
28279
28285.1
28282.2
28287.3
28291.8
28302.3
28302.6
28306.7
28315.5
28311.8
28327.1
28331.8
28342.3
28347.9
28351.6
28350.5
28521.2
28578.6
28599.9
28620.1
28635.2
28639.7
28650.5
28652.8
28839.5
29103.6
29114
29135.1
29139.9
29151.1
29164.2
29185.6
29189.1
29209.6
29215.7
29228.3
29241.9
29251.3
29262.8
29267
29292.5
29351.2
29367.7
29385.8
29390.4
29392.5
29397.3
29402.4
29432.6
30576.8
30586.7
30654.9
30659.5
30664.5
30669.3
30675.8
30690.6
30693.4
30706.6
30713.2
30715.3
30724.6
30767.9
30807.9
30812.9
30842.5
30843.5
30847.3
30867.3
30875.5
30882.8
30900.4
30907.7
30914.3
30919.2
30923.6
30927.4
30962.2
30970.1
30971.2
31602.6
31649.7
31654
31662
31664.3
31669.9
31673.1
31676
31685.1
31689.5
31703.6
31725
31744.1
31930.5
31953.9
31992.6
32006.3
32067.8
33034.7
33075.7
33091.3
33101.2
33104.1
33113.6
33118.8
33131.3
33138.1
33150.7
33199.9
33208.8
34968.2
35433.2
35467.4
35488.6
35494.6
35503.7
36239.5
36242.2
36244.9
36253.8
36260.1
36264.8
36269.5
36274.2
36275.4
36284.4
36295.3
36299.9
36311.4
36337.4
36390
36541.4
36558.2
36563.8
36587.8
36601.6
36604.8
36611
36630.5
36643.1
36702.3
37090.9
37094
37134.5
37149.5
37153.8
37163.8
37177.6
37183.2
37187.1
37200.3
37208.7
37231
37238.2
37242.3
37246.4
37261.3
37266.1
37273.6
37285.3
37295.5
37317.3
37463.1
37499.5
37508.4
37528.7
37542.1
37567.3
42726.3
42804.6
42812.8
42819.9
42824.5
42830.2
42832.7
42842.9
42847.6
42852.4
42857.8
42877.4
43193.5
43331.8
43411.1
43455
43485.4
44869.1
44877
44886.2
44896.8
44913.5
44923.5
44929.2
44930.5
45168.1
45331.3
45340.6
45348.1
45357.4
45360.2
45539.6
45546.7
45554.5
45565.4
45578.6
45585.5
45589.6
45599.2
47128.7
47216
47218.8
47231.6
47235.2
47241.1
47277.9
47338.8
47361.1
47363.4
47371.8
47376.4
47379.6
47471.8
47509
47523
47527.6
47544.4
47549.5
47581.4
47582.4
47595.3
47632.8
47776.7
47838.2
47924.4
47990.3
48015.1
48022.6
48230.9
48239.3
48459.4
48464.8
48471.8
48483.7
48490.2
48502.3
49016.1
49018.1
49041.3
49042.4
49046.8
49049.6
49058.3
49068.7
49534.4
49543.9
49555.3
49556.8
49555.2
49562.3
49561.3
49581.1
49586.7
49603.8
49615.6
49743.6
49771.6
49769.3
49781.4
49780.9
49795.8
49799.5
49807.7
49816.7
49831.6
49824.9
49833.9
49851.9
49856.9
49867.4
49871.2
49884.7
49888.3
49896
49886.1
49902
49925
49928.4
49933.1
49934.5
49947.8
49955.8
49963.8
49968.8
49981.8
50010.2
50013.3
50021.3
50018.2
50028.8
50037.3
50045.5
50046.9
50061.7
50065.6
50171.8
50184.8
50190.9
50203.8
50206.8
50198.5
50213.4
50215.2
50238.3
50248.8
50252
50288
50317.7
50419.9
50427.6
50449.7
50456.9
50465.3
50472.1
50478.2
50481
50487.5
50512.4
50517.1
50554.9
50602.3
50604.9
50596.6
50613.5
50618.3
50661.9
50896.9
50926.3
50951.5
50958.6
50963.3
50974.5
50985
51287.7
51302
51308.3
51312.4
51321.8
51354
51618.8
51708.3
51713.3
51723.1
51763.8
51787.6
51813.3
51857.1
51916.7
51919.3
51923.2
51925.1
51953.2
51958.3
51962.4
51976.9
51978.3
51982.2
51984.1
51987.9
51994.4
52000
52005.2
52003
52004.8
52010.5
52015.4
52013.5
52015.4
52020.8
52024.2
52038.8
52047.1
52045.5
52057.3
52054
52058.5
52068.5
52069.5
52070.9
52079.3
52077.3
52081.9
52087.5
52093
52095.2
52111.4
52116.2
52123
52131.9
52134.1
52136.3
52143.1
52155.4
52157.3
52167.4
52174.6
52177.1
52184.5
52186.6
52192.4
52204
52206.5
52209.4
52215.5
52854.6
52870.9
53054.1
53088.7
53100.6
53131
53145.2
53181.7
53200.9
53204.4
53205.5
53211.3
53217.6
53221.8
53225.1
53229.3
53233.4
53245.1
53248.5
53277.2
53657.5
53665.2
53693.2
53711.9
53820.3
53892.8
53925.9
53934.5
53963.5
53968.2
53978.7
53980.7
53988.8
54003.1
54012.5
54087
54094.9
54110.7
54134.5
54137.4
54141.5
54147.1
54156.6
54172.9
54409.7
54427.3
54444.4
54448.6
54453.8
54451.4
54466.8
54465.1
54492
54498.3
54504.7
54527.3
54640.7
54642.4
54655.1
54673.9
54679.7
54686.8
54697.4
54706.1
54710.9
54712.3
54717.9
54727
54736.9
54753.4
54760.1
54773.5
54790.5
54800.3
54806
54808.1
54831.5
54847.4
54859.7
54861.7
54867.3
54873.1
54883.2
54886.6
54894.8
54896.8
54922.1
54936.9
54942
54947.7
54957.7
54966.7
54977.7
54989.9
54994.5
54998.2
54999.8
55013.6
55029
55034.6
55039.3
55042.2
55050.8
55054.8
55057.7
55072.9
55096.3
55735.8
55739.8
55755.6
55774.8
55807.3
55932.4
55935.9
55971
56001.4
55998.3
56022.2
56026.2
56029.3
56033.6
56047.3
56051
56056.4
56058.4
56061.3
56067.9
56069.6
56072.9
56079.9
56076.3
56091.1
56090.8
56095.7
56099.7
56105.8
56124
56137.3
56140.1
56145.1
56151.8
56149.3
56155.8
56169.2
56171.8
56186.2
56205.1
56218.3
56223.8
56229.1
56238.4
56261.4
56295.3
56300.3
56311.3
56322.9
56339.4
56342.3
56348
56359.6
56361.2
56391.9
56409.8
56411.6
56425.6
56430.1
56434.1
56440.8
56457.8
56460.6
56463.4
56466.3
56470.4
56473.2
56478.8
56485.7
56493.8
56977.3
56988.5
56997.7
57017.1
57280.8
57284.8
57291.9
57295.4
57303.8
57381.5
57392.5
57432.4
57500.3
57528
57565.6
57630.2
57648
57656.1
57665.9
57674.1
57686
57691.9
57697.9
57742.3
57762.9
57782.9
57786.4
57795.3
57797.4
57801.1
57810
57834.5
57839.3
57850.4
57852.3
57855.2
57864.1
57866.8
57872.5
57950.4
57966.4
57974.3
57978.2
57984.8
57986.7
57990.4
57994.1
57996.6
58001.9
58023.2
58026.4
58029.2
58296.3
58450.7
58454.4
58458.3
58480.1
58486.6
58497.6
58496.8
58502.5
58533.8
58540.9
58550.8
58552
58554.8
58558.1
58569.8
58574.6
58619.9
58624
58626.1
58630.9
58636
58638.9
58653.1
58657.8
58664.1
58665.4
58668.9
58675.2
58684.8
58690.9
58702.7
58714.9
58923.9
58923.7
58928.2
58930.5
58932.5
58937.9
58943.8
58946.3
58951.8
58962.7
58964.6
58966.8
59015.7
59023.2
59027.8
59040.1
59046.6
59048.9
59058.6
59063.1
59087.8
59099.6
59483.6
59496
59501.7
59536
59539.1
59562.9
59564.3
59590.5
59604.4
60410.9
60552.9
60575.6
61638.3
61672.2
61871.3
61956.3
61963.7
61976.6
61980.9
62393.1
62397.3
62412.3
62418.1
62425.8
62434.3
62440.5
62448.7
62453.3
62454.6
62460.2
62465.1
62478
62485.5
62522.3
63203.2
63222.3
63225.6
63234.7
63237.4
63240.5
63248.4
63257.7
63264.2
63267.3
63270.6
63280.6
63285.5
63287.6
63288.7
63290.5
63305.1
63313.1
63345.3
64689.9
64754.7
65895.9
65919.9
66291.7
66351.9
66402.4
70690.9
70727.7
70752
70765.8
70773.5
70788.2
70795.1
70805.5
70807.6
70862.4
70869.6
70875.1
70878
70901.7
70902.9
70906.7
70910
70969.4
70974.7
70981.7
70990.2
70993.8
70997.3
71007.6
71010.9
71014.8
71020.4
71032.1
71067.6
71072.9
71079.1
71094.2
71099.1
71106.8
71113.1
71149.5
71163.5
71169.5
71173.7
71176.5
71195.8
71198.1
71201.1
71205.4
71220.7
72567.5
72573.2
72574.6
72577.5
72587.9
72597.1
72600.4
72606.3
72611.6
72615.7
72621.5
72638.8
72652.6
72677.2
72738.8
72789.5
72842.7
72949.5
72978.4
73235.2
73237.9
73246.8
73249.4
73252
73255.1
73258.4
73606.5
73644.2
73648.3
73651.8
73672.1
74891.9
74977.1
74978.6
74990.7
74995
74997.3
75004.8
75021.6
75022.4
75049.2
75056.8
75058
75984.1
75986.2
75999.5
76006.5
76026.5
76016.8
76030.6
76049.2
76035.7
76037
76049.1
76063.6
76101.8
76130.2
76139.6
76143.8
76157.1
76233.3
76354.8
76609.4
76656.4
76918.9
76967.3
76978.2
76983.4
77163
77170.8
77177.5
77184.1
77190.6
77204.2
77208.9
77210.3
77212.9
77227.6
77246.6
77249.9
77257.5
77277
77284.3
77285.8
77289.2
77291.4
77298.7
77299.9
77301
77306.6
77329.7
77334.6
77339
77344.6
77377.7
77392.7
77404.4
77408.5
77411.5
77418.2
77433.6
77437.9
77443.8
77449.5
77453.7
77464.9
77497.9
77564.6
77576.1
77583.7
77586.7
77590.4
77595
77598.3
77600.8
77604.1
77611.1
77615.3
77620.9
77625.7
77630.6
77640
77642.9
77691.3
77713.1
77727.1
77754.7
77862.7
77863.8
77873.1
78219.3
78397
78398.3
78411.6
78431.6
78437.1
78443.1
78446.4
78450.8
78453.6
78485.5
78502.8
78520.7
78527.6
78530.1
78532.1
78536.2
78544
78541.4
78546.1
78551
78578.3
78583.8
78591.2
78593.3
78598.1
78605.1
78607.8
78617
78625
78627.4
78642.6
78654.4
78655.5
78650.1
78657
78665.8
78662.7
78673.5
78681
78703.5
78780.3
78793.1
78813.6
78832.3
78840.9
78875.1
78887.3
78910.9
78918.2
78924.7
78926.6
78928.5
78930.4
78935.9
78940.6
78942.3
78948.8
78962.4
78967.1
78970
78977.2
78991.8
79001.8
79009
79017.2
79020.3
79025.1
79034.3
79042.6
79045.8
79058.9
79065.3
79088.1
79085.2
79088.8
79104.2
79115.1
79123.6
79137.3
79150.1
79174.9
79182.2
79224.8
79232.2
79237.2
79253.6
79339.5
79347.9
79350.7
79375.5
79431.7
79456.1
79464.7
79521.6
79545.3
79551.5
79565.9
79580.8
79635.7
79645.3
79851.2
79862.1
79901.7
79919.6
79923.6
79937.9
79943
79950.1
79973
79980.8
79992.9
80000.5
80003.1
80014
80084.3
80093.6
80121.4
80391
80721.8
81511.1
81528.8
81536.3
81539.9
81540.9
81552
81555.7
81585.5
81608.5
81633.7
81660.2
81708.4
81718.2
81722.6
81734.7
81756.4
81780.6
81895.1
82032.7
82175.5
82177.9
82260.7
82270.6
82290
82299.7
82456.6
82497.1
82833.6
82847.3
82850.1
82846.5
82850
82879.1
82874.2
82878.1
82888.1
82893.3
82898.6
82908.8
82928.9
82923.7
82928.9
82948.2
82953.1
82950.9
82954.4
82963.8
82974.4
82999.3
83010.4
83037.3
83040.7
83043.2
83052.4
83067.5
83058.8
83078.5
83072.7
83101
83105.7
83110.3
83116.8
83119.9
83122.1
83126.4
83135.9
83143.1
83150.4
83152.6
83215.2
83219.5
83234
83257.6
83322.3
83327.9
83368.3
83371.1
83383
83385.9
83408.3
83411.5
83414.5
83476.3
83480.4
83485.3
83486.4
83507.4
83535.8
83553.3
83566.4
83574.8
83578.4
83583.9
83590.2
83597.9
83607.4
83611.6
83608.6
83616.9
83624.8
83627.4
83641.5
83645.3
83649.5
83660.5
83670.1
83696.4
83771.4
83777.4
83786.2
83792.5
83805.3
83809
83825.5
83833.2
83839.5
83843
83846.7
83855.9
83877.6
83883.2
83889.1
83902.9
83912.5
84235.3
84880.8
84896.5
84904
85186.3
85214.2
85659.6
85677.1
85682.7
85690.9
85697.6
85703.1
85708.2
85711.4
85733.6
86201.3
86210.8
86221
86289.5
86315.1
86357.2
86381.1
86394.5
86397.5
86405
86431.4
86437.5
86450.1
86472.2
86485.8
86503.6
86553.2
86554.6
86578.2
86878.2
86887.5
86902.3
86910
86914.6
86921.9
86923.7
86928.7
86932.2
86929.5
86942.4
86944.2
86953.9
86956.5
86962.6
86985.1
87017.5
87022
87031.4
87080.2
87088.5
87091.9
87107.3
87153
87158.9
87164.4
87185.7
87209.3
87435.1
87460.2
87482.1
87487.2
87489.9
87491.8
87500.3
87510.8
87516.6
87542.7
87546
87582.3
87596.7
87602.8
88246.6
88256.3
88255.4
88262.8
88257.1
88316.6
88784.8
88795.8
88798
88813
88825.6
88835.8
88922.2
89169.3
89209.7
89220.1
89223.5
89226.4
89240.5
89241.5
89243.7
89244.8
89248
89256.4
89259.9
89265.4
89269.3
89270.3
89270.6
89273.4
89277.5
89279.8
89285.6
89285.6
89289.2
89292.3
89294.1
89297
89299.4
89301.1
89304.6
89306.2
89315.3
89318.1
89318.2
89324.2
89329.8
89339
89345.4
89347.9
89355.9
89577
89584.4
89592
89599.9
89617.4
89619.3
89781.3
89789.7
90724.1
90734.8
90738.5
90750.7
90753.5
90754.8
90760.1
90763.4
90772.2
90784.9
90789
90793.7
90799.3
90802.7
90811.1
90812.4
90815.7
90818.9
90822.6
90826.9
90830.8
90832.9
90862.5
90883.6
91053.2
91109.4
91119.1
91134.2
91151.9
91155.4
91159.7
91166.9
91172.4
91175.1
91178.3
91185.6
91187
91192.2
91199.5
91207.3
91214.5
91220.2
91229.8
91252.1
91262.7
91303.8
91869.8
91875.7
91892.9
91894.4
91917.1
91922.5
91929.8
91941.7
91950.4
91959.7
91977.6
91980.1
91983.7
92224.8
92230.4
92234.3
92239.8
92243.2
92244.9
92250.8
92255.7
92260.1
92265.7
92270.7
92303.9
92308.2
92326.3
92339.3
92353.9
92360.5
92366.1
92369.6
92381.4
92393.4
92404.4
92414.2
92417.4
92420
92422
92424
92457.2
92453.6
92465.1
92459.2
92462.4
92508.2
92827.9
92902.5
92948.5
92956.6
92970.7
92973.7
93319.4
93324.8
93331.7
93345.4
93357.1
94038.8
94063
94404.8
94407.7
94445.9
94783.4
94797.3
96406.6
96493.3
96497.6
96504.4
96510.7
96511.6
96514.6
96516.3
96524.8
96538.7
96541.6
96560.3
96561.8
96709
96714.9
96795
96806.7
96811.6
96829.8
96838.2
96846
96855.5
96874.1
96874.6
96881.8
96876.7
96902.1
96913.5
96936
96970.7
97000.7
96997
97004.2
97006.6
97001.2
97003
97013
97017.9
97013.6
97022.6
97025
97026.8
97028.8
97031
97033
97038.1
97045.8
97058.4
97068.9
97072.6
97097.6
97102.9
97107.7
97160
97189.8
97229.2
97252.3
97264
97301.9
97322.1
97327
97337.7
97340.5
97343.5
97345.7
97832.7
97839.6
97842.4
97855.5
97861.7
97866.3
97871.3
97873.7
97877.5
97889.2
97890.6
97895.7
97907
97917.1
97923.9
97994.7
98301.6
98310.6
98321.8
98341.5
98346.8
98352.1
98355.9
98376.4
98402.6
98406.6
98449.7
98452.5
98514.3
98575.6
98581.4
98594.8
98601.9
98608.8
98610.8
98618.1
98718.3
98928.3
99246
99293.1
99313.4
99330.5
99742.8
99771.3
99866
99897.2
99904.7
100675
100689
100710
100728
100774
100784
100786
100796
100802
100803
100805
100810
100819
100823
100824
100829
100859
100968
100976
101014
101020
101025
101036
101042
101049
101060
101065
101068
101071
101121
101148
101182
101186
101210
101218
101262
101324
101329
101516
101836
101880
101882
101888
101893
101896
101904
101906
101910
101938
101948
101953
101958
101961
101962
101967
101969
101972
101973
101997
102001
102009
102015
102018
102024
102070
102132
102470
102477
102493
102569
102765
102861
102865
102880
102901
102906
102915
102934
102943
102958
102962
102970
102975
102979
102983
102993
102997
103002
103008
103013
103015
103020
103024
103027
103032
103061
103065
103084
103098
103128
103157
103155
103175
103190
103190
103254
103293
103344
103464
103531
103575
103589
103607
103605
103627
103642
103653
103665
103669
103697
103723
103727
103734
103737
103721
103763
103783
103796
103803
103806
103810
103811
103813
103822
103823
103828
103827
103846
103865
103871
103879
103883
103886
104039
104056
104057
104063
104080
104085
104191
104460
104493
104533
104570
104579
104582
104588
104600
104599
104636
104623
104639
104633
104639
104656
104651
104669
104655
104659
104662
104680
104702
104690
104737
104771
104783
104809
104811
104814
104860
104874
104881
104886
104891
104893
104908
104913
104922
104930
104935
104939
104943
104947
104960
104978
105245
105258
105407
105439
105609
105614
105630
105636
105657
105663
105726
105734
105819
105833
105838
105845
106104
106130
106160
106193
106302
106309
106313
106717
106761
106768
106777
106799
106805
106809
106829
106852
106858
106867
106871
106878
106880
106924
106949
106956
106985
107825
107839
107848
107852
107854
107857
107860
107862
107868
107875
107888
107891
107992
107993
108776
108779
108782
108786
108792
108797
108806
108814
108934
108944
108950
108958
108961
108966
109026
109032
109038
109047
109050
109067
109107
109249
110845
110920
111346
111401
111433
111792
111794
111817
111811
111830
111835
111831
111835
111848
111864
111867
111872
111867
111876
111878
111881
111884
111883
111888
111891
111907
111913
111915
111920
111928
111923
111933
111933
111941
111949
111952
111967
111961
111965
111967
111968
111971
111975
111981
111994
111990
112001
112012
112019
112022
112019
112020
112024
112037
112045
112053
112058
112069
112078
112085
112089
112114
112196
112241
112245
112252
112259
112286
112292
112302
112305
112313
112315
112334
112345
112343
112351
112421
112459
112477
112514
112519
112548
112569
112600
112608
112616
112641
112657
112663
112739
112776
112786
112874
112912
112915
112920
112929
112943
112940
112955
112961
112973
112975
112987
112991
112994
112998
113010
113014
113019
113024
113027
113030
113036
113040
113048
113053
113068
113071
113082
113083
113090
113092
113095
113096
113097
113103
113105
113108
113114
113124
113132
113137
113140
113143
113302
113327
113339
113344
113362
113369
113380
113382
113393
113433
113447
113455
113462
113473
113487
113491
113493
113501
113560
113560
113578
113611
113614
113621
113629
113632
113635
113639
113645
113648
113651
113655
113800
113816
113829
113841
113844
113851
113854
113862
113865
113881
113887
113912
113918
113921
113928
113937
113942
113951
113968
113963
113967
113975
113972
113975
113991
113994
113997
114000
114008
114016
114028
114042
114065
114103
114129
114140
114147
114466
114494
114488
114498
114495
114504
114500
114507
114512
114517
114518
114536
114540
114544
114554
114557
114566
114570
114579
114593
114678
114682
114686
114690
114711
114715
114719
114721
114735
114738
114742
114748
114749
114761
114782
114790
114796
114808
114820
114821
114845
114847
114867
114873
114922
115230
115234
115237
115257
115258
115277
115284
115331
115336
115340
115341
115344
115348
115350
115352
115379
115382
115387
115391
115393
115396
115416
115424
115436
115437
115441
115442
115443
115446
115458
115485
115534
115965
115972
115986
116200
116205
116215
116220
116226
116231
116245
116248
116883
116917
117023
117080
117088
117090
117161
117261
117627
117793
119222
119229
119244
119275
119284
119286
119293
119296
119306
119314
119328
120009
120038
120059
121527
121528
121614
121746
121915
121921
121928
122334
122350
122374
122426
122434
122438
122443
122469
122471
122475
122488
122600
122726
122735
124468
124554
124559
124561
124564
124565
124567
124578
124588
124590
124628
124631
124635
124640
124646
124649
124653
124679
124770
124774
124791
124802
124804
124817
124820
124830
125098
125192
125231
125247
125255
126123
126138
126175
126195
126514
126547
126555
126558
126562
127119
127367
127657
127660
127672
127681
127684
127692
127710
127715
127751
127756
127764
127797
127905
127910
127913
127916
127915
127919
127941
127946
127951
127969
127975
127988
127993
128000
128124
128149
128159
128162
128541
128543
128588
128594
128606
128606
128614
128624
128620
128627
128629
128633
128635
128640
128645
128647
128655
128652
128660
128668
128666
128673
128681
128687
128694
128699
128816
128838
128849
128873
128895
128899
128906
128905
128912
128912
128916
128923
128928
128926
128931
129074
130184
130188
130220
130224
130233
130260
130329
130332
130343
130351
130364
130370
130415
130424
130453
130465
130468
130473
130478
130541
130545
130657
130677
130710
130789
130807
130838
130856
130861
130882
130922
130946
130958
130963
130977
130988
131000
131003
131013
131037
131051
131053
131071
131075
131085
131088
131101
131105
131106
131117
131127
131155
131176
131180
131185
131425
131437
131485
131891
131938
131956
131999
132058
132062
132103
132122
132125
132131
132135
132138
132150
132155
132164
132168
132172
132178
132183
132191
132195
132200
132202
132216
132219
132223
132232
132237
132239
133012
133019
133022
133029
133055
133067
133077
133075
133081
133091
133097
133113
133135
133136
133139
133148
133155
133240
133344
133389
133396
133413
133573
133583
133588
133617
133632
133649
133661
133724
133748
133804
133810
133834
133845
133850
133856
133865
133873
133879
133891
133902
133910
134541
134546
134547
134565
134593
134612
134616
134622
134633
134662
134684
134699
134706
134710
134713
134724
134737
134752
134756
134777
134784
134790
135508
135585
135630
135647
135657
135819
135824
136080
136090
136381
136587
136621
136634
136673
136677
136737
136954
136984
136989
136995
137000
137014
137031
137043
137053
137071
137339
137352
137360
137370
137382
137394
137715
137734
137751
138202
138233
138249
138262
138275
138282
138318
138329
138353
138362
138372
138378
138384
138401
138449
138460
138473
138480
138496
138510
138515
138525
138750
138780
139552
139557
140081
140097
140106
140115
140123
140130
140223
140245
140297
140301
140305
140310
140311
140323
140324
140328
140335
140334
140342
140351
140656
140673
140682
140685
140700
140702
140708
140720
141068
141070
141084
141089
141099
141103
141109
141113
141126
141133
141145
141276
141295
141300
141314
141317
141332
141338
141343
141358
141361
141392
141398
141406
141408
141413
141417
141421
141431
141442
141440
141442
141444
141446
141802
141823
141827
141834
141837
141844
141856
141857
141897
142323
142336
142338
142343
142345
142357
142362
142372
142376
142385
142406
142438
142441
143003
143207
143227
143271
143284
143289
143296
143299
143302
143312
143320
143327
143332
143334
143344
143361
143372
143373
143380
143387
143410
143422
143652
143717
143757
143910
143919
143927
143939
143945
143947
143958
143960
143966
143989
143996
144000
144007
144224
144228
144234
144243
144245
144269
144273
144275
144279
144280
144284
144315
144319
144325
144404
144564
144565
144574
144576
144580
144586
144589
144607
144609
144612
144618
144624
144636
144644
144649
144664
144672
144674
144689
144693
144695
144704
144710
144715
144716
144721
144743
144752
144777
144784
144793
144799
144817
144822
144827
144837
144853
144854
144871
144880
144895
144900
144908
144935
144941
144945
144948
144952
144956
144978
144983
145008
145131
145140
145208
145211
145217
145219
145226
145235
145272
145274
145293
145298
145307
145311
145324
145339
145370
145375
145402
145415
145417
145425
145430
145435
145459
145461
145466
145469
150259
150278
150281
150297
150306
150310
150313
150318
150327
150333
150334
150348
150352
150354
150356
150359
150361
150366
150371
150374
150376
150380
150389
150390
150407
150422
150427
150429
150433
150437
150453
150523
150541
150545
150552
150554
150557
150576
150580
150588
150602
150604
150608
150622
150628
150813
150822
150833
150881
151220
151254
151270
151279
151325
151333
151342
151361
151366
151371
151380
151386
151394
151400
151407
151425
151428
151436
151439
151447
151453
151473
151478
151485
151502
151504
151505
151507
151516
151527
151531
151638
151641
151643
151648
151650
151664
151667
151670
151678
151686
151691
151693
151701
151703
151708
151715
151730
151738
151745
151763
151765
151779
151781
151784
151795
151800
151809
151812
151817
151821
151827
151839
151845
151851
151872
151874
151879
151881
151887
151896
151898
151920
151931
151953
151957
151963
151970
151977
151994
152002
152006
152014
152016
152019
152027
152035
152038
152051
152067
152137
153177
153182
153207
153225
153243
153250
153257
153262
153265
153289
153342
153444
153458
153464
154042
154059
154066
154073
154076
154088
154091
154100
154101
154117
154119
154122
154134
154146
154151
154154
154157
154160
154172
154187
154188
154192
154196
154202
154221
154224
154227
154230
154226
154236
154250
154263
154270
154278
154283
154279
154291
154293
154301
154320
154325
154327
154329
154335
154347
154351
154397
154519
154534
154541
154718
155226
155245
155250
155272
155355
155371
155386
156055
156304
156325
156557
156574
156581
156583
156610
156620
156633
156696
156716
156939
156943
156946
156960
156970
157162
157172
157184
157189
157200
157212
157227
159479
159484
159837
159846
159847
159854
159865
159869
159919
160535
160551
160571
160576
160589
160614
160637
160663
160665
160668
160671
160684
160703
160716
160924
160932
160989
160995
161473
161483
161502
161508
161541
161549
161568
161577
161580
161584
161587
161597
161614
161617
161620
161641
161649
161657
161665
161675
161678
161684
161689
161707
161711
161713
161717
161728
161731
161734
161767
161770
161772
161782
161789
161797
161822
161829
161842
161851
161858
161867
161877
161896
161902
161910
161912
161916
161915
161917
161931
161934
161938
161946
161951
161966
161969
161987
161993
161997
162014
162018
162042
162057
162065
162079
162084
162086
162087
162090
162105
162108
162110
162130
162132
162143
162147
162175
162430
162449
162454
162459
162467
162485
162493
162583
162641
162645
162656
162661
162668
162681
162685
162696
162717
162721
162729
162751
162756
162773
162779
162804
162826
162845
162854
162865
162873
162909
162930
162953
162972
162988
163014
163366
163375
163393
163399
163499
163535
163570
163580
163591
163596
163603
163614
163615
163623
163627
163643
163649
163651
163669
163692
163826
163915
164120
164133
164208
164211
164346
164367
164370
164422
164427
164435
164443
164447
164456
164476
164492
164540
164551
164552
164569
164573
164642
164987
164988
164993
164994
164996
164999
165000
165006
165007
165012
165014
165018
165022
165032
165046
165048
165050
165065
165069
165077
165078
165099
165105
165112
165117
165145
165193
165197
168043
168065
168085
169360
169365
169411
174008
174076
174586
174617
174633
174640
174645
174678
174689
176551
176562
176588
177249
177449
177453
177487
177877
177880
177888
177896
178036
178072
178082
178092
178095
178100
178122
178125
178134
178137
178173
178183
178185
178187
178196
178201
178208
178219
178227
178229
178238
178239
178243
178258
178260
178264
178275
178309
178317
178324
178337
178350
178359
178367
178374
178379
178389
178391
178395
178403
178410
178424
178429
178444
178454
178459
178468
178478
178514
178517
178523
178541
178729
178736
178751
178754
178842
178847
178909
178911
178917
178919
178930
178939
178941
178947
178950
178956
178964
178972
178975
178978
178982
179001
179012
179018
179144
179192
179196
179209
179215
179221
179225
179231
179233
179247
179252
179256
179261
179262
179263
179270
179272
179275
179278
179282
179284
179295
179304
179305
179306
179308
179312
179316
179332
179858
179863
179865
179866
179887
179889
179909
179917
179927
179960
179961
182826
182832
182848
182863
182872
182885
182897
182909
184580
184585
184633
184639
184648
184655
184676
184708
184730
185028
185030
185036
185043
185059
185082
185126
185137
185147
185757
185807
185828
186171
186177
186317
186321
186342
186449
186468
186474
186484
186498
189383
194789
194849
194869
194880
194900
194915
194944
194968
194996
194997
195000
195016
195021
195022
195029
195036
195039
195045
195048
195051
195055
195068
195072
195119
195137
195147
195156
195205
195210
195222
195228
195233
195252
195294
195300
195353
195451
195452
195454
195493
195523
195534
195553
195560
195561
195662
195690
195839
196741
196806
197196
197201
197221
197229
197284
197289
197398
