763.97
2536.62
3015.71
3640.33
4490.36
4506.58
4520.5
4523.09
4538.91
4545.61
4561.22
4564.4
4798.32
4812.02
5036.28
5038.37
5164.83
5191.73
5289.63
5292.08
5294.41
5826.93
5864.12
6773.87
6789.59
6816.78
18090.1
18095.4
18106
18108.4
18118
18183.2
18191.6
18201.4
18203.5
18223.1
18246.5
18252.3
18266.3
18269.7
18277.8
18287.7
18294.8
18370.1
18393.5
18414.9
18423.4
18438.7
18454.1
18457.5
18501.3
18520
18547.3
18579.6
19114.2
19127.6
19133.9
19371.4
19375.2
19766.1
19800.8
20340.9
20977.4
20994.1
21045.1
21112.9
21127.1
21151.8
21177.5
21579.4
21621.1
21680.9
21692.7
22103.8
22112.4
25881.1
25908.8
25960.4
25970
25983.4
26046.9
26075.9
26613.9
26618.4
26742.7
26755.8
26772.7
26805.8
27001
27703.4
28184.2
28194.5
28197.4
28241.7
28265.8
28285.1
28306.7
28342.3
28521.2
28599.9
29151.1
29164.2
29185.6
29189.1
29209.6
29215.7
29228.3
29241.9
29251.3
29432.6
30586.7
30654.9
30875.5
31669.9
31673.1
31685.1
31689.5
31703.6
31725
31744.1
31953.9
31992.6
32006.3
32067.8
33131.3
33138.1
33199.9
33208.8
34968.2
35433.2
35494.6
35503.7
36264.8
36269.5
36274.2
36275.4
36284.4
36541.5
36587.8
37177.6
37200.3
37208.7
37231
37238.3
37273.6
42812.8
42824.5
42842.9
42847.6
43193.5
43331.8
43411.1
43455
43485.4
44869.1
44877
44886.2
45357.4
45360.2
45599.2
47216
47218.8
47231.6
47235.2
47241.1
47595.3
48239.3
48471.8
48502.3
49534.4
49543.9
49771.6
49833.9
49902
49955.9
49963.8
49968.9
49981.8
50013.3
50021.3
50028.8
50215.2
50248.8
50252
50288.1
50317.7
50427.6
50449.7
50478.2
50481
50958.6
50974.6
51302
51308.3
51312.4
51321.8
51354
51618.8
51708.3
51713.3
51723.1
51976.9
51978.3
51994.4
52013.5
52015.4
52024.2
52038.8
52045.5
52077.3
52081.9
52087.6
52095.2
52116.2
52123
52167.4
52174.6
53204.4
53205.6
53277.2
53665.2
53711.9
53820.3
53925.9
53934.5
53968.2
53978.7
53980.7
53988.8
54087
54094.9
54141.5
54427.3
54466.8
54492.1
54504.7
54527.3
54640.7
54642.4
54679.8
54706.1
54710.9
54712.3
54717.9
54727
54753.4
54942
54966.8
55013.6
55029
55034.6
55054.8
55073
55735.8
55739.8
55932.4
55935.9
56022.2
56056.4
56058.4
56061.3
56076.3
56091.1
56155.8
56295.3
56300.3
56311.3
56359.6
56391.9
56409.8
56411.6
56473.2
57280.8
57648
57656.2
57665.9
57697.9
57810
57839.4
57852.3
57855.2
57872.6
58023.3
58026.4
58029.2
58296.3
58450.8
58454.4
58458.3
58496.8
58626.1
58630.9
58636
58653.1
58664.1
58668.9
58684.8
58702.7
58923.7
58928.2
58966.8
59496
59539.1
61871.3
61963.7
61976.6
61980.9
62393.1
62425.8
62460.2
62465.1
63234.7
63237.4
63248.4
63280.6
63285.5
65895.9
65919.9
66291.7
70765.8
70902.9
70906.7
70990.2
70993.8
71010.9
71014.8
71079.1
71094.2
71149.5
71163.5
71169.5
71173.7
71176.5
72577.5
72600.4
72638.8
72677.2
72738.8
72789.5
73246.8
75986.2
76026.5
76049.2
76101.8
76139.6
76143.8
76157.1
77163
77170.8
77177.5
77190.6
77208.9
77246.6
77249.9
77277
77291.4
77377.7
77433.6
77453.7
77564.6
77576.1
77583.7
77586.7
77611.1
77615.3
77754.7
77862.7
77863.8
78578.3
78583.8
78591.2
78593.3
78598.1
78605.1
78607.8
78650.1
78662.7
78780.3
78793.1
78813.6
78832.3
78840.9
78875.1
78887.3
78910.9
78918.2
78924.7
78926.6
78928.5
78930.4
78935.9
78940.6
78942.3
78948.8
78962.4
78967.1
78970
78977.2
78991.8
79001.8
79009
79034.3
79058.9
79065.3
79085.2
79088.8
79350.7
79431.7
79456.1
79464.7
79901.7
79937.9
80000.5
80003.1
81585.5
81633.7
81734.7
81756.4
82260.7
82270.6
82299.7
82833.6
82847.3
82850.1
82846.5
82850
83105.7
83110.3
83116.8
83119.9
83122.1
83126.4
83135.9
83327.9
83408.3
83411.5
83476.3
83480.4
83485.3
83486.4
83507.4
83660.5
83839.5
83846.7
85659.6
85682.7
86201.3
86210.8
86221
86878.2
86887.5
86902.3
86932.2
86953.9
86956.5
87017.5
87022
87088.5
87091.9
87107.3
87153
87158.9
87164.4
87185.7
87209.3
87489.9
87491.8
87542.7
87546
87596.7
88246.6
88257.1
88316.6
89241.5
89243.7
89259.9
89269.3
89270.3
89315.3
89318.1
89577
89584.4
89592
89599.9
89617.4
89619.3
90862.5
90883.6
91166.9
91172.4
91262.7
91303.8
91892.9
91929.8
92239.8
92243.2
92250.8
92255.7
92393.4
92457.2
92465.1
93319.4
93324.8
93331.7
93357.1
94783.4
96406.6
96511.6
96514.6
96516.3
96838.2
96874.1
96881.8
96913.5
96936
97004.2
97013
97058.4
97097.6
97107.7
98601.9
98608.8
98618.1
98718.3
98928.3
99293.1
99313.4
99330.5
99742.8
99771.3
99866
99897.2
100796
100805
100810
100829
100968
100976
101042
101906
102018
102861
102865
102997
103061
103065
103084
103098
103128
103175
103344
103464
103531
103589
103607
103642
103665
103886
104063
104493
104600
104651
104655
104659
104662
104680
104881
104886
104891
104893
104960
104978
105609
105614
106313
106717
106768
106924
107825
107839
107848
107852
107854
107857
107860
107862
107868
108814
108944
108966
111878
111881
111923
111933
111941
111949
111952
111981
112259
112286
112292
112302
112351
112459
112548
112616
112776
112786
112915
112920
112940
113010
113014
113019
113024
113053
113092
113103
113132
113143
113302
113393
113433
113447
113455
113501
113560
113635
113639
113648
113651
113655
113865
113921
113967
114042
114065
114103
114504
114517
114518
114544
114579
114719
114721
114738
114742
114808
114821
114847
115237
115257
115284
115331
115336
115340
115348
115350
115352
115393
115965
115972
116215
119328
122600
122726
122735
124468
124559
124561
124640
124649
124653
124804
124820
124830
125098
125192
125247
125255
126123
126514
126558
127657
127660
127710
127715
127764
127905
127910
127913
127916
128124
128149
128159
128162
128620
128629
128633
128635
128645
128655
128652
128666
128673
128694
128816
128838
128849
128873
128895
128899
128906
128905
128912
128912
128923
128928
128926
128931
129074
130184
130224
130260
130415
130541
130657
130677
130710
130807
130838
130856
130882
130922
130946
130958
130963
130988
131000
131003
131037
131053
131071
131075
131101
131117
131176
131180
131185
131425
131437
131891
131938
131956
131999
132058
132103
132195
132219
132223
132232
133012
133019
133022
133067
133075
133344
133389
133396
133649
133661
133724
133748
133804
133810
133834
133873
134541
134612
134662
134684
134724
134737
134777
134784
135585
135630
135647
135657
135819
135824
136080
136381
136587
136634
136737
136954
137071
137339
137360
137370
138202
138233
138249
138282
138353
138362
138378
138384
138449
138473
138480
138496
138510
138515
138525
139557
140081
140097
140115
140223
140245
140297
140323
140682
140700
140702
140708
141133
141145
141295
141300
141314
141317
141332
141338
141358
141398
141406
141408
141413
141417
141421
141442
141802
141827
141834
142323
142338
142376
143302
143344
143652
143939
143960
143966
144228
144234
144243
144245
144273
144404
144564
144565
144574
144576
144580
144586
144589
144607
144609
144612
144624
144664
144672
144704
144710
144715
144752
144777
144784
144793
144799
144817
144837
144871
144935
144941
144978
145131
145272
145293
145298
145307
145324
145375
145402
145415
145425
150281
150359
150361
150366
150372
150374
150389
150390
150453
150523
150541
150545
150552
150554
150608
150813
150881
151270
151325
151342
151394
151407
151667
151670
151678
151686
151691
151693
151703
151715
151738
151763
151765
151817
151827
152014
152016
152019
152035
152038
152067
152137
154076
154134
154172
154227
154226
154250
154278
154279
154291
154293
154320
154325
154327
154329
154335
154347
154351
154519
154534
154541
155226
155245
155250
155272
155355
155371
156056
156304
156325
156960
156970
157162
157184
157189
157212
159837
160684
160924
160932
160989
160995
161473
161483
161549
161568
161665
161675
161717
161938
161946
161951
161987
161993
162014
162143
162147
162430
162454
162459
162467
162493
162583
162641
162645
162656
162661
162668
162681
162685
162696
162729
162756
162779
163649
163651
164492
164642
164988
164996
165000
165006
165014
165050
168065
177449
177453
177487
177877
177888
177896
178072
178122
178125
178137
178187
178201
178238
178239
178243
178264
178309
178317
178324
178337
178350
178367
178374
178429
178751
178754
178930
178956
178972
178975
179261
179263
179865
179867
179889
179961
182872
184585
184639
184655
184676
184730
185028
185030
185043
185757
185807
185828
186171
186177
186449
186468
195137
195452
196806
