231.84
565.42
1777.71
2175.01
2784.32
4479.3
4816.68
4916.85
5684.95
7860.5
8692.82
8920.15
9419.15
10003.1
10463
11711.9
12853.6
13089
13665.1
13831.7
13886.8
14183.6
14562.6
14636.9
14783.9
14936.3
15320.9
15686.8
16012.7
16772.6
16797.3
20895.3
21432.5
22731.5
23207.7
23226
23380.3
25176.7
28989.7
30101.8
32079.4
33147.2
33541.2
34763.8
35286.9
35455.8
35912
36735.1
36801.4
37163.2
37384.1
37792.3
38203.5
38599.7
39196
40238
41860.8
42099
42226.8
43037.2
43729.3
44300.7
44307
44837.7
45884.1
47890.4
49123.1
51729.4
51819.1
52374
52652.6
52742.2
54314.8
56133.4
56960.7
57720.5
58780.3
59876.5
61703.1
61878.6
63000.2
64108.1
64201.5
67585
68571.3
68671.5
70604.9
71999.1
72534.2
73024.1
73507.6
73524.9
73521.5
73916.7
74153.8
77085.4
77267
79682.7
79730.4
79836.7
80276.4
81483.9
81809.3
81877
83313.2
83461.8
83729.7
84357
84809.4
84882.7
85331.5
86036.7
86073.2
86556.1
86690
86942.9
87165.8
88817.4
89746.6
90123.8
90211.2
91214.5
91391.9
91804.1
92385.1
93280.4
93987.9
94480.3
94574.7
95095.3
95771.2
95801.2
96825.6
97324.4
97615.3
97975
99444.3
99903.7
100914
100932
101037
101274
101892
104014
104125
105658
106353
106526
107233
108765
109575
109970
110580
110945
113143
113580
113830
114067
114596
115674
116655
117096
119151
121074
121204
121970
123352
124361
126059
127206
129924
132079
132178
133294
133723
134528
135802
136053
136248
137051
137584
138087
138537
138596
138879
142736
142961
144233
144807
145543
146081
146661
147119
147696
147787
148138
148837
149848
150678
152271
153325
153497
153957
154682
154733
155377
155442
157985
158904
160168
161331
161387
161499
162772
164059
164267
165319
166182
166182
166795
166876
167302
167816
168087
169297
171893
171994
172971
174938
175190
175189
175765
177103
178457
179074
179540
180690
180860
183228
184642
185076
186453
186597
186667
186857
186854
187434
187483
187917
188219
188308
188604
188644
188969
191111
191243
192124
196817
197617
197968
198341
199171
199250
199645
199711
199771
199936
