1117.72
1555.71
2533.89
3410.5
4517.56
5137.53
5203.71
5516.44
5661.82
6275.08
7526.88
8144.34
8542.28
9819.01
10412.2
12730.5
13495.2
13535.9
14004.9
14250.9
14536.3
15120.2
16126.8
17673.1
18448.8
18768.1
20183.5
20975.2
21213.2
21963.7
22814.1
23034.2
23307.5
29625.2
30367.9
32960.3
33229.9
33845.5
34315.9
36861.3
38922.3
39131.4
40757.5
40995.1
41064.1
43272.7
43485.9
43780.5
44172.6
45516.8
46544.3
49072.9
51461.6
51712.8
52001.1
52189.7
52975.9
52990.7
53102.7
53593.8
53658.8
54454.8
54599.2
55851.4
55974.5
56027.4
56284.9
56330
56489.9
57014.2
57361
57740.3
58165.1
58398
58839.6
59208.3
59717.9
59971.9
60351.5
62018.1
63966.1
63997.1
64928.8
65676.7
67947
68465.2
68474.7
69067
69844.7
70368.2
71758.8
71852
72439.6
72829
73041.8
73159.1
73209.1
73217
73652.3
76282.5
78392
79042.7
79424.8
79456.8
82122.6
82997.6
83446.2
83670.9
84233.7
84300.3
84919.9
85318.9
85507.9
85741.1
85800.9
86251.3
86839.5
86876
89019.7
90958.6
91465
93185.5
93574.9
94771.5
94918.4
97139.1
97642.5
98048.9
98807.1
98899.7
99306
99732
100154
100432
100544
100710
101054
103896
106074
108481
109103
109305
109477
109881
112302
114225
114385
114972
115151
115296
115436
116165
116953
117803
119280
120167
120635
122496
124100
126659
129211
129798
130307
131712
132224
132577
134016
135323
135567
138045
138256
138278
138721
139967
142630
144542
146367
147363
147484
147733
152058
152984
153216
153332
153478
154595
154802
156018
157452
157445
158732
159357
159385
160844
163279
163277
164686
164998
165636
165834
166026
166324
167223
167945
168250
168823
170554
171447
172984
174042
174153
174669
175229
175644
176152
178224
178335
178809
178904
179119
180093
180468
184682
185579
185696
186162
187061
187244
188061
188127
188580
190850
192605
192658
193826
194300
195007
195365
195702
195848
195933
196114
197593
198510
198854
199483
