126.27
250.67
539.65
859.69
1204.3
1228.63
2499.3
5014.66
5027
5489.79
5901.59
5953.53
6246.39
6268.35
7110.86
7581.36
7856.63
8091.58
8218.59
8443.59
8476.64
9551.89
11387.8
11919.2
12417.6
12610.4
12647.2
13297.9
13819.7
14249.3
14869.2
15072.6
15229.4
15343.2
15528.6
16334.3
16731.3
17085.5
17247.1
17411.3
18355.5
18481.6
18832
19931.7
20254.4
20327.5
20521.5
20798.9
21370.3
21566
21953.1
23022.7
24172.6
24416.9
24736.1
25153.3
25212
26725.2
26985.6
27663.2
28032.7
28326.2
29265.9
29782.7
30017.4
30185.7
30190.1
30395.5
30605.5
30805
31199.9
31522.1
31857.4
31889.2
33629.1
33672.9
33854.8
34452.4
34454.8
36402.9
37134
37182.6
37833.2
37843.2
37976.4
38536.9
38718.2
40507
41043.1
41096.5
41421.5
43983.6
44443.8
44726.5
44798.1
46100.6
46194.4
46517.3
46794.4
46920.1
47188.5
47860.1
48027.9
48413.4
48859.5
49278.3
49507.8
50284.2
50618.9
51086.9
51227.2
51983.8
52169.5
53295.7
53883.4
53921.7
53918.8
55325.8
55672.5
57018.4
57832.3
58998.5
59149.4
59249.4
61188.5
61395.9
61979.6
62588.9
63097.2
66061.6
66950.5
67723.9
68483.2
69126.6
69447.5
69596.2
70091.4
70334.6
70379.2
70405.1
70883.4
72412.5
74022.8
74760.4
75223.6
75453.3
77063
77338.7
78593.1
79384.5
79728.5
79950.8
80615.4
80960.6
81005.9
81296.1
81852.5
81878
82732.2
82962.5
83591.6
83624.8
84208.8
85563.2
85641.5
85917.1
86143.9
86447.2
86624.5
86687.1
86968.5
87098.6
88018.7
88142
88409.2
89562.1
89683.8
89967.7
90059.7
90901.7
92265.2
92834.8
93380.1
93381.5
94157.4
94278.5
94870.2
95732.9
96572.6
96914.3
97157.5
97298.8
97913.1
98758.8
99111.9
100975
101252
101433
102285
102483
102712
103014
103677
105031
105494
106106
108051
109121
109376
110231
110931
110995
111767
112603
112885
113736
113791
113904
115116
116020
116039
116220
116476
117388
117656
118902
119958
119996
120076
120466
121460
121842
121929
121941
121973
122025
122056
122057
122383
122747
123084
123115
123697
123958
124395
124848
125129
125567
126829
126946
127066
128311
128393
128637
128939
130112
130341
130854
133154
133893
137182
137515
137984
138007
138298
140025
140831
141147
141565
141626
141815
142431
143277
143346
143670
145280
146024
146385
146970
147692
148098
148302
148932
149775
150383
151045
152345
152454
152738
152998
153979
154018
154433
154463
154563
155147
155321
155916
156295
157522
158447
160406
160440
160868
161301
161592
162026
162988
163357
163489
163911
164315
164376
164849
164932
165397
166004
168518
168800
169403
169522
169812
170258
172679
174191
174767
175114
175849
176018
177261
177328
177512
177629
177836
178350
179490
180444
181596
182123
183033
183050
183053
183511
183533
184026
184316
185201
186162
187284
187560
190333
190519
190778
190872
191830
192282
192628
192674
193098
193370
194637
195672
196110
196158
196655
196779
197042
197707
197840
198021
198141
199053
199394
199963
