459.34
629.23
649.99
722.03
805.35
964.02
1111.53
1203.65
2165.31
2344.78
2677.91
2946.63
2949.05
3059.21
3485.04
4596.89
4749.09
5051.89
5080.54
5284.16
5792.36
6014.78
6031.53
6211.44
6528.68
7002.37
8549.76
8891.36
8944.8
8949.68
9451.16
9691.91
9715.33
9796.39
9936.26
10009
10221.9
10257.1
10388
10795.1
11234.8
11622.1
12550.2
12707.3
12984.7
13737.8
13970.8
14089.7
14467.8
14593.3
14667.1
14763.1
14827
14963.9
15410.2
15571
15862.1
16304.1
16333.1
16538.2
16569.2
16709.9
17039.5
17104.3
17152.5
17266.4
17585
17781.5
17818
17842.1
17924.9
18078.4
18155.5
18174.7
18319.7
18501.2
18537
18581.3
19120.7
19168.3
19373.8
19600.3
20787.6
20891.4
21083.4
21479.4
21546.8
21777.6
22113.7
22543.5
22601
22710.6
22899.4
23188.7
23275
23403.5
23938.8
24222.1
25458.1
25574.7
25894.8
25969.6
26138.5
26360.8
27093.9
27518.5
27639.2
27917.9
28051.6
28216.7
28245.3
28549.7
29121.3
29241.2
29436.1
29709.7
29917.5
29949.2
30208.9
30249.6
30344.6
30661.8
30686.7
31643.2
31894.7
32318.6
32378.6
32423.7
32798
32870.1
33026.8
33095.7
33120.2
33260.6
33294.4
33366.5
33524.3
33674.4
33800.6
33994.1
34126
34431.6
34468.2
34628.1
34758.7
35026.6
35551.9
36342.2
36792.6
37045.2
37385.7
37965.9
38000
38069.9
38389.7
38397.5
38431.8
38515.6
38755.3
38807.4
38875.5
39247.6
39559.1
39693.9
39777.2
40140.1
40813.2
40963.7
41058.5
41379.7
41479.4
41839
42481.7
43922.4
44166
44437.4
44792.2
45467.3
45806.7
45888.3
46157.4
46405.2
46452.6
47044.3
47252.4
47301
47380.1
47634
47899.7
48381.2
48662.9
48692.7
48953.7
49120.2
49138.6
49568.8
50051.3
50125.5
50239.9
50432.8
50730.2
50917.5
51318.7
51695.5
51773.4
51779.3
52297.6
52429.6
52633.2
52846.3
53099.7
53127
53181.8
53269.3
53431.9
53998.3
54108.8
54374.5
54537.5
54645.7
54654
54660.5
54780.1
55028.7
55183
56485.2
56517.8
56647.4
56794.7
56921.4
56936.2
57270.5
57776.9
57908.1
58206.6
58545.8
59380.3
59481.6
59606.1
59808.6
60002.9
60134.3
60206.2
60469.7
60825.8
61556.9
62416.3
62835.1
62905.4
63025
63282
63781.5
64158.4
64371.3
64452.6
64673.9
65244.4
65530.5
66644.2
66714.3
66777.3
67262.3
67345.6
67551.8
67580
67622.2
67924.8
68069.6
68275.9
68383
68542.9
68588.1
68666.3
68712.4
68730
68955
69011.6
69022.3
69332.6
69419.5
69682.5
69949
70277.2
70300.8
70557.7
71505.4
71716.2
71825.1
71850.4
71906.4
72063.9
72247.6
72273.3
72312.1
72385.4
72489.3
72504
73135.1
73138.1
73180.3
73272
73483.2
73606.1
73783.9
73825.3
74037.8
74064.6
74133.2
74234.1
74299.7
74615
74817.2
74854.4
75281.4
75509.3
75781.9
76010.3
76083
76267.7
76549
76809.7
76927.3
77130.5
77271
79171.6
79450.6
79640.9
79935.6
80850.2
80985.2
81291.2
81572.6
81685.9
81710.8
82084.5
82106.6
82725.1
82953.8
83080
83093.3
83579.2
83705.5
83957.2
84088.6
84422.2
84937.9
85584.2
86264.2
86288.7
86341.8
86686.6
86849.9
86998.9
87017.7
87031.4
87142.4
87389.3
88189.4
88281.1
88376.5
88384.4
88620.6
88940.4
89351.3
90197
90617.4
90656.1
90750.3
90979.8
91056.1
91337.3
91469.3
91468.8
91538.7
91588.9
91614.3
91702.7
91920.7
92080.1
92171.1
92320.6
92340.5
92485.3
92675.1
92724.7
92830.8
92932.5
92975.9
93017.1
93206.7
93272.9
93432.9
93721.7
93879.2
94068.5
94342.5
94531.7
94901.1
95201.2
95281.4
95757.4
95777.8
95995.7
96632.2
97294.7
97486.1
97728.2
98095.3
98319.1
98466.1
99016.3
99342.9
99430.4
99653.2
99811.1
99829.6
100155
100167
100250
100576
100740
101234
101371
101632
104758
104860
105195
105201
105576
106012
106009
106174
106326
106579
106632
107333
107702
107832
107952
108417
108502
108531
108642
109364
109561
109680
110047
110123
110143
110346
110598
111353
111501
111535
111682
111686
111778
111832
111931
112007
112098
112212
112393
112668
113021
113026
113035
113507
113864
114138
114340
114351
114667
114823
114880
114893
115105
115424
115525
116127
116292
116642
116746
116880
117195
117253
117365
117483
117503
117522
117852
117989
118010
118279
118503
118582
118856
119052
119328
119563
119809
120122
120460
120591
120885
121057
121160
121462
121503
121615
122325
123357
124163
125304
125454
126052
126789
126855
127250
127440
127592
127696
128054
128457
129034
129041
129251
129310
129351
129728
129743
130024
130080
130259
130432
130507
131299
131297
131793
131840
132255
132387
132638
132830
132974
133063
133299
133667
133841
133991
134181
134270
134393
134494
134618
134621
134705
134895
135147
135221
135259
135520
135656
135936
135963
136311
136534
136568
136733
137092
137180
137438
137563
137597
137822
137857
138454
138737
138953
140562
141218
141302
141592
141600
141766
141938
142069
142701
143259
143690
144833
145536
146245
146429
146747
147301
148188
148254
148512
148511
148584
149266
150205
150229
150374
150511
150529
150911
151077
151348
151622
151711
152649
152994
153076
153278
153319
153630
153811
153929
154007
154055
154258
154373
155018
155514
155695
155981
156104
156681
157115
157176
157359
157463
157574
157604
157834
157985
158015
158107
158214
158646
159265
159285
159526
159547
159745
160281
160355
160549
160591
160703
160781
160886
160942
161278
161312
161359
161474
161532
161589
161773
161872
161903
161909
161987
162008
162097
162299
162360
162597
162730
162906
163231
163692
163775
163948
163983
164077
164144
164778
165671
166016
166101
166388
166520
167470
167772
168271
168326
168350
168569
168782
169021
169216
169326
169607
170449
170534
170707
171277
171619
171886
172236
172543
173403
173586
173584
173648
173730
173918
174287
174446
174514
174700
174990
175324
175856
175892
176047
176847
176958
177399
178193
178259
178592
178578
179311
179595
179959
180259
180547
180644
180681
180914
180975
181046
181040
181208
181383
181435
181679
181792
182291
182350
182592
182922
183084
183176
183238
183490
184085
184848
184952
185085
185345
185591
185621
187718
188428
189286
190245
190389
190373
190478
190499
190517
190613
190751
191219
191522
191855
191971
192142
192559
192890
193730
193970
194594
194639
194783
195340
195879
196525
197643
197682
198070
198310
198660
199565
199962
