1
0
1
2
3
4
5
6
7
29
31
10
33
34
15
14
15
38
17
18
19
1
21
1
2
3
25
48
48
7
8
9
53
12
13
56
14
15
16
17
18
20
21
23
66
23
67
25
26
71
71
29
30
31
34
33
34
35
36
60
80
60
41
85
42
43
87
89
46
48
48
93
50
93
94
97
75
55
56
57
100
82
60
62
63
63
66
66
87
111
91
69
72
114
72
117
74
75
76
78
78
122
80
81
83
84
84
85
129
130
111
131
132
114
92
93
94
95
96
97
142
99
142
103
125
104
105
128
106
107
129
109
152
111
112
157
158
115
116
117
118
142
120
164
122
123
125
126
170
127
170
173
131
152
153
175
157
177
138
137
180
139
140
143
142
143
188
146
147
148
150
149
150
195
153
154
154
155
156
157
158
159
160
161
162
207
206
165
167
169
189
169
213
213
174
217
175
177
176
177
178
179
180
181
183
226
207
228
186
208
189
210
190
193
234
194
195
197
196
198
240
199
200
201
204
203
204
205
206
207
209
252
211
211
254
234
215
215
217
217
218
220
220
221
222
244
268
268
227
250
272
230
274
273
276
256
234
235
236
280
239
262
282
241
284
243
244
247
248
249
249
249
251
252
254
253
275
256
300
301
281
303
281
261
262
263
264
265
266
267
311
290
313
272
316
294
316
275
278
277
278
322
280
325
282
325
284
327
287
289
288
289
292
291
293
294
295
295
297
297
298
299
323
301
302
303
304
305
307
307
331
309
310
311
312
314
