22
23
1
4
3
25
27
6
29
8
30
33
32
12
13
35
17
38
19
18
19
22
2
43
23
45
46
5
29
30
52
53
31
11
54
36
37
16
58
59
60
20
63
65
22
44
25
25
49
71
29
30
30
31
32
54
78
78
59
58
40
81
82
84
63
43
88
45
48
89
90
51
51
53
75
97
77
57
57
57
60
101
60
104
105
63
108
66
66
111
68
92
72
94
115
115
117
119
97
78
80
121
123
124
103
84
85
108
86
87
109
110
132
93
115
116
94
95
97
97
98
120
102
144
125
124
127
105
129
108
151
132
154
113
112
136
116
136
118
118
160
120
120
165
164
125
125
126
126
127
128
173
131
173
132
133
134
179
159
139
138
141
183
141
186
145
187
187
169
147
148
150
152
151
195
197
155
156
199
180
201
202
203
163
183
206
187
188
167
190
168
169
172
194
215
196
195
175
219
198
199
221
224
182
183
225
228
185
230
230
190
189
211
235
213
193
195
216
198
220
200
243
201
203
204
204
225
248
229
250
229
210
210
212
212
213
237
257
218
219
241
219
220
263
223
225
225
227
228
248
251
271
231
275
234
276
234
258
278
238
261
281
241
241
263
243
286
288
269
247
269
251
251
252
273
295
254
276
277
258
301
261
281
261
304
305
307
308
287
267
268
313
312
272
273
273
275
277
276
300
320
302
303
324
282
327
284
285
287
310
288
290
292
312
313
294
295
318
297
320
298
320
300
301
303
303
306
306
307
328
309
311
333
312
312
334
