22
23
1
24
3
26
5
6
29
31
31
12
34
35
34
36
38
18
38
20
41
1
0
22
23
24
46
48
27
30
9
51
54
13
33
14
16
57
60
17
41
40
43
65
65
67
68
69
28
48
71
50
31
52
55
75
57
35
78
38
39
60
83
85
43
85
87
47
47
68
50
49
50
74
95
54
55
78
79
101
60
102
83
103
64
84
64
109
87
88
70
71
72
113
93
115
95
76
76
79
99
121
123
102
124
106
126
127
130
89
89
133
132
114
93
95
94
138
138
141
141
141
142
145
102
104
127
126
107
108
150
130
133
153
156
114
135
117
159
117
162
142
120
122
166
165
124
148
128
128
149
131
153
154
175
156
136
178
137
137
181
182
140
162
144
164
165
146
148
170
169
193
193
153
196
196
198
156
156
199
181
203
202
182
162
206
206
188
166
169
168
192
172
192
195
215
195
217
176
220
199
223
201
182
183
184
228
186
186
187
190
231
232
191
194
194
237
216
196
198
198
220
223
244
246
224
225
228
206
230
229
253
211
213
235
215
258
215
260
217
219
220
221
244
223
267
226
268
270
269
228
229
231
233
253
233
276
236
257
239
240
281
284
264
286
287
244
247
246
291
291
272
251
274
275
253
277
299
256
300
258
260
260
304
264
264
264
288
308
267
310
292
291
271
274
316
275
319
319
320
278
323
301
282
305
304
307
327
329
308
330
312
291
293
334
294
295
297
297
299
321
322
323
301
303
303
306
307
308
308
308
309
310
311
312
314
