3267.22
4018.6
4351.34
4925.48
5812.88
6292.13
6368.64
6749.67
6843
7126.48
8655.8
8747.25
8817.93
9150.05
9491.23
10535
10701.5
10829.4
11746.9
12811.2
13017.9
14448.9
14592
15970.8
15975.4
16337.9
16628.2
16845.2
16922.2
16926.6
17775.1
18359.9
18557.8
18612.5
18775.3
19849.4
20004.8
20227.6
20235.4
21197.6
21211.3
21357.5
21667.9
23632.6
23965.3
24567.2
25099
26128.5
26554.4
26983
28178.8
30441.5
32110.5
34118.4
35015.1
35576.9
37605.8
38442.5
39378.2
40009.6
40290.1
40391.7
40399.7
40654.1
40819.2
41380.4
42000.9
42609.9
42637.8
43003.8
43187.1
43226.2
43342
43421.8
43626.9
43705.7
43988.6
43992.4
43994
44224.7
44399.8
45003.8
45454.7
45826.5
46277
46427.9
47035.3
47195.7
48336.5
48468.9
48877.6
48938
48959.7
49027.9
49764.5
50612.8
50689.1
51527.3
51632.5
51769.2
52048.3
53220.8
53818.6
54036.6
54794.6
55147.7
55421.2
55827.1
56263.5
56305.7
56565.8
56629.4
57004.9
57255.8
57542.3
57710.8
58089.5
58662.1
59192.7
59379.6
59909.3
60453
60606.4
61400.5
61438.9
62021.1
62245.1
63497.3
63782.8
63990.2
64264.8
64467.8
66711.5
66904.3
69114.2
69599.4
70252.3
71443.8
71474.7
72305
72422.4
73249.9
74502.6
76272.6
76302.2
76448.6
76520.5
77089.1
77273.1
77407.6
77465
77521.2
77849.9
77935.6
78425.7
79142.8
79618.2
80277.9
80367
80551.7
81054
81268.6
81902.5
81910.9
82360.7
83674.2
83707.3
84474.8
84636.5
85253.6
85255.2
87101.5
87133.3
90348.3
91419.2
91861
92106.9
92399
93668.5
94040.6
94100.9
94230.7
94678.4
94816.7
95359.4
95651.4
95972.4
96574.9
97602
97780.4
98085.8
101162
101284
101311
101480
101866
101940
102011
102448
103093
103546
105422
105696
106386
107665
108345
109034
109076
109105
109313
109621
111188
111684
114010
114754
115265
115744
115769
115806
116127
118176
118566
119452
119457
120051
120248
120962
121801
121820
122438
122979
123403
123907
124433
124872
126316
126471
126707
127525
127740
130535
130784
131484
131572
131605
131725
132146
132562
132685
132809
133015
133398
133507
134247
135217
135580
135952
140254
140488
141986
142491
144278
144736
145549
145648
146385
146550
146574
146825
146948
149853
153482
154195
154296
155135
155271
155429
155428
155601
156219
157167
158472
158543
159145
159279
159320
159771
159912
160519
161225
161493
161624
161702
162620
163923
164133
164710
166392
167796
168085
170171
170422
170817
171622
172047
172445
173099
173413
173663
173825
173980
174638
174892
177038
177338
179281
180474
180670
180733
181459
181535
182019
182550
182768
183373
183562
184421
184743
184999
185595
186186
186946
187991
188891
189261
190013
190440
190758
191206
191425
192013
192709
193162
193426
194514
195055
195797
196055
196059
196147
196206
196286
196497
197369
197622
197965
198479
198763
198925
