3603.37
3867.37
4527.65
8535.4
8865.97
10006.7
10696.4
10917.3
12477.3
12999.3
13136.8
13770.1
15157
15204.3
16775.7
21988.4
22282.2
23043.5
24363.2
24729.9
26838.4
26942.4
28037.1
28501.9
28876.7
30858.2
35337.4
36391.2
37368.7
38196.5
38453.6
40317.3
40427.3
41484
43294
44474.4
45875.4
46492.8
47474
47525.7
47858.2
50177.3
50410.2
51018.9
51615
51995.4
54346.6
55914
56258.3
56583.2
57142.7
57482.1
58728.7
61237.8
65475.6
66073.3
66374.3
66675.9
67988.4
68423.6
68671.7
69424.4
69981.4
73018.7
73820
73867.1
75288.4
75344.5
76536.8
77745.4
78161.9
79912.1
85299.9
86355.3
87969.9
88394.2
88644.5
89682.1
91903.9
92344.4
92768.7
93268.3
93904.3
94119.2
94270
95130.5
96147.2
96461.3
97709.1
98203
98797.3
103138
103533
104599
104779
109574
110779
111144
112651
113873
115778
116344
119075
119146
119620
120885
121243
121439
123142
125883
127112
127957
129961
130417
130526
130841
131891
132469
132960
134713
136423
136592
136921
137322
137640
141260
141421
142097
142358
144442
144638
145269
147966
148293
150559
151289
151465
152777
153443
154478
157003
161090
161316
161571
161797
162350
162530
163584
164564
164578
164938
165079
165571
166437
167073
169437
169612
174078
174602
175164
176673
181232
181264
183994
184792
185496
189256
191204
191308
191831
192981
193383
193778
194647
195457
