1899.71
2641.5
2911.64
3510.57
4053.78
6426.03
7301.75
7306.81
7550.3
8975.85
9104.58
9131.02
10471.4
11928
12178.8
12243
12443.8
12816.7
14759.7
14982.6
16676.1
16713.4
16967.6
17259.5
17684.7
17935.8
18558.1
19181.7
21362.6
21872.9
21945.1
22256.8
22392.9
23524
23644.1
23812.7
24229.7
24236.5
24488.7
26016.9
26180.3
26419.6
26688.7
26825.2
26832.7
27277.2
27447.5
27668
27794.1
27869.4
28054
28763.2
28847.6
29258.8
29420.4
30299.3
30318.1
30502.4
30775.5
31640.4
32450.4
32683.9
32759.9
33135.9
34670.2
35219.2
35800.8
36073.6
36237.4
36440.7
36685.3
37353.1
37554.6
37675.4
37890.8
38214.6
38293.3
39500.9
39706.5
39755.5
40212
40218
40336
40473.9
40957
41930.2
43093
43103.7
43436.1
44061.4
45097.9
45291.5
45316.2
45653.9
45928.2
46225.6
46980.7
47127.3
47282.1
47646.4
48848.9
49340.9
49664.9
51425.2
54422.3
54492.1
55002
55018.8
55424.1
55638.1
56090.7
56271.5
56346.5
56879.5
56899.2
57220.4
57252.4
57522.7
58590.9
60696.8
60694.6
61251.5
61554.6
61729.4
61971.2
61970.7
64525.3
64640.9
64804.3
64867.6
65231.3
65448.5
65958
66586
66708.4
68051.9
68515.1
68615.7
69065.1
69164.3
69557.6
72063.4
73341.2
73704.2
74214.7
74697.8
75066.6
75384.4
75861.9
76213.9
77288.3
77378.4
77380.6
77607
77905.2
77924.4
78111.5
78596.3
78867
79441.3
80746.5
81299.1
82184.2
82297.3
83016.3
83162.6
84196.4
84258.2
84947.4
85038.2
85100.3
85213.9
85462.8
85556
85980.7
86023.6
86599.7
87736.4
87992.3
89250.9
89457.7
89820.6
92526.9
93674.9
93772.8
94819.6
96015.3
96153.2
96358.8
96535.8
96759.2
97520.7
97737.2
97949.2
97970.2
98302.3
98589.1
99093.6
99354.5
100852
101667
102736
103067
103308
103782
104270
104338
104410
104511
104698
105529
106175
106260
106683
106931
107024
107929
109116
109477
110188
110222
110414
110860
110901
111462
111828
112199
112463
113097
113147
115644
115664
116239
116238
116791
116985
117194
117893
118034
118484
119059
119512
120336
121321
122438
122462
122821
123979
124090
124783
125127
125307
126099
126853
126881
127003
127645
127866
127856
127928
128180
128341
128938
128943
129292
129424
130104
131284
131701
132536
133818
133980
134431
135062
135337
136286
136309
137156
137590
138711
138833
139319
139861
140103
140362
140543
140776
140800
140988
141073
141801
141817
141918
142507
142994
143286
143603
143658
144264
144618
144984
146458
147078
147803
148378
148686
148889
150091
150492
150575
150810
150962
151312
151339
151578
151808
152281
154068
154818
156523
156874
157507
157787
158583
159696
160294
160299
160802
160983
161279
161842
162195
162255
163135
163465
163494
163667
163913
163948
164474
164800
165321
165919
168871
168922
169279
169471
169979
173466
173751
173948
174442
174514
174570
174863
175991
179693
179872
180224
180892
184356
185187
185550
186589
186761
187024
187548
188955
189028
189116
189678
189765
190044
190774
190947
192420
192833
193120
193881
195213
196988
197729
