452.16
1199.85
1372.57
2165.36
6758.37
7029.91
7408.48
10508
13820.7
16447.9
16508.1
17376.2
18355.1
19016.5
20592.9
24004.1
24580.4
24683.8
27153.1
28524
30706.6
30738.5
30943.9
31035
31160.9
32937.9
33159.6
33434
34296
34478.6
35955.8
38297
38688
38712.4
39032.7
39521.3
44500.5
44511.8
45003.5
45848.7
48030.4
49237.3
51337.6
52085.9
54036.3
57865.6
59144.2
59355.4
59567.2
61720.3
62618.6
62758
63664.3
63712.7
63721.2
65529
65807.7
66459.2
67712.3
67940.1
68767
69917.8
69917.6
70877.2
70990.5
71193.1
71468.8
73010.3
74702
78920.2
79276.6
80792.4
80855.3
82347.8
83179.8
84497.5
84644.3
85498.5
85640.6
86419
86933
87139.7
87939.1
88726
90588.3
90772.1
91908.5
93984.2
94537.9
96164.8
98238.2
98391.6
99605.6
100033
105018
105126
107148
107784
107807
108466
111134
112150
112624
113301
114474
115889
116900
122632
123334
125252
125677
126239
126391
128978
129236
131069
131515
132374
134084
134251
135541
137205
137613
137724
139069
140162
142348
143487
144329
146451
147454
147783
148825
149081
149791
151668
151936
152599
155874
155944
156966
157457
157707
158160
159007
159056
160122
163374
164213
165620
166013
166696
168176
168963
170661
170997
171048
173925
174049
177572
179191
180669
182275
183832
187119
187967
188859
190401
191513
195559
196151
198929
199374
