115.71
129.84
283.73
298.03
496.9
529.18
809.54
930.56
1075.16
1186.87
1287.45
1481.18
1666.63
1771.66
2019.86
2345.07
2457.99
2630.01
2788.04
2997.18
3154.87
3304.34
3431.01
4533.21
4708.61
4755.82
4922.11
5159.45
5158.73
5289.69
5333.51
5413.22
5453.89
5566
5667.21
5676.06
5803.93
5809.91
6082.29
6103.43
6379.08
6387.63
6425.77
6707.65
6807.75
7040.14
7416.94
7611.82
7862.09
8015.83
8022.04
8055.02
8267.39
8474.34
8851.77
9137.41
9345.89
9773.08
9787.82
9979.8
10122.3
10251.4
10531.1
11175.3
11216
11259.1
11505.3
11525.4
11690.7
11716.8
12282.9
12571.6
12638.1
12887.8
12953.7
12965.9
13200.2
13434.5
13500
13557.1
13683.4
13681.3
13713.6
14171.7
14279.2
14292.6
14355.8
14370.9
14598.6
14909.5
14983.7
15063.5
15410.7
15647.2
16520
16966
16994.5
17338.6
18061.5
18230.4
18440.3
18673.5
18715.3
18866.6
19030.1
19036.3
19226.7
19274.6
19343.8
19352.9
19754.3
20020.5
20149.2
20257.4
20416.4
20461
20563.2
20612.1
20668.2
20723.4
20815.8
21000.4
21127.3
21704.4
21714.8
21731.8
21748.6
21863.9
21968.2
22452.5
22731.5
22966.8
23307.7
23550.3
23927.6
24047.7
24570.5
24640.8
24676
24833.2
24950.9
25311.5
25372.4
25552.1
25640.6
25651.4
25784.7
25874.8
25995.8
26001.5
26284.9
26313.6
26380.9
26433.4
26492.4
27028.7
27118.7
27259
27330.5
27525.8
27763.5
27845.3
27885.2
28045.8
28323.9
28386.3
28405.5
28714.3
28877.4
29100.8
29164.7
29225.8
29492.5
29579.4
29619.7
29924.9
29994.7
30148.2
30272.4
30299.8
30364.2
30487
30488.3
30590.7
30636.4
30917.7
30946.2
31100.8
31123.5
31288.1
31608.8
31653.2
31958.2
32727.1
32777.8
33323.8
33530.4
33747.9
33758.7
33932.2
34004
34052.9
34207.9
34312.1
34395.1
34559.3
34586
34801.3
35112.1
35287
36087.5
36273.1
36469.5
36655.4
36690.8
36736.8
36783
36824
36841.6
36906
36983.1
37173.3
37264
37268.4
37441.7
37471.5
37823.2
38290.5
38364.2
39359.9
39401.3
39663.1
39712.7
39805.4
40008.9
40877.7
40985.8
41031
41060.2
41165.3
41197.5
41323.8
41336
41547.7
41629.7
41684.3
41771.1
41978.3
42805.3
42847.1
43007.2
43154.7
43674
43852.8
43864.2
44224.9
44287.5
44288.6
44298.8
44487.3
44576.1
44595
44643.5
45001.7
45170.6
45791.7
45787.2
45798.6
45996.4
46079
46144.9
46387.8
46653.7
46878.3
47261.6
47482.8
47545.6
47760.9
47781.4
47818.4
48044.4
48179.2
48436.8
48500.7
48908.2
49165.9
49320.8
49328.5
49552.5
49583.1
50088.5
50222
50717.2
50905.9
50914.3
50978.5
51000.6
51007.6
51126.3
51616.9
51981.2
52205.1
52790.9
52831.6
53127.4
53727.2
53784
53960.7
54081.2
54322.4
54393.1
54705.9
54766.4
54970.3
54982.2
55087
55103.8
55259.1
55358.2
55410.3
55423.9
55465.1
55825.6
56059.6
56185
56446.2
56466.7
56478.3
56720.1
56785.8
56903.4
57249.7
57307.7
57506.5
57662.2
58161.9
58447.8
58846.6
58954.7
59216.5
59605.3
59646.4
59698.6
59804.7
60148
60374.4
60945.8
60970.5
61015
61403.9
61740.6
62007.6
62198.2
62277.5
62408.8
62415.3
62544.2
62674.4
62803.9
63232.7
63355
63779.2
63889.3
63930.1
64702.4
64778.6
65073.3
65360.8
65530.6
65908.4
66272
66313.9
66728.4
67193.3
67378.8
67512
67600.8
67944.9
68168.3
68193.8
68542.9
68698.3
68811.9
68828
68935.3
69040.5
69340.2
69641
69787.7
69839
69851.9
70149.9
70208.2
70352.2
70502.5
70555.8
71567
71937.1
72198
72776.3
72868
73176.3
73383.2
73792.3
73917.5
74055.2
74105.8
74276.8
74426.7
74746.7
74935.1
74960.5
74997.2
75074.2
75221
75316.4
75506.4
75663.7
76112.3
76189.1
76238.2
76452.1
76608
76987.9
77067.8
77206.7
77383.2
77639.8
78981.1
79462.7
79505
79635.4
79880.6
80021.8
80339.3
80530.4
80624.4
80632.8
80686.6
80766.1
80953.8
80985.2
81180.2
81185.2
81334.8
81409.1
81437.6
81656.6
81791.1
81798.1
81985.7
81979.1
82049.1
82127.9
82122.5
82150.3
82375.2
82473.1
82662.7
82700.2
83069.4
83360.9
83373.3
83485.1
83514.1
83848.2
84357.2
84552.4
84560.1
84591.6
85130.3
85396.1
85468.9
85471.2
85798
86196.7
86281.4
86319.5
86400.2
86406.2
86481.9
86603.7
87092.7
87123.7
87880.6
87944.7
87952.3
87982
88234.3
88433.9
88504.7
88721.5
88887.7
89129.2
89218.9
89241.8
89307.7
89350.4
89398
89558.8
89580.9
89810.1
89816
89940.6
90109.2
90402.9
90577.6
90581.4
90788.6
90912.8
91099.1
91742.2
91815.4
92085.2
92182.1
92202.3
92554.5
92622.8
92634.3
92662
92658.8
93003.1
93546.2
93689.3
93718.9
93903.9
94025.6
94354.9
94479.9
94729.3
94783.8
94842.1
94969.8
95070.3
95312.9
95349.6
95664.3
96316.8
96610.3
96793.5
97067.4
97140.2
97258.1
97423.5
97667.3
97998.1
98430.3
98456.8
98712.4
98755.6
98851.7
99064.2
99347
99372.8
100527
100670
100790
101012
101023
101044
101086
101378
101531
101693
101738
101771
101906
102246
102349
102385
102405
102647
102663
102708
102866
102900
103110
103132
103135
103356
103450
103515
103614
103756
103899
103994
104060
104130
104258
104342
104410
104709
104752
104889
105040
105138
105296
105362
105518
105552
105828
105902
106177
106377
106410
106475
106605
106650
106690
107870
108146
108285
108353
108577
108666
108934
109213
109737
109796
109943
110111
110171
110182
110269
110355
110532
110587
110641
110740
111079
111084
111539
111685
112329
112647
112642
113467
113660
113716
114095
114287
114481
114601
114982
115528
115754
116347
116600
116699
117112
117276
117418
117518
117957
118008
118163
118212
118244
118334
118690
118746
118840
118997
119121
119217
119394
119672
119917
120028
120135
120207
120233
120394
120555
121130
121217
121331
121508
121560
121619
121694
121730
121906
121943
122179
122210
122464
123125
123215
123536
123825
124143
124150
124169
124280
124608
124638
124891
124905
124939
125389
125403
125927
126073
126087
126109
126119
126238
126430
126511
126514
126547
126640
126877
127126
127382
128034
128107
128563
128565
128690
128745
128978
129455
129470
129503
129801
129819
130061
130080
130342
130436
130585
130828
130889
131121
131291
131404
131449
131711
131860
132907
133140
133347
133585
133675
133844
133973
134210
134218
134331
134592
134671
134810
135680
135973
136021
136486
136512
136789
136998
137095
137219
137670
137688
137865
138032
138131
138214
138350
138467
138667
138671
138838
138944
138976
139164
139259
139263
139528
139692
139839
139952
140158
140294
140356
140400
140695
140776
141222
141295
141589
142108
142472
142590
142612
142657
142857
142943
143035
143102
143699
143992
144022
144074
144525
144675
145014
145143
145210
145318
145347
145368
145461
145661
145833
145833
145991
146018
146079
146086
146103
146090
146200
146226
146430
146571
146939
147007
147986
148191
148468
148495
148521
148675
148763
148896
149013
149158
149192
149275
149512
149548
149587
149632
149994
150066
150224
150354
150356
150517
150542
150715
150776
150805
151228
151254
151308
151318
151358
151439
151596
152206
152427
152587
152960
153058
153283
153297
153758
153775
153910
153917
154037
154129
154142
154458
154708
154816
155434
155520
155729
155992
156125
156230
156275
156495
156620
156892
157072
157335
157673
157677
157830
158206
158232
158270
158393
158475
158528
158682
159059
159226
159357
159523
160028
160281
160412
160502
160577
160659
160726
160753
160747
160953
161156
161161
161374
161521
161599
161668
161686
161725
161799
162040
162174
162250
162254
162276
162473
162573
162745
162756
162816
163267
163336
163369
163435
163532
163781
163793
163806
164023
164035
164077
164083
164193
164205
164505
164835
164910
164921
165051
165069
165111
165288
165502
165591
165635
165710
165735
166137
166166
166454
166459
167084
167108
167352
167585
167646
167793
168113
169262
169285
169347
169406
169713
169741
170347
172014
172165
172189
172549
172564
173020
173781
174006
174021
174081
174295
174392
174764
174867
175525
175528
175573
175665
176064
176098
176186
176306
176334
176506
176785
177058
177102
177171
177309
177632
177764
178156
178778
178939
179207
179347
179695
180110
180373
180964
181249
181247
181607
181749
181896
182491
182662
182905
183258
183297
183395
183575
183722
183943
184153
184202
184243
184477
184549
184668
184871
185181
185367
185415
185755
185801
185906
186050
186254
186275
186349
186396
186666
186964
187343
187590
187905
188133
188478
188618
188892
189061
189367
189495
189532
189649
190200
190444
190517
190594
190642
190700
191023
191108
191780
192050
192083
192181
192840
192860
193427
193534
194118
194122
194130
194178
194505
194509
194606
194713
194712
194749
194943
195010
195143
195427
195693
195794
195881
195937
196047
196211
196248
196349
196475
196578
196728
196767
196777
196988
197295
197539
197771
197774
198120
198273
198474
198487
198711
198873
198957
199160
199174
199662
199762
199885
