412.26
619.38
927.66
1071.71
1223.71
1293.1
1620.32
2487.09
2742.37
3067.42
3605.78
3635.88
4215.6
4220.03
4557.63
5029.74
5154.78
5162.25
5373.55
5924.1
6012.7
6781.7
7049.14
7481.86
7574
7606.22
7735.49
8483.56
8550.44
8686.01
8888.89
8968.35
9244.97
9734.33
9948.87
10024.4
10089.9
10143.3
10382.3
10640.5
10932.4
10964.7
11043.5
11592.1
11846
12501.5
12945.9
13012.1
13033.5
13152.6
13233.9
13341.5
13662.8
14277
14715.4
15057.3
15183.2
15557.6
16100.5
17254.8
18111.8
18237
18306.8
18527.6
18783.9
18866.9
19025.1
19055.8
19436.4
19467.9
19785.8
19827.9
19903.3
19958.4
20446
20737.6
21082
21528.5
21665.1
21946.9
21967.6
21986.2
22243.5
22535.6
22564.6
22616.8
22950.5
23035.5
23274.3
23613.8
24154
24347.4
24892.6
25963.8
26258.7
26326.6
26716.8
26743.7
26965.2
27112.6
27167.1
27332.9
27452.9
27714.7
27755.6
27783.8
28179.6
28274.5
28407.2
28672
28808.6
29135
29153.4
29430.1
29708.6
29946.4
30235.6
30367
30394.2
31198.7
31207.4
31344.3
31523.7
31583.1
31812.9
32095.9
32241.7
32958.1
33018.9
35332.2
35933.1
36226.9
36478.6
36548.2
36650.8
36688.2
37131.1
37254.6
37277.4
37311.7
37585.1
37691.3
37961.4
38101.8
38454.8
38639.5
38663.9
38687.3
39404.8
39595
39809.6
39917.2
39978.3
40313.6
40495.2
40659.8
40704.1
40912.2
40930.2
41112.1
41326.1
41498.3
42131.9
42498.5
43032.7
43208.4
43215
43496.6
43916.6
44073.6
44188.1
44380.6
44601.1
44934.6
44977.5
45292.5
45402.4
45530.1
45576.2
45777.5
45798.1
46180.7
46249
46499.9
46848.9
46935.1
47099.3
47238.1
47252.6
47529.2
47664.6
48001
48395.9
49058.7
49918.3
50082.2
50125.7
50173.4
50262.6
50294.7
50323
50631
51132.3
51232.8
51754.2
52102.8
52350.1
52554.7
52678
52797.7
53212.2
53288.4
53543.3
53596.8
53731.3
53762.7
53841.5
54129.5
54261.8
54455.9
54475.8
54516.1
54766.3
54850.8
55172
55265.4
55274.6
55355
55483.2
55672.3
55711.3
55956.5
56070.7
56125.2
56271.7
56303.2
56315.2
57041.9
57042
57170.4
57613.1
57728.7
57813.1
57894.1
58343.1
58454.1
58912.9
59232.4
59662.6
60254.9
60709
61400.6
61425
61618.3
62367.1
62504.6
62897
63082.1
63417.7
63679
63694.1
63750.5
63993.2
64038.7
64046.4
64260.4
64504.8
64607.8
64975.9
65063.1
65585.9
65696.9
65766.4
65780.1
65834.6
66405.2
66440.7
66507.8
66732.4
66920.3
67214.1
67710.8
68147.4
68458.1
68499.5
68703.2
68795.6
69074.2
69177.5
69200.7
69475
69504.2
69505.6
69738.1
70292.7
70367.4
70456.7
71105.9
71349.5
71410.3
71463.1
71822.1
72452.7
72713.9
73108.1
73111.8
73588.1
74130.6
74193.8
74471
74520.6
74647.3
74862.6
75045.8
75128.1
75151.4
75567.9
75711.6
75725.8
75877.4
76042.7
76074.4
76082.6
77059.8
77285.7
77700.3
77784.5
77786.8
78030.5
78052.6
78925.3
79309.4
79548.4
79650.6
79880.8
80037.9
80125.1
80591.6
80798.9
80859
80915.3
81081.6
81134.2
81499.8
81605.2
81708.2
81789.3
82311.9
82352.6
82576.8
82663.4
82855.8
83871.8
84315.5
84331.1
84480.1
84828.2
84893.5
85525
85917.3
85907.6
86413.7
86645.1
86679.1
86718.5
87005.5
87157.5
87195.4
87670.4
87823.8
87857.5
88125
88371.4
88583.9
88788
89170.3
89479.3
89706.7
89819.2
90306.9
90733.2
90744.4
90751.9
90987.9
91019
91219.6
91469.7
91490.6
91768.7
91839
91938.4
92367.6
92511.6
92552.8
93122.7
93880.9
93893.4
94182.2
94184.8
94712.5
94731.4
95209.5
95248.5
95389.4
95956.6
96269.6
96873.6
98186.4
98225.4
98414.6
98585.7
98630.7
98784.8
98886.1
98998.1
99306.4
99629.1
99648.9
99694.5
100095
100258
100266
100446
100459
100608
100996
101333
102421
102548
102705
103046
103087
103170
103378
105439
105439
105663
105876
106129
107331
108033
108828
109045
109041
109321
109710
110726
111162
111537
111873
111911
112570
113278
113491
113594
113784
114497
114513
114654
115047
115196
115377
115374
116109
116160
116331
116373
116402
116654
117267
117465
117524
117614
118132
118161
118205
118497
118510
118734
119089
119459
120793
121037
121351
121693
122128
122511
122711
123521
123629
123705
124372
124833
124932
125057
125218
125309
125351
125409
127527
127852
127902
128111
128513
128548
128695
128895
129001
129035
129121
129151
129624
129743
130155
130594
130836
130890
131076
131262
131465
131797
132320
132495
132751
132934
133189
133503
133543
133807
133857
133869
134077
134165
134265
134436
134714
134851
134894
135522
135795
135920
136009
136198
136292
136339
136493
136703
136760
136940
137237
137283
137754
137803
137878
137936
138414
138502
138504
139285
140485
140948
141324
141353
141924
142288
142897
143238
143567
144069
144650
144959
145069
145099
145337
145522
145601
145779
145961
146046
146721
146776
147732
147742
148050
148148
149125
149435
149495
150121
150205
150250
150738
151778
152330
152512
152540
152574
153273
154222
154859
154911
155220
155349
155727
155810
156052
156389
156515
156748
157061
157244
157304
157494
157510
157533
158386
158865
159408
159644
159885
161906
162304
162590
163896
164107
164356
165836
166145
166400
166515
166569
166942
166963
167077
167675
168571
168795
169002
169517
170140
170779
171218
171279
171682
171890
172000
172214
172257
172622
172834
172839
173036
173362
173847
173859
174092
174291
174588
174759
174813
175234
175347
175452
175473
175563
176137
176644
176809
177081
177270
177285
177460
177916
177938
177943
178394
178419
178630
178712
178988
179134
179279
179671
179726
180599
181189
181725
181870
182120
183009
183030
183291
183378
183397
183810
184064
184442
184564
184591
184661
184890
185157
185187
185216
185323
185343
185375
185586
185625
185765
185978
186805
187135
187462
187585
187969
188155
188728
189214
189232
189379
189662
189721
190052
190754
191060
191690
191884
192660
193735
193863
193924
194556
194704
194867
195208
196111
196175
196405
196427
197082
197291
197306
197360
197439
198023
198318
198348
198467
198553
198852
199662
199799
