147.29
1109.99
1665.35
2146.15
2891.88
3314.42
3980.09
5361.36
5771.12
6499.57
6599.24
7093.31
7307.81
7683.27
8330.87
8605.9
9755.6
10481.2
12950.7
13926.3
16135.1
18558.9
19882.1
21345.9
22686.9
25205.9
26370.5
28680.6
29857.8
34027.1
36676.3
36873.6
37903.8
39057.9
39893
40962.4
44312.2
44681.8
47951.7
51387.1
51898.3
52149.5
53819.7
54546.8
54826.9
57303.2
61407.6
64917.8
65721.1
66655.1
70623.3
72523.1
73928.8
75084.9
75337.8
76780.2
79027.1
79609.9
82416.9
82643.3
86086.9
86246
89632.5
91606.7
91669.5
91750.5
93256.5
94431.4
95247.3
95577.2
96311.2
97435.9
