171.84
315.31
364.33
1986.79
2118.24
2729.57
3202.36
3524.61
4129.43
4821.51
4854.84
5609.44
5846.19
5888.01
5907.31
5973.87
6230.32
6396.39
8010.42
9141.39
9543.19
9709.85
10182.8
10625.7
10719.6
11868.5
11946.8
12144.1
12280.4
12499.7
13468.5
14121.6
14569.5
15217.2
16555.9
16728.5
17579.5
17645
18870.8
18970.8
19779.2
19869.5
19961.2
20232.3
22011.9
22025.8
22194.3
22356.5
22531
22710.7
22936.9
23301.5
23537.5
23555.8
23930
24032.4
24476.8
25354.1
26775.2
27228.9
27730.9
29785.4
30758.3
31228.9
31438.6
31976.9
32375.7
32416.5
33623.7
33964.5
34197.2
34331.6
34554.3
34647.8
34775.6
35157.7
35556.7
35600.5
36642.9
36665.4
36888.2
36942.5
38011.7
38901.5
39721.8
40471.6
41064.7
41122.1
41361.6
41951.2
43069.8
43155.3
44156.6
44220.6
44438.6
45673.1
46323.4
46539.5
47748.1
47776.4
48666.7
48693.9
50591.4
51028.5
52552.7
53606.7
53678.8
53766.1
53946.8
54214.6
54810.3
54861.4
55099
55436.7
55686.9
55879.8
55941.5
56451.7
56595.9
56913.3
57017.3
57845.9
58055.7
58683.9
59121
60114.3
60934.4
61506.7
61931.4
62439.1
62769.9
64212.8
64497.7
66591.2
67305.3
68978.5
69557.3
70029.8
70080.1
71070.4
71209.3
71425.1
71997.7
72530.2
72945.2
72975.1
73168.1
73500.3
73914.2
74034.2
74672.2
75351.5
75500.1
75522.4
75831.2
76190.5
76651.7
77332.8
77454.9
77703.7
78192.5
78713.3
79760.8
79783.9
80918.8
81441.5
81933.8
82601
82950.7
83879.4
84815.1
84977.6
85261.6
85788.1
85875.9
86109.1
86518.6
87596.5
87612.2
88299.5
88646.3
89051.3
89706.7
90329.6
90439.1
92750.5
93133
93240.9
95142.4
95258.8
95466.3
95893.8
96088.4
97519
98863.6
98966.9
99598.9
100212
100591
100802
100993
101125
101219
101215
101632
101940
102452
103426
103829
104322
105057
105633
105696
105814
106697
106861
106885
107350
107578
107795
108078
108205
108449
108559
108902
109242
109397
109580
109603
109962
111028
111867
112079
112224
112520
112555
115552
115576
116303
117627
118048
118524
118925
120221
120304
120323
120641
120671
120751
121197
121588
122785
123315
123956
123962
126487
128198
128840
129769
130643
130675
131473
131777
131900
132400
132691
133050
133560
133592
133619
134546
135297
135530
135865
136541
136952
139705
139780
139830
139871
140846
141927
143439
145143
145479
145620
146361
146879
147035
147320
147814
147842
148852
149022
149700
149969
150405
150856
150966
152346
152380
152462
152735
153031
154410
155232
156343
156457
157359
158050
158319
158833
158988
158979
159067
160975
161460
161652
162633
163334
164013
164132
164501
165164
165472
165551
165613
165671
165793
166046
166362
166381
167429
168600
168726
169261
169243
169407
169422
169918
170322
170568
170905
172003
172094
172364
173199
173928
174031
174250
174493
174863
175768
176754
177860
177907
178565
178994
179251
179405
179424
179789
180541
181162
181335
181394
182508
182773
183880
184558
184630
184943
185222
185657
185958
187294
187860
187911
188155
188357
189116
189316
190156
190536
192455
192995
193545
193780
193961
194048
194541
194972
195586
195594
195711
195732
196145
196130
196630
196676
197045
197175
197718
198049
198372
198574
198631
199141
199884
199986
