152.15
173.07
1746.41
2309.77
3069.31
3313.64
3635.19
5707.84
6290.99
6557.35
8948.57
9802.79
11950.6
14427.8
15330
18100.3
19431.7
19649
19862.5
20473.1
21785.9
22182.1
22652.8
22774.4
23398.5
24069.1
24878.8
25379.8
26438.4
27571.3
29627.5
30616
31219.9
31408
32068.9
32241.5
32703.9
34042.3
34713.7
35189.1
35379.7
36508.5
36700.9
37513.2
39467.6
39981.7
40065.5
40863.7
41027.7
43869.9
44035.1
44042.6
46083
47327.8
47581.9
48504.6
49782.7
50349.3
51427.7
51576.7
51992.2
53806.8
54614.3
54988.1
55553.7
56764.9
58801.9
59684.8
60349.2
60687.7
60753.7
61339.2
61555
61643
62135.5
62590.4
62977.7
65478.9
66378.5
66744.6
67695
69252
69733.9
70819.6
71355
72080.6
72362.5
72809.5
72852
73067
73715.6
74064.6
74180.9
75136.5
75365.2
75624.2
76970
78457.4
78880.5
80507.8
81351.8
82325.2
83033.9
84681.1
85126.2
85222.8
85559.3
85715.4
85891.6
87295.4
87351.6
88238.2
90310.2
91294.8
93425
93649.8
95032.6
95637.2
96835.1
98483.2
98583.2
99998.5
100117
100373
100591
100592
101218
101769
101954
102302
104672
105471
107161
107729
108128
108337
109266
109659
110223
110591
111031
111612
111711
112382
112487
113358
114296
115386
115904
116176
116832
117312
118264
119664
119857
120509
121441
122325
122576
122667
123093
123209
123649
126217
129557
131219
132564
133002
133348
133403
133626
134285
135723
136245
138883
139632
140679
143160
143808
143925
144929
144990
145352
145479
145881
147042
147202
147387
147507
148509
148710
149194
149630
150143
151880
152385
153743
153993
154718
155683
157833
158162
158574
158676
158805
160213
161036
161533
163209
163238
163703
164226
165516
166145
168309
168475
168808
170406
173818
174334
174363
174412
174766
174843
175310
175332
176146
176774
178426
178539
178735
179170
179442
180289
181101
181230
181315
184255
185136
185906
186855
187904
188454
188745
189595
189916
190350
190398
192206
192487
192707
193806
194687
195020
195379
195407
195451
196017
196385
196518
196902
197058
197411
198039
199556
