737.95
858.12
862.55
906.4
1057.55
1137.07
1320.46
1361.61
1666.06
1671.5
1740
2107.16
2388.03
2539.43
2626.15
2746.96
2897.39
2935.35
3135.44
3195.35
3910
4634.73
4695.99
4695.56
4967.89
5932.89
6034.44
6061.26
6136.1
6193.99
6446.94
6926.45
7058.59
7187.27
7434.22
8091.04
8311.1
8604.15
8747.84
9024.67
9098.61
9108.4
9318.28
9630.73
9737.1
10045.3
10088.6
11242.8
11474.6
11534.5
11749.2
11788.4
11978.8
12106.7
12130.4
12270.9
12418.3
12469.7
13124.3
13440.5
13454.3
13642.1
13776.9
14101.6
14156.9
14271.8
14305
14664.2
15266.5
15391.3
15621.6
15794.3
15873.5
16005
16227
16281.8
16466.3
17063.8
17350
17780.8
18138.3
18250.7
18269.1
19568.4
19705.9
20654.2
20756.1
20776.4
20875.6
20885.8
20996.1
21106.6
21119.2
21282.1
21319.7
21441.9
21488.2
21499.6
22009.2
22321.2
22454.3
22989.2
23267.7
23540.8
23633
23838.6
23845
24303.1
24434.2
24455.9
24726.8
24829.7
25106
25245.5
25246.7
25292.1
25532.1
26171.2
26399.9
26596.7
26970.2
26992.6
27325.7
27830.8
28014
28274.8
28332
28495.7
28895.2
29193.2
29729.8
30142.6
30263.5
30441.9
31029.9
31031.1
31123.7
31245.6
31600.8
31759.7
32052.7
32157.2
32213.4
33525
33895.3
34000.2
34525.9
35123.1
35667.8
36233.3
36504.2
36520.9
36882.4
37134.9
37279.3
37934.4
38268
39076.1
39482.6
39523.4
39563
39973.8
40348.5
40644.6
40722.9
40948.6
41005
41090.8
41510.6
41615.1
41715.6
41829.3
41909.4
42517.1
42557.3
42729.6
42806.8
43027.6
43199.1
43279.4
43395.7
43604
43605.7
43922.7
44141.5
44347.9
44961.8
45273.1
45452.8
45735.3
45832.2
46299.2
46391.3
46470.6
47256
47314.2
47458.6
47907.7
48077
48197.9
48998.1
48998.2
49320.9
49560.1
49645.9
49675.9
49906.1
49960.8
50135.4
50257
50528
50550.9
50990.2
51351.6
51408.6
52180.9
52374.9
52666.1
52717.4
53307.2
53526.7
54243.6
54522.8
54731.1
55016.5
55472.6
55658.8
56016.2
56036.5
56520.5
57157.8
57412.7
57445.8
57545.8
57556.5
57703.7
57703.9
57783.8
57834.8
57971.1
58153.6
58809.7
59072.1
59112
59577.2
59634.5
59887.6
60696.6
60720.2
61052.5
61350.3
61406.9
61533.5
61545.7
61728.5
61788.6
62312.5
62593.1
62779.1
63557.5
63643.5
63790.7
64255.2
64427
64747.4
64814.5
65128.9
65177.1
65438.7
66390.6
66516.5
66835.5
67188.4
67299.4
67527.8
67687.9
68467.2
68538.2
68720.8
68819.1
68920
68933.4
68932.5
69438.8
69580.4
69843.4
69975.4
70444.2
70559.4
70901.8
70980.2
71402.3
71716.2
72260.3
72584.4
72690.5
72728.4
73441.1
73649.9
76538.9
76550.4
76593
76934.4
76971.6
77038.8
77326.8
77393.6
77461.3
77540.4
77617.7
77836.2
78083.8
78383.7
78398.9
78425.6
78473.3
78508.8
78632.9
78968.5
79006.4
79244.5
79289.8
79563
79872.4
80218.8
80555.8
81093.3
81321.4
81597.8
81678.7
82014.7
82044.1
82242
83180.4
83218.1
83363.8
83751.4
83807.8
84403.9
84474.4
84555.8
84664.2
85030.3
85030.4
85118.4
85202.5
85218.2
85241
85505.1
85578.4
85612.2
85693.1
86020.7
86173.4
86211.8
86532.3
87219.3
87424.6
87899.6
88905.5
89171.3
89405.4
90451.2
90872.6
91473.3
91710.3
91952.4
93318.5
93923
94381.9
94429.6
94742.6
94755.2
94965.8
95041.5
95056.6
95151.2
95308.1
96310.5
96355.6
96604.2
96846.2
97175.1
97431.7
97903.6
98694.4
98987.1
99190.2
99442.7
99468.1
99531.8
100133
100498
100553
100710
100801
100972
101079
101351
101763
102027
102043
102064
102187
102203
102242
102408
102580
102609
102631
102814
103073
103066
103089
103510
104540
104701
104756
104863
105215
105220
105385
105499
105515
105721
106668
107259
107454
107795
107834
108035
108958
109065
109166
109287
109433
109587
109743
109733
110013
110121
110540
110734
110864
111681
111772
111894
113572
113846
114048
114331
114382
114446
114535
114612
114622
114928
115013
115374
115588
116083
116366
116788
117432
117465
117674
117920
118380
118431
118936
119373
120527
120622
121362
122040
122179
122267
122909
122957
122975
123203
123223
123865
124038
124272
125059
125236
125454
125640
125884
125974
126069
126327
126472
126972
127145
127215
127685
128033
128227
128784
129069
129351
129416
129492
129513
129854
130059
130223
130379
130599
131016
131279
131413
131406
131863
131913
131914
132184
132223
132235
132305
132432
132518
132546
132848
132976
133129
133241
133446
133514
133608
133737
133780
133948
134458
134842
134959
135483
135541
136399
136456
136502
137021
137025
137284
137582
138066
138198
138187
138295
138324
139631
139905
140033
140077
140279
140560
140559
140726
140953
140989
141649
142402
142539
142799
142862
143369
143679
143832
144138
144959
145181
145268
145687
145794
146253
146273
146329
146533
146658
146665
146835
146906
147168
147334
147441
147863
148131
148853
149228
149225
149812
149873
150146
150181
150388
150553
150896
151337
151597
151787
151776
151930
152671
152813
152938
153023
153498
153870
154245
154467
154597
155240
155366
155661
156015
156213
156851
157735
158069
158151
158202
158215
158532
158634
158752
158853
159262
159836
160030
160076
160281
160800
161484
162390
163172
163377
163406
163554
163695
163684
163955
164268
164295
164550
166039
166202
166382
166402
166887
167610
167734
167960
168327
169092
169324
169423
169625
169816
170071
170350
170469
170634
170839
170982
171228
171246
171397
171756
172396
173238
173593
174011
174175
174288
174297
174888
175117
175473
175521
175786
175871
176142
176133
176320
176369
176575
176687
176914
177325
178188
178570
178616
178906
179240
180170
180448
180482
180573
180749
180903
181415
181430
181487
183861
184122
184272
184585
185052
185229
185666
185717
186083
186275
186508
186947
187078
187409
187695
187775
187902
187909
188454
188566
188601
188818
189090
189361
189664
189695
190154
190386
190615
190709
190723
190839
191310
191293
191377
191442
191467
191647
191752
191831
191953
191983
192142
192585
193013
193395
193867
194699
194838
195408
195714
195921
196096
196132
196419
196586
196637
196937
197188
197223
197339
197541
197809
197837
198051
198399
198552
198650
198763
198867
199013
199174
199608
