1234.33
1786.35
1829.2
1924.02
1987.7
3399.82
4004.54
4208.51
5140.43
6431.79
6459.36
6468.13
6801.48
6861.21
7133.61
8088.76
8270.53
8652.7
8827.05
9151.4
10042.5
11391.9
12095.5
12196.4
12263.1
12694.8
12768.4
13122.1
13242.8
14760.3
14869.4
16524.6
16984.2
17205.7
17809.3
18191.8
18764.9
19303.7
19647
20148.1
20475.6
20741.8
21406.7
22792.8
23803.7
24202.5
24721.2
26951.7
27029.6
27630.4
27653.4
27731.8
27951.7
28235.7
28445.9
29867.4
31417
31555.4
31832.3
33557.3
34739.8
35194.9
35735.5
36185.9
38480.4
39127.7
39785.5
40283.4
40293.1
40346.8
40578
40851.4
43986.8
44942.1
45394.3
45719.8
47057.3
47174.3
49190.8
49293.1
50336
50473.7
50952.2
51308.5
51528.7
51605.2
51665.5
52811.9
53620.6
54020
54084.6
54396.5
54484.7
55251.4
55556.6
56077
56931
57354.1
57809.6
58070.1
58729.9
59168.7
60932.6
61201.3
61631.7
62030.6
62406.1
62535.2
62897.3
62998.1
63024.4
63742.6
65148.8
66169.9
68008.4
68265
69000.6
69522.8
72751.1
72991.8
73123.1
74048.2
74438.9
74439
74779.8
75656.4
75687.7
77536.1
78668.3
78880.8
78975.5
79737.3
79771.8
80121.4
80201.3
80663.1
80949.9
82765.8
83758.3
84205.9
84216.8
84318.9
84683.3
85136.1
85174.5
85419.3
85572.3
85999.3
87755.7
87770.7
87899.7
88127.6
89543.6
89813.4
90546.3
91361.7
91615.7
92066.6
92418.3
92859.3
94044.5
94821.8
94898.1
95023.8
95299
95309.2
96314.4
96807.6
97907.1
99256.7
99592.2
100955
101261
102089
102290
102461
102578
102854
105115
105847
107877
108552
108645
108996
109432
109957
110148
110260
111321
111681
112711
113445
114582
115339
115802
116518
119164
119579
119678
120052
120601
120917
121885
122190
122600
122718
124283
124358
124789
125225
125328
125452
126116
126193
126316
126876
127113
127431
127971
128606
128789
128998
129106
129137
131146
131443
132811
132975
133267
133573
134463
134501
135383
136154
136305
137398
138034
138127
139560
140105
141211
141849
142422
143180
143306
144367
145239
145704
145831
148528
148611
148701
149335
149761
149857
151318
151385
151841
152814
153372
154011
154818
156956
157630
157755
157843
158195
158505
159116
159375
159658
160271
160757
160889
164171
164580
164866
167114
167468
168657
170943
171047
171647
171927
172008
173619
173628
174406
177053
177720
177777
179019
179273
180209
182909
183318
183367
183755
183856
183939
184736
184816
185423
186233
188662
189678
189906
190707
191270
192794
193602
194013
194320
195557
195805
195933
196245
196689
198832
