3492.79
4676.25
7946.86
8113.74
9405.75
10175.9
10857.4
11949.2
14189.7
16439.7
17331.2
17332.6
18761.5
18877.4
29578.8
34478.6
35830.1
38703.9
42281.1
44801
46752.3
47047.6
48935.7
49056.5
51615.1
52731.5
53956.3
55766.3
57057.1
57851.4
58591.6
59417.5
59741.7
60673.5
66013
66077.3
67725.9
68147.4
68710.4
69336
70137.9
72449.5
73248.9
73845.8
73897.2
74726.7
76364.7
77047.5
78826.8
79643.3
80884.3
81145.6
81169.2
81564.3
82607.7
83575.7
83861.1
84554.6
84996.3
85618.1
87627.4
88613.3
89138.5
89749.5
90131.9
90378.8
91611.3
92477.3
95663.8
95988
98907.7
101581
102211
103395
103924
104140
105330
107600
108895
110106
111166
111232
114344
115535
116675
117273
119359
119623
120500
120955
121137
122706
125394
126537
128527
130168
130619
135312
136697
137533
139613
140311
140540
140647
140704
141822
142881
143097
144496
146465
147189
147269
147628
147946
148919
149182
149488
150699
151902
152018
153776
154430
154545
157217
157366
158032
158027
158229
159399
160261
161409
162080
162322
162706
163298
163697
165374
168459
169768
170405
170656
171019
171173
171694
172004
172780
173037
173753
176503
178685
181137
182313
185070
185288
186291
188929
189339
189552
190681
192639
193344
193833
193969
196026
196644
197569
198045
199503
199533
199729
