695.97
971.05
3352.31
3681.87
4038.02
4574.94
4904.43
6247.04
6636.87
6737.84
6959.24
7635.15
7638.22
7890.45
8073.61
9016.16
9768.82
10119.7
10480
10954.2
11093.6
11116.5
11181.5
11197.3
11283.5
12020.7
13605.4
14957.7
15920.2
16298.8
16920.7
16963
17010.9
17323.2
18121.1
18415.5
18637.4
21288
21308.2
21433.3
22137
22387.6
23579.4
23747.7
24174.8
24255.4
24859.6
25655.8
26697.6
27509
29029.7
29353.7
29931.9
30544
31953.5
32160.5
32581.7
33023.8
33087.4
33803.7
34086
34362.2
34698.7
35185
37293
38187.3
39898.6
40017.8
40121.3
40361.6
40557.8
41737.7
42044.2
42532.5
42719.3
43472.9
43782.3
44264.8
46105
46396.7
46416.5
46646.9
46997.9
47472.7
48592.9
48920.9
49000.2
49038.3
49366.9
49375.4
49788.6
50984.4
50990.8
51288.9
51375.1
51836
51930.4
51954.1
52232.1
52399.9
53605.4
54971.3
55621.2
56417.9
56935.9
57607.7
57740.2
58142
58618.3
58793.3
59061.6
59523.3
59907.1
60022.6
60045.8
60248.5
60487
60720.1
61422.4
62504.3
62736.1
63420
63929.9
64025.6
65161.7
65190.1
65738.3
65757.5
66005.1
66718.1
66841
67438.1
67452.6
67772.4
67804.3
68335.3
69213.5
70566.9
70832.7
71093.8
71731.5
71814.6
72043.9
73446.3
73703.5
73774.3
76243.7
76260.3
76696.3
76905.1
76959.9
78344.3
78550.9
79021.1
79270.4
79274.9
79345
80854.9
81431.8
81705.5
81852.9
82136.5
82917.9
83015.2
83412.1
83474.5
83579.4
83829.5
84401.9
84456
84533.9
85413
85713.5
86131.8
86455.2
86560.5
87183
88394.6
88502.4
88880.4
88955.5
89881.5
89900.9
89965.8
91499.9
91762.2
92649.7
92959.4
93229.5
93262.5
93788.8
94509.9
95051.6
95263.6
95325.6
95542.7
95751.6
96084.8
96471.1
97924.7
98534
98583.4
99751.2
100182
100854
101318
101836
102815
103289
103293
103833
104295
104772
104956
105040
105226
105291
106149
106229
106529
106772
106943
107620
108365
109379
109863
109917
110126
110175
110219
110867
111304
112028
112839
112882
113313
114048
114407
114608
114982
115214
116087
116561
117241
118523
118955
119322
119783
120222
120666
120759
120852
120929
121158
122319
122539
122864
123635
123662
123690
124081
124263
124498
125237
125562
125844
125848
126212
126306
126848
126933
127106
127854
128375
128959
129451
129983
130346
131255
131679
132784
134532
136346
137196
137282
137474
137913
138017
138213
139399
139711
140328
140382
140616
141944
142554
142701
142935
143107
143187
143513
143540
144526
144883
146250
146358
146590
147145
147222
147361
147582
147796
148063
148558
148814
148857
148937
149793
150677
151347
151332
151739
151762
151919
152940
153365
153458
153624
154414
155180
155390
156176
156234
156660
156908
157238
157781
158389
158653
159285
159340
159453
159933
160010
160065
160316
160927
160929
160946
161701
161756
161772
161934
162213
162318
162614
162644
163557
164342
164467
165129
166959
166986
167185
168235
169416
170107
170296
170691
170975
171365
171910
172054
172514
172929
173616
173735
173754
174679
174749
175859
176157
176258
176798
176966
178564
180368
180886
181483
181622
181946
182182
184497
184505
184750
184759
185533
185813
185918
186499
187018
187081
188418
188585
188705
188971
189258
189343
189744
190262
190565
191073
191169
192005
192318
193133
193143
193279
193369
193484
193516
193978
195271
195633
195908
196257
196444
196515
196894
197415
197801
198273
199115
199135
199616
199723
199772
