626.53
944.23
1195.25
1240.01
1331.44
1415.78
1439.45
1586.02
1606.49
1708.79
2554.54
2870.7
2889.79
3353.13
3454.91
3512.99
3995.15
4037.02
4151.4
4495.96
4533.24
4704.77
4713.52
4747.9
4802.31
4855.16
4996.9
6089.14
6341.04
6525.8
6532.43
6557.04
6628.96
7117.49
7186.43
7316.81
7345.41
7676.23
7715.88
7827.16
7836.51
7884.28
8192.31
8459.99
8817.82
8879.38
9051.14
9372.75
9429.3
9445.32
9713.03
9989.98
10044.8
10152.3
10332.1
10689.5
10734.2
11014.7
11590
11743.5
12671.1
12677.8
12728.8
12854.2
12933.3
12958.6
13089.4
13149.2
13354.1
13380.3
13488.6
13638.6
13881.9
13983.5
14005.6
14271.7
14311.3
14548.1
14748.4
14993.8
15326.8
15342
16273.8
16400.5
16524.1
17027.9
17039.7
17921.7
18021.8
18129.9
18308.6
18547.5
18980.8
19000.3
19079
19263.2
19390.4
19793.2
19849.7
19858.5
19935.1
20026.8
20179.9
20295.4
20396.5
20561.3
20565.8
20904.7
21135.6
21336.2
21597.7
21613.3
21839.5
21871.8
22016.8
22121.6
22368
22481.5
22575.9
22600.5
22662.4
22874.4
22926.1
23021.4
23273
23399.2
23521.8
23751.6
24368.4
24790.1
24978.6
25015.4
25046.7
25376.3
25629.9
25669.1
27281
27283.5
27491.4
27763.7
27923.8
28095
28547.2
28792.2
28803.3
28943.7
28951.4
29192.7
29474.5
29735.9
29896.6
30216
30300
30962.5
31081.9
31222.2
31379.8
31444.7
31472.1
31681.5
31690.8
31769.6
31940.2
32336.9
32669.8
32729
32852
32984.1
33356.6
33709.9
33926.6
33979.8
34249.9
34541.4
34716.5
34778.6
34896.5
35141.1
35403.7
35490
35513.2
35644.3
35703.2
35867.1
35944
36047.9
36346
36459.2
36530
36734.2
36741.8
36746.6
36759.1
36998.3
37118.2
37302
37396.7
37444.1
37509.1
37534.3
37645.2
37696
37912.7
37975.1
38112.6
38322.9
38380.3
38483.2
38554.9
38628.5
38715.8
38776.4
39106.1
39137.4
39173.5
39286.8
39290.4
39584.5
39724.2
39808.9
40454.4
40525.2
40763.4
40804.7
40806.1
40890.8
40930.6
41207.9
41450.7
41627.9
41839.1
42157.7
42177
42195.7
42363.3
42658.9
43155.7
43182.7
43372.3
43926.6
44318.9
44378.5
44420.7
44533.7
44600.2
44621.8
44714.1
44881.2
44980.3
45058.8
45162.9
45345.4
45429.5
45491.9
45494.7
45625.7
45670.1
45705.3
45955.3
46010.1
46261.6
46282.8
46460.5
46610.7
46717.6
47341.9
47747
48650.6
48700.5
48862.5
48929.7
49750.4
49831
50083.1
50101
50108.2
50271.9
50325.5
50363.4
50593.2
50669.6
50766.4
50862.6
50910.1
50943.6
50994.7
51645.8
51709.2
52238.3
52438.5
52833.7
53074
53242.4
53253.3
53312.1
53508.7
53556.2
53614.2
53632.4
53826.7
54276.1
54741.8
54767.8
54807.5
55102.5
55299.3
55396.5
55553.7
55722.9
55807.3
56016.7
56058.7
56312.8
56349.2
56500.4
56574.3
56830.8
56859
56863.7
56963.5
56966.5
57608.7
57641.7
57816.5
58108
58136.7
58422.1
58600.8
58658.3
59288.1
59372.7
60059.9
60112
60423.6
60445.6
60574.5
61094.2
61392.2
62281.8
62589.8
62782.7
62897.3
63046.6
63318.5
63509.3
63549.1
63768.6
64039.2
64345.6
64563.7
64745.4
65429.4
65619.7
66032.9
66052.1
66250
66348.3
66483.9
66559.8
66821.1
67653.7
67982.9
68129.3
68674.9
68907.7
68937
68952.1
68963.6
69079.7
69114
69285.4
69400.4
69609.7
69832.3
69836.4
69845.7
69888.7
70056.9
70157
70443.4
70465.9
70484.3
70645.2
70658.7
70848.4
70855.2
71197.2
71208.6
71404.9
71448.6
71459.7
71525.3
71535.7
71829.2
72099
72256.5
72375
72492.6
72590.1
72930.5
73112.1
73490
73865.1
73903.4
74031.5
74199.8
74227.3
74372.1
74546.3
74562.6
74672.1
74877.3
74935
74952.9
74959.9
75248.1
75345.4
75421.6
75450.4
75553.8
75827.2
75998.3
76084
76134
76281.2
76311.4
76521.6
76586
76775.2
76767.4
76811.4
76863.9
77053.8
77209.6
77287.6
77387.3
77474.2
77854.8
77929.9
77998.1
78203.3
78368.8
78620.8
78663.9
78771.5
79080.7
79120.4
79195.2
79441.6
79999
80118.5
80259.9
80552.3
80581.4
80605.4
80715
80786.9
80851.5
80948.5
80978.3
81192.6
81239.9
81399.1
81443.1
81552.8
81624.5
81741
82088.7
82419.1
82691
82813.1
82996.7
83085.6
83627.2
83634.9
83735.9
83746
83989.6
84019.4
84098.7
84508.7
85197
85214.4
85408.3
85430.6
85590.8
86032.4
86307.6
86486.8
86490.5
87027.1
87028
87187.5
87484.6
87520.5
87601.3
87642.2
87886.1
88115.3
88499.2
88722.4
88817.8
88830.7
88951.8
89066.5
89071
89257.7
89381.4
89498.7
90025.3
90277.6
90412.8
90572
90800.4
90828.7
90931.6
91184.6
91216.3
91593.8
91640.1
91788
92000.5
92289.1
92570.1
92658.9
92903.4
92926.2
93062.8
93748.3
93794.7
93976.1
94037.6
94082.8
94141.6
94153
94240.7
94315.1
94372.7
94582.9
94623.3
94869.4
95356.5
95374.8
95651.9
95681.2
95775.6
96009.5
96194.3
96263.5
96497.3
96678.5
96964.6
97093.4
97108.6
97560.8
97710.8
97812
97825.8
98036
98328.3
98417.7
98694.9
98780
98951.8
99059.6
99358.5
99483.4
100189
100329
100363
100376
100480
100524
100690
100793
101008
101077
101092
101433
101457
101741
101757
101978
102017
102014
102112
102206
102263
102429
102783
102783
102887
103299
103332
103522
103989
104098
104271
104301
104615
104781
104864
105391
105404
105425
106096
106551
107210
107868
108284
108302
108329
108345
108516
108654
108650
108880
109213
109221
109224
109572
109734
110231
110541
111035
111162
111242
111612
111757
112011
112038
112155
112155
112292
112519
112727
112937
113059
113312
113390
113385
113497
114156
114242
114403
114698
114740
114944
114970
115120
115440
116095
116140
116325
116795
117098
117608
117775
117930
118054
118320
118553
118614
118888
119059
119107
119333
119543
119624
120734
121131
121461
121668
121688
121732
122147
122441
122488
122770
122962
124515
124675
124717
125026
125106
125177
125210
125400
125508
125574
125712
125709
125975
126927
126927
127527
127545
127638
127848
128160
128214
128757
129223
129323
129449
129555
129925
130104
130114
130387
130413
130580
130691
130698
130839
130884
131176
131177
131304
131579
131670
132022
132022
132311
132436
132630
132930
132947
133112
133329
133464
133632
133849
134024
134183
134262
134277
134358
134520
135338
135585
135635
135777
135802
135831
135878
136283
136307
136348
136415
136486
136656
136699
136950
137004
137172
137206
137514
137529
137577
137676
137757
137890
138115
138588
138660
138870
138941
139169
139391
140040
140268
140752
140943
141063
141223
141296
141333
141381
141495
141628
141646
141917
142214
142246
142236
142452
142700
142980
143448
143488
143630
143752
143808
144313
144419
144871
144891
145337
145417
145566
145577
145657
145668
145776
145794
145883
146002
146423
146462
146742
146796
146819
147189
147462
147593
147595
147644
147811
148157
148187
148412
148560
149340
149678
149749
149763
149934
150213
150442
150480
150567
151595
152066
152422
152637
152669
153069
153653
153854
154026
154264
154455
155136
155389
155754
155772
155824
155989
156679
156798
157010
157152
157621
157685
158020
158059
158255
158568
158845
158857
159147
159250
159378
159745
159819
159854
159998
160189
161278
161330
162051
162212
162368
162436
162685
162972
164452
165018
165275
165449
165750
165942
166258
166374
166393
166417
166771
167126
167499
167963
168093
168305
168569
168732
169216
169248
169843
169958
170965
171354
171789
171860
172176
172189
172638
172642
172898
173141
173185
173264
173590
173671
173817
173845
174385
174677
174733
175039
175117
175136
175232
175435
175607
175673
175687
175807
175930
176123
176220
176491
176696
176779
176820
176934
176987
177053
177377
177407
177416
177664
177706
177724
177734
177777
177935
177964
178099
178415
178469
178514
178570
178883
178907
179174
179167
179192
179553
179794
180051
180113
180220
180392
180786
181031
181390
181654
181822
181956
181939
181976
181985
182246
182409
182541
182590
183012
183137
183145
183418
183877
183978
184226
184433
184659
184959
185110
185176
185271
185560
185696
185725
186042
186353
186817
186892
186899
187061
187362
187429
187621
187648
188228
188412
188615
188707
189508
189539
189716
189759
189800
190973
191227
191710
191716
191965
192064
192422
192475
192513
192609
192611
192741
193060
193201
193226
193615
193749
194024
194279
194440
194637
194673
194720
195051
195361
195368
196413
196525
196537
196618
196690
196898
197043
197232
197453
197490
197736
197913
198196
198243
198318
198604
198602
198967
199467
199530
199866
199894
