341.69
444.85
467.77
537.71
1394.38
1691.25
1772.1
1827.41
2142.78
2769.56
2931.71
3071.07
3102.65
3265.87
3499.91
3519.91
3625.52
3623.63
3728.81
3823.45
3989.87
3999.85
4395.25
4444.12
4627.09
4638.09
4678.79
4726.22
4919.69
4963.95
5210.68
5223.63
5335.31
5710.02
5749.85
5810.58
6452.56
6477.54
6631.18
6765.34
7298.17
7343.63
7399.5
7711.49
7867.91
8059.44
8188.05
8276.45
8382.16
8466.07
8538.21
8673.19
8757.46
8850.18
8940.59
9142.82
9430.88
9579.87
9795.68
9995.83
10300.1
10315.4
10462.8
10511.6
10651.7
10699.1
10979.8
11214.2
11549.6
12052.3
12157.1
12369.4
12427
12490.7
12706.5
13057.3
13064.7
13128.6
13208.4
13629.6
13661.9
14293
14371.7
14448.3
14679
14860.7
15566.3
15620.9
16643.7
17289.7
17580.7
17791.7
17853.1
17892.2
18011.1
18358.6
18484
18554
18747.4
18871.3
19289.6
19495.4
19548.7
19618.6
19919.1
20194.5
20222.4
20636.1
20730.3
20775.2
21066.8
21348.7
21542
21622.8
21684.3
21695.3
21691.9
21865.2
22066.2
22191.6
22257.6
22613.6
22768
22936
22999.4
23207.6
23378.7
23592.3
23986.7
24111.2
24213
24394.3
24517.3
24548
24865.5
24870
25151.8
25192.3
25227.4
25230.2
25271.7
25410.8
25772.2
26124.7
26363.2
26864.9
27000.6
27315
28081.2
28160.1
28165.9
28175.2
28383.5
28686.6
28963.5
29026.5
29285.2
29590
29935.3
30068.4
30216
30824.8
30997.3
31100.8
31265.1
31376.3
31872.7
31921.9
32120.3
32392.3
32415.8
32790.8
32797.7
33139.6
33239.7
33347.9
33857.4
34137.2
34193
34688.3
34833
34879.2
34946.9
35096.9
35360.3
35504.2
35718.9
35853.5
35919
36181.5
36356.6
36420.6
36568.6
36696.4
36873.5
37033.9
37198
37420.5
37822.3
37912.5
38020.1
38434.2
38927
39006.7
39345.4
39360.2
39369.3
39370.5
40129.6
40758.2
40962.3
41086.6
41893.8
42210.2
42948.4
43183.6
43185.3
43738.8
44103.5
44453.8
44557.1
44809.8
45099.6
45093.8
45144.8
45310.4
45387.5
45482
45575.1
45643
46507.1
46667
46676
46741.3
46897.1
46939.7
46951.4
47211
47304
47598.7
47888.5
47952.1
48006.3
48027.6
48321
48561.2
48581.2
48700.3
48769.9
48779.9
49192
49211.6
49396.2
49546.6
49762
50026.2
50081.3
50254.4
50626
50683.7
50769
51120.9
51249.7
51394.6
52014.6
52021.4
52270
52361.5
52634
52908
53304.1
53407.8
53941.8
53997.2
54212.7
54333.3
54563.1
54780.6
55080
55165.1
55192.1
55317.2
55723.2
56563.2
56860.5
57041.7
57328.4
57936
58413.9
58485.2
58850
58913
59372.5
59526.8
59774.6
59856.6
60331.1
60690.7
60701.7
60827.8
60881.1
60982.5
61013.5
61594.2
62185
62278
62365.3
62411.2
62454.1
63435.2
63707.6
63744.7
63916.4
64284.5
64377.4
64731.6
64966.3
65186.4
65185
65339.9
65873.2
66116.4
66461.4
66815.9
66859.4
67460.5
67744.6
67889.8
68579.1
68600
68994.4
69175.9
69279
69381.9
69577.6
69715.1
69831.6
70111
70168.9
70183.8
70709.9
71073.9
71098.3
71138.3
71311.8
71427.6
71471.4
71542.6
72279.4
72604
72712.4
72837.3
72847.3
73269.5
73406.5
73424.5
73715.6
73882.7
74090.3
74361.1
74375.3
74769.4
74776.5
75316
75667.7
76188.3
76273.5
76430.8
76620.9
76661
76890.5
77251.6
77313.7
77593.9
77627.8
77650.8
77668.8
77913.8
78221.4
78467
78600.4
78696.1
78882.6
79009.1
79502.4
79609.9
79822.2
79887
79899.4
80260
80279.6
80364
80383.8
80492.4
80586.4
80656.5
81015.2
81397.5
81421.4
81934
82291.8
82585.6
82610.3
82784
83073
83083
83201.5
83324.5
83823
83845.6
84265.3
84594.2
84711.4
84821.9
85218.2
85290.8
85686.2
85763.3
85850.8
86070.4
86158
86301.1
86352.3
86392.3
86568.1
86759.9
86881.2
87314.3
87345.2
87377.9
87911
88547.6
88598.9
88669.7
88903.3
89071.2
89164.5
89310.5
89382.3
89630.2
89729.3
89835.8
90073.1
90186.6
90209.6
90449.5
90728.3
90866.9
90942.5
91051.5
91102.7
91272.8
91284
91803.7
91865.6
91961.2
92201.6
92328.2
92570.7
92848.6
92997.1
93322.6
93586.2
93712.9
93745
94415
94502.3
94950.3
95026.4
95112.7
95261.5
95398.4
95948.6
96456.1
96844.7
96953.3
97437.3
97507.2
97587.7
97753.2
98251.6
98362.1
98468.5
98587.8
98757.4
98778.8
98865.9
99491
99946.3
100163
100418
100474
100504
100553
100736
101017
101107
101773
102086
102859
103169
103663
103743
103821
103980
104256
104322
104334
104869
105180
105265
105514
105905
106055
106496
106691
106905
107026
107064
107129
107191
107326
107353
107713
107913
108316
108469
108811
108897
108909
109147
109249
109333
109413
109415
109421
109438
109597
109894
110467
110865
110912
110910
111510
111538
111708
111800
112121
112423
112527
112662
112726
112920
113025
113085
113122
113205
113371
113467
113488
113666
113876
113983
114022
114373
115045
115057
115097
115117
115501
115536
115614
115882
116140
116651
116877
117280
117454
117789
117792
117800
118187
118250
118742
119154
119224
119521
119669
119664
119828
119913
120028
120218
120276
120317
120325
120341
120499
120588
120864
121440
121667
121767
121889
122033
122070
122121
122266
122319
122595
123102
123110
123334
123671
124088
124119
124169
124259
124510
124762
124862
124891
124932
124937
125294
125446
125885
125973
126192
126883
126984
127071
127097
127358
127653
127839
127889
128264
128335
128577
128583
128802
128890
129032
129126
129184
129285
129916
130465
130693
130793
131003
131281
132134
132246
132483
132640
132668
132777
133113
133194
133238
133340
133654
134250
134521
134592
134601
134903
135488
135517
135616
135902
135937
136435
136540
136869
136949
137206
137469
137508
137748
137865
137964
138495
138614
139121
139467
139611
139968
140054
140144
140198
140955
141041
141056
141290
141413
142110
142115
142587
142955
143403
143661
143941
143961
143998
144114
144143
144415
145248
145277
145427
145507
145689
145741
146001
146080
146146
146254
146323
146336
146786
146929
147036
147534
147663
147861
147976
148091
148276
148309
148339
148671
148791
149242
149701
150254
150410
150430
150422
150620
150808
150829
151065
151220
151264
151414
151578
151668
152177
152391
152436
153101
153405
153440
153481
153742
153849
153967
154155
154293
154416
154527
154627
154653
155388
155411
155640
156109
156464
156502
156890
157210
157224
157426
157532
157615
157639
157844
157862
158105
158094
158428
158537
158895
159028
159076
159284
159446
159722
160144
160467
160980
161248
161439
161461
161569
161775
162084
162315
162963
163281
163430
163666
164061
164277
164652
165033
165067
165335
165559
165670
165695
165896
166098
166130
166132
166196
166462
166578
166787
167042
167208
167257
167361
167686
167766
168265
168327
169106
169223
169613
169997
170553
170609
170642
170831
170920
171011
171157
171553
171634
172194
172220
172223
172637
173021
173044
173173
173212
173370
173399
173407
173407
173421
174403
174880
175209
176057
176054
176521
176569
176820
176842
177240
177327
177550
178184
178202
178271
178341
178429
178557
178663
178693
179006
179014
179121
179516
179490
179739
179754
179759
179882
180175
180190
180327
180765
181665
181768
181910
182123
182525
182523
182842
182882
182912
183148
183327
183412
183632
183630
183835
184890
185696
185944
186176
186559
186668
187259
187409
187447
187569
187791
188077
188166
188179
188423
188499
188570
188711
188779
188958
189018
189125
189752
189806
189986
190011
190417
190645
190759
190985
191051
191250
191345
191625
191790
192054
192114
192504
192674
193617
193952
194373
194596
194646
194667
194694
194814
194980
195324
195640
195642
196015
196587
196678
196799
196822
196909
197135
197392
197957
197997
198481
198523
198558
199033
199058
199130
199253
199798
199899
