4085.27
5783.24
6183.04
6593.3
6912.88
7468.76
7942.35
8281.9
11317.6
11933.5
14350.5
14360.9
14696.8
15349.3
15397.7
15576.6
20031.8
20058.4
26240.4
26850
30087.8
30433.2
31124
31347.4
34387.4
40163.3
41363
43302.5
44791.3
44819.2
46458.5
47047.5
47452.6
48399.4
48824.2
49521.2
49866.3
50481.5
53302.2
55205.8
55354.8
56629.1
56861.9
57122.1
57120.6
57824.8
60562.5
61188.4
62086.5
62610.5
63040
65073.2
66018
67633.6
68357.8
75887.2
77273.8
78381.3
78914.2
79717.2
87436.4
88701.2
89143.8
89227.3
89874.9
90066.1
92451.4
92510.5
94781.9
95640.7
97066.9
97512.7
98758
100470
100581
102958
103980
106020
107677
107993
110794
110978
112224
112458
112977
113361
116105
116943
117431
118622
120195
121676
123364
124094
124229
124830
125792
126345
128824
128972
129505
129755
130397
130802
130965
132062
132192
132472
132694
132969
133362
133558
133809
133908
135260
135689
138088
140257
141846
145853
148767
151422
152928
153675
154178
156684
157857
160006
160924
161793
162673
163046
164147
165813
165839
166025
166124
168178
174109
174765
176152
176786
180206
180587
181390
182715
183131
188845
189051
192963
195080
197789
198194
198631
199100
