3741.6
3990.73
4047.31
12901.6
13166.5
15175.3
16412.1
20777.7
23948.4
24430.7
25090.7
27872.2
28989.2
38940.2
39031.8
40562.7
42883.7
49060.1
49281.3
52006
57086
57838.1
59203.6
61502.1
62663.5
64682.3
69331.5
70732.9
75809.2
77344.8
78650
79978.2
80199.8
81101.8
82313.5
86602.9
86697.4
88731.2
88961.3
91568.4
93051
94051.6
95585.8
97896.8
98861.1
100195
101080
101636
103204
108529
110746
111407
114013
122080
124156
127397
128455
134161
140848
142273
143208
145290
153339
156222
163045
164519
167975
170178
174612
176185
179709
179914
182009
185208
188476
191075
192400
193764
195916
196657
199756
