994.59
1067.25
1312.57
1454.96
2811.62
3119.68
3169.27
3235.35
3338.35
3740.45
3814.36
3968.34
4186.83
4424.48
5054.11
5140.72
5805.46
6690.29
8071.48
8584.34
8646.24
8727.44
9030.07
9847.33
10612.9
10868.7
10932.5
11063.3
11393.3
11402.1
11773.8
12378.9
12665.8
13421.4
13719.1
14379.3
15168
15274
16624.3
17219.6
18426.9
19146.7
19934.7
20247.2
20714.9
21427.4
22335.1
22758.9
22936.6
23448.1
23824.9
24717.2
24978.6
25370.9
25433.4
26180.6
26625.6
26897.9
27478.5
27885.5
27991.9
28082.4
28274.6
28380.1
28451.6
28653.3
28996.9
29026.8
29079.2
29317.2
29860.3
30304.8
30455.9
30595
30809.2
31228.5
31330
31762.4
31894.3
32065.9
32093.1
32550.8
32596.9
32818.2
32884.9
33248.6
34016.2
34215.2
34221.6
34549.8
35132
35156.1
35421.7
35641.9
35938.6
35958.2
36126.2
36495.5
36635.8
36914.1
37004.3
37018.3
37517.9
37836.5
38005.4
38639.2
38919.2
39105.5
39424.1
39794.3
39850.9
40289.7
40502.7
40841.5
41011.8
41664.8
41878.9
42153.9
42884.2
43782.3
44188.8
45044.2
46361
47126.9
47541.1
47632.9
47693.5
49068.4
49073.1
49423
49677.6
49726.7
50028.3
50251.3
50573.3
50867.1
50877
51156.9
51200
51359.7
51551.1
52589.5
52942
54183.6
56281.9
56479.5
56675.8
56783.6
57047.6
57139.1
57362.4
57682
57697.6
59604.3
59719.4
60084.1
60571.7
61196.4
61336.6
61865.9
61883.5
62179.4
62227.7
62365.3
62381.1
62591.8
62740.3
63249.4
63916.6
63928.9
64064.2
64099.6
64239.7
64975.3
65052.1
65369.6
65704.2
66015.3
66047
66367.1
66374.8
66730
67892.3
67996.2
68544.4
69075.9
69839.6
70476.5
70646.4
70849.1
71267.2
71600.4
71625.1
72186.8
72438.7
72690.7
73257.2
73590.3
73999.3
74332.3
74914.6
75917.6
76368.9
76550.1
76612.2
76679.7
76745.3
77143.8
77315.9
77361.5
78181.9
78372.5
80656.8
81227.4
81234.4
81851.1
82733.2
83663.5
83875.8
84758.6
85071.9
85690.7
85935.7
86272.4
86576.6
86820.3
87454.1
87796.2
88090.6
88154.8
88619.3
89404.4
89892.4
89944.8
90471.2
90970
91236.8
91605.9
92050.9
92210.6
92809.3
92926.5
93959.6
94013.2
94228.6
94739.8
95831.4
96257.3
96709.9
96903.7
97173
97791.1
98010.3
98408.1
98820.9
99208.3
99545.3
99556.1
100136
101269
101783
102063
102264
103255
103667
103862
103988
104144
104389
104555
104668
104796
104909
105037
105603
106008
106346
106385
106461
106781
106808
107386
107781
107836
107951
108242
109002
109329
109606
109910
110150
110559
110621
110827
110915
110959
111044
111777
112207
112261
112524
112563
112801
114177
115803
116239
116739
117088
117439
118595
118812
119269
120617
120772
121229
121590
121930
122597
122980
123081
123427
123483
123624
123800
123978
124681
124778
125242
125518
125823
125900
126270
126333
126738
126988
127473
127562
128299
128720
128837
129563
130505
130911
131162
132052
132640
133256
133519
133642
133774
134187
135183
136101
136380
137271
137949
138606
138786
138801
139157
139693
139842
140188
140515
140749
140864
141346
141655
142530
143269
143631
144074
145343
146240
148390
148413
149017
149799
150044
150126
150370
150663
150862
151042
151695
152629
152822
152947
153707
153930
154479
155034
155156
155593
155699
155838
155945
156113
156438
156578
156684
156824
158492
158620
160099
160190
160356
160749
161197
161286
161318
161636
162062
163073
163299
164001
164116
164418
164642
165724
165928
166346
166924
167083
168370
168639
169310
169342
169528
169566
169776
170295
170328
170603
170630
170656
171242
171678
171766
172617
173317
173656
174644
174740
174912
175151
175418
175835
176203
176442
176760
177182
177212
177794
178264
178596
178769
179138
179673
180230
180314
180361
181922
182692
183516
183689
183900
183966
183977
184092
184372
184721
185135
185483
185528
186177
186983
187028
187640
188198
189387
190424
190776
190875
191075
191524
191994
192526
192882
193501
193575
193820
193871
195247
195389
195755
197507
197680
197703
197797
197980
198872
