434.78
2398.1
3195.35
3272.07
3902.78
5311.52
5842.45
5882.29
6418.72
6438.46
6599.23
7372.81
7693.53
8632.33
8944.29
9495.36
10395
11900.4
12258.4
12939.6
13084.6
13191.8
14925.3
16208.1
16451.2
16507.8
16511.4
17465.6
17727.6
18275.8
18881.3
19469.7
19739.4
20378.1
20515.1
20606.7
21132.7
21381.3
21889.9
21988.6
23294.1
23971
25536.9
25534.9
26139
26440.9
26624
27102.8
27527.3
27836.7
28811.5
29020.6
29604.6
29932
30064.6
30166.7
30229
30493
30551
30732.1
31511.5
31697.2
31844.2
31974.9
32239.6
32390.8
32753.3
33404.2
33522.3
33575.4
33964.3
34155.1
34886.9
35853.6
36390.2
36865.4
37340.6
37449.7
39611
39721.7
40168.7
40461.4
40897.3
41684.7
41761.5
42495.4
42616.6
43437.9
45238.2
45559.3
45646.6
46469.5
46532.3
46922.1
47480.1
47745
48296.7
48907.6
49192.3
49539.8
49540.6
49867.7
50228.6
50458.2
50598.3
51007
51348.4
51698.3
52423.6
52792
53432.8
54860.9
56231.3
56704
57005.3
57242.9
57246.4
57343.7
58291.2
59097.8
59433.8
59874.1
60528.7
60757.3
60822.6
60916.1
60990.4
61153.6
61685.8
62233.7
62430.5
62981.7
63025.4
63986
64440.7
64735
65283.1
65521.8
66077.2
66274.5
66321.8
67800.6
68015.7
68362.9
68648.9
68876.3
69132.6
70005.3
70196.7
70240.3
70610.8
70625.7
70657.5
71189.7
71393.8
71593.4
71981.6
72189.7
72513.8
72823
72872.7
73337.9
74101.5
74373.6
74379.8
74938.6
74984.6
75464.3
76156.1
77412.7
77995.9
78560
78570.4
78638.1
79101.7
80274.9
81439.4
81917.2
82863
83337.5
83530.1
85462.3
85545.7
85725.1
86629.5
87136.6
87812.4
87948.1
89234.7
89633.9
89787.8
90467.9
91270.7
93860
97177
97601.2
99848.9
100188
100710
101089
101344
102164
103050
103970
104225
104288
104860
104862
104989
105128
105227
105618
105669
105713
106548
106972
107347
107389
107399
107815
108171
108272
108676
109499
109536
109553
109588
109971
110403
110827
111132
111281
111796
112073
112217
112262
113287
113665
114541
114787
115256
115412
115815
116104
116288
116337
116760
117221
117527
117790
118032
118036
118392
118414
119264
119528
119766
119855
120395
120611
121055
121221
122412
122567
123155
123155
123512
124534
125580
125853
126091
126882
127046
127978
128093
128207
128791
129031
129457
130626
130948
131150
131652
131989
132041
132390
132414
132618
132831
132959
133026
133331
133365
133558
134112
134456
134518
134708
134807
134839
135470
136883
138754
139026
141661
142408
142679
143152
143572
144578
144814
144943
145135
145149
145351
145494
145664
145778
145940
147342
148314
150068
150307
150559
150731
150785
151308
151557
152001
152021
152594
153203
153657
154530
155419
155464
155761
156057
156487
156657
157608
157811
157881
158236
158507
158676
159549
159563
159678
160521
160943
161000
161319
162009
162275
163073
163359
163424
163704
163990
164039
165142
165666
167136
167711
168199
169199
169665
170058
170868
171281
171474
172333
172617
173733
173999
174481
174564
174664
175040
175371
175711
175805
176406
177211
177374
177827
177855
177870
178539
178971
179087
179627
180106
180415
180751
181204
181485
181771
181787
181861
182110
182441
182525
182712
183076
183741
184054
184118
184201
184377
184394
184553
184671
184756
184950
186117
186833
188609
189751
190133
190166
190952
191723
191770
192311
192869
194048
194304
194870
195324
195608
195706
195743
196125
196302
196597
196663
197369
198024
198041
198610
198902
199056
199298
199713
