2589.74
3008.28
15842.2
17961.8
33109.7
33864.4
43762.3
47324
48789.1
50323.3
50899.6
51538.2
51764.8
53857
54906.9
55319.5
56205.7
56434.3
57074.3
57387.5
58584.9
59040.8
61496.1
62582
62710.5
62979.6
63703.6
63980.5
64339.7
69557.6
75073.5
76817.4
79447.4
82054.9
83301.5
85863.2
86377
90392.3
91290.7
92163.9
93653
93881.9
94228.3
94268.2
96924.8
103828
104512
107133
107142
109122
109404
113055
113291
113558
113873
116334
116581
116773
116964
117184
117317
119343
120200
121056
121189
121398
122355
126236
127902
131380
132042
135390
137370
144860
145398
145932
146261
146627
146904
146936
147334
154760
156435
161204
161602
163705
165152
165871
166426
167178
168468
169839
170846
171850
172068
172756
172891
174587
177832
179105
179604
179816
181368
181581
183208
183361
183553
184556
186006
186028
186065
186531
187274
188071
188739
189248
190955
192389
192857
193208
193729
193912
195857
197756
198696
198889
199976
