132.88
1468.13
2031.8
2052.98
2303.07
2385.31
2480.26
2521.01
3787.31
4112.64
5253.95
5296.13
5568.48
5943.03
7059.52
8883.93
9599.71
9909.2
12138.6
12158.3
12429.9
13878.9
14509.4
15300.5
15991.4
16323
16348.8
16665.6
17808.9
18052.4
18253.3
18897.5
19290.8
20224.4
20789.2
20873.8
22512.1
22791.6
22910.4
23668.4
24547.2
24603.2
25107.7
25171.4
25584.8
25766.7
26588.2
27171.6
28442.5
28506.8
28507.1
28942.5
29168
29488.3
29492.4
29849.5
29978.5
30566.1
31381.7
32510.5
32582.9
33067.4
33275.4
33702.7
34036.5
34251.2
34559
35030.5
35343.6
35517.1
35678.4
36062.3
36708.1
37112.3
38055.8
40557
40844.1
41275.7
41304.3
41515.9
41887.5
42266.5
42844.8
43544.2
44096.2
44241.7
44494
45264.8
45797.7
46217.9
48175.7
48452.9
50188.2
50653.5
51259.5
51710.6
51976.3
52765.4
53349
54882.6
55247
55369.3
55933.5
57196.5
57859
58336.4
58569.8
59200.7
59826.1
60487.4
60520.6
61026.4
61399.7
61788.3
61854.9
61972
61994
62777
62894.3
63803.3
64209.4
64493.3
64946.3
65058.4
65398.8
66306.8
66532.1
67213.2
67376.4
67703.7
67851.5
67897.3
67986.4
68680.4
71619.3
72223.1
72971.7
73638.2
78450.6
81948.1
82275.3
83587.2
84939.1
85646.2
86591.4
87085.9
87517.6
87915.5
89821.1
90009.9
90316.7
91030.2
91196
91305.4
92936.5
93348.8
93911.4
94993.4
95866.9
97635.4
100030
102226
102256
102454
102628
102706
103313
103567
103765
104382
105304
106052
106264
107049
107289
107640
107917
108290
108589
108624
109497
110048
110166
110185
110400
111384
112196
113517
113716
114043
114455
114557
115137
115152
115512
115980
116036
116941
117728
117784
118714
119731
119893
120948
121807
121964
122243
122481
123356
124292
124780
125700
126428
126462
128481
129915
130430
131363
131567
131716
131932
132153
132753
133419
133634
134455
135422
135562
136466
137000
137870
139671
140439
140703
141640
142467
142757
142951
143353
144566
144655
144641
146067
148114
149219
149700
150032
150067
150408
150897
151067
151488
151848
152426
152886
153088
153693
154401
154813
155735
155920
156150
156249
156693
157183
157268
157471
157933
158313
158711
158873
160601
160858
162729
163068
163212
163239
163358
163585
163639
163694
163726
164216
164945
165340
165441
165443
165920
166732
167692
167817
168391
168485
168812
168858
169259
169348
169496
169600
169974
170356
171411
171913
172399
172863
173549
174182
175178
176528
179077
179440
180083
180808
181670
182631
182998
183275
183590
184634
185230
187585
187768
188059
188738
188747
189034
189219
189704
189774
189959
190186
190220
190390
193755
194176
194503
195568
195775
196515
196698
197162
197708
198223
198900
