165.75
751.76
1461.24
1795.47
2484.95
2780.82
3199.68
3429.25
4625.84
5451.97
5826.44
5923.98
5927.01
7151.45
7239.02
9638.14
10973
11334.8
11715.7
12312
13793.8
16119.4
16613.6
17541.8
17866
18164.3
18723
18781.1
19269.8
20100.9
21650.2
22426.8
23389.1
24009.3
24559
25515.1
26852.7
27157.3
28417.8
28623
28908.9
29110
29384.5
32055.9
32920
33249.3
33870.5
36212.4
36512.2
37083.1
37481.9
37698.3
38907
39441
39841.9
41367.3
42808.2
42911.3
43872.1
44791.3
44931.2
45210
45862.5
45870.6
46391.1
46725.5
47933.4
48260
48458.1
48705.6
49528.7
50031.8
50714.3
51715.2
52933.2
53047.4
53570.7
54281.6
56298
58482.3
59488
59902.2
60559
60942.9
61025.4
62824.7
64825.4
65555.6
66305
68094.4
68473.7
68713
69017
69379.4
69705.5
69745.3
70598.6
72697.2
74871.4
75273.5
76137.2
76370.5
76403.2
76784.7
77855
78824.5
80123.2
80657.2
81627.2
82505.4
82954.7
83312.3
83853.3
85101.4
86562.4
87533.3
88778.7
89017
90044.2
90044.9
91848.2
92866.4
93218.1
95137.2
95257.1
96038.5
96570.5
96889.8
97714.8
99526.8
99668.1
100394
100465
100812
105093
105231
105290
105309
105987
106381
106425
107356
107546
108633
109306
109501
109988
111435
111470
111503
111755
111768
114026
115234
116224
116295
116322
116497
117454
117915
118526
119012
119590
120181
121409
123066
123754
123837
124203
124467
124509
124562
124631
124737
124741
125243
125471
126135
126126
126302
126854
127853
128802
128830
129457
131006
131401
131442
131938
132167
133511
133871
134331
134593
134831
135157
135540
136398
136404
138016
138721
139570
140206
140482
141487
142323
142741
143230
143534
143793
144843
145314
145868
147996
149797
150366
151270
151668
151948
152266
152871
155685
158432
160791
163235
163289
163491
164226
164381
165508
166954
168307
168440
169490
169970
170689
170963
171080
171099
172020
172169
173420
176251
176530
176891
177547
178104
179281
179496
179606
179954
179999
180953
182759
183024
184039
184955
186960
187371
188362
189824
190471
190947
191477
192237
193737
194087
195114
195255
196516
196839
196862
197356
197724
197937
198263
198956
199054
