91.57
161.36
368.98
519.62
631.21
648.01
774.69
941.74
1581.83
1717.87
2311
2404.22
2538.54
2599.05
2733.31
2897.49
2948.22
3230.93
3270.52
4042.65
4467.96
4540.49
4612.65
4750.5
5080.24
5246.4
5501.06
5649.56
6090.36
6233.21
6252.94
6400.32
6587.68
6764.28
7379.08
7772.49
7792.35
8006.32
8267.23
8517.37
8698.56
8720.72
8760.2
8800.43
8953.55
9655.19
9721.06
9782.34
10102.6
10152.3
10182.3
10439.7
10563.4
10880.6
12484.5
12844.8
13003.6
13430.1
13475.2
13922
14133.8
14299.4
14535.7
15255.1
15372.4
15713.9
16092.5
16237.3
16420
16434.5
16569.7
16677
16920.3
16949.4
17047
17337.5
17588.1
17822.2
17830.4
18055.7
18432.2
18685.9
18803.9
18903.9
18940.9
19135.2
19189.2
19441.9
19859.2
20092.2
20120.5
20475.7
20854.4
20985.8
21003.7
21089.8
21974.5
22245.9
22311.1
22339.1
22863
22941.4
23246.4
23252.3
23647
23907.9
24001.7
24117
24162.8
24352.1
24387.5
24674.2
24854.6
24903.5
25508.9
25634.9
25928.1
25933.1
26196.5
27012.2
27017.3
27176.8
27418
27837.9
27868.1
27964.7
28823
28964.7
29355.3
29508.1
29867.4
30027.9
30145.4
30343.2
30422
30755
30841.9
30943.1
31534.2
32195.2
34388.8
34810
35443
36385
36687.1
36707.2
36899.5
37184
37460
37515
37609
37758.5
37763.1
37967.7
38144.7
39042.6
39071.5
39270
39374.6
39469.9
39499.6
39541.9
39829.1
39877.5
39929.1
40019.8
40075.5
40161.1
40215
40366.6
40561.3
40687.8
40733.2
40785
40955.6
42497.7
42567.7
43124
43425
44088
44122
44197.7
44303.6
44584.7
44613
44726.8
44885.3
45393.2
45417.4
45479.7
45701.1
46214.7
46315.2
46410.6
46553.9
46898.3
47180.6
47329.3
47479.5
47512.8
47647.8
48206.3
49123.3
49410.1
49480.8
49854.5
50001.5
50030.3
50440.2
50784.4
50801.4
51174.7
51761.6
52879.1
53698
54310.3
54440.1
54450.7
54850.1
54948.3
55018.5
55333.9
55724.4
55844.6
56257.2
56320.3
56448.5
56633.4
56916.3
56931.9
57175
57570.7
57638.6
57815
58027
58730.1
59606.9
59654.7
59665.9
59807.8
59905.3
60130.3
60534.1
60563.8
60796.1
60865.8
61484.4
62340.5
62728.2
63083.8
63322.5
63493
63910.4
64417.7
64472.8
64641.6
64714.9
64987.9
65051.7
65484.6
65499.6
65601.1
66417.5
66940
67582.5
67810.5
68196.6
68385.2
68419.8
68795.3
69156.4
70018.3
71044.3
71468.2
71653.7
72310.6
72405.1
72668.1
72883.6
73151.3
73311.9
73317.2
73594.3
73687.3
73854.3
74030.3
74199.9
74289.1
74394.5
75204.9
75437.1
75679.1
76392.6
76455.6
76508.4
76714.1
76866.4
77248
78420.6
78485.6
78663.4
78755.1
79182
79388.8
79490.4
79835
79907
79915.9
79987.8
80187.2
80570.9
81239.1
81542.2
81635.8
81851.8
83170.3
83764.1
83799.1
84143.2
84915.6
85238
85322.2
85864.3
86056.9
86167.9
86306.5
86720.5
86814.2
86870.2
87021.2
87137.2
87192.4
87219.5
87469.4
87774.6
87884.4
88013.6
88173.2
88542.7
89051.7
89548
89630.8
89830.8
89908.9
90289.4
90400.4
91073.8
91335.4
91338.5
91622.8
91661.5
91802.9
91823.9
91849.1
91903
91989.5
92025.6
92221
92312.8
92462.7
92934.2
93001.4
93084.1
93300.6
93891.9
94019.1
94496
95271.8
95339.5
95585.1
95657.7
96056.1
96203.9
96777.6
97570.6
97617.5
97920
98113.8
98159.9
98222.3
98379.1
98568.6
98637.7
98649.4
98667.9
98924.4
99011.7
99037.6
99608.2
100452
100594
100754
101172
101201
101320
101494
101569
101982
102118
102269
102353
102393
102497
102918
103138
103760
103762
104613
104668
105193
105305
105327
105515
105635
105733
105914
106341
107439
107747
108427
108513
108596
108740
109224
109278
109824
110186
110849
111154
112147
112628
113139
113292
113498
113599
113965
114296
114551
114607
114630
114978
115346
115800
116456
116892
117000
117237
117460
117619
117960
118293
118572
118899
119238
119401
119501
119928
120146
120455
120943
121146
121257
121533
121688
121863
121971
122105
122419
122582
122999
123261
123533
123707
123866
124105
124452
124452
124588
124703
124707
124988
125204
125211
125510
125650
125714
125850
126247
126522
126677
126915
127087
127291
128043
128043
128081
128578
128577
128701
128756
129077
129178
129375
129387
129512
129603
129610
129773
129820
129974
130083
130299
130867
130946
131031
131320
131483
131607
131721
131941
133113
133550
133827
133865
133916
133941
134166
134180
134260
134342
134499
135102
135318
136039
137025
137611
137985
138233
138291
138723
139129
139174
139437
139505
139590
139849
140250
140827
140954
141038
141308
142044
142196
142452
143009
143332
143462
143955
143966
144014
144191
144395
144572
144924
145099
145251
145457
145622
145765
146054
146302
146543
146582
146625
146956
147188
147428
147856
147897
148197
148751
148769
149240
149405
149495
149599
149641
149893
149947
150396
150697
150740
151144
151669
152320
152849
153315
153358
153489
153808
153961
153996
154260
154363
154732
154781
155335
155339
155400
155849
155875
156172
156276
156696
156710
157376
158533
158629
158980
159152
160356
160697
160823
160965
160998
161318
161532
161665
161721
161928
161959
162147
162226
162413
162559
162701
162928
163110
163358
163665
164316
164502
164597
165181
165483
165627
165852
165973
166301
166318
166430
166465
166528
166772
166802
166842
167194
167642
168117
168569
168635
168797
168808
169076
169345
169377
169506
169903
170096
170979
171642
171769
171845
171918
171941
172128
172388
172424
172445
172547
172618
173500
173801
174254
174498
174553
176131
177078
177855
178417
178454
178562
178853
179306
179933
179963
180460
180678
181056
181612
182118
182140
182195
182539
182894
183212
184364
184453
184802
185040
185056
185230
185857
185933
186064
186322
186672
186744
186854
187073
187192
187308
187351
187592
187776
187852
187938
188221
188285
188360
188740
188945
189145
189309
189459
189461
189593
190143
190901
191143
191791
191871
192022
192254
193472
193850
194364
194459
194699
195114
195140
195173
195223
195339
195631
195805
195924
196718
197034
197037
197164
197423
197761
197994
198244
198743
199065
199920
