498.7
911.42
973.73
1473.97
1612.3
1689.08
1801.74
2343.63
2461.37
2589.11
2760.76
2842.11
3618.75
3867.6
4834.22
4941.89
5708.42
5856.7
5869.54
5880.95
5933.82
6291.35
6311.96
6686.2
6755.68
6768.44
6993.9
7928.01
8010.73
8015.48
8181.35
8594.99
8900.78
9023.56
9119.37
9534.93
9615.12
9807.11
9969.86
10024.8
10148.8
10282.5
10755.6
10835
10910.8
11210.3
11478.9
11588.5
11706.9
11737.8
11766.4
11857.8
12136.4
12232
12320.9
12826
12897.5
12984
13094.6
13286.6
14722.4
14824.3
14889.5
14988.9
15098.5
15124.5
15177.2
15431
15486.5
15649.8
15845.5
16147.4
16214.7
16247.9
16262.6
16272.8
16628.3
16850.6
16938.5
17015.9
17244.2
17248.3
17434.6
17535.5
17677.7
17997.3
18050.5
18407.8
18514.6
18746.7
19004.3
19154.2
19225.9
19382.5
19390.2
19454.9
19576.5
19658.2
19675.1
19842
19919
20030.5
20158.8
20269.9
20451.4
20618.7
20885.2
20924.4
21216.8
21730.4
21818.1
21993.7
22009.5
22034.1
22142.3
22270.1
22285.9
22381.3
22384.7
22559.5
23002.1
23157.6
23291.4
23450.2
23531.5
23655.8
23806
23891.3
24087.4
24125.8
24315.6
24928.7
25049.1
25669.3
25707
26297.1
26403.5
26705.3
26764.5
27013
27043.7
27312.6
27484.1
27515.6
28168.6
28660.9
28709
29183.2
29197
29421.5
29603.4
30016.6
30294.8
31178.6
31680.8
31927.6
32022.1
32763
33103.4
33299.3
33514.6
33822.6
33830.8
34630.9
34642.1
34837.6
35296.9
35670.3
36127
36364.4
36377.6
36731.8
36740.2
37991.7
38133.5
38427.7
38511.3
39030.6
39070.7
39179.5
39351.4
39401
39534
39924.8
39928.4
40051.4
40420.8
40504.1
40776.1
41083.3
41172.7
41181.8
41444.6
41622.3
42030.8
42190.9
42231.8
42347.3
42463.4
42521.9
42675.9
42954
43049.7
43205
43215.3
43303.2
43588.2
44391.1
44452.9
44676.2
45026.7
45191.8
45208.6
45230.9
45249.6
45393.2
45555.7
45839.3
46033
46245.5
46270.6
46442.6
46664.3
46920.8
47017.3
47181.2
47247.4
47468.5
47477.1
47588.4
47789.3
47968.3
48441.8
48534.1
49077.2
49096.8
49550.7
49688.5
49704.5
50015.2
50074.7
50113.6
50325.2
50490.8
50774.6
50925.6
51328.5
51398.8
51478
51610.8
52195.1
52200
52251
52314.1
52460.4
52596.6
53064.1
53136.2
53174.1
53253.9
53740.6
53790.3
53864.1
53924.7
54175.7
54305.9
54851.7
54878.8
55077.7
55383.8
55390.5
55674.6
55780.5
56016.7
56024.5
56175.4
56666.4
56706
56717.4
56955.7
57019.2
57204.4
57259.9
57595.6
57752.3
57770.1
57982.3
58002.8
58060.1
58237.2
58362.6
58387.2
58423.3
58718.7
58849.6
59099.8
59222.4
59361.4
59360.7
59954.6
59980.3
60186.5
60225.3
60743
60776.9
61344.8
61455.4
62026.6
62227.2
62291.1
62504.1
62569.6
62687.1
62721.6
62858.6
63033
63164.6
63357.9
63417
63677
63790.3
63988.3
64019.6
64043.7
64318.6
64348
64616.9
64628.8
64818.2
65747.9
65969.3
66291.6
66362.4
66377.4
66682.4
66723.6
67022.5
67281.7
67728.8
68105.2
68204
68344.3
68357
68549.1
68845.5
68875.8
68913.8
68953.7
68987.6
69295.2
69339
69505.8
69786.1
70152.8
70194.2
70339.7
70461.5
70838
70883.6
70969.9
71055.5
71541
72811.2
73055.2
73067.7
73073.9
73478.5
73490
73509.5
73702.7
73904.4
74071.4
74259.7
74493.1
74861.2
75097.2
75170.6
75269.7
75796.9
75996.6
76201.4
77001.3
77004.1
77125.6
77299.4
77370.1
77561.1
77981
78176.8
78317.4
78413.1
78508.2
78525.7
78666.7
78836
78979
79031.1
79293.4
79410.7
79442.5
79576.2
79671
79754.6
79769.9
80072.6
80105.2
80773
81124.6
81347.6
81443.8
81717.4
81756.7
82004.5
82256.8
82367.3
82400.6
82400.8
82699.1
82782.4
82813.2
82834
82912.7
83353.4
83418.5
83529.3
83552.4
83584.9
84015.5
84228.6
84246.5
84271.9
84279.2
84638.3
85001.9
85016.7
85546.5
85614.6
85694.8
85820.2
85987.1
86256.1
86397
86469.8
86898.7
86976
87226.6
87257.1
87633.7
88105.3
88689.7
89094.8
89206.6
89420.1
89776.3
89807.5
90180
90187.5
90401.1
90472.4
90489.1
90719.6
90894.4
90927.9
91274.1
91804.1
92225.6
92426.7
92509.3
92819.4
92987.7
93027.4
93274.2
93357.4
93565.9
93576
94096.6
94319.1
94544.5
94901.8
94968.5
94991.7
95022.1
95272.8
95300.3
95309.2
95377.8
95534.6
95684.9
95721.6
96086.5
96765.1
96868
97104.5
97129.4
97517.6
98089.8
98326
98465.4
98603.4
98837.3
98928.7
98989.3
99491.1
99519.6
99743.3
99878
100002
100056
100545
100778
100891
101237
101361
101553
101949
102172
102429
102452
102792
102903
103032
103056
103414
103474
103578
103631
103703
103964
104049
104551
104949
105200
105240
105430
105472
105519
105532
105949
105945
106055
106092
106298
106631
106657
107155
107174
107564
107784
107831
108084
108089
108217
108378
108720
108894
109159
109335
109583
109923
110636
111090
111230
111422
111513
111688
111715
111960
112108
112601
113733
113786
113818
113953
114225
114484
114517
115081
115163
115221
115686
115877
116171
116656
116896
116956
117011
117193
117775
118061
118144
118165
118517
118532
118789
118841
119193
119303
119531
119635
119721
119850
119905
120085
120113
120164
120361
120388
120563
120642
120737
121180
121291
121694
121834
122142
122155
122180
123298
123360
123541
124140
124223
124333
124675
125020
125124
125328
125337
125341
125400
125630
125663
125848
125947
126134
126335
126622
126765
126866
128034
128079
128354
128559
128573
128626
128632
129097
129453
129511
129730
129792
130175
130272
130317
130517
130610
130952
131309
131518
132148
132159
132338
132402
132485
132517
132578
132727
132813
132879
133071
133240
133407
133460
133539
133568
133586
133825
133983
134058
134140
134213
134231
134677
134764
135022
135049
135127
135137
135159
135194
135265
135592
135750
135872
136029
136285
136399
136486
136929
137027
137129
137264
137648
137864
138208
138213
138260
138541
138726
138747
138860
139363
139376
139394
139530
139609
139662
139789
139835
139991
140313
140691
140779
141020
141236
141349
141460
142104
142539
142547
142605
142812
142880
143337
143628
143804
144084
144185
144171
144242
144526
144542
144548
144666
144791
144885
144945
145065
145309
145936
145980
146108
146543
146622
146864
146924
146954
146968
147291
147458
147543
148046
148120
148151
148561
148744
148784
149017
149241
149355
149441
149637
150045
150085
150111
150155
150162
150346
150468
150519
150828
150820
151270
151373
151405
151633
151646
151768
152125
152219
152668
153270
153270
153390
153694
153972
153986
153991
154256
154248
154323
154486
154776
154812
154868
154999
155370
155844
155842
156304
156745
156890
157164
157208
157233
157242
157304
157645
157668
157712
157918
158034
158133
158166
158401
158448
158524
158548
158619
158947
159043
159049
159141
159413
159459
159772
159774
159909
160521
161071
161274
161318
162253
162346
162697
162771
162908
163645
164148
164315
164382
164651
164700
164938
164961
164986
165172
165302
165353
165459
165480
165619
165736
165900
165959
165971
166093
166439
166467
166738
166785
167087
167471
167784
167809
167801
167869
167946
168128
168440
168448
168668
168840
169157
169183
169376
169486
169660
169673
169809
170222
170253
170317
171015
171153
171336
171500
171579
171902
172256
172286
172486
172604
172843
173111
173218
173633
173687
173800
174303
174579
174741
174853
175624
175658
175681
175805
175834
176007
176113
176158
176616
176674
176714
177091
177135
177438
177582
177712
177743
177841
177946
177987
178101
178229
178493
178598
178758
178930
179067
179358
179785
180517
180767
180958
181192
181357
181509
181671
181723
181809
181920
182001
182116
182146
182246
182298
182521
182573
182696
182901
183106
183632
183762
183918
184307
184954
185037
185230
185271
185492
185701
185785
185881
185883
185884
186028
186098
186265
186410
186460
187147
187493
187791
187972
188431
188585
188761
188767
188766
189005
189021
189073
189299
189387
189578
189787
190243
190278
190404
190669
190778
190919
191040
191177
191295
191536
191652
191901
191905
192017
192091
192303
192429
192721
192784
192897
192927
192999
193063
193501
193936
193981
194026
194204
194187
194693
194706
194982
195079
195444
195650
195721
195764
195919
196256
196339
196376
197343
197742
197929
198057
198051
198232
198250
198483
198550
198726
199031
199186
199463
199495
199500
199735
199848
199918
199920
