5514.57
9353.75
11019.8
13045.1
15221
16113.7
20279.3
25818.8
29750.3
29897.7
31844.7
31866.7
38328.1
43712.8
44680
46555.9
47974.6
58711.5
62399
62789.9
63799.1
64653.7
65742.4
65809.2
69999.4
75983.7
87463.8
88464.6
88762.8
92214.8
92288.9
94318.3
94778.6
95386.1
95736.9
96106.9
98605.6
100793
102160
114884
116674
117380
119314
123010
123515
124614
126646
128202
129412
132539
133200
133222
137576
137601
138005
143847
144076
144325
145501
147777
150907
152110
154311
154748
155380
158516
159693
160208
161011
161933
163360
165038
173110
173475
174743
175459
176658
177090
178870
192632
196506
