1442.77
2716.89
3410.79
3495.74
3660.73
4903.89
5237.9
6295.35
6429.27
7691.39
10500.6
11360.1
13216.7
13509.4
14542.1
16077.9
16223.7
17190.4
17204.3
18197.5
18592.6
19964.8
20520.1
20747
21824.7
22162.3
22323.7
23013.5
23873.9
24329.8
24922.3
24995.6
25049.3
25130.7
26310.3
26543.5
26582.6
27118.3
27440.5
27756.7
28097.4
28748.2
30679.6
30681.8
31218.1
31878.8
32010.3
33686.8
33688.5
33690.1
33809.4
34562.7
35418.2
36283.4
36732.7
37367.2
37541.9
39568.7
39645.6
40552.5
40947.1
40991.6
42404.7
42601.1
43116.4
45389
46798.6
47707.2
47961.5
51576.2
52109.8
52280.1
53635.9
53666.8
54163.3
54713.6
55363.7
55519.5
55784.9
55800.6
56902.3
57032.8
57335
58093.1
59534.2
60812.2
60874.6
61319.3
61449.4
61852.2
61952.6
62618
63210.5
64328.9
64560.5
64829.5
66439.8
66729.3
66958.3
67467.4
69058.5
69234.5
69302.8
69480.3
69923.7
70678.6
70728.5
71434.8
73802
74199
74663.8
74921.2
75073.7
77147.4
78105.7
78663.2
79702.8
79766
80076.8
80909.3
81176.6
81470
82041.3
82661.4
82770.4
83535.9
83874.5
84162.9
85031.2
85094.3
85190.3
86056
86733.2
87264.1
87397
87485.8
87807.8
87823.1
88135.2
88561.7
89612.8
89823.7
91345.2
91452.8
91776.3
93207.8
93949.2
95687
96115.7
96716.5
96947.3
97207.4
99578.3
99605.6
100063
100214
100860
101244
101671
102746
103203
103715
104447
104971
105649
106426
106439
107130
107513
107983
108833
109180
109251
109272
110227
110792
110873
111307
111494
111639
111958
112494
112568
112780
113416
113722
114240
115138
115527
115566
116027
118141
118174
119403
119501
120511
121040
121393
121647
122132
123233
123357
124289
124866
124962
125016
125445
126209
126396
126559
126730
126975
128291
128530
128642
129089
129181
129384
133020
133532
133752
134233
134389
136005
136598
137091
138307
138369
139127
139488
139893
141533
141590
142638
142648
143269
143307
143869
144456
145817
145807
146817
146824
147803
148113
148494
148684
149163
151622
152263
153415
153924
154253
154986
155350
156488
156643
157131
157348
157499
158363
159542
160134
160515
160742
161206
162039
162058
162597
163204
166066
166102
166150
167129
167531
167555
168347
169775
170447
170559
170917
171093
171399
172882
173185
173796
173812
174787
174965
174975
176078
176428
177456
177554
177807
178167
179217
179217
181040
181750
185589
185923
187164
187265
187267
188082
188149
188976
189048
189914
190604
190873
191304
192367
193808
195236
196003
196318
196608
197107
197701
199556
199826
