1230.69
2379.16
2501.25
3831.77
7574.01
8588.54
10363.2
11581.6
12210.1
13434.9
15251.6
15569.8
16321.2
17060.6
20567.6
20877.7
21092.7
21786.6
22317.9
22910.5
26495.5
28251.3
30691
30730.4
32708.9
33084.1
34099.4
35209.7
38403.4
38873
41212.6
43992.9
44320
44707.5
45600.6
45766.1
46208.5
46390.1
46888.7
47362.8
49672.2
53846.1
57466
57473.8
57893.5
57924.4
58415
59318.6
61067.3
61513.3
62993.1
64966.2
66198.3
68570.2
73713
74050.5
79427.6
79588.9
80962.1
81842.4
83264
85565.9
86764.8
87889
88206.5
90670.5
90802.7
91582.5
96052.3
96902.7
107363
109104
111333
111536
112776
114897
116300
116616
118274
118820
120065
121348
122431
122590
125776
126334
126535
127279
127746
128613
129280
130497
132525
133155
133304
135786
137391
139338
139540
140385
142346
144482
145400
145530
147030
147702
149049
149652
149946
152344
154331
154947
156206
158545
164894
165868
166148
168759
168988
170562
173268
174755
175476
176017
176893
177123
178798
178832
179010
179340
180438
180546
180732
183759
186039
189647
189816
190303
190457
190964
191808
192636
192676
192810
194202
194733
194777
196372
198026
198247
