1161.05
1446
1714.15
1902.96
1971.29
2958.18
3709.46
3986.21
4877.41
5101.22
5142.27
5670.73
6160.63
7099.23
7311.21
7397.15
7642.29
7977.26
8391.73
8414.77
8685.03
9158.24
9365.47
9397.28
9661.89
10167.8
10832
11078
11430
11671.8
11720.2
14815
14897.8
15135.3
15488.8
15621.2
15964
16059
16102
16498.5
16922.5
17462.9
17553.1
17922.2
18954.6
19459
19504
20126.2
20439.7
20949.6
21145.1
21347.5
22934.2
23728.4
24221
24378.8
24744.6
25489
25529.3
25590.7
25827.2
26165.1
26425.4
27001.8
27711.8
28188.8
29663.2
29823.1
30076.3
30340
30621.3
31001.9
31263.1
31422
31482.3
31745.8
31853.7
32294.6
32540.7
32568.4
32600.9
32882.4
32969.9
33247.6
33778.5
33853.1
34057.8
34312.3
34827.3
35667.6
36135.3
36215.6
36346.1
37349.6
37751.3
38177.7
38248.4
38718.2
38752.9
38813.6
38845.7
39352.6
39547.1
40130.8
41015.4
41172.8
41627.2
41716.1
41807.6
42033.9
42036.5
42254.1
42812.3
42828.9
42914
42998.9
43049.9
43169.7
43705.9
43839.2
43913.8
44084.2
44235.9
44342.4
44995.4
45083.8
45454.7
45721.6
45846.1
45873.1
45998
46282.6
46332.6
46428.2
46738.6
47223.6
47644.3
48782.5
49098
49575.6
49941.5
50971.9
51683.3
52127.3
53163.2
53646
54862.3
55289.5
56297.2
56594.3
57000.2
57082.5
57254.3
57384.4
57640.7
57798.2
57835
57985.2
58256.7
58843.3
59050.7
59249.5
59413
59643.6
59783.9
60741
61132.9
61616.2
62369.3
62888.1
62987.2
63631.8
63829.3
64150
64784.8
65219.7
65907.3
66530
66901
67155.1
67230.7
67429.3
67706.5
67778.9
67811.9
67871.5
68282.6
68518.1
69008
69268.7
69453.7
70053.8
70235.3
70311.7
70668.1
71161.2
71289.5
71637.8
71889.7
71932.8
72115.1
72196.1
73284.2
73562.1
73967.2
74784.3
75172.4
75519.2
75787.6
75825.3
76433.7
76986.6
77137.6
77186.6
77508.1
78004.2
78138.5
78435.8
78982.1
79014.7
79290.9
79478.9
80248.5
80461.1
81799.2
81990
82523
83114.2
83157.7
84703
84800.3
85064
85325.3
86389.9
86711.7
87523.4
87616.3
88190.9
88764.5
88877.4
89807.4
90065.8
90102.7
90277
90318.7
90451.8
90582
90783.4
91200.2
91952.9
92176.7
92462.6
93264.9
94245.9
94321.3
94537.3
94562.1
94924.1
95393.1
95648.5
96070.9
96494.9
96634.2
97873
98315.4
98582
99075.5
99263.4
100065
101634
101695
103117
104117
104384
104569
105272
105317
105566
105945
106529
106797
108676
108960
108961
109735
110374
110606
111253
111679
111694
112021
112323
112645
113307
113813
114029
114050
114922
115424
115826
116004
116470
116818
116852
117070
117495
117723
117780
117885
117948
118028
118217
118379
118491
119429
119482
119581
119892
120085
120296
120664
120712
120908
121166
121183
121385
121391
122113
122328
124110
124345
124847
124962
125528
125555
125934
126705
127025
127127
127223
128068
128159
128282
128709
129028
129053
129656
129810
129970
130056
130385
130433
131102
131236
132151
132305
132500
132632
132663
132903
133078
133205
133735
134262
135181
135483
136247
136488
136540
136835
136858
136954
136982
137080
138172
138259
138616
139028
139411
139836
140651
140992
141020
141188
141919
142849
143397
143594
143607
143618
143874
144071
144177
144365
144449
144839
144856
144999
145308
145414
145935
145958
145966
146410
146565
146795
146933
146982
147429
147431
147704
148161
148751
149009
149045
149350
149392
149417
149539
149588
150503
150722
150816
151072
151497
151581
151925
152306
152456
152589
152673
153289
153821
154307
154400
154468
154687
154881
154910
155889
157174
157353
157863
158963
159581
159600
159712
159851
160427
160527
160540
160895
164512
165339
165546
165701
166154
166451
166943
166967
167015
167569
167680
167756
167975
168164
168327
168773
168997
169234
169277
169633
169769
169998
170222
170350
170424
172396
172939
173008
173854
174309
174467
174474
174837
175551
175894
176087
176316
176452
176685
176709
176933
177019
177349
177668
177923
177998
178552
178592
178735
178760
179107
179491
179602
179604
179814
179920
179964
180324
180558
180716
181083
181262
183367
184909
185291
185757
186005
188434
189072
189398
189408
189549
189682
189928
190002
190110
190297
190547
190710
192332
192394
192450
192607
192635
194133
194321
194481
194903
195446
195776
195784
195935
196169
196655
196689
197018
197513
197774
198068
198933
