3801.72
4007.6
4757.32
4813.38
4872.75
5316.19
5581.67
7271.19
8352.11
8707.67
10577
10752.7
12468.8
13156.6
13338.5
13787.1
14813.6
15136.8
15164.6
15699.9
16084.7
16968.1
17072.5
17213.6
17466.5
17531.7
17757.3
18321.8
18325.2
18833.2
19160.8
19446.1
20547
24063.9
25901
26239.7
26323.4
27278.4
28185.8
28332.4
28811.9
30857.8
31038.4
31100.3
32250.6
32291.5
33697.7
33742.8
34327.8
36312.5
36789.6
36972.2
37430.4
37752.2
38135.1
38702.5
39119.2
39346.8
40014.2
40511.1
42408.9
42791.4
44681.7
44809
45271.8
45754.6
46094.7
46579.2
48778
49141.3
50032.5
52651.9
53299.3
53522.5
53747.6
54970.3
55650.9
56743.9
58936.8
59114.2
59767.2
59840.6
61428.2
62062.6
66259.5
69586.6
69748.3
70406.4
71555.9
72413.9
76660.9
77249.5
77736.8
78814.7
79231.9
79311.6
80218.9
80364
81021.8
81315.4
82281.5
82574.6
83275.5
84524
85158
86340
86760
89182.4
90237.8
91018.2
91418.7
91886
91894.7
92340.5
94637
95401.4
96387.4
96490.5
98527.4
99409.3
100195
100725
100804
101519
101785
102762
111641
112504
113938
114421
115172
117480
117727
118049
118520
118796
119346
120163
120717
123265
124577
135355
135916
143353
144344
146531
148851
155211
162497
164753
173597
174187
178466
179652
180106
180988
181723
181774
181927
182218
182274
182589
190957
191351
192113
192968
195420
196012
196572
197050
199357
