694.7
709.23
718.61
845.27
905.23
1327.41
1557.02
1631.17
1752.36
1836.91
2005.05
2127.13
2130
2375.79
2501.63
2743.57
2748.78
2758.82
3085.69
3151.88
3374.41
3413.78
3438.92
3498.34
3562
3576.76
3656.31
3732.56
3816.55
3833.43
4036.47
4072.32
4159.44
4467.95
4588.41
4613.85
4827.07
4881.14
4920.96
4958.16
5033.8
5203.71
5210.55
5507.86
5551.8
5562.92
5685.86
5776.39
6047.99
6095.18
6315.84
6560.8
6627.14
6782.02
6808.84
7211.82
7376.75
7418.96
7490.87
7577.91
7649.72
7666.14
8188.68
8267.47
8372.94
8531
8664.36
8746.53
8807.97
8865.59
8922.28
9087.63
9094.34
9321.1
9325.47
9419.67
9614.24
9703.63
9860.43
10134.7
10242.6
10623.8
10662.7
10697.1
10713.7
10988.8
10989.8
11033.2
11074.6
11179
11358.8
11519.9
11553.6
11890.1
11921.7
12324.7
12336.5
12368.6
12466.3
12488.4
12783.7
12977.7
12995.4
13032.6
13137.2
13278.5
13332
13360
13381.5
13531.3
13899.2
13940.9
14122.7
14308
14577
14603.6
14628.7
14643.7
14919.1
15044.5
15107.4
15139.3
15310.6
15324.4
15932
16071.9
16182.6
16196.2
16425.4
16522.4
16521.8
16617.7
16821.5
16894.3
17091.6
17425.1
17591.6
17661.9
17764.5
17952.7
18094.6
18166.1
18181.5
18425.1
18485.4
18808.4
18898.6
19023.1
19043.7
19121.9
19232.6
19333
19518.2
19712.1
19793.1
19818.9
19853.3
19929.4
19996.1
20174.3
20330.4
20340.8
20406.6
20758.8
20955
21000.1
21005.2
21072.5
21178.2
21258.5
21559.1
21692.7
21805.4
21893.2
21958.3
22041.8
22366.2
22478.9
22609.2
22693.5
22699.7
22725.9
23101.6
23111.1
23199.8
23257.2
23295.4
23546.9
23565.6
24009.8
24210.7
24240.1
24346.1
24442.4
24840.4
24987
25010.2
25112.3
25411.9
25543.4
25636.7
25677.2
25719.6
26071.2
26137.2
26277
26421
26440.4
26546.2
26677.2
26725.1
26943
26950.7
27078.3
27133.3
27198.7
27443.3
27449.2
27541.4
27748.3
28134.9
28204.7
28401.6
28401.3
28721.4
28837.8
28872.7
29238
29340.2
29431.5
29507.7
29713.3
29876.9
30275.1
30389.4
30574.2
30583.6
30770.5
31137.3
31284.3
31373.3
31545.5
31830.5
31848.5
32058.2
32147.5
32401
32570.9
32626.4
32642.9
32792.4
33044.9
33272.7
33346.3
33377.7
33750.5
33829.7
34187.9
34297.3
34334
34524.8
34657.4
34836.1
34935.4
34941.7
34974.5
34991.1
35101
35103.7
35243.2
35350.5
35447.2
35927.1
35987.5
36079.2
36143.3
36166
36187.8
36464.8
36491.9
36514.2
36884.4
37080.7
37162.2
37214
37231.1
37276.8
37285.1
37363.5
37685.3
37745.8
37924.5
37962.7
38113.9
38144.6
38297.5
38457.9
38690.8
38920.2
38952.3
39063.2
39160.6
39249.2
39538.9
39552.5
39650.2
39761
39800.7
39941.9
39973.5
40236.5
40524.6
40619.8
40949.7
41114.7
41142.7
41237.8
42058.1
42089.6
42108.3
42193.2
42774.6
42833
42862.1
43239
43432.3
43498.8
43536.9
43570.6
43987.9
44213.5
44371.6
44376.6
44497.5
44781.6
44914.9
44962.5
45250.4
45570.4
45950.5
45995.2
46017.6
46040
46070
46148.8
46300.6
46489.2
46824.6
46877.5
46876.3
46887.5
47136.4
47188.6
47289.8
47684.4
47709.8
47969.8
48001.8
48046.9
48142.6
48181.8
48418.6
48450.8
48477.7
48689.8
48814.1
48878.5
48884.1
48914.5
48927.6
48975.8
49170.2
49333.4
49355.4
49375.9
49572.2
49665.3
49818.2
50123.5
50193.4
50308.3
50562
50883.3
50879.1
51114
51391.9
51545.3
51610
51709.9
51932.4
52339.9
52543.6
52608.9
52684.8
52700.1
52873.1
52935.1
53117
53195
53300.3
53386.1
53546.8
53603
53710.3
54230.8
54294.8
54339.6
54421.4
54491.2
54538.1
54777.6
54785.8
54800.7
54832.6
54889.9
54917.4
55182
55241.9
55283.9
55396.9
55461.6
55626.7
55705.3
55767.9
56093
56155.5
56269.5
56850
56943.2
56951.9
57329.5
57476
57485.3
57577.3
57664.9
58098.7
58143.6
58419.3
58655.3
58728.5
58734
58766.5
59046.8
59239.9
59272.6
59622.7
59834.5
59862.2
59917.4
59962.7
60255.8
60472.9
60617.7
60825
60880.2
60906.2
61112.8
61131.6
61183.3
61782.1
61864.9
62287.4
62328.5
62429.5
62440.7
62513.4
62537.2
62608.4
62603.9
62728
63177.6
63242.8
63334.9
63445.3
63665.9
63925.6
64020.9
64091.4
64600.2
64744.9
64868.7
65011.9
65113.5
65173.2
65475.2
66146.9
66209.6
66313.6
66468
66486.4
66576.5
66702.5
66927.3
67153.8
67419.3
67533
67710
67901.7
68412.6
68597.4
68715.6
68775.1
68851.4
68947.9
69027.2
69058.7
69156.4
69327.7
69451.7
69459
69519
69961.1
70042.2
70089.5
70260.3
70315.8
70557.2
70671.4
70688.9
70686.7
70751.9
71129.4
71208.5
71367.1
71393.6
71412.3
71436.3
71719.4
71728.2
71978
72421.8
72745.3
72767.3
72914.8
72966.4
73012.3
73372.1
73477
73590.5
73931.2
73931.6
73992.3
74001.2
74119.7
74232
74485.7
74489.6
74546.1
74601.3
74688.1
74791.7
74883.8
74963.3
75006.6
75144.3
75605.6
75752
75841.2
75873
76220.9
76338.4
76541.7
76549.3
76545.6
76646.5
76907.9
76998.7
77108.4
77164.3
77325.3
77511.3
77578.8
77634.2
77751.4
77807.2
77806.9
77883.7
77894.8
77995.7
78039.3
78313.6
78362.5
78602.2
79016.1
79073.6
79125.7
79233.9
79240.9
79331.6
79548
79757.7
79804.4
79885.2
79914.4
80130.1
80231.2
80309.8
80377.3
80588.1
80614.5
80643.9
80746.7
80806.6
80826.7
80879.6
81104.9
81290.4
81304.8
81450.3
81519.3
81582.2
81607.2
81675.2
81739.4
81789.6
82303.1
82338.7
82596.8
82655.3
82711.9
82745.9
82875.9
82945.7
83242.9
83308
83583.8
83666.3
83891.6
84035.2
84052.9
84218.2
84228
84278.9
84345.7
84388.4
84504.7
84545.2
84564.8
84857.5
84893.6
84921
84932.9
85175.6
85431.7
85480.9
85493.9
85691.6
85929.3
85954.9
86075
86234.4
86355.7
86362.9
86491.3
86530.6
86645.9
86667.2
86848
86936.8
87018.4
87067.3
87183.3
87201.8
87488.2
87561
87568.6
87560.6
87644.7
87651.3
87686.7
87699.4
87880
87919
88074.6
88351.3
88398.6
88612.5
88688
88763.9
88831.1
88854.7
89119.5
89145.5
89267.7
89457.2
89474.3
89545.4
89815.7
89842.6
90235.5
90272.2
90305.3
90467.9
90878.8
91111.5
91201
91211.7
91247.7
91698.9
91827.4
91867.7
92361.3
92393.6
92524.1
92520.5
92613.3
92619.1
92863.3
92968.1
93025
93226.5
93486.5
93682
93798
93823.8
93883.6
93897.6
94022.3
94139.4
94183.4
94547.7
94631
94691.9
95176.3
95183.2
95301.4
95371.8
95720.2
95797.2
95861.1
96075.4
96265
96315.4
96349.7
96572.9
96713.5
96905.1
97098.5
97176.7
97595.5
97792.7
97860
98452
98499.3
98643.9
98698
98866.2
98973.9
98995.3
99109.3
99105.4
99311.8
99710.8
99745.3
99780.6
99922.9
100150
100167
100316
100313
100560
100736
100762
101150
101391
101578
101649
101774
101765
101801
101848
102155
102316
102482
102773
102931
103492
103655
103760
104038
104069
104142
104256
104296
104616
104726
104821
104885
105210
105447
105439
105511
105756
105922
106029
106098
106469
106538
106710
106722
106756
106825
106997
107163
107317
107496
107567
107641
107839
107927
107972
107993
108367
108393
108641
108697
108706
108764
108920
108992
109068
109074
109203
109267
109606
109624
109638
109720
109745
109767
109782
109892
110244
110560
110596
110615
110692
110745
110775
110834
111076
111075
111185
111224
111294
111563
111680
111935
111978
112045
112069
112704
112898
112983
113050
113101
113220
113360
113431
113521
113699
113726
113745
113842
114267
114297
114674
114790
115185
115298
115401
115741
115781
115838
115833
115949
116028
116141
116351
116350
116487
116849
116877
116892
116913
117269
117364
117553
117576
117583
118010
118062
118099
118400
118436
118542
118597
118646
118753
118823
118826
119027
119150
119329
119421
119467
119635
119646
119880
119943
120096
120145
120201
120209
120381
120543
120586
120637
120747
120835
121067
121163
121320
121383
121496
121699
121720
121773
121847
122106
122154
122223
122377
122484
122499
122503
122485
122752
122922
123332
123384
123396
123855
124374
124504
124599
124861
125089
125164
125231
125217
125403
125478
125527
125553
125749
125791
126058
126088
126172
126220
126372
126540
126703
126731
127257
127273
127557
127623
127687
127822
127884
127987
128156
128314
128311
128508
128586
128824
128877
128918
129011
129038
129058
129174
129527
129589
129644
129773
129809
129892
130024
130135
130248
130502
130617
130874
130869
130918
130929
130953
131215
131274
131535
131620
131868
132062
132083
132336
132581
132638
132698
132776
132955
133015
133375
133399
133525
133621
133682
133831
133882
133902
134103
134176
134416
134529
134666
134669
134704
134879
134918
135097
135460
135547
135635
135675
135799
135832
135866
135919
136268
136329
136456
136753
136769
136777
136956
137044
137148
137379
137443
137716
137733
137744
137938
137955
138146
138546
138907
138967
139025
139100
139223
139249
139586
139588
139870
139953
140162
140160
140184
140237
140332
140385
140432
140724
140769
140790
141091
141101
141216
141320
141378
141507
141723
141948
141973
142020
142305
142773
142877
142977
143233
143248
143504
143556
143580
143722
143789
143815
144359
144472
144519
144586
144594
144637
144674
145036
145431
145620
145632
145693
145844
145873
145915
146014
146279
146350
146476
146502
146720
146740
146846
146938
147049
147070
147164
147379
147367
147624
147767
147885
148180
148231
148251
148408
148456
148620
148652
148667
149136
149154
149164
149211
149253
149365
149420
149748
149799
149847
149979
149977
150097
150267
150353
150468
150525
150580
150794
150858
150867
150983
151260
151295
151638
151712
151767
152160
152187
152260
152516
152569
152597
152637
152859
153027
153169
153238
153239
153308
153703
153856
154075
154089
154159
154180
154353
154680
154732
154847
154903
154914
155236
155283
155396
155582
155701
155838
156112
156153
156351
156372
156392
156630
157095
157266
157423
157559
157734
157869
157949
157972
158066
158145
158253
158309
158413
158534
158749
158760
159173
159389
159412
159473
159502
159562
159884
159986
160215
160414
160520
160750
161253
161526
161661
161667
161733
161729
161856
161873
162098
162196
162419
162570
162836
163014
163241
163455
163491
163569
163606
163859
164085
164143
164260
164365
164477
164690
165013
165107
165173
165187
165339
165504
165859
165983
166025
166150
166152
166195
166390
166413
166462
166829
166993
167043
167329
167372
167379
167390
167499
167542
167608
167716
167877
167883
168452
168516
168705
168713
169121
169290
169441
169726
169857
169863
169991
170015
170168
170331
170757
170848
171036
171198
171201
171229
171301
171312
171380
171374
171725
172014
172355
172434
172557
172641
172646
172873
173060
173236
173264
173473
173497
173556
173586
173628
173756
173829
173846
173919
173965
174421
174618
174642
174834
175161
175442
175465
175725
175946
176245
176265
176521
176665
176945
176980
177040
177122
177320
177476
177719
177772
177814
178094
178313
178383
178452
178477
178578
178618
178658
178794
178926
178947
178943
179170
179203
179473
179540
179606
179751
180020
180034
180040
180064
180418
180434
180463
180647
180823
181060
181225
181358
181421
181660
181827
181861
182017
182032
182267
182267
182380
182467
182483
182654
182716
182744
182829
183037
183138
183300
183551
183870
183919
183929
184013
184102
184334
184393
184480
184608
184773
185043
185057
185446
186001
186372
186397
186638
186705
186845
186925
186925
186956
187487
187659
187676
187827
187850
187945
187990
188179
188366
188417
188608
188660
188725
188764
189093
189148
189179
189207
189213
189242
189257
189499
189661
189751
190071
190121
190136
190305
190432
190704
191032
191133
191247
191499
191716
191726
191782
191901
192032
192325
192391
192426
192459
192540
192765
192852
192952
193132
193209
193405
193627
193924
193966
194068
194177
194345
194499
194641
194660
194764
195129
195125
195222
195302
195286
195358
195507
195591
195667
196133
196206
196308
196593
196721
196795
197034
197074
197104
197125
197402
197663
197692
198074
198121
198158
198249
198628
198692
198755
198955
199088
199205
199386
199433
199506
199559
199692
199718
199766
199937
199955
