2669.24
2796.06
8402.97
10150.3
11156
11430.8
12462.8
13591.5
14398.8
14474.9
15155
15908.3
17134.1
17920
21814.3
24180.9
25507.3
28923.7
34112.4
34648.4
42983.2
46446.2
51194.8
51406.3
52437.4
62051.6
64502.8
65497.9
70541.4
73557.4
76314
77291.2
78804.9
79982.3
82786.9
86606
87459.2
90098.7
90229.4
92203.9
94342
98333.6
98874.3
100110
100554
101018
101126
103776
110497
112816
113742
114144
119332
122128
123473
124712
128519
128611
131954
134210
135684
137166
139073
147710
150043
152016
154111
154314
157399
158783
160267
160333
160500
161786
163763
164115
166019
166813
169679
170384
170933
173897
175454
180977
181395
182077
183902
184670
188749
191678
194667
194888
195428
197832
198111
198213
199038
