757.98
870.99
989.4
1661.21
2261.76
2622.02
2644.53
2821.52
2920.6
3332.34
3352.41
4192.89
4487.31
5459.76
5507.56
5864.42
7493.31
7802.48
8065.63
8138.14
8141.13
8251.28
8865.55
9072.38
9421.25
9485.34
9785.05
10402.5
10866.3
10884.5
11155
11313
11497.1
11630.7
11774
11794.5
11817.5
11887.6
12127.1
12167.4
12187.4
12868.7
12964.3
13032.3
13392.5
13526.7
13680.3
13917.1
14094.5
14191.9
14861.3
15005.8
15404.7
15543.3
16316.6
16497.6
16646.7
17599
17801
17833.9
17919
18005.6
18585.3
18825.9
19332.7
19519.9
19589.4
19691.1
20115.7
20250.2
20448.5
20554.9
20946.8
21460.3
21514.1
22393.8
22755.4
23191.3
23284.4
23898.2
23990.8
24751.1
25162.2
25190.5
25699.2
25833.9
28093.3
28165.3
28828.2
29780.8
30477.9
30844.6
31471.4
31554.7
32695.5
32782.5
32792.8
33424.1
33665.3
33845.7
34141.2
34215.2
34305.5
34751.7
34779.5
35062.2
35144.2
35180.2
35249
35530.2
36050.6
37227.8
37235.4
37564.3
37937.1
39096.7
39661.5
40982.4
42839.1
43445.9
43660.1
44578.3
44804.5
44913.9
45062.6
45070.1
45078.5
45788.9
45870.9
47028.9
47058.4
47072.3
47425.8
47771.8
47799.5
47883.7
48137.9
49107
49258
49374.4
49371.6
49610.3
49864.3
50037.3
50213.5
50419.2
50837.9
50927.9
51289.2
52013.6
53870.8
54304.7
54896.7
55161.4
55570.6
55850.2
56246.5
56254.4
56480.8
56804.1
56833.6
57466.9
57869.4
58034.2
58514
58534.9
59040.2
60317.3
60631.3
61281.1
61688.7
61712.8
62119.8
62790.1
62906.7
63275.8
63320.5
63438.5
63650.8
63680.2
63727.6
64572.3
64910.2
64930
65272
65451.1
65697.7
67396.8
68493.6
68620.5
68850.6
68879.6
69153.8
69179.7
69320.5
70000.8
70077.8
70101.9
70612.2
70810.6
70815.7
70868.7
70956.2
71466.1
71872.3
72054.5
72079.2
72361.1
72414.7
73273.5
73298.8
73301.3
73442.2
73920.4
74085.7
74153.8
74804.4
75772.2
76064.1
76099.8
76317.1
76538.6
76636.7
76949.2
77146.6
78387.3
78612.9
79112.1
79285.4
79566.1
79697.4
79891.8
80561.3
81138.5
81594.9
81703.9
82342.5
82464.1
82479.8
83557.6
83852.2
84063.1
84506.7
84810.8
85937.7
86440.1
86813.3
87055.7
87181.6
87330.5
87650
87938
88053.8
89229.5
89844.5
89874.2
90016.2
90359.7
91104.8
91839.5
91868.8
92382.1
92686.5
93231.1
93587.7
93845.5
93977.7
94183.7
94268.1
94368.9
94779.3
95169.7
95318.8
95897
96115.1
96311.2
96864.6
97223.6
97661.9
97978.2
98088.5
98274.6
98300.1
99145.8
99375.4
99681.1
99692.1
99800.9
99886.4
99895.2
100416
100533
100590
100757
100885
101153
101253
102172
102364
102762
102893
103169
103572
103621
104193
104318
104517
104624
104836
104988
105122
106737
106743
109100
109251
109821
110074
110299
110487
111040
111457
111955
112504
112698
112908
113027
113456
113488
113780
114221
115018
115683
116265
116490
116681
116987
117154
117144
119215
120429
120555
121646
121685
121945
122528
122667
122760
122768
123121
123141
123333
123737
124107
124119
124158
124607
124844
125221
125889
126376
126756
127627
127790
128136
128307
128480
130035
130054
131276
132965
133621
134031
134608
134652
134840
134893
135081
135376
135457
135756
135971
136049
136105
136998
137289
137424
137566
137858
137930
138164
138226
138631
138939
139949
141220
141561
141856
142642
142781
143090
143209
143307
143480
144857
145327
145686
145724
146819
147200
147408
147866
147911
148171
148666
149470
149845
150114
150209
150854
151065
151104
151123
151134
151335
151348
151849
151917
151924
152383
152437
153271
153386
153477
153523
153538
153815
153973
154054
154266
154477
154504
154740
156125
156126
156136
156377
156637
157084
157408
157466
157882
158428
158616
158741
158816
158907
159256
159544
159986
160024
160154
160339
160675
160768
160839
161206
161484
161691
161697
161934
162235
162573
162644
162817
162841
163492
163774
163870
164290
165167
165266
165366
165805
166273
166308
166313
166500
166577
167076
167510
167738
167859
168836
169000
169816
170190
170687
171621
171961
172024
172027
172668
173705
173990
174037
174077
174140
174148
174868
175193
176051
176266
176366
176532
177125
177287
178090
178116
178852
179324
179568
180360
180509
180750
180913
181269
181861
182646
182981
183403
183419
183728
183948
184536
185103
187215
187714
188260
188561
188626
188745
188920
189127
189577
189894
190618
191276
192093
192622
193522
193911
194007
194199
194417
194862
194872
195122
195226
195314
196141
196607
196653
197267
197530
197572
198049
198249
198472
198490
199060
199347
199519
