187.46
427.93
3232.05
5528.27
8998.26
9478
9737
12847.9
14095.5
15988.3
22687.9
25361.4
26135.5
31798.7
32206.4
32517.2
34206
35166.9
35987.5
36540.5
38185.5
39490
40815.1
41549.5
42687.3
45785.9
49765.7
51002.1
52360.2
53801.6
57378.3
59981.1
62613.1
62663.7
64428.9
65156.3
67166.7
68617.5
71573.6
73842.9
77413.4
78681.6
81009.6
83813.4
84581
84772.9
93358.6
95009
96689.2
97903.3
100613
100819
102032
103841
109641
110602
125478
126378
127127
128825
129168
132207
132550
135761
143704
149589
153972
155605
155678
159744
160283
161107
166070
170869
171370
171401
172605
174339
178217
179348
185292
187199
187273
188335
188848
189401
190293
190421
192024
193198
196388
199470
