218.02
539.26
685.14
815.79
1175.26
1912.14
3019.49
3032.49
3075.59
3447.16
3717.84
4381.12
4804.3
5279.4
5507.84
5583.13
6095.65
6485.96
6720
7019.03
7105.35
7362.43
7687.41
8008.72
8145.72
8224.98
8445.33
8677.07
8911.86
9113.29
9137.91
9263.97
9361.34
9464.05
9600.9
9614.98
9939.73
9940.03
10171.2
11064.2
11284
11403.4
11419.3
11450.1
11665
11833
11885.2
12182.1
12579.1
12970.6
13116.6
13688.4
13862.3
14215.3
14626.6
14687.1
14768.4
14815.7
15258
15306.1
15342
15467.1
15986.1
16017.3
18083.8
18739.3
19481.2
19586.9
20287.9
20666.1
21349.9
21486.6
21900.3
22049.7
22075.8
22484.5
24040
24175.3
24303.2
24511.2
24902.6
24965.3
24998.2
25193.7
25254.8
25780.9
25869.5
26083.3
27186.8
27783.1
27918.5
28538.6
28565
29387.3
29558.1
29736.3
30510.4
30525
31465.7
31502.3
31847.3
32278.2
32936.6
33559.9
33932.8
34217.2
34443.5
34981.5
35604.1
35642.2
36391.5
36604.5
37730.6
37895.8
37984.6
38065.3
38443.4
38508.4
38682.8
39192.8
39385
39413.4
39512
39640.4
39872.2
40274.6
40384
40501.4
40606.8
40704.4
40863.6
41132.7
41220.3
41374.7
41473.4
41900.6
42054.9
42435.7
42855.3
42932.5
43293.7
43423.3
43776
43797.5
44048.3
44691.6
45366.8
45446
45461.2
45631
46081.2
46080.6
46088.5
46230.7
46871.6
47168.3
47404.4
47541.1
47611.9
48202.9
48470.3
48922.2
49126.9
49206.5
49598.8
49827.4
50023.7
50383.1
50558.8
50731.7
50931.4
50959.9
51004.7
51881.7
51885.8
51996.8
52455.4
52486
53100.6
53308.6
53411.5
53539.2
53589.7
53651.7
54226.4
54291.3
54613
54658.8
54688.5
55647
55703.1
56069.4
56061.8
56148.3
56288.8
56451.6
56788.8
56850.5
57038.6
57429.9
57445
57607.2
57899.4
58190
58655.1
59258.3
59704.2
59751.4
60152.4
60551.8
60964.7
61006.2
61191
61344.9
61379.6
62392.8
62443.3
62591.9
62920.7
63302.1
63647.4
63866.1
64171.5
64220.2
64391.5
64706.9
64929.1
65124.8
65228.5
65316.1
65477
65523.4
65554.8
66621.1
66714.3
66924.2
67058.4
67415.6
67783.9
67848.3
67997.4
68277
68272.9
68450.3
68677.5
69319.5
69431.4
69573.4
69639.9
69788.9
69948.7
70183.2
70240.2
70355
70436.8
70555.1
70663.7
70665.5
70735.3
71125.6
71339.8
71832.2
72126.6
73058
73235.3
73346.8
73489
73726.1
74591.5
75170.4
76151.2
76361.3
76404.6
76430.9
77116.9
77145.3
77601.5
77649.9
78237.2
78582.3
78763
78845.5
79400.9
79813
80087.5
80160.7
80347.8
80397.5
80649.8
80669.5
81320.9
81578.7
81833.9
81900.3
81959.5
82035.9
82104.4
82614.2
82790
83149.8
83250.5
83269.9
83503.9
83624.9
84033.9
84169.8
84252.6
84257.8
84265.4
84583.2
85050.1
85729.8
85916.3
86080.2
86443.4
86484.9
86731.1
86787.3
87172.4
87221.6
87230.5
87394.8
89791.3
89899
90025.3
90855.2
90997.9
91265.3
91336.1
91503.5
91707.8
92511.6
93007.2
93248.2
94075.5
94496.7
94700.1
94711.1
94835.2
94959.5
95205.7
95444.8
95830.4
96417.9
96634.1
96933.4
96969.4
97172.1
97534.8
97666.8
97995.7
99010.7
99299.3
99315.8
100267
100375
100534
100896
101388
101540
101638
101854
102397
102503
102527
102742
102803
102839
102914
103280
103369
103607
104272
104929
104966
104999
105182
105686
105908
105940
106341
106348
106475
106789
107109
107325
107530
107623
107967
108094
108425
108779
108834
108884
108952
109428
109464
109612
109710
109823
109834
109871
109971
110009
110228
110514
110545
110710
110958
111720
111954
112279
112501
112730
113345
114148
114226
114706
115367
115737
116102
117779
118244
118522
118634
119058
119412
119464
120019
120030
120208
121089
121133
121623
122736
123170
123475
123524
123578
123793
124028
124032
124177
124493
124585
125009
125365
126126
126195
127007
127101
127645
127878
128697
128852
129241
129761
129799
130008
130414
131082
131433
131578
132067
132221
132283
132316
132388
132398
132650
132708
132933
133044
133215
133316
133729
134135
134564
134845
135088
135139
135615
136232
136248
136436
136698
136752
136976
137016
137064
137415
137434
137750
138007
138237
138642
138971
139337
139700
139964
140442
141023
141358
142214
142376
142417
142577
142847
142973
143023
143550
143655
144192
144612
144852
145231
145272
146084
146409
146564
147006
147353
147584
147786
148099
148147
149057
149373
149897
150083
150199
150452
151003
151181
151380
151439
151926
152032
152252
152427
152412
152412
152671
152669
152848
153015
153342
153638
154672
154952
155225
155432
155470
155494
155817
155861
156400
156845
157650
157696
157988
157999
158559
158811
159238
159543
159766
159808
159887
159976
160101
160848
161048
161080
161106
161500
161605
161807
162715
162941
163269
163798
163890
164224
164514
165196
165395
165600
165886
166095
166466
166468
166472
166818
167114
167469
167799
167873
168202
168468
168938
169028
169196
169205
169268
169560
169659
169778
169818
170260
170423
170615
170683
170768
170864
171113
171173
171307
171487
171780
171919
172179
172343
172401
172572
172616
172937
173420
173606
173702
174084
174209
174469
174860
175007
175077
175599
175674
175681
175731
175884
176002
176274
176665
177933
178519
179200
179292
179914
180241
180329
180764
180846
180867
180926
181200
181573
182596
182734
183846
184153
184835
185016
185043
185221
185564
185862
186277
186335
186958
187100
187122
187309
187583
187802
188078
188158
188309
188455
188576
188959
189088
189147
189289
189352
189439
189577
189660
189814
189829
189856
189989
190128
190245
190353
190969
191235
191323
191391
191541
191554
191857
192038
192768
192918
193639
194910
195390
195485
195612
195731
195850
195936
195999
196088
196596
197334
197578
197653
197696
197782
197802
198020
198088
198962
199033
199077
199164
199225
199573
199635
199689
199803
199927
