1035.56
1534.27
1669.53
1744.91
2801.74
2900.12
3686.07
3940.53
5002.72
7059.16
7997.72
8078.83
8650.2
9087.18
11527.5
11635.7
11804.5
11816.3
12292.5
12908.8
12959.4
14938.8
15482.4
15895.2
16191.6
16314
16996
17063.5
17509.5
18924.6
19097
19216.6
19620.7
19922
20671.2
20980.2
21279.5
21786.1
21865.3
23046.8
23510.2
25726.9
26451.1
26765.9
27566
28745.3
30339.6
31220.6
33880.8
34708.5
35341.2
35708.3
38030.1
38500.6
39219.2
40122.4
40556.9
41485.7
42277.8
42520
42998.3
43276.9
43346.9
44433.3
44499.6
45276.9
46358.9
46702.3
49736
49764.1
50564.4
50842.2
51483.7
51527.1
52232.3
52249.2
52499.7
53104.9
53222.1
53985.5
54375.2
55436.1
55460.6
55730.7
56220.1
57793.8
58424.5
58894.3
62070
62263.2
62605
63410
64392
65820.3
66336.1
67339.8
67809.7
68145.4
68245.5
68932.4
69557.5
73124.4
73527.2
73598.1
73754.9
74907.5
77180.6
77418.1
79349.3
79453.4
80133.3
80866.1
81769.1
82309.1
82464.2
82885.9
82948.5
83592.7
84084.6
84304.4
84340.4
86296.7
87317.1
87703.7
88742
89487.5
90530.5
90937.2
90967.6
91333.3
93650.6
94145.8
94367.1
95009.3
95203.5
96149.5
97153
97565.9
98161.9
98513.4
98640.6
99540.8
99563.7
101292
101605
102215
102469
102848
103082
103461
104597
105999
106013
106143
106703
107249
108432
109197
111751
112650
114263
115117
115272
116969
117054
117849
118591
119250
119364
119579
120152
120789
123419
124279
124717
125368
125376
125450
125708
125709
128695
129514
129589
130224
131357
132201
132880
132927
133111
133288
134105
134718
135062
136326
136976
137756
137904
138249
138279
138589
138801
139410
139434
139709
142164
144308
144716
147007
147042
147370
148199
148195
148625
149069
149688
150512
150580
151688
151697
152174
152258
154018
154030
154305
154371
154541
154870
155919
157249
157297
157987
158077
158569
158596
159021
159084
159521
160012
161113
162952
165561
165656
165782
165961
166020
166512
167536
167856
169417
169536
169736
172646
173173
173670
173851
174624
175715
175851
176753
177131
177190
177660
177789
178805
181001
181716
181875
182044
182649
182765
182939
184995
185397
185921
187855
189142
190310
190816
191943
192488
192958
193044
196304
196417
197825
198106
198539
199077
199788
