7036.74
9412.84
11179.7
11379.9
12686.4
12784.3
13242.4
14259.2
15805.3
17018.9
17186.4
18973.6
22567.7
32574.2
35079.9
44370.5
47366.9
49416.5
50133.9
53614.6
56170.5
57386.8
68537.2
77750.8
78368.7
80209.8
83306.7
90801.4
94291.3
95436.9
103175
111428
112647
119833
120921
122241
123381
132136
138485
138867
140718
144294
146466
149692
150532
151784
156354
159839
161120
161682
162923
163867
164869
165223
167022
167918
168073
169045
169913
171600
172560
172634
174314
177928
182369
183711
187594
191438
195877
