101.19
196.52
823.67
1164.25
1444.81
1464.15
2057
3649.43
4069.73
4180.66
4268.1
5755.75
5990.85
6175.64
6350.51
6530.83
6805.5
6975.48
7529.1
7602.26
7670.11
7888.38
8129.14
8991.26
9526.42
9587.26
9797.05
9980.17
10018.2
10271.5
10335.3
10502.5
10618
10783.7
11837
11992.5
12376.4
12714.6
12986.2
13089.7
13473.3
14672.3
15244.9
15575.5
15988.5
16261.8
16471.7
16657.8
16731.1
16984.4
17064.6
17686.1
18603.3
18625.8
19029.6
19074.5
19170.7
19238.6
19239.8
19391.8
19593.6
19861.9
19919.5
20485.1
20558.3
20786.7
20809.5
20821.4
20842.1
21327.3
21391.2
21430
21553.9
21863.6
21943.9
22036.8
22451.7
22832.9
22871.8
23049.1
23160
23241.2
23541.3
24020.4
24206.6
24758.1
25054.7
25323.8
25403.8
25564.9
25668.2
25725.6
25939.7
26314.4
26953.1
28267.9
28590.2
28833.9
29176.7
29567
29940.1
30163.5
30413.4
30604.4
30800.5
30859.5
31371.4
32011.7
32041.2
32158.6
32454.8
32738.3
32742
32979.6
33022.7
33061.5
33094.3
33136.3
33168.2
33277.5
33332.3
33340.9
33986.5
34225.1
34480.4
34961.6
35126.9
35438.4
35842.2
36675.4
36796.4
37057.1
37662.1
37683.9
38798.5
40645.9
40934.8
41013.3
41116.5
41325.3
41356.8
41419.9
41568.4
41737.3
42347.2
42406.9
42862.2
42990.6
43000.7
43457.6
43637.3
43691.1
43759.1
45066.9
46092
46325.4
46775.7
46972.3
48263
48439.6
48789.2
48950.5
49071.9
49506.4
49669.9
49828.1
49895.9
49967.1
50166.6
50337.8
50505.7
50746.3
50916.1
50948.3
50972.5
51172.7
51241.2
51731
51810.9
52100.9
52985.8
53151.8
53159.7
53365.6
53440.5
54010
54167.3
54498.5
54980.7
55618.1
55785.1
56037
56585.8
56784.1
56819.9
57314.5
57373.7
57538.9
58167.4
59205.6
59273.8
59324.3
59554.8
60251.8
60438.4
60833.4
61297.1
61432.5
62237.3
62458.7
62605.1
62733.6
63819.1
63879.4
64243.4
64384.8
64751.4
64803.2
64835.2
65033
65097.4
65615.8
65718.4
65820.5
65911.4
66178.7
66226
66226.4
66621.6
68557.1
68964.5
69360
70124
70169.4
70236.8
70309.7
70463.3
70482.7
70700.8
70831.6
71429.3
71462.2
71482
71651.2
71719.3
71746.1
71971.6
72132.7
72233.2
72263.4
72525
72756.1
73004.5
73049.8
73427.2
73525.2
73882.6
74747.9
74759.1
74923.3
75118.1
75610.6
75924
76127.4
76385.6
76437.3
76482.1
76571.8
76741.8
78174.9
78434.9
78521.9
78546
78761.5
79166.4
79334.8
80100.3
80618.4
81051.3
81568
81575.5
81630.2
81730.1
82048.2
82347.6
82382.4
82529.2
82969.6
83550.6
84437.5
84764.2
85809
85852
86407.3
86435.1
86706.7
87064.4
87394.2
87469.4
87615.7
87698.5
88013.5
88089.5
88453.7
88974.4
89075.3
89515.8
89676.1
90042.3
90879.2
91069.4
91106.9
91381.8
92627
93101.3
93129.3
93153.3
93362.3
93678.8
93934.5
94159.1
94230.2
94301.2
94443.3
94646.5
95622.8
95716.7
95862.2
95956.4
96062.2
96373.7
96574.1
96616.1
96763.2
96831.7
97024
97126.4
97747.9
97936.3
98026.9
98164.8
98224.8
98260.2
98399.8
98535.3
99214
99612.7
99842.6
100350
100376
100521
101056
101348
102037
102394
102766
102866
102960
103133
103209
103287
103695
103824
103883
104153
104162
104163
104181
104280
104469
104567
104813
105029
105217
105345
105814
105930
106381
106622
106959
107332
107399
107451
107879
108891
108919
109166
109314
109341
109458
109483
109483
109512
109564
110087
110778
111357
111499
111535
111959
111966
111998
112305
112449
112461
112592
112746
113014
113118
113590
114462
114518
115241
115253
115470
115789
115896
116286
116551
116571
117155
117325
117453
117691
117741
118165
118231
118268
118663
119340
120190
120521
121115
121631
122107
122400
122584
123084
123560
123666
123740
123875
124388
124822
125002
125898
126863
127217
127265
127307
127563
127713
127716
127749
127949
128522
129164
129475
129514
129976
130265
130507
130573
130863
131311
131501
131786
131864
131955
132192
132641
132719
132779
133591
133627
133673
134126
134201
134557
134616
134808
134978
135219
135244
135457
136525
136645
136918
136934
137081
137192
137461
137507
137573
137741
138312
138611
138978
139198
139525
139545
139570
139788
139974
140150
140402
140474
140493
140696
140764
140820
141109
141129
141137
141952
142416
142669
142780
142837
142972
142978
143249
143338
143469
143795
143872
144034
144159
144753
145208
145261
145749
145985
146367
146879
146885
147291
147792
147870
148200
148616
148876
149010
149044
149305
149393
149553
149937
150149
150387
150633
150861
150864
150882
151081
151427
151462
151763
151922
152010
152074
152124
152280
152678
152942
153889
154326
154704
155007
155252
155349
155383
155799
155822
156030
156254
156465
156856
157439
158150
158597
158656
159952
159968
160367
160796
160962
161043
161369
161469
161523
161667
161895
161965
162285
162329
162536
162768
162866
163175
163989
164527
164632
164893
165172
165229
165477
165560
165689
165719
166717
166823
167344
167686
167945
168012
168364
168370
169011
169031
169040
169269
169280
169549
169563
169671
169746
169854
170016
170019
170146
170616
170675
170676
170979
171244
171298
172459
173817
173821
174141
175311
175382
175457
175545
175643
175649
175969
176399
176463
176997
177029
177326
178106
178181
178286
178674
178990
179479
179640
179667
179690
179934
179941
180138
180319
180629
181073
181157
181354
181506
181971
182005
182178
182538
182661
183000
183398
184638
185006
185189
186068
186421
187130
187576
187742
187772
187956
187979
188117
188218
188357
188398
188418
188512
188932
190144
190255
190391
190478
190505
190750
191109
191137
191428
191587
191716
191805
192619
192633
193471
193939
194170
194483
194532
194674
194820
194846
195035
195137
195423
195448
195628
195633
195661
195957
196010
196066
196177
196293
196325
196724
196712
197156
197691
197832
198082
198104
198441
198511
198592
198757
198795
199066
199168
199169
199185
199317
199324
199530
199901
