247.66
1891.1
2605.83
2947.74
3909.21
5974.24
7231.68
8157.12
8266.56
9249.66
10014.4
10235.7
10490
11027.4
11941.4
12164.1
12568.8
13214.3
13234.7
13239.3
13525.1
15665.4
16479.9
16507.9
16542.7
17046.1
17391.4
17735.9
18817.7
19895.8
20345.1
20736
20830
21207.1
21444.3
22027.6
22747.4
23380.6
23600.2
25321.4
25915.1
26668.9
27147.3
27248.1
27723.5
27802.8
28803.7
28949.5
29506.3
33470.1
33690.3
33980.4
34822.5
36292.2
36884.2
38606.5
38935.3
39333.1
39490.3
39646.6
40275.5
40347
41323.5
42705.7
42834
43414.7
44676.1
45472.6
45603.9
45787.3
46787.7
47254.1
47585.2
48303
48768.8
49490.8
49877.5
50588.6
50840.8
51151.5
51692.4
51812.7
52383.4
52404.3
52714.6
54199
54608.9
55133.3
55656.6
55914.5
56805.5
56900
57385
57419.1
58140.1
58627.2
58634.9
59258.1
59395.7
60945.9
61608.3
61717.4
62549.9
62777.5
62809.5
63044.7
63229.6
63323.7
63716.3
64542
64811.2
64966.9
66542.5
66803
66814.3
67544.8
68257.5
68547.9
69183.9
69181.2
69407.1
70473.5
71273.6
71829
73385.2
74193.1
74381.6
75131.5
75278.2
75292.4
75317.7
75942.7
76659.4
77584.8
78143.9
78465.3
78641.9
78947.5
79217.2
79503.1
79926.1
80290.5
81913.2
82317.2
82499.9
83116.9
83177.7
84444.9
84462.4
84531
85287.9
86514.9
87054.7
87089.4
87544
88280.4
88964.7
89648.6
90546
90700.4
91256.5
91528.2
91963
92459.3
93092.5
93397
93887.8
95498.8
95737
95758
96347.5
97339.2
97786.8
98701.7
98799.6
99141.9
99184.2
99774.1
100290
100292
101262
101542
102588
102627
102649
103613
103746
103834
104255
105318
105509
105860
106118
106873
107388
107533
108247
108440
108529
109403
109477
110143
111371
111901
111952
112210
114315
114623
116015
117595
118055
118216
118768
118823
118861
119466
119825
120347
120590
122000
122358
123583
124540
124900
125217
125588
125657
125763
126259
126962
127123
128490
128716
128745
129761
129982
130452
133386
133683
133797
134322
135027
135073
135257
135310
135313
135404
135479
136151
136164
136573
137496
138236
138511
138752
139849
139878
140341
141526
141647
142703
143515
145192
145202
145358
146286
146953
146996
147172
147560
147798
147818
148229
148315
148385
148997
149334
149909
150400
150706
151061
151324
151671
151788
151887
152051
152439
153469
153941
154174
154225
154528
154589
155013
155152
157554
158193
158383
158479
158730
159345
159602
160159
160762
161532
163096
164771
165638
165699
165872
165962
166140
166959
167873
168067
168108
168416
168720
168799
168808
169084
169897
170436
170535
172066
173653
174855
176175
176242
176340
176936
177367
177912
177948
178331
178374
179136
179181
179696
180964
181645
181987
182243
182382
182845
182868
183171
183452
183905
184100
184599
185406
186025
186147
186190
186507
187664
188915
189216
189781
190444
190935
191091
191838
191849
192188
192351
192652
193393
193618
194366
194484
196448
197533
197960
198355
198559
198937
198954
199342
