143.72
1477.07
2043.62
2067
2398.29
2536.35
4122.9
5263.79
5306.92
5576.68
5949.41
8893.96
9609.77
12168.9
12439.6
15308.2
16003
16351.7
16360.7
16674.7
17817.5
18067.4
18267.8
18908.9
19300.6
20239.8
20796.9
20887.2
22520.1
22802.7
22917.7
23390
23674.4
24559.2
25120
25595.4
25780.6
26595.6
27183.4
28513.8
28523.2
28952.7
29180.2
29501.2
29501
29858.9
29992.4
30576.7
31395.2
32521.8
32592.3
33297.9
33727.5
34046.6
34258.7
34570.5
35044.8
35352.4
35527.1
35688.9
36073.8
36717.3
37122.6
40568
40857.7
41284.8
41313.5
41531.7
41895.9
42278.7
42856.2
44103.7
44504.3
45277.1
45809.9
46230.6
48184.2
48462.4
50196.1
50666.5
51267.2
51718.6
52774.2
53357.3
54891.7
55941
57205.5
57867.5
58346.9
59216.2
59837.6
60633.2
61040.4
61409.9
61819.7
61982.6
62004
62787.3
62904.8
63818.2
64502.9
64956.6
65409.1
66541.5
67222
67388.6
67714.8
67865.7
67907.9
67996.3
68687.6
71632.3
72231.3
72983.7
73649.9
78464.6
82284.1
84956.3
86623.7
87095.3
87527
87932.7
89832.9
90029.6
90325.7
91043.7
91205.1
91312.5
92947.5
93360.2
93924.8
95876.8
97644.9
100035
102236
102268
102469
102638
102717
103338
103580
103776
104395
105317
106062
107060
107297
107651
108304
108635
110060
110175
110196
110409
111396
112208
113531
114051
114473
114565
115146
115162
115522
115990
116043
117735
117792
118725
119901
120961
121820
121983
122253
122493
123366
124304
124793
125710
126480
129926
130441
131389
131575
131726
132167
132762
133427
134463
135583
136475
137010
137881
140448
140712
141650
142487
142957
143368
144579
144664
144652
146072
148126
149233
149711
150042
150078
150420
150912
151073
151499
151855
152456
152895
153098
153709
154416
154819
155745
155930
156159
156258
156705
157278
157480
157944
158320
158723
158883
160617
160870
162740
163078
163224
163249
163368
163594
163651
163705
163735
164224
164955
165349
165457
165464
166739
167704
167828
168404
168496
168822
168872
169268
169612
169989
170370
171421
171920
172411
174193
175187
176533
179085
179452
180093
180823
181681
182644
183008
183286
185238
187594
187776
188066
188749
188756
189043
189229
189718
189786
189967
190235
190403
193768
194185
194515
195577
195786
196528
197175
197717
198235
198910
