401.74
678.97
719.69
1086.81
1527.68
1539.91
1649.76
1741.38
1959.95
2298.22
2405.92
2817.64
2949.2
2956.03
3175.46
3210.55
3336.78
3617.09
3994.13
4041.7
4298.87
4368.13
4447.43
4461.26
4832.88
4886.24
4894.66
5400.44
5437.71
5456.6
5458.53
5478.66
5906.91
6355.54
6569.53
6735.49
6773.76
6858.35
6958.85
7065.29
7235.14
7272.46
7348.33
7467.22
7820.58
7829.56
7879.94
7924.49
8146.66
8274.89
8365.87
8703.58
8917.19
8939.9
9020.85
9323.26
9548.15
9716
9876.14
10135.4
10595.1
10994.9
11020.1
11329.3
11446.8
11678.4
12229.9
12803.2
13651.3
13761.8
14156.5
14768.5
15126.9
15473
15598.7
15604.3
15761.1
15920.3
16361.9
16792.7
16914
16977.2
16991.5
18218.6
18350.1
19030.5
19121.8
19278
19610
19637
19712.1
20155.6
20161.2
20388.8
20530.3
21185.9
21211.7
21272.9
21376.5
21626.5
22166
22448.8
22546.9
22866.2
23717.8
23738.7
23854.2
23964.7
24684.7
24766.5
25012.8
25205
25406.8
25421.7
25571.6
25726.7
25895.5
26268
26282.6
26392.9
26512.3
26570.1
26657
27035.6
28609.7
28796.5
28902.1
29047.7
29340.4
29860.2
30293.6
30567.2
30750.5
30854.2
30851.8
31740.4
31968.9
32530.5
32579.5
33106.7
33717.4
34080
34542.5
35038.8
35943.6
36631.7
36636
37201.2
37743.5
38097.4
38259.9
38399.4
38542.5
38611.1
38982.7
39074.2
40135.5
40362.3
40565.1
40742.4
41619.5
41838.4
41988.3
42243.1
42800
43439.7
43793
44142.7
44917.5
44972.5
44993.3
45095.8
45102.9
45333.8
45446
45661.6
45735.7
46011.7
46028.4
46397.9
46552.5
46593
46680
46684.1
46687.8
46845.3
47149.4
47418.9
47440.8
47773.7
47929.3
48025.3
48142.1
48686
49298.6
49366.6
49602.8
50569
50920.4
51124.7
51157.3
51625
52220.7
52402.6
52438.2
52697.1
52957.6
53873.1
54487.5
54862.3
54923.7
55238.8
55287.7
55718.9
57019.1
57020.6
57616.5
57650.2
58062.3
58509.9
58784.4
58798.3
59146.9
60049
60319.1
60962.3
60987.3
61108
61301.4
61606.8
61878.6
62920.2
62976.5
63043.7
63288.8
63395.6
63531.3
63889.9
63980.4
64890.3
64965.2
65219.7
65260.9
65323.3
65695.2
66021.8
66265.4
66756.4
66764.8
66911.5
67132.3
67345.1
67355
67453.9
67854.5
67845.5
68735.8
69641.9
69985.4
70027.3
70054.8
70373.6
70621.4
71074.4
71301.1
72036
72060.1
72440
72576
72957.8
73247.9
73500.6
74445
75311.1
75424.6
75710.9
75711.8
76185.6
76712.7
76794.2
77408.5
77481.8
77732.4
77774
78021.5
78474
78605.1
79328.6
79486.4
79677.2
79763.2
80756.5
80792
81976.1
83235.4
83808.2
83931.9
84672.4
85115.4
85389.1
85511.1
85540.1
85853.1
85925.2
86226.7
86229.1
86569.3
86913.2
87041.8
87383.8
87643.3
87775.6
88008.1
89354
89560.8
90145
90798.5
90857.2
91179.2
92127.9
92435.1
92748.9
92886.4
93568.2
93676.9
93746.9
93888.4
93965
95036.2
95093.7
95572
95912.9
95936.9
96154.4
96897.4
96895.2
96939.3
97139.2
97645.9
98064.8
98141.6
98317.2
98854.4
99136.4
99208.8
99526.7
99850.5
100376
100487
100790
100912
101272
101441
102009
102121
102224
102375
102969
103115
103275
103865
103912
103914
105353
105644
105816
106349
107108
107831
108592
108595
108864
108964
109179
110075
110105
110210
110471
110579
111219
111270
111666
111777
112250
112628
113212
113290
113624
113808
113996
114162
114492
114520
114605
115713
116682
116855
117030
117248
117434
117480
117704
117783
117809
118358
118525
119437
119515
119678
120182
120532
120817
122816
123041
123496
124538
124828
124956
125262
125842
126309
126439
126536
126726
126727
127331
128482
128841
128844
129096
129213
129218
129319
129374
129730
130690
131149
131651
131940
132047
132667
132732
133449
133473
133753
133778
133850
134181
134204
134463
134695
134707
134949
135264
135634
136535
136642
136758
137012
137368
137511
137612
137699
138592
138616
138848
139084
139107
139192
140050
140111
140132
140443
140461
140497
140664
141104
141293
141643
141905
142289
142307
142386
142504
142721
142888
143626
143745
143995
144090
144925
145018
145422
145733
145827
145859
146126
146608
146704
146842
147284
147399
148243
148549
148670
148723
148849
149373
149573
149595
150638
151092
151215
151530
151598
152030
152224
152361
152540
152823
153662
154057
154067
154152
154438
154535
154596
154680
155747
156700
156795
156956
157259
157444
157739
158804
159551
159879
159899
160108
160166
160587
161040
161452
161832
162478
162589
162745
162791
162939
163152
163187
163238
163322
163640
163661
164038
165341
166131
166281
166850
166968
167080
167168
167333
167655
167957
168324
168703
168910
168987
169383
169766
170619
171393
172274
172310
172772
173029
173088
173633
173657
173979
174364
174395
174447
174597
174670
174846
175768
176127
176541
177064
177772
178077
179531
179577
179924
180372
180517
180691
181511
181644
181657
181760
182316
182442
183279
184017
184151
184704
185634
185755
186020
186311
186407
186636
186723
186853
187228
187771
187845
188293
188392
188911
189527
189689
189995
190513
190862
190969
191387
191590
191962
192617
192663
193324
193430
193710
194146
194243
194315
194366
194914
195081
195296
195334
195385
195820
195856
196684
196822
196961
197846
198086
198208
198267
198853
199152
199205
199384
199387
199628
