1250.6
1387.33
1409.09
1443.55
1460.37
1473.98
1482.08
1502.46
4041.38
4118.49
4188.83
4208.86
4254.54
4299.52
4522.08
4558.97
4567.73
4659.73
4754.44
4956.64
5252.24
5405.84
5501.76
5513.36
5519.14
5556.11
5596.95
7293.03
7381.18
7422.33
7424.6
7426.36
7433.65
7454.53
7492.12
7529.72
7630.75
7861.76
7864.02
9942.41
10107.3
10121.5
10132.3
11052.4
11088.7
11344.1
11420.7
11469
11520.5
11578.7
11595.8
11604.6
11811.4
12594.4
12611.3
12637.2
12680.2
13099.1
13105.5
13111.8
13131.1
13383.3
13395.1
13401.2
13408.6
13423.3
13433.4
13537.3
13553.2
13567.4
13595
13596.9
13606.4
13615.5
13621.9
15141.6
15220.7
15224.6
16292.2
16375.2
16382.4
16387.5
16395.2
16406.6
16443.2
16656.3
17702.3
17722.4
17736.1
17807.6
18486.2
18708.9
18940.5
18948.5
18957.4
18971.4
19979.1
19981
19982.6
20006.7
20007
20057.4
20104.1
20497.1
24999.1
25008.8
25244.2
25261
25292.4
25413.3
25419.2
25488.6
25489.5
25522.1
25608
25635.7
25641.3
25662.2
25755.9
25766.9
25822.8
25827.6
25835.1
25844.9
25846.6
25853.1
25886
25903.9
25908.9
25915.4
25917.6
25918.5
25997.1
26040.4
26044.1
26066.2
26143.3
26187.3
26194.9
26197.8
27640.3
27694.8
27755.1
27773.3
27802.4
27806.4
27813.3
27814.8
27839.1
27845.2
27918.2
27944.8
27989.3
28002.2
28024.2
28056.5
28058.8
28084.6
28086.8
28458.8
28472.7
28876.1
28877.1
28883.2
28885.9
28893.5
28908.6
28912.4
28913.4
28945.3
29213
29221
29239.4
29241.9
29279
29281.1
29289.2
29290.2
29313.9
29316.6
29324
29389.9
29402.2
29804
30133.9
30267.3
30311.2
30452.2
30508.8
30521.4
30538.5
33742.4
33820.3
33978.4
34968.3
35038.5
35047
35067.3
35086.1
35155.1
35169.5
35171.9
35176.4
35204
35213.4
35217.8
35230.1
35276
35299.3
35339.8
35342.7
35351
35366.2
35373.8
35441.6
35591.1
35595.4
35632.6
35702.8
35709.7
35722.8
35739.7
35775.8
35803
35811.2
35814.8
35907
35932.4
35953.1
35955.3
35961.1
35966.4
36128.7
37457.1
37594.1
37604.8
37627.9
37629
37642.2
37645
37649.8
37653.9
37670.7
37695.9
37700.4
37701.6
37707.1
37717.1
37737.7
37745.3
37755.9
37774
37791.4
37801.7
37817.3
37830.9
37836.7
37850.8
38248.5
38269.6
38290.9
38330.7
38345.3
38353.7
38360.2
38372.1
38413.9
38834.5
38885.9
38928.1
39030.6
39760.3
39777.3
39781.4
39805.5
39825.8
39828.3
39844.4
39851
39860.9
39955.5
39961.4
39964.9
39970.7
39994.7
39997.2
40018.9
40035.6
40050.1
40339.1
40344.2
41298.8
42002.6
42049.8
42064.8
42076.2
42129.9
42168
42175.7
42177.9
42184
42185.5
42210.6
42217.7
42225.4
42230.5
42274.3
42280.1
42351
42565.5
42579.9
42613
42616.6
42626.6
42633.2
43243
43423.6
43452.9
43492.4
43620.6
44953.1
45023.7
45035.7
45040.7
45044.8
45048.1
45233.2
45632.3
46969.2
47005.1
47043.3
47425.3
47532
47537.8
47566.9
47576.2
47583.5
47589
47591.4
47616.3
48064
48135.6
48136.6
48142.9
48162.2
48382.5
48425.1
48972.7
48979.7
48995
49015.3
49076.7
49080
49109.6
49438.5
49650.1
49667
50940.4
51024.4
51039.4
51099.1
51115.1
51122.1
51161.2
51453.5
51511.6
52433.4
52492.4
52509.5
52512.7
52735.6
53365.3
53582.9
55294
55854.5
55861.5
56751.1
56763.6
56786.8
56849.9
56851.9
57131.6
57968.2
57976.6
57980.4
58018.4
58024.3
58041.8
58053.6
58063.9
58197.1
58236
58239.8
58262.7
58722.2
58788.3
58795.3
58800.3
58815.8
58826.8
58836.2
58855.3
59028.7
59058.7
59466.9
60557.9
61252.9
61884.6
62398.2
62458
62529.4
62544.7
62563.9
63399.8
63457
63630.4
63658.6
63700.2
63811.9
64000.5
64248.5
64314.7
64328.1
64330.8
64342.6
64350.9
64357.6
64423.5
64431.7
64495.6
64548.3
64554.1
64578.4
64615.9
64633.1
64636.8
64655.1
64665.2
64671.4
64687.1
64691.6
64687.6
64701.6
64707.6
64729
64738.3
64754.5
64786
64819.5
64884.7
64923.8
64934
65341.4
65477.7
65485.9
65500.7
65517.9
65524
65534
65539.6
65563.3
65607.6
65617.1
65631.4
65640.4
65657.6
65663.2
65658.5
65691.5
65694.9
65718.9
65732.8
65738.5
65746.5
65915.6
66132
66519.3
67236.6
67264.2
67270.3
67272.2
67281
67286.1
67291.9
67312.5
67338.6
67343.6
67350.8
67357.2
67358.9
67374.3
67389.2
67398.8
67413.2
67440.7
67452.3
67458.2
67462.8
67464.8
67478.2
67479.9
67498.4
67500.7
70371.2
70374.9
70380.3
70388.5
70391.6
70395.6
70407.5
70421.6
70440.5
73396.4
73428.9
73474
73500.3
73505.5
73520.5
73524.2
73543.3
73560.8
73575.3
73577.4
73588
73603.9
73635.5
73642.5
73657.7
73703.7
73766.2
73812.1
73822.3
74253.9
74907
74918.7
74920.8
74925.9
74934
74939.8
74941.8
74943.2
74945.5
74950.1
74950.2
74954.6
74957.5
74958.5
74964.5
74967.6
74974.9
74976.4
74977.8
74981.6
74987.2
74990.7
75001.8
75002.3
75004.1
75006.4
75014.9
75022.5
75032.1
75136.8
75190.7
75288
75466.8
75471.1
75483.3
75487.2
75514.8
75521.7
75527.3
75528.6
75530
75542
75543.1
75544.2
75550.8
75553.4
75559.3
75566.2
75569
75570.4
75598.8
75621.4
75623.9
75626.2
75631.9
75635.1
75642.3
75813.7
76449.8
76738.8
76768.1
76771.5
76786
76974.7
77565
77605.1
77633.5
78646.6
78647.8
78750.9
78808.5
79335.1
79351.9
80277.9
80312.6
80354.6
80397.2
80684
80699.1
80710.6
80855.5
80955.4
81143.4
81167.6
81183.1
81190
81209.1
81213.4
81214.5
81222.4
81232.5
81250
81255
81256.2
81260.4
81273.6
81276.3
81282.3
81291.4
81304.9
81318.7
81326.7
81346.6
81372.3
81390.3
81394.8
81405.1
81416.8
81422.6
81442.2
81445.9
81454.1
81469.3
81479.2
81491.8
81494.6
81812.3
81815.8
81823.2
81832
81833.1
81856.7
81865.6
81948.2
82058.3
82115
82369
82387.9
82389.4
82403.1
82403.6
82405.5
82409.9
82413
82422.7
82427.4
82428.6
82432.7
82434.7
82442.8
82451.7
82455.9
82463.1
82466.1
82594.9
83071.2
83187.5
83637.8
83758
83914.1
83921.7
83928.7
83929.7
83933.8
83936.3
83941.8
83948.2
83950
83955.8
83957.3
83962.1
83969.2
83972.1
83973.6
83976.1
83978
83983.6
83988
83991.4
83994
84002
84006.8
84007.8
84011.1
84012.8
84016.9
84020.7
84025.5
84027.6
84029.3
84311.4
84314
84319.2
84320.1
84323.5
84324.9
84325.6
84328.6
84330.2
84332.6
84334.4
84335.6
84343.3
84346.2
84349.2
84351
84352.8
84354.5
84356.5
84358.2
84350.7
84360.6
84362.1
84363.1
84363.6
84368.5
84370.6
84376.3
84383.1
84384
84374.3
84375
84385
84388.2
84379.1
84380.5
84384.7
84388.4
84390.4
84391.7
84397.5
84398.8
84402.9
84411.8
84415.3
84417.4
84420.5
84445.7
84448.2
84452
84456.1
84457.1
84461.2
84465.9
84469.6
84479.8
84489
84501.8
84504.3
84929.3
84969
84984.2
85005.8
85028.2
85030.3
85031.9
85037.7
85073.9
85081.3
85083.3
85105.1
85177.8
85183.2
85256.8
85257.5
85305.5
85309.1
85315.4
85317.1
85318.9
85344.8
85345.9
85375.5
85379.3
85386.3
85394.3
85407.9
85410.8
85418.4
85423.7
85426.2
85428.8
85437.4
85441.8
85446.6
85451.2
85456.5
85458.5
85463.8
85470.6
85477.8
85482.7
85493.8
85505.7
85517.8
85519.6
85520.4
85525.4
85532.4
85536.7
85538.7
85541.8
85549.4
85553.6
85554.5
85563.8
85568.2
85572.1
85572.6
85585.9
85594.7
85597.6
85604.3
85610
85625.9
85615.2
85628
85617.3
85621.7
85624.1
85625.4
85630.7
85632.2
85638.4
85641.7
85647.1
85649.2
85664.3
85664.9
85668.8
85677.9
85678.6
85740.3
85743.1
85747.6
85775.1
85776.7
85809.9
85811.2
85815.3
85816.6
85818.1
85821
85833.5
85840.7
85841.7
85846.8
85855
85860.5
85863
85864.1
85867.9
85878.8
85884.5
85885.2
85895.5
85902.1
85903.2
85914.4
85918.2
85926.6
85938.1
85945.4
85946
85947.3
85950
85951.5
85957.1
85982.2
85986.1
86001.1
86022.6
86113.6
86114.2
86821
86829.7
86841.1
86860.8
86862.9
86855.8
86865.5
86881.1
86888
86890.5
86880
86883.5
86904
86908.5
86911.4
86921.9
86923.9
86934.4
86939.6
86950.1
86974.3
87012.1
87013.9
87028.3
87067.2
87077
87082.9
87084.5
87088
87096.7
87111.3
87119.5
87125.6
87114.7
87130.1
87132.2
87140.2
87130.3
87145.7
87150
87140
87154.4
87144.6
87156.6
87157.8
87159.1
87161.6
87162.8
87164.3
87153.2
87167.9
87156.9
87169.2
87171.2
87168.6
87190.1
87192.6
87184
87199.7
87201.3
87190.9
87208.9
87210.7
87214
87203.5
87216.5
87218.4
87209.4
87210.4
87213.7
87217
87219.6
87235.3
87237.4
87238
87241.7
87244.1
87245.9
87246.8
87249.2
87250.8
87255.1
87256.8
87258.2
87264.3
87270.9
87276.4
87279
87284.4
87289.3
87305.8
87317.9
87336.4
87337.8
87353.3
87358.4
88708.2
88717.9
88725.6
88730.8
88742.2
88761.4
88780.6
88811.4
88823.7
88860.4
88863.6
88897.5
88903.8
88910.5
88952.9
89661
89674.2
89681
89698.3
89703.3
89724.1
89730.6
89732.4
89722.5
89736.1
89786
89798.4
89811
89812.9
89815.4
89848.6
89851.4
89862.4
89870.2
89897.4
89910.4
89949.2
89957.8
89978.1
90009.1
90022.4
90025
90053
90088.2
90140.4
90156.9
90174
90188.9
90208.6
90215.2
90218.2
90232.6
90236.3
90252.9
90247
90274.1
90278.1
90388
90397.7
90416.4
90425.4
90435.6
90436.2
90456
90460.2
90464
90486
90502.2
90520.7
90525.4
90529.9
90536
90562
90552.2
90561.8
90568.7
90573
90575.4
90594.2
90586.2
90611.8
90605.8
90609.6
90614.7
90633.9
90626.5
90630.5
90634.7
90636.6
90640.6
90654.2
90647.5
90651.3
90673.2
90704
90694.8
90703.9
90719.2
90709.1
90713.9
90720.3
90723.2
90736.4
90737.9
90741.8
90764.9
90754.2
90758.5
90760.2
90764.8
90778.9
90789.4
90793.2
90794.7
90795.8
90798.6
90803.7
90808.6
90818
90818.8
90820.9
90823.1
90824.6
90825.1
90826.3
90831.2
90831.7
90836.3
90840
90842.3
90846.3
90848.5
90862.4
90853.4
90860.5
90861.9
90870.7
90883.3
90890.1
90895.4
90900.2
90901.4
90908.9
90913
90930.2
90919.4
90929.3
90931.3
90945.9
90948.3
90952.3
90971.9
90966
90968.1
90985.7
90974.7
90982.2
90989.3
91006.2
91010.7
91017.3
91023.7
91026.2
91027.8
91102.2
91147.6
91282.9
91285.9
91305.5
91313.5
91321.6
91336.2
91338.4
91346.5
91350.9
91351.9
91355.9
91364.1
91370.4
91377.7
91383.5
91386.8
91393
91424.3
91429.9
91434.5
91449.6
91453.3
91462.7
91467.1
91481.6
91484
91493.7
91507.2
91522.7
91547.1
91554.5
91586.1
91597.4
91600
91605.1
91644.8
91653
91664.3
91667.2
91679
92345.5
93033.5
93063.9
93066
93079.4
93081
93094.6
93109.7
93153
93153.9
93159.8
93173.9
93176.7
93179.1
93181.7
93192.2
93201.5
93218.7
93227
93240.2
93256.6
93272.5
93299.4
93311
93591.4
93612.3
94159.2
94509.6
94513.4
94530.7
94902.4
96773.9
96818.6
96895.9
96914.7
96924.7
96931.6
96975.7
96962.2
96966.4
96983.1
96974.5
97031
97042.6
97042.7
97053.8
97070.5
97100.4
97110.3
97152.2
97281.3
97340
97579.8
97710
97747.7
97772.8
97819.2
97819.9
97832.2
97854.3
97870.1
97888.2
97921.2
97946.3
97969.6
98009
98073.4
98083
98097.2
98100.5
98113.2
98135
98157.7
98189
98196.1
98259.6
98269.3
98284.3
98310.1
98314.5
98319.5
98320.5
98321.2
98325.4
98314.2
98339.2
98345
98349
98359.6
98349.2
98362.7
98380.2
98380.9
98371.5
98411.4
98420.9
98433.4
98451.5
98496.8
98613.5
98616.7
98670.4
98690.8
98700.4
98703.9
98723.6
98727.2
98766
98778.4
98795.1
98796.6
98819.8
98847.2
98889
98892.2
98908.8
99436.1
99523.4
99548.2
99634.3
99646.2
99649.2
99659.3
99661.4
99681.3
99684
99694.5
99699.2
99722.7
99745.4
99774.1
100831
100866
101402
101414
101415
101419
101497
102290
102379
103773
103790
104213
104523
104530
104553
104562
104593
104607
104618
104628
104640
104654
104662
104671
104677
104678
104695
104697
104701
104704
104708
104715
104716
104718
104720
104722
104727
104729
104747
104751
104840
104927
104966
104980
104990
104993
104997
105000
105006
105012
105024
105036
105082
105089
105102
105125
105126
105130
105133
105138
105156
105161
105163
105164
105166
105194
105241
105255
105416
105469
105481
105488
105522
105524
105548
105552
105567
105580
105646
105668
105755
105914
105931
105970
105984
105993
106010
106014
106068
106204
106206
106217
106224
106222
106230
106270
106272
106294
106311
106335
106353
106375
106583
106661
106689
106690
106697
106763
106892
106927
106929
106949
107888
107901
107927
108173
108209
108234
108244
108268
108280
108322
108404
108568
108587
108589
108615
108642
108650
108678
108699
108710
108793
108829
108837
108872
109211
109233
109266
109318
109370
109379
109395
109447
109460
109472
109705
110315
110387
110440
110450
110454
110469
110475
110494
110501
110534
110562
110611
110627
110654
110667
110754
110814
110896
110905
110951
110988
110989
110992
111046
111331
112255
112290
112378
113446
113590
113595
113601
113632
113916
114222
114282
114296
114331
114372
114390
115531
116592
116623
116944
116946
116963
116964
117000
117007
117008
117012
117019
117021
117021
117024
117028
117033
117035
117037
117041
117045
117046
117051
117060
117066
117086
117103
117125
117151
117320
117353
117420
117487
117491
117504
117517
117827
118095
118111
118118
118122
118152
118155
118268
118293
118296
118305
118311
118318
118345
118348
118371
118374
118381
118391
118394
118395
118399
118408
118412
118430
118434
118437
118444
118446
118450
118453
118463
118466
118487
118493
118506
118510
118520
118565
118616
118633
118653
118655
118658
118664
118672
118676
118687
118688
118709
118714
118723
118729
118737
118740
118749
118756
118759
118760
118767
118767
118768
118782
118790
118798
118811
118815
118819
118828
118832
118835
118841
118887
118918
118974
118977
118984
118992
118994
119072
119082
119094
119180
119235
119256
119265
119289
119299
119326
119340
119347
119362
119408
119413
119476
119507
119511
119552
119594
121027
121029
121038
121048
121081
121089
121091
121099
121109
121159
121185
121194
121200
121222
121246
121277
121295
121331
121352
121400
121400
121434
122378
122390
122627
123097
123213
123549
123795
123807
123813
123948
124450
124457
124756
124824
124840
124883
124886
124906
124916
124944
125007
125816
125856
125894
125907
125936
125948
125955
125968
125974
125994
125996
126056
126070
126085
126103
126111
126153
126207
126217
126227
126233
126235
126245
126247
126253
126264
126718
126732
126735
126742
126744
126757
127426
130469
130515
131319
131351
131387
131397
131397
131417
131455
131472
132551
132566
133634
133668
133688
133697
133699
133709
133725
133746
133766
133813
133828
133839
133854
133876
133926
134982
135466
136108
136140
136142
136159
136162
136167
136218
137039
137048
137077
137081
137106
137113
137129
137294
137400
137421
137430
137435
137458
137489
137505
137507
137526
137558
137572
137594
137590
137621
137747
137757
137759
137761
137765
137767
137781
137784
137788
137809
137812
137815
137816
137832
137889
137951
137958
138484
138516
138727
139125
139129
139183
139285
139289
139349
139374
139421
139557
139575
139581
139694
139708
139781
139836
139850
139897
139953
139973
140019
140056
140089
140097
140153
140185
142036
142044
142057
142070
142072
142082
142096
142103
142114
142718
142730
144700
144760
144771
144788
144802
144806
144876
144877
144910
145557
146222
146401
146536
147123
147149
148270
148436
148564
148893
148911
148947
149032
149039
149062
149559
149574
149596
149850
149876
149885
150831
151047
151065
151827
152025
153601
154091
154105
154150
154163
154191
154199
154202
154434
154535
154884
154910
154951
154976
155170
155454
155493
155503
155505
155512
155531
155617
155618
155627
155636
155720
156217
156270
156288
156280
156298
156338
156349
156353
156578
156579
156585
156663
156670
156711
156725
156733
156804
156820
156819
156875
156881
156905
156918
156932
156936
156949
156983
157014
157040
157043
157050
157124
157204
157208
157212
157217
157227
157225
157250
157242
157306
157330
157473
157496
157597
157615
157617
157625
157650
157650
157659
157676
157679
157685
157703
157705
157707
157712
157713
157716
157728
157742
157747
157747
157765
157765
157776
157813
157828
157847
158180
158193
158228
158264
158302
158554
158557
158615
158630
158635
158646
158655
158702
158805
158829
158850
158857
158976
159312
159320
159375
159400
159623
159819
160575
160584
160988
163602
163898
165565
166854
167045
167303
167447
167475
167487
167498
167545
167623
167646
167653
168072
168499
168505
168509
168514
168558
168745
168759
168879
168898
168914
168916
168919
168922
168924
168937
169001
169033
169077
169108
169200
169537
169790
169819
172687
172704
172741
172910
172990
173068
173084
173109
173129
173130
173141
173170
173190
173506
174078
174386
174409
174426
174507
174736
174771
174773
174827
174862
175246
175705
175733
175764
175799
175809
175818
175867
177334
177410
177594
177678
177748
177938
178965
179500
179521
179896
180180
180181
180223
180301
180304
180322
180468
180486
180563
180576
181008
181122
181350
181366
181461
181611
181653
181657
181771
181831
182022
182047
182151
182383
182421
182445
182454
182463
182636
182648
182687
182765
182922
182953
182970
183073
183548
183646
183666
183869
183898
183914
183928
184741
184799
184960
184964
185045
185449
185470
185472
185562
185574
185597
185609
185633
185648
185672
185673
185714
185731
185793
185808
185813
185866
185900
186020
186585
186664
186719
186721
186748
186785
186816
186852
187149
187245
187262
187313
187317
187647
188250
189074
189536
189599
189736
189742
189756
189758
189774
189783
189850
190092
190094
190113
190122
190129
190131
190183
190323
190516
190517
190549
190575
190570
190596
190641
190648
190949
191023
191047
191059
191077
191104
191245
191398
191405
192242
192680
192721
192794
192818
193200
193902
193943
194045
194050
194062
194289
196000
196651
198088
198989
199778
199837
199861
199991
200019
200073
202422
202698
202710
202728
202728
202750
202811
202860
202899
202915
202967
202976
202986
203014
203016
203700
205150
205504
205521
205556
205571
205660
205670
205975
208884
208909
210199
210221
213303
213329
213640
213701
213871
214060
214097
214120
214139
214205
214370
214517
215966
216005
219098
219462
219514
220359
220386
220423
221147
221153
221193
221201
221246
221269
221270
221276
221277
221293
221300
221306
221312
221325
221339
221353
221356
221378
221395
221405
221458
221472
221555
221581
221596
221598
221602
221612
221785
221816
221831
221888
222099
222177
222281
222300
222360
222376
222392
222398
222424
222465
222485
222494
222497
222532
222540
222563
222583
222910
222961
222977
222992
223005
223176
223208
223214
223222
223263
223292
223296
223350
223362
223394
223431
223454
223498
223517
223532
223533
223536
223653
228396
228423
228459
229040
229062
229123
229131
229165
229185
229214
229260
229270
229278
230465
230472
230476
230498
230505
230578
230585
230596
230881
230882
230883
230899
231838
231920
231952
231976
232056
232065
232108
232158
232168
232287
232364
232371
232670
232674
232757
232867
235790
235795
235814
235820
235829
235834
235884
236115
236123
236188
236189
236194
236202
236207
236227
236231
236239
236246
236253
236267
236267
236275
236277
236302
236301
236321
236357
236359
236384
236374
237555
237576
237585
237597
237606
237611
237638
237643
237703
237787
237977
241672
242804
242845
242852
246061
246089
246095
246129
246148
246162
246163
246166
246192
246202
246207
246222
246224
246240
246305
246307
246313
246316
246350
246393
246401
246429
246436
246460
246472
246486
246516
246757
246758
246776
246799
246800
246822
246831
246844
246844
246852
246869
246877
246871
246878
246886
246880
246896
246908
246913
246915
246942
246951
246957
246962
246969
246980
246985
247892
247901
247903
247928
247929
247933
247947
249047
249065
249069
249072
249113
249118
249141
249143
249168
249188
249193
249219
249267
249297
249315
249326
249330
249333
249335
249337
249343
249350
249365
249368
249371
249377
249381
249384
249395
249403
249405
249425
249426
249467
249480
250098
250119
250126
250195
250235
250245
250321
250345
250360
250366
250391
250418
250445
250499
250505
250850
251421
251540
251545
251567
251634
251657
251688
251692
251704
251735
251737
251743
251762
251768
251774
253560
254030
254032
254075
254123
254161
254194
254200
254209
254231
254246
254248
254282
254287
254304
254381
254398
254404
254407
254420
254429
254431
254448
254687
254691
254703
254709
254711
254741
254779
254783
254793
254803
254827
254831
254836
254852
254860
254866
254878
254897
254906
254917
256106
256177
256186
256194
256212
256241
256260
256281
256289
256294
256296
256335
256343
256347
256348
256378
256380
256386
256410
256411
256444
256449
256458
256460
256472
256561
256568
256576
256588
256592
256607
256611
256616
256619
256622
256649
256750
256756
256766
256772
256786
256809
256813
256842
256854
256907
256978
256981
256985
256998
258293
258868
258870
258875
258890
258899
258909
258977
258997
259046
259286
259302
259367
259376
259389
259435
259437
259443
259444
259447
259450
259454
259510
259514
259553
259555
259558
259567
259568
259576
259582
259584
259597
259608
259615
259623
259625
259626
259631
259639
259642
259643
259645
259652
259681
259696
259716
259720
259788
259795
259966
260220
260232
260290
260318
260314
260338
260343
260353
260383
260394
260413
260422
260430
260435
260438
260444
260447
260448
260449
260458
260472
260477
260479
260484
260490
260528
260536
260580
260587
260578
260589
260606
260618
260621
260618
260639
260640
260644
260665
260699
260690
260716
260743
260781
260807
260856
260931
260982
260989
261008
261039
261040
261048
261056
261106
261111
261372
262491
263721
264353
264378
264434
264441
264452
264502
264541
264742
264801
264825
265087
265144
265156
265171
265579
265686
265786
265793
265796
265796
265799
265803
265819
265837
265910
265908
265946
265948
265951
265966
265997
266025
266724
266731
266753
266786
266950
266985
266996
267001
267004
267019
267033
267044
267407
267495
267642
267661
267694
267888
267899
267939
267941
267953
267964
268005
268070
268086
268113
268206
268223
268252
268277
268290
268308
268344
268347
268359
268373
268416
268482
268565
268780
268797
268851
269128
269141
269177
269192
269214
269253
269540
269692
270266
270272
270284
270705
270705
270766
270799
270849
271465
271497
271556
271568
271584
271587
271614
271618
271848
271893
271953
271975
272036
272050
272040
272055
272059
272077
272117
272150
272169
272170
272178
272191
272225
272242
272227
272249
272253
272265
272275
272287
272366
272410
272411
272437
272431
272432
272459
272463
272463
272478
272503
272513
272509
272526
272534
272547
272553
272559
272609
272611
272626
272645
272643
272659
272707
272709
272701
272719
272728
272718
272730
272767
272776
272783
272788
272792
272816
272824
272918
272930
272954
272960
272963
272970
272980
272985
272975
273007
273044
273052
273057
273068
273084
273086
273139
273152
273152
273154
273165
273207
273234
273240
273344
273367
273394
273727
273787
274674
274700
274743
274845
275643
275700
276029
276093
276119
276164
276170
276181
276184
276196
276201
276210
276228
276273
276399
276528
276602
276647
276649
276651
276703
276720
276751
276770
276781
276817
276841
276985
277017
277261
277337
277587
277598
277619
277625
277628
277635
277642
277652
277656
277657
277666
277672
277673
277691
277740
278076
278270
278310
278322
278338
278346
278495
278525
278561
278564
278623
278680
278688
278701
278805
278847
278865
279070
279072
279098
279117
279122
279142
279149
279157
279167
279172
279180
279187
279192
279234
279254
279258
279260
279288
279290
279293
279298
279302
279302
279308
279306
279310
279317
279330
279339
279340
279345
279344
279348
279358
279364
279371
279391
279395
279399
279401
279414
279435
279429
279441
279443
279447
279452
279458
279467
279477
279478
279484
279487
279492
279496
279503
279510
279511
279516
279524
279532
279536
279557
279561
279567
279582
279603
279651
279678
279692
279701
279701
279709
279729
279736
279740
279750
279755
279762
279802
279805
281193
281761
281770
281790
281802
281806
281825
281893
281924
281940
281951
281957
281959
281967
281972
281978
281996
281997
282011
282013
282057
282061
282073
282080
282080
282083
282100
282102
282111
282117
282132
282144
282178
282175
282178
282191
282205
282206
282216
282222
282217
282244
282256
282312
282325
282327
282331
282339
282343
282352
282348
282358
282369
282371
282375
282426
282552
282569
282575
282579
282601
282634
282643
282656
282662
282669
282675
282699
282710
282711
282784
282796
282802
284188
285813
286534
286627
286915
287491
287799
288791
288981
289032
289116
289129
289132
289143
289156
289177
289188
289203
289531
289551
289693
289700
289743
289792
289812
289839
289854
289858
289907
289955
289979
289989
289994
290085
290111
290161
290176
290180
290212
290226
290260
290269
290274
290288
290370
290384
290397
290398
290439
290476
290480
290483
290521
290529
290542
290600
290616
290624
290690
290743
291193
291220
291454
291929
292349
292402
292528
292572
292571
292587
292616
292850
294346
294610
294750
294884
294926
294947
295013
295073
295083
295087
295090
295141
295152
295160
295167
295185
295198
295215
295236
295337
295360
295374
295395
295412
297315
297648
297981
298189
298265
298767
299324
300575
300884
301598
301621
301632
301718
301743
302577
304023
304144
304220
304295
307000
307278
307282
307314
307739
308187
308292
308298
308305
308333
308348
308670
308790
308793
308895
309565
309582
309713
309767
309769
309791
309817
309948
310061
310205
310191
310239
310242
310262
310407
310447
310529
310596
310635
310677
310780
310869
311438
311451
311467
311551
311557
311595
311601
311614
311651
311709
311712
311753
311936
312224
312225
312314
312316
312322
312472
312539
312553
312961
314713
318556
319716
320853
320948
320982
320997
321075
321160
321192
321207
321210
321214
321311
321329
321376
321405
321419
321441
321522
321558
321596
321602
321622
321645
321649
321662
321657
321704
321713
321722
321822
321829
321851
321868
321887
322146
322343
322366
322374
322434
322567
322604
323511
323528
323551
323555
323580
323624
323649
324080
324147
324157
324242
324297
324310
324324
324434
324613
324630
324639
324642
324650
324662
324684
324718
324728
324743
324761
324765
324767
324799
324803
324807
324816
324818
324853
324840
324903
324939
324950
325000
325000
324985
325033
325047
325028
325079
325069
325095
325117
325150
325192
325213
325303
325340
325367
325456
325500
325531
325567
325577
325585
325598
325612
325785
325813
325815
325820
325835
325844
325871
325886
326817
326824
326850
326930
326987
327003
327038
327131
327242
327238
327391
327397
327436
327452
327585
327728
327763
328445
328583
328617
329016
329123
329128
329141
329147
329180
330433
330457
331871
331881
331904
331911
331928
331951
331963
331975
331983
332050
332063
332075
332084
332086
332093
332106
332114
332175
332211
332225
332267
332304
332360
332377
332435
332573
332580
332639
332646
332690
332694
332871
332941
332970
333003
333009
333097
333099
333116
333159
333168
333166
333148
333173
333155
333182
333162
333189
333186
333175
333203
333181
333216
333196
333220
333210
333252
333256
333268
333277
333284
333268
333298
333281
333323
333328
333305
333335
333392
333397
333401
333403
333405
333411
333423
333429
333443
333444
333451
333476
333557
333564
333581
333602
333629
333646
334471
334478
334482
334553
334597
334605
334675
334680
334722
334772
334842
334932
335025
335053
335060
335065
335087
335101
335107
335118
335156
335160
335223
335269
335300
335306
335327
335348
335357
335371
335389
335410
335452
335456
335464
335537
335545
335835
335854
335879
335899
335905
335919
335970
336030
336044
336082
336110
336116
336145
336214
336315
336376
336399
336402
336407
336418
336441
336472
336474
336486
336497
336505
336513
336566
336573
336685
336727
336742
336746
336793
336798
337329
337346
337924
337984
337962
337987
337979
338152
338159
338185
338196
338251
338256
338333
338452
338428
338491
338463
338468
338507
338512
338542
338573
338985
339032
339081
339179
339182
339825
339871
339883
339901
340156
340160
340161
340167
340190
340192
340193
340227
340257
340238
340267
340287
340301
340354
340380
340409
340419
340449
340473
340481
340593
340579
340622
340631
340729
340725
340728
340739
341240
341252
342656
343102
343139
344789
344803
344810
344816
344822
344825
344828
344942
345108
348263
348337
348869
348908
350333
350382
350641
350709
350728
350760
350780
350809
350822
350848
350856
350866
350869
350875
350879
350882
350884
350887
352102
352116
352561
352614
352657
352667
352675
352684
352716
352743
352772
352836
353861
354920
354991
356148
356215
358901
359372
362342
362381
362394
362396
362406
362409
362411
362636
362730
362763
367525
367685
367698
367721
367734
367743
367772
367778
367826
367905
368018
368081
368121
368125
368141
368146
368174
368188
368194
368195
368211
368357
368563
369045
369049
369032
369075
369087
369118
369137
369146
369156
369170
369186
369192
369206
369209
369217
369247
369346
369352
369513
369531
369547
369570
369607
370196
370212
371263
371313
371350
371351
372898
372940
372946
372969
372979
373008
373028
373067
373073
373076
373109
373123
373140
373456
373465
373480
373768
373796
373824
373828
373846
373855
373849
373868
373887
373892
373903
373913
373922
373928
373931
373933
373952
373959
373964
373978
374021
374023
374024
374029
374036
374047
374057
374075
374084
374098
374100
374112
374121
374123
374126
374131
374132
374134
374146
374147
374157
374152
374166
374182
374180
374185
374189
374192
374198
374203
374208
374224
374232
374241
374237
374244
374248
374251
374261
374268
374279
374291
374301
374302
374306
374310
374314
374325
374327
374332
374340
374345
374346
374348
374356
374365
374370
374397
374402
374422
374457
374463
374607
374702
374767
374980
375334
375723
376037
376529
376707
377599
377608
377614
377625
377635
377942
378888
378932
380352
380340
380708
380771
380837
380923
380956
381009
381011
381059
381068
381080
381114
381117
381119
381130
381148
381174
381210
381317
381398
381492
381514
381540
381575
381579
381591
381644
381650
381676
381677
381691
381721
381765
381807
381943
381958
381968
381971
381977
381979
381996
382019
382032
383832
386287
386325
386342
386369
386422
386435
386496
386500
386549
386562
386615
386634
386652
386771
386776
386798
386824
386893
388195
388205
388208
388244
388259
388878
388917
389007
390296
390341
390410
390953
390999
391008
391459
391938
392245
392265
392319
392326
392364
392387
392405
392409
392547
392556
392722
392774
392812
393170
393195
393230
393238
393247
393254
393273
393288
393383
393427
393457
393484
393491
393507
393550
393565
393590
393613
393617
393636
393646
393695
393714
393718
393721
393721
393728
393731
393742
393748
393758
393765
393776
393780
393792
393796
393815
393817
393819
393828
393831
393836
393841
393846
393848
393858
393867
393879
393881
393890
393902
393905
393949
394223
394301
394515
398910
398921
398936
398939
398955
398955
399005
399050
399215
399248
399358
399466
399480
399484
399519
399573
399585
399595
399602
399610
399627
399630
399633
399640
399647
399658
399660
399674
399689
399710
399739
399842
399868
407976
408081
408109
408135
408166
411297
411334
411338
411340
411345
411365
411414
411426
411535
411723
411775
411842
411851
411902
411925
411997
412002
412024
412074
412104
412106
412121
412156
412166
412182
412228
412293
412313
412440
412933
412947
412959
412982
413000
413009
413076
413181
413233
413324
413342
413355
413370
413377
413378
413380
413382
413404
413407
413669
413884
414538
414590
414722
414746
414762
414804
414808
414828
414863
414883
414889
414917
414928
414941
414944
414966
414981
415001
415002
415051
415057
415093
415195
415266
415343
415357
415363
415364
415370
415376
415384
415426
415508
415521
415530
415538
415543
415556
415581
415622
415623
415649
415676
415743
415989
416039
416080
416131
416159
416168
416331
416452
416458
416473
416478
416489
420533
420563
421001
421046
421068
421072
421097
421117
421158
421708
421720
421731
421739
421851
423680
423708
424144
424514
424537
424604
424721
424732
424755
424760
424761
424790
424794
424800
424810
424851
424927
424932
424941
424947
424983
425008
425015
425017
425022
425051
425080
427173
427774
430230
430239
430326
430329
430450
430918
430956
432289
432320
432460
435429
438582
438598
438607
438623
438684
438728
438754
438788
438833
438854
438874
438894
438906
438911
438924
438946
438962
438982
438985
439042
439077
439078
439099
439189
439214
439345
439363
439367
439405
439411
439416
439430
439465
439469
439482
439488
439494
439521
439894
439911
439913
439922
439994
440091
440106
440268
440285
440304
440381
440389
440416
440418
440428
440446
440450
440486
440510
440538
440616
440625
440657
440699
440712
440758
440785
440844
441047
441054
441417
441843
441871
441945
441978
442425
442596
442665
442678
442714
442726
442956
442961
443020
443067
443076
443098
443115
443241
443249
443291
443328
444101
444623
444745
444760
444851
444889
444920
445017
445092
445171
445256
445468
445702
445946
446313
446331
446442
446559
446850
446982
451439
451472
451483
451563
451578
451593
451598
451853
451880
451892
451928
451940
452003
452014
452055
452133
452433
452455
452502
452487
452516
452569
452574
452588
452652
453116
453201
453206
453239
453290
453299
453304
453324
453339
453351
453377
453419
453683
453951
453966
454433
454551
454615
454932
454942
457266
457294
457379
457381
457390
457470
457471
457566
457924
457934
458080
458096
458117
458157
458157
458260
458513
458540
458607
458651
458658
458667
458764
458835
458919
460332
460342
460357
460366
460386
460396
460439
460455
460876
461017
461069
461143
461162
461224
461263
461304
461363
461382
461562
461602
461627
461637
461642
461677
461688
461697
462139
462148
462241
463014
464041
464140
464193
464202
464415
464816
465107
465492
465495
465675
465676
465683
465733
465736
465737
465817
465817
465991
465991
465992
466003
466016
466053
466088
466110
466302
466432
466533
466573
466590
466602
466618
466634
466680
466723
466728
466740
466752
466795
466815
466835
466835
466852
466904
466921
466998
467024
467037
467073
467086
467094
467167
467180
467184
467210
467193
467218
467238
467241
467260
467245
467270
467287
467325
467307
467312
467377
467380
467404
467421
467484
467490
468808
468850
468860
468870
468871
468875
468877
468901
468903
468906
469694
470382
470436
470454
470478
470474
470509
470525
470547
470643
470651
470893
470894
470898
470903
470906
470909
470926
470950
470954
470962
470963
470963
471021
471026
471027
471033
471055
471056
471059
471064
471072
471073
471077
471083
471085
471089
471102
471120
471132
471137
471139
471216
471228
471229
471237
471250
471263
471291
471294
471305
471312
471316
471318
471333
471342
471366
471371
471382
471394
471394
471398
471399
471411
471450
471462
471453
471460
471461
471541
471545
471575
471606
471622
472430
472951
472959
472961
472982
472999
473001
473222
473500
473530
473531
473546
473581
473677
473681
473683
473692
473691
473693
473699
473707
473730
473756
473801
473870
473891
473904
473911
473920
473911
473925
473937
473948
473952
473954
473956
473958
473967
474057
474065
474229
474456
474518
474528
474532
474551
474556
474561
474567
474568
474573
474589
474596
474610
474628
474653
474662
474670
474684
474697
474711
474720
474773
474812
474817
474819
474830
474831
474832
474840
474841
474843
474846
474853
474859
474870
474871
474881
474926
474918
474927
474931
474937
474933
474939
474949
474943
474960
474955
474973
474975
474979
474985
474993
474995
474999
475006
474989
475009
475010
475013
475014
475018
475019
475023
475032
475037
475040
475050
475070
475067
475079
475091
475099
475105
475116
475110
475119
475129
475136
475144
475145
475156
475159
475163
475168
475177
475178
475209
475220
475222
475225
475246
475249
475262
475265
475266
475267
475273
475275
475287
475289
475305
475317
475318
475322
475325
475367
475413
475418
475419
475421
475453
475458
475441
475456
475461
475468
475475
475490
475491
475496
475509
475556
475728
475732
475733
475738
475742
475754
475760
475777
475785
475794
475797
475813
475815
475855
475857
475883
475894
476102
476118
476120
476143
476161
476226
476306
476356
476372
476696
476720
476742
476744
476779
476787
476803
476805
476831
476834
476835
476839
476854
476859
476863
476876
476878
476880
476883
476890
476898
476931
476935
476937
476939
476947
476990
477130
477131
477239
477249
477252
477260
477267
477268
477272
477273
477274
477278
477284
477286
477294
477297
477331
477353
477358
477360
477365
477369
477373
477376
477377
477382
477395
477402
477404
477416
477417
477432
477471
477473
477475
477506
477517
477530
477542
477544
477545
477643
477840
477905
477908
477959
478034
478035
478115
478143
478203
478206
478219
478257
478267
478296
478298
478324
478326
478329
478354
478374
478486
478501
478506
478521
478535
478541
478562
478567
478584
478588
478606
478616
478649
478652
478676
478683
478735
478743
478854
478875
478925
478926
478920
478951
479033
479080
479181
482956
483304
483417
483448
483456
483474
483499
483521
483530
483536
483543
483565
483584
484112
484215
484381
484541
484694
484739
484790
484811
484832
484848
484872
484968
484997
485069
485109
485179
485207
485270
485307
485317
485329
485330
485339
485349
485359
485383
485391
485402
485435
485456
485503
485507
485629
485648
485924
485929
485934
485963
485992
486215
486301
486327
486337
486339
486341
486408
486415
486428
486432
486441
486443
486455
486480
486485
486500
486508
486670
487296
487315
488567
488690
488784
488796
488944
488946
488967
488979
489097
489112
489115
489125
489128
489150
489156
489162
489194
489196
489212
489251
489258
489293
489319
489581
489615
489690
489722
489760
489769
489787
490160
490163
490183
490189
490189
490195
490198
490204
490209
490210
490226
490260
490268
490271
490279
490282
490294
490310
490315
490324
490332
490354
490367
490377
490468
490491
490493
491018
491058
492140
492186
492669
492698
492737
492754
492760
492765
492780
492804
492808
492815
492819
493347
493436
493455
493473
493480
493481
493487
493516
493521
493546
493572
493584
493616
493659
493819
493832
493837
493910
493985
493986
493999
494118
495072
498100
498119
498142
498153
498206
498497
498540
498545
498552
498560
498570
498574
498582
498593
498595
498605
498607
498694
498800
498826
498847
498857
498908
498923
498941
499036
499059
499078
499079
499097
499100
499104
499123
499128
499137
499175
499193
499224
499288
499324
499419
499492
499609
499620
499661
499710
499716
499717
499739
499757
499759
499779
499783
499785
499789
499803
499808
499826
499833
499873
499879
499885
499904
499915
499937
499939
499999
500007
500013
500027
500056
500079
500083
500090
500095
500097
500103
500115
500119
500126
500135
500138
500142
500147
500170
500186
500190
500223
500298
500316
500337
500340
500365
500388
500394
500421
500430
500451
500453
500475
500481
500489
500498
500508
500511
500516
500522
500532
500568
500579
500599
500618
500624
500625
500630
500642
500654
500660
500667
500676
500715
500997
501384
501748
501811
501836
501855
501867
501912
501916
501932
501949
501958
501969
501980
501997
502028
502042
502042
502048
502061
502097
502128
502197
502461
503122
503214
503223
503286
503305
503323
503331
503503
503547
503558
503646
503662
503689
503702
503730
503744
503751
503915
504529
504737
504757
504760
504768
504778
504782
504793
504800
504807
504844
504864
504906
505036
506421
506449
506460
506466
507655
507688
508256
508331
508350
508363
508384
508400
508401
508414
508427
508447
508632
508685
508698
508723
508762
508927
509019
509111
509113
509126
509132
509136
509142
509143
509158
509421
509436
509476
509633
509660
509692
509709
509710
509749
509765
509771
509778
509808
509813
509833
510285
511630
511684
512645
512657
512679
512682
512686
512760
512810
512822
512825
513653
513815
513823
513851
513868
513876
513898
513909
513929
513931
513952
513993
514004
514050
514067
515758
516516
516563
516647
516714
516800
516875
516893
516916
516923
516930
516937
516951
516967
516975
516989
516994
517164
517721
517863
517867
517869
517885
517892
518766
520193
520182
520213
520237
520248
520494
520732
521202
521221
521262
521273
521347
521435
521454
521563
521861
522276
522304
522326
522469
522526
522527
522553
522580
522568
522616
522603
522648
522680
522795
522853
523032
523045
523066
523131
523198
523211
523246
523257
523261
523287
525105
525119
525539
525614
531932
532161
532637
532650
532664
532683
532697
532702
532708
532798
534043
534053
534255
534594
534640
534696
534716
534712
534765
534784
534820
534842
534869
534900
534950
534955
534981
534984
534996
535028
535114
535134
535182
535238
535248
535333
535339
535341
535368
535410
535418
535422
535438
535439
535447
535456
535475
535498
535535
535555
535724
535773
535777
535782
535791
535802
535813
535824
535826
535830
535832
535834
535843
535846
535850
535855
535856
535890
535893
535900
536221
536255
536507
536547
536548
536570
536596
536631
536624
536638
536645
536656
536682
536754
536877
536890
537021
537088
537101
537198
537367
537469
537494
537509
537526
537533
537542
537560
537589
537597
537606
537616
537618
537607
537625
537628
537697
537694
537757
537764
537938
537941
537957
537960
537955
537966
537971
537965
537982
537992
537996
537989
537993
538008
538025
538033
538037
538054
538059
538069
538074
538083
538109
538141
538149
538161
538172
538178
538184
538210
538213
538220
538221
538246
538267
538592
539186
539215
539231
539372
539382
539389
539407
539503
539519
539531
539557
539570
539574
539603
539613
539621
539625
539626
539633
539643
539647
539658
539659
539663
539666
539958
540047
540289
540507
540510
540515
540531
540545
540555
540558
540564
540575
540585
540602
540616
540621
540606
540607
540637
540651
540657
540660
540673
540693
540701
540712
540711
540719
540722
540738
540752
540756
540763
540766
540780
540788
540801
540816
540818
540826
540829
540863
540841
540872
540863
540894
540899
540902
540913
540942
540985
540991
540998
541023
541039
541051
541062
541055
541069
541062
541065
541068
541078
541072
541075
541080
541090
541089
541091
541102
541104
541118
541135
541133
541137
541141
541155
541158
541171
541163
541170
541174
541205
541207
541219
541229
541232
541243
541255
541261
541271
541273
541272
541282
541366
541413
541442
541469
541489
541652
541711
541701
541788
541810
541823
541930
542033
542822
543063
543251
543394
543430
543460
543568
545849
545860
545870
545895
546385
546706
547029
547033
547045
547083
547109
547116
547142
547164
547166
547172
547177
547180
547183
547194
547215
547264
547282
547346
547363
547409
547411
547418
547420
547431
547437
547452
547483
547497
547501
547513
547514
547523
547542
547818
547835
547842
548440
550543
550800
550824
550887
550909
550924
550933
551004
551007
551294
551302
551304
551312
551334
551365
551434
552615
552635
552644
552647
552645
552658
552656
552670
552672
552697
552714
552737
552747
552749
552814
552849
552893
552927
552922
552926
553079
553187
553192
553203
553221
553225
553236
553262
553267
553286
553324
553325
553356
553384
553401
553414
553416
553422
553424
553427
553432
553435
553438
553442
553444
553442
553452
553457
553469
553477
553489
553490
553490
553504
553522
553532
553537
553540
553544
553549
553551
553559
553555
553561
553565
553606
554746
554767
554873
554896
554892
554903
554911
554949
554937
554949
554972
554981
554966
554973
554973
554986
554993
554995
554996
555001
555002
555005
555013
555021
555043
555039
555078
555138
555192
555565
555608
555594
555626
555635
555640
555666
555681
555675
555687
555690
555699
555723
555715
555718
555728
555725
555733
555742
555783
555858
555871
555873
555877
555883
555895
555906
555917
555919
555923
556034
556087
556126
556153
556159
556178
556181
556184
556189
556199
556208
556211
556225
556237
556242
556271
556279
556290
556291
556316
556307
556318
556324
556327
556331
556388
556402
556459
556479
556493
556500
556542
556576
556578
556659
556684
556720
556728
556735
556752
556777
556809
556954
556998
557016
557226
557245
557248
557277
557283
557315
557326
557329
557345
557347
557348
557352
557355
557359
557374
557385
557397
557403
557409
557415
557436
557468
557471
557526
557540
557623
557653
557671
557829
557908
557933
557956
557969
557978
558011
558034
558030
558043
558046
558049
558054
558055
558059
558071
558069
558093
558096
558108
558119
558121
558118
558138
558143
558158
558156
558159
558162
558163
558172
558176
558184
558199
558204
558215
558223
558262
558269
558271
558288
558293
558306
558322
558605
558627
558799
558890
559526
560386
560398
560420
560429
560437
560446
560484
560667
560676
560784
561071
561484
561661
561667
561659
561676
561697
561702
562022
562185
562679
562713
562744
562760
562777
562832
563219
563260
563273
563283
563286
563288
563396
563907
564018
564030
564058
564085
564095
564113
564125
564134
564131
564161
564166
564169
564182
564199
564202
564198
564205
564208
564209
564212
564216
564210
564235
564237
564245
564245
564249
564263
564268
564277
564278
564280
564281
564296
564291
564306
564306
564309
564323
564325
564344
564345
564349
564360
564378
564387
564391
564385
564392
564398
564401
564414
564429
564437
564432
564441
564442
564444
564436
564446
564448
564464
564471
564476
564478
564494
564502
564506
564509
564513
564516
564519
564522
564524
564537
564537
564542
564548
564549
564556
564562
564582
564589
564608
564614
564617
564624
564635
564649
564650
564656
564662
564672
564676
564681
564689
564692
564705
564710
564718
564722
564726
564728
564734
564735
564757
564767
564766
564786
564788
564832
565527
565652
565668
565681
565714
565741
565766
565787
565810
565815
565820
565844
565869
565897
565975
566039
569723
571698
571731
573361
573377
573383
573393
573455
573457
573468
573472
573474
573477
573487
573497
573508
573541
573545
573567
573692
573714
573722
573802
573909
578537
578549
578625
578678
578682
578698
578774
578786
578989
578996
579006
579009
579035
579049
579155
579331
579350
579354
579382
579409
579439
579444
579464
579487
579735
579760
579768
579789
579797
579826
579898
579905
579914
580005
580017
580027
580041
580169
582119
582122
583622
583628
583651
583695
583706
583707
583711
583718
583722
583744
583752
583757
583769
583780
583781
583784
583804
583808
583847
583997
584205
584215
584235
584251
584265
584271
584276
584281
584296
584300
584302
584357
584342
584345
584350
584368
584762
584771
584781
584783
584793
584814
584829
584835
584839
584860
584923
584976
585023
585285
585943
585961
585993
585998
585991
586036
586047
586049
586081
586083
586220
586651
586784
586796
586813
586827
586837
586869
586904
587087
587091
587099
587741
587761
587779
587815
587910
587940
587944
588088
588094
588110
588137
588146
588205
588212
588228
588233
588249
588261
588277
588303
588353
588575
588844
589158
589168
589197
589207
589214
589218
589242
589245
589246
589258
589267
589280
589299
591929
592161
592169
592193
592223
592235
592321
592879
592896
592972
593031
593069
593098
593116
593177
593345
593397
593408
593450
593458
593473
593499
593525
593558
593598
593637
594303
594347
594353
594457
594477
594490
594805
594842
594881
594892
594948
595180
595233
595211
595249
595261
595238
595337
595375
595390
595397
595519
595531
595530
595554
595564
595552
595585
595570
595612
595602
595650
595675
595703
595737
595761
595770
595799
595850
595881
595921
595957
595975
595992
596003
596006
596087
596203
596213
596349
596368
596369
596384
596422
596424
596440
596436
596441
596449
596446
596460
596473
596541
596556
596596
596611
596627
596659
596672
596680
596692
596703
596758
596767
596890
596905
596913
596914
596930
596966
596996
597017
597134
597162
597167
597188
597212
597232
597268
597294
597310
597312
597315
597327
597329
597365
597397
597420
599067
599091
599810
599848
599866
599954
599964
600019
600317
600377
600433
600550
600572
600626
600775
600801
600819
600830
600860
600863
601009
601054
601081
601139
601160
601172
601256
601266
601278
601272
601294
601298
601308
601374
601413
601454
601515
601564
601819
601948
601965
601988
602001
602026
602042
602040
602058
602065
602088
602084
602088
602093
602135
602133
602145
602159
602205
602234
602239
602259
602771
602777
602790
602802
602838
602884
603135
603629
603634
603648
603690
603706
603730
604264
604293
604313
604326
604483
604645
604682
605148
605165
605203
605205
605218
605224
605241
605245
605259
605265
605274
605301
605302
605306
605321
605327
605334
605352
605361
605374
605380
605389
605402
605422
606176
606180
606190
606201
606204
606273
606287
606310
606419
606601
606620
606631
606676
606949
606950
606963
606980
607028
607030
607035
607039
607052
607137
607149
607279
607340
611775
611781
611804
611811
611837
611870
611887
611889
612713
612776
612791
612844
612888
613292
613324
613378
613419
613456
613462
613463
613487
613495
613507
613554
613562
613583
613586
613593
613614
613832
613908
614105
614438
614474
614564
614670
614819
614832
614897
614903
615003
615034
615045
615106
615207
615686
615699
615741
615749
615753
615764
615775
615792
615801
615806
615815
615821
615823
615830
615847
615858
615862
615877
615879
615883
617090
618573
619206
619291
619326
619358
619365
619390
619445
619494
619768
621960
622000
622003
622004
622006
622038
622049
622126
622136
622272
622552
622696
622778
622791
622799
622809
622818
622822
622829
622851
623753
623781
623785
623796
623799
623807
623821
623829
623835
623844
623847
623854
623883
623889
623903
623905
623913
625783
625805
627158
627293
628711
628716
628788
628789
628799
628982
629004
629116
629125
629127
629131
629160
629470
629503
629533
629563
629586
629627
629629
629668
629699
629732
629745
629753
629773
629795
629814
629889
629996
630028
630031
630034
630038
630084
630096
630112
630197
630587
630623
630630
630672
630835
630843
630851
630874
630881
630925
630949
630977
630987
630991
630998
631017
631028
631036
631088
631093
631124
633099
633217
633232
633243
633477
633480
633487
633489
633503
633524
633541
633790
633825
633831
633838
633845
633909
633939
633990
634003
634069
634076
634115
634140
634144
634166
634194
634229
634243
634411
634506
634548
634973
634982
635420
635746
635801
637012
637044
637061
637089
637114
637203
637239
637349
639317
639419
639663
639770
639774
640033
640045
640084
640096
640438
642330
642645
642908
642927
642940
642972
643000
643123
645511
645538
646154
646156
646173
646203
646214
646537
646555
646579
646582
646605
646643
646649
648543
648577
648605
648654
648680
648701
648723
648787
648804
649645
649754
649790
649810
649827
649840
649847
649888
649939
649962
649977
649986
649988
649989
649994
649993
650030
650039
650043
650059
650087
650079
650099
650116
650126
650148
650145
650162
650164
650173
650190
650182
650207
650198
650216
650235
650247
650253
650291
650294
650301
650305
650327
650336
650356
650398
650393
650408
650428
650448
650459
650531
650670
650961
650967
650991
650996
651012
651720
652004
652100
652169
652178
652421
652422
652435
652454
652464
652476
652481
652490
652514
652532
652540
652544
652579
652586
652659
652671
652675
652681
652686
652698
652702
652710
652864
652907
652957
653160
653743
653760
653765
653776
653784
653786
653799
653804
653807
653815
653851
653853
654191
654241
654663
654708
654735
655066
655068
655070
655073
655082
655091
655108
655120
655124
655186
655202
655210
655219
655231
655252
655514
655799
655806
655817
655824
655831
655854
655906
656409
656426
656439
656445
656455
656472
656477
656523
656545
656549
656924
656932
656957
656975
658081
662546
662624
662635
662636
662640
662656
662662
662692
662701
662738
662814
662837
662859
663014
663019
663060
663124
663204
663928
663982
663992
663997
663999
664004
664012
664014
664402
664467
664469
664511
664529
664555
664580
664585
664589
664604
664609
664618
664625
664634
664645
664647
664654
664887
666913
666925
666933
666948
666961
666961
667005
667047
667075
667915
668009
668047
668079
668107
668135
668162
668188
668224
668255
668258
668352
669463
669519
669525
669558
669557
669560
669600
669620
669677
669731
670467
671569
671575
671582
671584
671591
671608
671609
671615
671622
671639
671643
671640
671648
671650
671659
671663
671676
671686
671688
671692
671692
671698
671700
671720
671725
671727
671729
671734
671744
671755
671761
671774
671782
671785
671792
671804
671812
671832
675205
675217
675229
675234
675249
675366
675378
675404
675407
675427
675463
675478
675480
675487
675498
675507
675519
675520
675533
675568
675576
675578
675617
675643
675658
675667
675688
675692
675811
675828
675841
675856
675869
675875
675891
675896
675924
675925
675931
676121
676367
676381
676430
676434
676439
676455
676457
676462
676468
676477
676478
676481
676484
676493
676506
676514
676515
676519
676811
676806
676809
676812
676816
676817
676818
676823
676827
676832
676851
676861
676870
676872
676898
676942
676947
676966
676954
676989
677006
677039
677063
677090
677093
677114
677123
677131
677135
677145
677157
677163
677164
677174
677194
677199
677210
677218
677224
677244
677247
677256
677262
677269
677284
677303
677308
677315
677321
677327
677354
677340
677377
677380
677373
677376
677398
677405
677430
677489
677534
677539
677547
677551
677568
677601
677616
677864
678545
678770
678787
678812
678837
678860
678877
678881
678882
678890
678895
678902
678924
678928
679056
679115
679146
679150
679175
679179
679184
679189
679194
679212
679221
679235
679485
679511
679516
679531
679592
679595
679599
679661
679690
679737
679785
679810
679815
679828
679837
679846
679865
679894
679875
679901
679881
679881
679884
679886
679888
679901
679903
679914
679916
679916
679918
679931
679955
679957
679985
680065
680186
680229
680273
680421
680452
680486
680494
680501
680579
680594
680667
681214
681229
681464
681535
681706
681716
681723
682245
682264
682279
682298
682300
682306
682313
682319
682323
682345
682368
682387
682392
682410
683915
683926
683934
683952
683958
683984
683986
684001
684006
684143
684209
684217
684220
684247
684265
684281
684295
684303
684325
684377
684402
684432
684468
684491
684503
684516
684545
684549
684577
684588
684591
684606
684607
684621
684630
684664
684678
684721
684746
684756
684955
685212
685261
685301
685344
685375
685451
685458
685480
685542
685552
685567
685583
685596
685739
685792
685826
685814
686010
686026
686053
686196
686208
686212
686338
686339
686360
686370
686406
686677
686692
686708
686733
686781
686821
686869
686943
687025
687154
687191
687597
688233
688242
688254
688281
688312
688315
688321
688326
688347
688353
688363
688395
688434
688888
688890
688913
688947
688972
689041
689049
689051
689066
689074
689086
689100
689106
689114
689124
689148
689170
689348
689356
691107
691338
691375
691481
692232
692978
693020
693599
693806
694048
694243
694296
694309
694335
694354
694358
694360
694362
694363
694370
694371
694383
694387
694395
694398
694405
694418
694425
694445
694459
694470
694474
694477
694481
694484
694486
694490
694491
694493
694500
694503
694503
694511
694513
694523
694527
694528
694529
694532
694533
694540
694555
694556
694557
694559
694561
694562
694584
694581
694656
694658
694682
694693
694747
694764
694779
694797
694814
694818
694817
694828
694843
694917
695001
695041
695064
695093
695133
695213
695266
695281
695306
695364
695380
695406
695421
695443
695461
695475
695481
695507
695510
695516
695525
695536
695548
695553
695554
695558
695563
695567
695576
695578
695583
695585
695589
695591
695601
695603
695621
695954
695969
696064
696089
696117
696149
696152
696187
696188
696194
696218
696225
696218
696241
697389
697941
697947
697953
699306
699380
701149
701650
701675
701736
701740
701751
702222
702234
702303
702346
702367
702514
702569
702571
702573
702588
702593
702620
702662
702692
702754
702778
702794
702802
702818
702857
702869
702936
702943
702946
702980
703124
703207
703247
703252
703277
703291
703300
703341
703344
703349
703362
703400
703504
703473
703490
703534
703502
703572
703586
703607
703626
703662
703667
703676
703680
703712
703723
703732
703753
703771
703774
703804
703808
703827
703833
703840
703886
703897
703922
703939
703995
704051
704088
704131
704195
704212
704235
704291
704301
704289
704318
704324
704332
704347
704350
704352
704378
704396
704421
704477
704916
705011
705691
705693
705772
705861
706212
706235
706376
706443
706458
706485
706502
706537
706558
706562
706558
706588
706598
706628
706639
706667
706674
706676
706680
706668
706685
706709
706706
706710
706686
706716
706724
706710
706738
706717
706741
706763
706814
706822
706832
706816
706831
706901
706861
706913
706923
706927
706896
706952
706920
707097
707124
707138
707139
707193
707221
707246
707222
707268
707301
707345
707393
708218
708461
708501
708675
708740
708774
708917
708979
709045
709072
709075
709057
709140
709151
709169
709172
709212
709235
709274
709311
709322
709346
709346
709466
709467
709715
709720
709720
709981
710014
710120
710247
711467
711479
711507
711521
711543
711579
711604
711647
711924
713680
713764
713779
713874
713908
713944
714017
714063
714078
714304
714370
714408
714437
714497
714501
714522
714570
714581
714616
714630
714632
714642
714665
714707
714769
714936
714947
714967
715002
715015
715022
715040
715118
715336
715412
715428
715432
715442
715535
716955
716971
717019
717075
717086
717095
717101
717113
717180
717193
717206
717194
717508
717513
717535
717565
717628
717687
717858
717919
717924
717927
717927
717951
717969
717980
717992
718016
718006
718072
718129
718143
718160
718180
718182
718198
718585
718724
718772
718796
718848
718958
719065
719149
719621
719969
719993
720024
720040
720102
720308
720760
720792
720832
720855
720904
720952
720981
724542
724558
724593
724752
724788
724843
730055
732580
732736
732738
733040
733164
733190
733945
734232
734299
734705
735106
737677
738007
738112
738665
738733
742123
742221
742250
742273
742478
743227
743242
743674
743718
743727
743708
743758
743808
743920
743936
744018
744038
744080
744130
744154
744215
744750
745723
745750
745892
745889
745920
745942
745953
745988
745989
746062
746069
746088
746096
746152
746210
746315
746329
746337
746398
746664
746691
750056
750133
750138
750179
750184
750421
750480
750545
750586
751976
752130
752178
752537
752555
752588
752924
753136
753922
754119
754141
754152
754155
754224
754292
754295
754307
754319
754343
754346
754486
754505
754594
754606
754831
754863
754998
755035
755070
755081
755120
755136
756217
756823
756871
757330
757392
757621
758062
758317
758331
758349
761126
764420
764946
771065
771196
771254
771272
771319
771481
772091
772461
772467
772681
772745
772793
772885
772938
772972
772976
773897
773923
773935
773939
773947
774236
783466
783477
783507
783527
783663
783702
783756
783824
783826
783904
783929
783935
783972
784009
784219
784280
784299
784357
785547
785558
785570
785612
785766
785817
785822
785823
785824
785836
785878
785888
786785
786772
786790
786798
786814
786835
786896
787134
787161
787171
787179
787191
787236
787240
787312
787340
787346
787355
787358
787358
787386
787407
787408
787435
787448
787761
787762
787930
788151
788177
788197
788175
788219
788233
788239
788213
788217
788246
788253
788305
788566
788863
789797
789904
789978
789983
790020
790036
790069
790086
790099
790157
790189
790191
790196
790229
790242
790246
790280
790375
790624
792076
792110
792113
792133
792253
792254
792270
792288
792308
792336
792360
792397
792406
793013
793393
793408
793427
794195
794235
794238
794354
794419
794412
794913
795034
795163
795166
795170
795174
795190
795193
795224
795230
795259
796706
798567
798987
799887
800062
800069
800326
800353
800342
800507
800540
800780
801383
801470
802466
802499
802523
802530
802534
802634
802707
802708
802733
802840
802914
802919
803090
803228
803479
803513
803517
803592
805436
805505
805538
805565
805594
805600
805604
805607
805608
805613
805623
805634
805656
805734
806919
806920
806921
806942
806978
806978
807071
807072
807098
807121
807127
807127
807336
807351
807362
807371
807373
807389
807429
807440
807453
807551
807600
808024
808091
808131
808175
808182
808215
808253
808259
808328
808332
808378
808394
808575
808560
808790
808848
809038
809119
809134
809229
809217
809302
809317
809342
809350
809351
809376
809416
809432
809449
809481
809486
809543
810031
810634
811589
812022
812066
812087
812173
812195
812223
812241
812262
812270
812274
812292
812305
812653
812670
812697
812706
812785
812772
812774
812800
812797
812808
812824
812838
812839
812848
812850
812838
812877
812867
812870
812875
812884
812892
812893
812908
812917
812939
812949
812978
813023
813024
813028
813065
813068
813071
813077
813090
813096
813097
813098
813101
813165
813613
813696
813753
813815
814342
814359
814372
814385
814546
817579
817667
817840
817895
817925
817939
817940
817932
818083
818086
818091
818100
818122
818159
818170
818206
818235
818238
818257
818349
818360
818376
818488
818508
818510
818531
818571
818573
818600
818619
818632
818634
818949
818958
819101
819116
819132
819147
819153
819174
819182
819195
819204
819211
819217
819219
819221
819558
819576
819606
819837
819907
820005
820049
820075
820080
820092
820099
820103
820105
820106
820107
820111
820112
820137
820234
820239
820245
820247
820251
820263
820265
820276
820277
820298
820360
820389
820423
820439
822696
823055
823362
823401
823428
823431
823524
823575
823763
824028
824037
824211
824275
824286
824323
825093
825250
825277
825321
825331
825322
825344
825364
825622
825903
826848
827964
828670
829702
829774
830152
830163
830180
830189
830201
830202
830203
830217
830253
830283
830307
830312
830400
830411
830444
830533
830565
830586
830591
830598
830602
830616
830635
830641
831146
831178
831204
831217
831346
831576
833941
834100
834133
834150
834152
834160
834168
834172
834176
834195
834227
834257
834279
834307
834443
834601
834604
839412
839421
839426
839461
839468
839477
839492
839493
839504
839510
839512
839514
839520
839522
839526
839532
839536
839642
839783
840292
841246
841468
841505
841514
841516
841522
841525
841539
841545
841558
841563
841568
841570
841574
841574
841585
841589
841594
841601
841612
841622
841628
841645
841676
841702
842275
842292
842308
842311
842319
842330
842335
842340
842401
843096
843184
843388
843488
843640
843650
843656
843669
843753
843766
843821
843822
843829
843845
843847
843859
843870
843876
843906
843961
845075
845926
845932
845933
845952
845957
845977
845985
845992
845997
846003
846019
846027
846040
846043
846052
846053
846057
846082
846089
846098
846101
846719
847010
847109
847124
847136
847146
848440
848607
848648
848660
848662
848689
848691
848700
848722
848726
848741
848768
848860
849470
849739
850127
850161
850972
851114
851122
851131
851141
851602
852009
852467
852628
852682
852683
853087
853461
853464
853686
853691
853700
853710
853728
853739
853759
853762
853777
853780
853782
853784
853790
853825
853829
853840
853877
853926
854673
854683
854937
854972
854997
855043
855058
855063
855071
855088
855091
855094
855130
855149
855210
855217
855292
855352
855365
855581
855728
856005
856297
856328
856405
856512
856607
856610
856951
858623
858676
858699
858713
858753
858764
858793
858810
858813
858824
859238
859322
859523
859542
859590
859878
860164
860197
860209
860215
860332
860417
860619
860662
860684
860689
860701
863162
863408
864311
864312
864317
864324
864331
864399
864426
864457
866811
867722
867759
867821
867831
867863
867879
867895
867908
867957
867959
867964
867966
867967
867990
868576
868580
868582
868596
868608
868612
868616
868628
868632
868634
868634
868652
868673
868696
868705
868709
868794
869471
869486
869537
870096
870203
870245
870252
870323
870324
870368
870375
870374
870410
870425
870435
870437
870458
870468
870472
870476
870488
870523
870534
870539
870550
870560
870609
870667
870719
870745
870767
870803
870817
870868
870881
870934
870941
870943
870995
871684
871748
871751
871825
871834
871837
874244
874292
877454
877464
878764
880103
880126
880140
880144
880152
880156
880156
880165
880173
880231
880267
880274
880290
880337
880344
880348
880356
880394
880400
880406
880423
880430
880432
880456
880488
880519
883914
883919
883921
883975
883983
883986
883989
883993
883996
884014
884019
884024
884029
884032
884037
884043
884046
884059
884063
884066
884080
884083
884088
884090
884092
884100
884117
884122
884146
884151
884187
884188
884203
884217
884841
884923
886012
886014
886032
886042
886047
886050
886055
886064
886066
886078
886084
886376
886431
886466
886473
886476
886486
886487
886499
886503
886513
886530
886537
886542
886582
887172
887567
887571
887577
887595
887644
887704
887707
888174
888187
888221
888259
888263
888269
888283
888296
888318
888353
888371
888433
888476
888576
888589
888725
888762
889223
889242
889245
889250
889254
889291
889295
889305
889317
889320
889351
889357
889377
889381
889393
889404
889427
889436
889451
889532
889578
889592
889747
889894
889978
889988
890009
890031
890138
890203
890235
890319
890989
892085
892158
892222
892247
892303
893612
893636
893651
893716
893747
893937
894166
894195
894201
894210
894217
894236
894280
894296
894267
894319
894328
894338
894342
894310
894317
894340
894345
894353
894381
894549
894620
894635
894699
894688
894746
894749
894770
894815
894819
894838
894852
894873
894967
894983
894985
894997
895065
895070
895097
895117
895118
895130
895157
895164
895186
895202
895212
895433
896810
896812
896847
896992
897310
897502
897509
897704
897918
897920
898002
898009
898016
898026
898963
899524
900150
900615
900625
900632
900635
900645
900650
900668
900706
901626
901705
902237
902246
902261
902269
902288
902718
902744
902791
903435
903454
903456
903466
903521
903763
906115
906854
906892
907155
908166
908262
908274
908335
908385
908349
908362
908378
908483
908546
908556
908597
908804
908824
909727
910535
910545
910878
910892
911215
911255
911281
911294
911337
911455
911535
911786
911857
911880
911886
911908
911913
911979
912010
912013
912181
912336
912351
912416
913548
913682
913914
914199
914208
914226
914265
914302
914306
914300
914315
914337
914514
914539
914516
914561
914898
914914
915006
915234
915297
915302
915708
915863
915953
916822
918406
918434
918598
918601
918626
918676
918764
918742
918748
918782
918836
918839
918855
918857
918934
918967
918961
918974
919098
919113
919142
919167
919179
919189
919213
919220
919225
919257
919283
919317
919334
919339
919355
919359
919372
919375
919430
919445
919523
920030
920093
920226
920303
920372
920404
920411
920425
920447
920470
920583
920589
920638
921001
921028
921059
921068
921322
921325
921330
921344
921418
921766
921781
921807
921855
921860
921872
921875
921883
921890
921909
922139
922851
923237
923961
923982
923991
924041
924048
924077
924898
924909
924923
924929
924952
925111
925781
925838
926144
926340
926549
926594
926612
926635
926866
926925
926939
926948
926968
927021
927048
927063
927840
928068
928091
928140
928173
928402
928573
928583
928675
928726
931697
933914
939753
940619
940620
940633
940635
940639
940640
940642
940647
940648
940650
940663
940664
940668
940672
940692
940694
940699
940716
940726
940729
940733
940736
940741
940747
940752
940758
940761
940771
940783
940800
941037
941103
941169
941245
941255
941263
941268
941279
941286
941293
941311
941326
941332
941364
941372
941383
941427
942264
942265
942285
942335
942348
942361
942376
942382
942416
942419
942435
942447
942458
942459
942464
942469
942473
942481
942482
942485
942501
942507
942510
942549
942554
942570
942575
942578
942602
942610
942616
942621
942632
943192
943215
943267
943274
943791
944865
944866
944879
944885
944887
944901
944903
944905
944917
944923
944926
944927
944929
944932
944935
944936
944939
944939
944942
944945
944963
944964
944976
944981
944986
944991
944991
944992
944996
944998
945005
945008
945016
945035
945038
945056
945076
945079
946858
947557
950908
951024
951035
951053
951064
951110
951565
951587
952608
952609
952621
952643
952665
952750
952790
952793
952793
952795
952801
952803
952806
952810
952846
952855
952863
952865
952867
952877
952882
952906
952917
952920
952994
953274
953279
953283
953288
953294
953301
953315
953340
953347
953684
953702
953930
953973
954007
954029
954109
954109
954113
954122
954130
954132
954134
954138
954148
954152
954165
954197
954240
954268
956017
956053
956054
956450
956502
956513
956557
956610
956663
956670
956679
956681
956691
956697
956701
956712
956714
956718
956732
957672
957685
960136
960178
960521
960543
960562
962147
962227
964349
964375
965146
966128
966156
966167
966172
966179
966189
966194
967078
967098
967157
967192
967211
967228
967241
967253
967263
967283
967287
967300
967304
967323
967337
967363
967375
967387
967401
967416
967429
967483
967489
967492
967519
967578
967591
967615
967610
967624
967633
967630
967637
967637
967654
967654
967662
967664
967660
967661
967671
967669
967677
967673
967681
967691
967717
968275
968422
968460
968517
968538
968575
968684
968740
970894
971154
971195
971198
971222
971232
971236
971271
971288
971584
971686
971718
972027
972398
972424
972555
972576
972604
972614
974510
974686
974936
974960
974968
974992
975007
975029
975172
975180
975340
975507
975516
975534
975536
975537
975618
975770
975804
975806
976138
976168
976173
976182
976220
976226
976276
976279
976284
978477
978611
978629
978752
978769
979118
979139
979531
979640
979690
979740
979799
979814
979858
980317
980745
981166
981266
982008
982292
982608
982707
982982
983069
983274
983343
983492
983554
983829
983895
983911
983917
983923
983938
984226
984233
984269
984589
984839
984889
985060
985064
985619
985640
985660
985664
985674
985679
985687
985770
985772
985818
985836
987595
989622
990244
990267
990268
990316
990402
990414
990417
990443
990448
990460
990483
990564
990595
990677
990684
991935
993325
993332
994181
997640
997720
997768
997778
998176
998315
998321
998331
999393
