335.97
358.14
383.98
386.14
617.43
633.78
640.11
1459.3
1473.2
2990.34
4563.63
5518.83
5539.86
5545.64
5553.6
7347.74
7357.31
7376.79
7416.19
7514.97
8074.03
11890.4
16382
17751
17776.9
17782.9
18082
18097.5
18828.8
18885.4
18896.2
18901
18913.3
18957.3
18971.1
20026.3
20034.8
20043.3
20071.5
20085.6
20464.4
20475.9
21004.3
21460.2
21492.4
21508.1
21774.4
21819.9
23909.7
23935.4
23956.7
23973.3
24716.2
25563.3
25622.3
25637.7
25642.7
25645.7
25646.7
25659
25665.1
25666.5
25681.3
25685.2
25687.4
25690.8
25693.6
25695.6
25696.4
25764.4
25765.6
25766.7
25767.7
25769
25769.8
25772.1
25777.6
25778.6
25780.1
25781
25782.6
25784.8
25785.9
25787.6
25789.8
25792.9
25794.1
25806.9
25808.1
25809.1
25834.9
26043
26043.8
26097
26097.8
27091
27226.6
27466.8
27505.1
27512.8
27526.5
27538.4
27539.7
27542.7
27544.8
27551
27552.6
27556.9
27557.6
27559.1
27560.6
27563.1
27567.6
27569.3
27572.3
27574.1
27576.6
27579.5
27582
27584.3
27586.6
27587.6
27588.4
27591.4
27593.3
27595.6
27596.6
27600.1
27601.2
27601.9
27603.7
27660.3
27662.6
27672.9
27690.1
27691
27709.4
28022.8
28024
28047.4
28051.2
28053.1
28054.8
28056.3
28079.5
29267.6
29268.8
29271.3
29316.2
30127.1
30129.4
30261.6
30271.7
30274.1
30275.8
30276.9
30282
30284.3
30286.1
30287.7
30290.4
30291.9
30293.9
30295
30301.3
30314.4
30318.8
30324
30326
30332.8
30337.3
30344.8
30381.2
30403.9
30451.2
30482
30483.7
30520.3
32687.8
32802
32804.1
32809.7
32817.3
32819.6
32822.1
32826.5
32828.1
32830.7
32832.1
32836.1
32840.3
32844.5
32845.4
32848.1
32849.9
32851.1
32852.2
34699.6
34706.5
34707.7
34710.6
34714.8
34720.1
34733.9
34736.9
34741.7
34744.3
34748.9
34758.6
34763.9
34768.3
34770.2
34775.4
34778.7
34782.7
34783.9
34786.3
34788.4
35208
35216.4
35217.7
35230
35354.9
35404.1
35405.6
35406.6
35411.3
35422.8
35430.9
35432.2
35433.3
35458
35466.6
35494.2
35495.6
35497.1
35498.2
35499.8
35501.2
35502.6
35505.8
35509.2
35546.2
35551.6
35554.1
35593.4
35594.9
35814.6
35885.7
35887.4
35888.5
35891.9
35905.8
35906.7
35910
35911.6
35918.1
35921.4
35925
35945
35951.7
35952.7
35957.4
35968
35969.2
35970.1
35973.9
35995.5
35996.5
35998.4
35999.4
36001.3
36002.7
36004.1
36006.2
36008.6
36010.6
36012.8
36013.8
36015.8
36018.1
36022.9
36027
36028.6
36039
36040.7
36043.1
36046.6
36049.5
36051.5
36057.2
36061.1
36064.4
36268.2
36273.5
36284
36286.9
36288.5
36294
36746.9
36783.5
36789.2
36800.4
36813.7
36837.6
36839.8
36846
36850.9
37461.6
37463
37464.9
37466.5
37469.1
37471.5
37473.2
37475.1
37615.4
37616.8
37619.4
37621.2
37648
37655.7
37657.2
37658.9
37660
37677.6
37679.2
37687.5
37688.8
37709.2
37712.4
37719.5
37723.7
37732.2
37733.4
37735
37736.2
37737.5
37765.8
37771.3
37829.6
37830.6
37842.7
37843.6
37844.5
37845.4
38253.7
38254.9
38255.7
38257.5
38258.4
38261.9
38265.2
38269.6
38279.3
38280.5
38281.8
38282.7
38286
38287.9
38296
38296.9
38298.2
38304
38307.3
38309.2
38311.6
38312.7
38314.4
38323.9
38324.9
38326.1
38328.6
38330.4
38357.6
38359.4
38950
39256.5
39258.1
39261.8
39263.5
39264.5
39266
39267.4
39268.7
39272.6
39273.9
39275.5
39276.6
39278.2
39281.3
39286
39287.2
39288.6
39317
39329.1
39336
39337.3
39342.4
39344.6
39348.9
39365.8
39370.2
39372.4
39444.7
39460.9
39474.6
39477.1
39486.2
39525.5
39529.7
39535.5
39537.5
39539.2
39541.5
39544.6
39546.6
39547.8
39556
39560.1
39563.2
39580.6
39762.6
39764.4
39765.6
39767.4
39769.7
39770.7
39778.5
39779.6
39780.5
39785.2
39786.5
39787.5
39794.1
39809.3
39811
39812.2
39813.2
39814.1
42256.3
42285.9
42303.1
42304.8
42306.1
42308.8
42310.1
42312.8
42314.9
42319.3
42320.8
42327.3
42330.8
42334.3
42336.5
42340.7
42342
42343.2
42344.7
42345.7
42569.2
42572
42575.6
42576.6
42577.7
42578.7
42579.7
43505.8
43507.5
43508.5
43509.8
43517.4
43519
43522
43522.9
43538.5
43539.9
43542
43546.3
43547.5
43550.5
43551.7
43552.6
43555
43555.7
43556.6
43557.2
43557.9
43559
43559.6
43562.6
43563.2
43564.7
43565.3
43567.8
43568.5
43573
43573.6
43577.8
43580.2
43581.1
43582.1
43583.1
43628.1
45054.9
45056.1
45058.9
45060.8
45063.4
45069.7
45070.9
45071.6
45074.4
45075.4
45079.1
45080.4
45082.5
45084.1
45085.6
45086.7
45088.4
45090.5
45091.5
45094.4
45095.3
45097
45106.4
45111.6
46020.1
46026
46031.3
46033.2
46036.5
46037.7
46038.4
47046.5
47049.7
47050.7
47051.4
47052.2
47056.4
47057.9
47060.3
47064.2
47065.7
47067.1
47068.8
47075.9
47081.1
47087.7
47091.1
47093
47096.8
47104.9
47121.1
47122.5
47127.2
47341.6
47434.5
47435.8
47437
47438.2
47439.7
47443
47445.5
47447
47464.5
47466.7
47476.4
47477.6
47482.3
47483.5
47486.4
47487.4
47488.3
49004.7
49014.7
49063.7
49130.2
49142.1
49143.9
49148.8
49174.5
49190.7
49197
49202.7
49222.5
49225.2
49233.5
49238.6
49243.1
49252.2
49265.5
49268.9
49273.1
49288.6
51008.5
51083.1
51113.7
51464.5
51473.3
51479.9
51481.5
51484.3
51486.5
51492.9
51501.2
51502.7
51504.4
51753.1
51790.4
51816.9
51834.6
51844
51862.2
51865.5
51900.2
51907.4
51923.2
51931.7
51951.4
54316.5
54466.4
54491.5
54572.5
54614.8
54621.9
54645.2
54676
54693.2
54723.1
55710
55723.5
55752.1
55762.2
55767.8
55804.2
55807.9
55810.3
55813.1
55814.6
55890.7
55894.1
56023.2
56828.5
56845.4
57221.3
59086.9
59158
60455.6
60475.7
60584.2
61024.4
61109.6
61115.7
61156
61160.3
61196.5
61199.3
61203
61286
61296
61308.1
61335.4
63233.5
63254.8
65259.3
65262
65285.3
65336.6
65358.6
65363.4
65370.4
65377.7
65380.8
65383.6
65390.4
65738.6
67242
67257.9
67402.3
67422.2
67428.2
67433.8
67446.2
67457.5
67497.4
69467.7
69498
69547.9
69562.7
69598.6
69605
69607.2
69616.2
69633.8
69639.7
69650.2
69657.9
73450.2
73508
73555.5
73559.7
73566
74532
74820.6
74873.1
74895.5
74990.7
75008.6
75074.4
75090.3
75097.4
75112.4
75114.4
75129.7
76415.1
78679.5
78749.4
78758.6
78770.5
78784.2
81809.2
85350
85403.3
85421.5
85765.3
85789.5
86820.6
89783.4
90268.8
90271.1
90617.2
90663.1
90668.1
90682.1
90852
90867.1
90934.9
90936.4
90960.4
90977.3
90978.3
90998.4
91000.7
91001.8
91022
91038.2
91042.6
91046.3
91048.6
91053.4
91056.6
91066.4
91075.5
91076.7
91119.1
91126.5
91262.8
91279.9
91299.7
91301.6
91289.2
91294.2
91310.3
91320.7
91375
91417.7
93048.5
93173.2
93263.2
94826.1
94827.3
94830.1
94862.3
94868.8
94872.5
94877.1
94880.8
94888.8
94890
94917.1
94923.9
94926.7
94941.3
94942.2
94944.4
94947.9
94950
94952.3
94986.2
94990
94995.3
94998.2
95063.3
95354
96979.1
96981
97028.7
97055
97299.5
97465.1
97807.3
98173.6
98223.2
98234.7
98268.6
98365.6
98508.6
98513.5
98537.7
98539
98563
99386.8
99565
99719.2
99722.3
99734
101817
102875
104914
104941
104951
104963
104966
104979
105990
106083
106087
106092
106112
106117
106145
106237
106245
106247
106268
106771
108233
113446
113613
114241
115612
116082
116908
116946
117059
117221
119120
119310
119351
121258
124072
124969
124990
124995
125021
125784
125786
125917
125983
126215
126260
126264
134325
134362
134950
134965
134970
134980
135016
135017
135359
135592
135835
135877
136016
136043
136068
136102
136109
136113
136116
136148
136200
137020
137396
137692
137801
138689
139349
139707
140089
140111
142101
142308
142329
142341
144787
144826
144830
144888
144917
144940
144998
145042
145068
145074
145076
145078
145084
145088
145091
145094
145096
145099
145345
145349
145350
146052
146413
148287
148308
148356
148364
148391
148406
148470
148496
148521
148532
148535
148540
148549
148550
148554
148556
148558
148559
148561
148563
148752
148757
148759
148793
148795
148798
148816
148821
148824
148947
149629
149634
149637
149640
149641
149669
149672
149673
149676
149678
149681
149685
149687
149690
149693
149695
149701
149713
149715
149716
149718
149720
149724
149752
149757
149768
149774
149790
149792
149795
149807
149809
149823
149824
149837
149845
149856
149866
149871
149884
149899
150920
150922
151062
151841
151886
152012
152037
152051
152476
152487
152503
152534
153620
154115
154849
154902
154932
154939
154940
154982
156282
156298
156332
156358
156366
156393
156395
156727
156728
156720
156757
156775
156778
156780
156794
156798
156820
156968
156991
157023
157047
157136
157138
157167
157170
157178
157219
157242
157256
157328
157336
157491
157508
157511
157517
157525
157528
157533
157536
157678
157690
157723
157764
157785
157787
157788
157792
157794
157817
157820
157821
157824
157826
157846
158192
158288
158296
158358
158363
158369
158378
158393
158406
158408
158502
158539
158548
158565
158568
158586
158589
158663
158744
158794
158819
158826
158823
158830
158863
159035
159364
159367
159403
159406
159414
159439
159451
159471
159478
159524
159533
159605
159618
159624
163494
163518
163538
163586
163587
164485
164487
164489
164503
164506
164511
164513
164516
167202
167205
167207
167215
167217
167218
167222
167240
167243
167260
167272
167295
167322
167375
167454
167458
167465
167471
167472
167485
167571
167576
167581
167587
167588
167599
167601
167606
167613
167626
167627
167630
167633
167644
167645
167660
167661
167664
167666
167669
167670
167679
167682
167684
167686
167689
167692
167695
167696
167698
167724
167727
167729
167731
167733
167735
167737
167739
167746
167749
167751
167756
167759
167765
167769
167776
167780
167783
167788
167796
167797
167802
167816
167832
167850
167868
167873
168075
168076
168078
168080
168082
168085
168090
168092
168094
168096
168098
168101
168106
168494
168498
168512
168523
168525
168526
168532
168535
168539
168700
168730
168739
168750
168752
168759
168762
168775
168784
168786
168794
168804
168829
168881
168883
168885
168886
168889
168899
168898
168922
168929
168930
168937
169021
169076
169115
169116
169147
169205
169207
169213
169220
169222
169227
169231
170991
172531
172554
172575
172584
172713
172714
172847
172885
172908
172918
172920
172923
172931
172933
172935
172940
172944
172949
172950
172953
172959
172980
172998
173002
173006
173007
173011
173015
173017
173019
173054
173059
173060
173066
173068
173077
173079
173080
173096
173098
173102
173103
173105
173156
173159
173164
173166
173169
173196
174065
174066
174088
174089
174092
174094
174100
174101
174102
174103
174106
174107
174111
174113
174114
174116
174118
174119
174120
174121
174122
174123
174124
174125
174127
174128
174129
174132
174132
174135
174136
174139
174183
174184
174187
174196
174198
174216
174517
174713
174718
174742
174744
174757
174759
174761
174762
174763
174770
174802
174818
174819
174823
174826
174829
174859
174861
175248
175253
175254
175255
175256
175265
175267
175267
175268
175271
175273
175274
175286
175287
175287
175289
175290
175291
175348
175349
175351
175366
175367
175368
175369
175370
175371
175372
175373
175375
175376
175377
175378
175378
175380
175381
175381
175383
175384
175385
175386
175387
175388
175390
175391
175392
175393
175394
175395
175396
175398
175399
175400
175401
175402
175403
175404
175405
175406
175407
175408
175409
175410
175411
175412
175414
175415
175416
175417
175418
175419
175420
175422
175423
175424
175425
175426
175427
175428
175429
175430
175431
175433
175434
175435
175436
175436
175437
175438
175439
175440
175441
175442
175442
175444
175445
175447
175448
175449
175474
175476
175477
175479
175481
175482
175484
175485
175486
175487
175488
175490
175491
175492
175493
175495
175763
175781
175796
175797
175814
175818
175875
175877
175881
175883
176919
179092
179094
179095
179097
179101
179106
179109
179111
179112
179115
179117
179118
179120
179123
179130
179138
179141
179142
179144
179150
179151
179152
179155
179157
179158
179173
179176
179177
179178
179179
179181
179187
179190
179191
179193
179194
179201
179205
179209
179211
179214
179217
179218
179220
179221
179224
179228
179229
179230
179232
179234
179235
179236
179238
179244
179249
179250
179258
179259
179264
179269
179271
179282
179287
179296
179298
179302
179304
179309
179312
179314
179324
179333
179335
179339
179341
179342
179349
179351
179352
179355
179358
179363
179364
179368
179369
179370
179373
179373
179374
179379
179381
179383
179384
179385
179389
179390
179392
179393
179396
179397
179399
179400
179403
179404
179405
179406
179407
179408
179410
179411
179413
179414
179415
179416
179417
179419
179420
179421
179422
179423
179424
179425
179426
179427
179428
179428
179430
179431
179432
179432
179434
179435
179436
179437
179438
179440
179441
179442
179444
179445
179446
179447
179449
179449
179451
179451
179453
179454
179455
179456
179456
179459
179460
179462
179463
179463
179465
179466
179467
179468
179469
179470
179472
179472
179473
179475
179476
179477
179477
179480
179481
179482
179483
179485
179486
179488
179929
179936
179937
179953
179958
179965
179975
179983
179984
179989
179990
179992
179995
179997
179998
180000
180001
180004
180005
180007
180009
180011
180013
180014
180015
180017
180020
180021
180023
180024
180025
180026
180028
180029
180031
180033
180034
180036
180037
180038
180040
180041
180042
180043
180043
180045
180045
180047
180048
180049
180049
180050
180051
180052
180053
180054
180057
180058
180059
180060
180061
180062
180063
180063
180064
180065
180066
180067
180069
180070
180071
180072
180073
180074
180075
180076
180077
180079
180079
180082
180083
180084
180085
180088
180090
180091
180092
180092
180093
180095
180096
180097
180098
180099
180100
180103
180104
180106
180106
180107
180112
180113
180116
180117
180119
180120
180121
180121
180122
180124
180125
180127
180128
180130
180131
180134
180135
180136
180137
180139
180139
180141
180143
180144
180145
180146
180147
180150
180154
180155
180156
180157
180158
180160
180161
180162
180163
180164
180165
180167
180167
180168
180169
180170
180171
180174
180175
180262
180264
180265
180298
180300
180322
180327
180329
180331
180332
180333
180334
180341
180343
180359
180360
180362
180363
180369
180374
180375
180378
180379
180392
180394
180395
180396
180397
180398
180400
180405
180414
180415
180416
180418
180422
180423
180425
180426
180427
180429
180431
180435
180442
180443
180444
180445
180473
180474
180475
180476
180478
180479
180481
180483
180489
180490
181133
181134
181135
181136
181137
181138
181139
181140
181141
181141
181142
181143
181144
181145
181146
181147
181148
181149
181151
181152
181153
181153
181154
181155
181156
181157
181158
181174
181175
181179
181189
181195
181194
181196
181205
181211
181213
181223
181223
181226
181229
181232
181233
181234
181235
181236
181237
181239
181240
181241
181242
181243
181243
181244
181245
181247
181248
181249
181250
181251
181251
181252
181253
181254
181255
181256
181258
181259
181261
181261
181262
181263
181265
181265
181266
181267
181268
181269
181270
181271
181272
181273
181276
181277
181278
181279
181280
181281
181281
181283
181285
181286
181287
181289
181290
181292
181293
181294
181296
181298
181299
181301
181301
181302
181304
181305
181306
181307
181620
182094
182096
182111
182113
182120
182139
182141
182142
182145
182151
182165
182169
182257
182292
182293
182294
182308
182310
182316
182317
182356
182359
182361
182375
182378
182379
182381
182382
182424
182454
182457
182461
182462
182464
182467
182469
182471
182478
182479
182489
182491
182499
182501
182502
182519
182522
182526
182534
182540
182548
182550
182551
182553
182555
182556
182560
182569
182571
182573
182575
182576
182578
182580
182581
182582
182593
182594
182596
182762
182765
182778
182780
182783
182784
182786
182798
183363
183364
183397
183399
183411
183415
183418
183452
183480
183898
183942
183949
183953
183959
183961
183964
183969
183974
183977
183978
183981
183983
183985
183986
183993
183994
183999
184002
184004
184006
184009
184010
184013
184014
184018
184022
184024
184026
184028
184033
184037
184038
184041
184044
184048
184056
184059
184060
184063
184065
184070
184074
184077
184085
184086
184092
184101
184104
184105
184108
184111
184132
184134
184136
184138
184139
184142
184162
184664
184692
184697
184699
184701
184746
184747
184749
184753
184755
184757
184761
184763
185085
185460
185463
185469
185470
185472
185500
185946
185956
185959
185962
185963
185967
185973
185982
185986
186001
186003
186004
186006
186010
186015
186039
186051
186079
186413
186431
186446
186448
186450
186453
186463
186465
186468
186470
186473
186495
186506
186513
186532
186546
186549
186747
186761
186767
186793
186795
186803
186842
186869
186908
187254
187257
187260
187277
187284
187290
187294
187311
187316
187338
187341
187349
187355
187361
187367
187382
187402
187796
187897
187904
187913
189815
191973
192002
192118
192130
192141
192146
192151
192160
192164
192180
192881
192913
192917
196125
196125
196127
196128
196130
196131
196133
196135
196135
196475
196485
196500
196504
196507
196510
196512
196515
196520
196529
196531
196533
196541
196545
196554
196555
196556
196559
196568
196571
196572
196576
196578
196579
196580
196582
196584
196591
196593
196600
196602
196609
196612
196613
196624
196626
196627
196628
196629
196632
196636
196644
196647
196648
196664
196666
196668
197261
197411
197741
197829
199587
199642
199759
199795
199803
199806
199809
199866
199875
199884
199889
199959
199965
199990
201218
201243
201247
201262
201268
202255
202642
202680
202686
202705
202712
202713
202714
202719
202721
202723
202725
202726
202731
202736
202738
202740
202744
202745
202746
202748
202752
202753
202754
202772
202899
202940
202994
203011
203012
203014
203020
203022
203024
203039
203058
203068
203071
204659
204669
205287
206510
206513
206527
206531
206649
206662
206712
206720
206722
212940
212942
212947
212947
213336
213393
213396
213397
213398
213399
213426
213427
213428
213444
213445
213447
213454
213457
213460
213468
213469
213473
213475
213476
213479
213485
213486
213497
213498
213500
213503
213513
213515
213516
213518
213521
213525
213529
213534
213545
213546
213549
213554
213557
213562
213566
213663
213668
214100
214116
214124
214126
214129
214133
214135
214137
214138
214140
214143
214144
214148
214150
214151
214152
214157
214158
214160
214163
214165
214177
214184
214187
214188
214189
214191
214192
214195
214198
214203
214207
215161
215163
215982
215983
215985
215986
215988
215989
215990
215992
215994
215995
215996
215997
215998
216000
216003
216004
216010
216013
216016
216017
216018
216020
216024
216026
216028
216033
216037
216038
216042
216043
216044
216045
216046
216049
216050
216051
216052
216054
216056
216058
216062
216075
216075
216077
216078
216082
216084
216086
216088
216095
216101
216106
216112
216152
216262
216281
216617
216642
216655
216657
216667
216667
216669
216671
216673
216674
216675
216679
216681
216682
216683
216684
216685
216686
216687
216688
216689
216690
216691
216692
216693
216693
216694
216695
216697
216697
216698
216699
216700
216700
216701
216702
216703
216703
216704
216704
216980
216985
216989
218652
218656
218660
218662
218666
218673
218675
218680
218683
218687
218689
218692
218694
218696
218700
218703
218706
218708
218709
218711
218714
218715
218717
218719
218722
218728
218897
219104
219110
219110
219111
219113
219120
219122
219122
219124
219125
219125
219127
219132
219134
219135
219137
219141
219143
219144
219145
219149
219162
219165
219169
219170
219171
219182
219198
219202
219305
219309
219313
219315
219318
219411
219419
219421
219423
219426
219426
219427
219429
219432
219434
219450
219451
219453
219455
219456
219457
219459
219460
219461
219462
219522
219523
219524
219525
219527
219543
219544
219545
219546
219547
219549
219552
219785
219795
219804
219808
220234
220239
220248
220278
220284
220296
220301
220308
220314
220316
220319
220321
220323
220327
220329
220331
220335
220340
220341
220347
220356
220359
220376
220382
220389
220390
221760
221765
221767
221768
221769
221770
221771
221775
221776
221777
221779
221779
221780
221781
221782
221784
221785
221803
221804
221807
221808
221808
221809
221810
221812
221822
221825
221826
221830
221831
221836
221837
221838
221843
221846
221847
221850
221857
221860
221867
221873
221879
221881
221881
221892
221896
221900
222156
222158
222162
222172
222184
222187
222190
222194
222196
222200
222202
222205
222207
222210
222214
222217
222220
222222
222235
222253
222284
222285
222343
222398
222404
222441
222442
222455
222457
222478
222479
222480
222487
222488
222489
222515
222559
222589
222594
222597
222602
222940
222978
222980
222982
222984
222991
222992
223005
223186
223196
223199
223215
223218
223227
223227
223229
223231
223246
223250
223284
223285
223289
223290
223292
223295
223314
223319
223359
223433
223434
223442
223468
223470
223477
223479
223482
223484
223486
223489
223494
223494
223497
223504
223506
223539
229138
229139
229232
229265
229272
229312
230195
230422
230438
230440
230443
230445
230448
230451
230453
230461
230469
230471
230497
230504
231846
231876
231881
231891
231896
231934
231941
231971
231987
232005
232014
232018
232043
232049
232053
232125
232168
232300
232334
232345
232347
232368
235842
235861
235864
235865
235878
235880
235881
235884
236176
236205
236253
236303
237373
237375
237419
237448
237453
237473
237482
237484
237488
237489
237504
237513
237519
237523
237526
237528
237530
237534
237649
237652
237655
237656
237792
241046
241143
241800
241847
241872
246101
246177
246179
246184
246189
246207
246247
246294
246346
246864
248410
249046
249086
249109
249134
249164
249263
250135
250210
250295
250321
251662
251672
251679
251686
251696
254334
254403
254440
254720
254735
254811
256782
257343
257369
257454
257495
257564
257579
260277
260349
260409
260412
260472
260469
260514
260636
260654
260657
260665
260673
261485
261580
261605
261851
261897
261944
261980
262029
262052
262093
262103
263995
264012
264009
264014
264025
264094
264113
264118
264131
264145
264151
264155
264169
264420
264545
264749
264771
264773
264775
264805
264808
264854
264871
264879
264881
265068
265160
265323
265435
265440
265442
265468
265504
265578
265598
265624
266000
266668
266720
266768
266789
267036
267042
267044
267308
267309
267311
267314
267443
267444
267451
267453
267465
267487
267489
267491
267510
267525
267541
267545
267557
267558
267584
267587
267589
267592
267608
267612
267615
267617
267619
267621
267623
267625
267631
267636
267637
267653
267656
267659
267671
267673
267675
267689
267694
267698
267706
267709
267740
267743
267747
267754
267757
267761
267771
267774
267783
267791
267795
267796
267811
267948
267964
267980
267994
267997
267998
268000
268002
268005
268008
268009
268011
268013
268015
268029
268030
268034
268037
268038
268043
268047
268055
268060
268069
268078
268082
268084
268086
268095
268101
268105
268119
268121
268126
268133
268152
268159
268161
268164
268171
268174
268187
268189
268192
268195
268198
268199
268202
268251
268254
268259
268288
268293
268320
268366
268402
268408
268414
268415
268428
268442
268444
268455
268459
268460
268511
268512
268539
268543
268588
268630
268679
268727
268743
268747
268757
268768
268808
269252
269266
269441
269544
269564
269567
269571
269573
269576
269579
269582
269588
269590
269592
269598
269606
269617
269625
269627
269630
269631
269634
269637
269646
269657
269680
269965
269978
269979
269994
270010
270038
270080
270085
270087
270126
270130
270132
270133
270126
270127
270148
270151
270159
270173
270174
270179
270187
270190
270192
270205
270209
270213
270229
270233
270236
270248
270264
270268
270270
270271
270272
270274
270288
270291
270308
270311
270315
270320
270323
270336
270342
270348
270352
270354
270357
270360
270361
270364
270371
270374
270376
270379
270382
270386
270708
271627
271633
271638
271672
272001
272020
272023
272049
272102
272186
273014
273018
273026
273061
273090
273130
273132
273138
273144
273161
273206
273476
273477
273496
273525
274607
274696
274758
275154
275384
275387
275432
275660
276053
276069
276078
276256
276360
276370
276383
276386
276398
276401
276403
276411
276417
276420
276425
276427
276429
276432
276436
276438
276441
276443
276445
276449
277707
278268
278284
278301
278305
279167
281994
282149
282162
282175
282212
282419
282469
282479
282506
282514
282561
282624
288772
288960
289123
289126
289129
289135
289144
289146
289156
289163
289190
289199
289212
289213
289214
289215
289216
289218
289220
289223
289227
289229
289230
289232
289235
289237
289239
289241
289243
289244
289246
289249
289252
289260
289263
289265
289268
289271
289273
289274
289275
289294
289296
289298
289301
289302
289343
289380
289382
289384
289442
289455
289472
289605
289679
289684
289689
289695
289701
289702
289703
289705
289707
289710
289713
289716
289718
289719
289722
289730
289733
289738
289743
289745
289747
289748
289750
289756
289759
289761
289762
289766
289783
289785
289976
289988
290085
290114
290116
290118
290119
290120
290122
290138
290139
290146
290148
290155
290157
290190
290252
290253
290256
290258
290260
290276
290286
290287
290295
290298
290299
290302
290305
290309
290310
290311
290314
290318
290320
290324
290325
290328
290329
290331
290333
290335
290346
290347
290351
290354
290359
290362
290372
290374
290380
290382
290387
290390
290394
290395
290405
290410
290417
290419
290429
290431
290436
290454
290489
290492
290515
290517
290520
290527
290536
290537
290540
290546
290571
290573
290575
290610
290616
290643
290666
290713
291276
291323
291901
292225
292228
292229
292356
292399
294538
294544
294553
294563
294564
294569
294575
294579
294583
294586
294753
294765
294786
294800
294968
294977
294985
294991
294994
295166
295421
295432
295448
295450
295452
295454
295456
295475
295480
295484
295486
295496
295498
295503
295504
295505
295508
295510
295511
295517
295522
295524
295527
295556
297027
297038
297057
297076
297122
297144
297165
297172
297175
297181
297186
297187
297189
297192
297194
297196
297202
297204
297207
297215
297220
297225
297662
297666
297668
297684
297687
297690
297696
297701
297702
297706
297714
297720
297726
297731
297734
297745
297747
297750
297755
297759
297763
297775
297870
297874
297876
297878
297887
297893
297916
297920
297927
297932
297958
297962
297998
298004
298013
298015
298024
298288
298738
299044
299072
299079
299082
299109
299116
300873
300901
300930
300934
300945
300952
300959
300968
301017
301034
301053
301183
301200
301201
301205
301210
301213
301214
301217
301220
301222
301224
301228
301230
301233
301254
301381
301399
301405
301477
302576
303015
303150
303158
303166
303168
303220
304085
304114
304131
304137
304140
305988
306020
306024
306173
306195
306204
306209
306367
306493
306509
306555
306556
306562
306565
306568
306598
306601
306603
306606
307083
307085
307128
307153
307161
307166
307169
307189
307280
307682
308304
308674
308685
308702
308707
308708
308715
308714
308789
309454
309493
309675
309678
309779
309783
309786
309789
309797
309802
309806
309812
309814
309833
309836
309841
309844
309846
309852
309862
309864
309875
309890
309892
309897
309900
309903
309910
309915
309921
309925
309929
309932
309936
309944
309947
309949
309957
309966
309969
309971
309982
309990
309993
310002
310022
310024
310031
310051
310054
310058
310062
310065
310067
310082
310089
310093
310104
310122
310128
310140
310155
310160
310162
310165
310182
310399
310413
310417
310411
310456
310460
310471
310485
310489
310498
310499
310501
310508
310516
310520
310534
310552
310550
310554
310557
310559
310561
310568
310564
310572
310580
310580
310607
310622
310629
310630
310635
310640
310644
310646
310647
310783
310788
310789
310793
310816
310818
310822
310829
310837
310840
310861
311487
311753
311759
312051
312072
312110
312126
312196
312202
312221
312253
312270
312287
312321
312381
312386
312645
312650
312657
312700
312713
312720
312747
313136
313862
313869
313876
313881
313888
313917
313947
313956
314051
317102
317129
317135
317146
317249
317261
317279
317608
317668
317673
317680
317834
317843
317878
317888
317940
317980
317987
317997
318003
318008
318019
318044
318055
318057
318134
318172
318175
318185
318189
318205
318214
318218
318223
318231
320218
320230
320237
320244
320247
320649
321017
321428
321608
322064
322076
322625
323665
324054
324772
324920
325019
325054
325079
325255
325309
325352
325374
325834
325843
325891
326978
327000
327128
327263
327275
327278
327485
327487
328342
328357
328366
328419
328471
328839
328917
328920
328939
328994
329753
332509
332630
333193
333251
333255
333350
333712
335562
335929
337445
337450
337458
337473
337489
337513
337760
337921
337899
337934
337938
337942
337950
337936
337944
337983
338345
338439
338441
338496
338507
338522
338738
339017
340479
342476
343743
343777
343808
344022
347558
347562
347609
347632
347637
347641
347643
347689
347702
347726
347854
348051
348102
348105
348108
348125
348134
348223
348230
348236
348240
348247
348252
348260
348284
348290
348294
348296
348317
348326
348331
348357
348385
348388
348395
348401
348437
348443
348881
350741
352817
352883
352898
352949
353363
359437
359442
359967
359971
359976
360406
360415
368152
368165
368470
368482
368498
368501
368503
368506
368508
368511
368514
368518
368523
369522
369525
369526
369547
369553
369557
369560
369562
369930
369936
369943
369944
369945
369947
369954
369957
369960
373145
374232
375562
375580
377279
377720
378300
378332
378382
378393
378404
378418
378432
378821
379410
379435
379439
379446
379843
379909
379943
379957
379966
381486
381553
381617
381629
381633
382404
382412
382458
382461
385329
389126
389128
389131
393750
393764
393773
393807
398982
399357
400048
405207
406336
409004
409078
411462
411466
411468
412250
412309
412335
412345
412357
412363
412368
412375
412999
414590
414698
416470
425274
425323
425393
426212
426216
426220
426543
426733
426762
428185
428299
429112
429127
429279
429317
429349
430261
430291
430295
430310
430317
430319
430322
430415
432280
432284
432288
432327
432346
432379
432382
432386
432397
432402
432417
432422
432431
432456
432457
432484
432490
432500
433192
433251
433254
433265
433323
433339
433350
433352
433364
433374
433380
433394
433419
433428
433467
433708
435438
435440
435473
435962
435982
436039
436042
436173
436199
438935
438959
439890
440228
440381
440383
440445
440812
440816
441463
441486
441676
442090
442467
442662
443037
443055
444264
444636
444727
445426
445581
445912
445922
445946
446224
446536
446543
451447
451458
451495
451497
451510
451526
451548
451551
451569
451837
451891
451899
451901
451902
451904
451906
451907
451909
451910
451919
451924
451926
451927
452020
452029
452032
452034
452041
452043
452049
452052
452054
452071
452079
452084
452090
452098
452102
452106
452128
452131
452135
452156
452160
452199
452203
452207
452220
452463
452466
452467
452468
452469
452471
452487
452605
452655
452661
452666
452680
452880
452889
452909
452913
452934
452942
452945
452949
452965
452981
452983
452985
452993
452997
453000
453018
453020
453022
453029
453109
453150
453210
453331
453334
453354
453357
453368
453376
453384
453960
453964
453965
453977
454434
454437
454441
454453
454454
454455
454458
454476
454481
454488
454491
454492
454501
454504
454510
454523
454528
454530
454532
454557
454562
454586
454640
454684
454709
454738
454746
454757
454764
454766
454768
454772
454774
454778
454781
454793
454799
454800
457539
457569
457571
457933
458084
458090
458091
458092
458096
458157
458172
458176
460375
460390
460391
460396
460411
460412
460414
460437
460493
460497
460499
460500
461032
461075
461083
461084
461085
461087
461088
461103
461106
461108
461117
461128
461136
461138
461139
461227
461229
461233
461234
461241
461255
461256
461310
461310
461311
461315
461317
461323
461326
461328
461328
461329
461331
461333
461333
461336
461337
461345
461347
461348
461362
461418
461430
461437
461441
461441
461462
461463
461492
461500
461525
461540
463710
463734
463788
463791
464118
464163
464165
464195
464197
464203
464222
464229
464235
464239
464240
464240
464242
464247
464250
464254
464258
464259
464262
464264
464266
464268
464270
464274
464275
464278
464279
464283
464284
464285
464285
464288
464290
464295
464296
464300
464301
464301
464303
464303
464307
464310
464312
464316
464317
464318
464320
464324
464327
464332
464335
464339
464339
464340
464341
464347
464352
464370
464372
464374
464376
464382
464382
464383
464384
464396
464398
464399
464399
464407
464414
464415
464415
464455
464467
464509
464828
464830
464842
464843
464846
464847
464849
464852
464854
464856
464857
464859
464871
464872
464873
464878
464878
464894
464896
464898
464900
464907
464909
464911
465649
465672
465673
465680
465684
465912
465912
465928
465929
465940
465940
465941
465942
465944
465945
465957
465958
465959
465960
465961
465962
465963
465964
465965
465971
465972
465973
465973
465979
465980
465981
465982
465983
465989
465990
466023
466026
466030
466031
466032
466032
466034
466035
466036
466036
466038
466039
466039
466040
466041
466042
466043
466044
466045
466046
466047
466048
466049
466050
466050
466054
466055
466056
466057
466058
466061
466062
466064
466065
466070
466071
466077
466079
466080
466082
466092
466093
466094
466096
466096
466098
466099
466100
466103
466106
466107
466108
466114
466115
466115
466118
466126
466127
466128
466130
466130
466132
466137
466138
466139
466140
466142
466144
466146
466148
466149
466151
466153
466154
466157
466158
466160
466162
466163
466165
466166
466169
466173
466174
466179
466180
466181
466185
466187
466188
466189
466191
466193
466196
466197
466198
466200
466201
466202
466203
466212
466213
466215
466217
466218
466222
466223
466239
466241
466242
466252
466253
466254
466257
466259
466263
466264
466266
466267
466269
466271
466272
466278
466279
466282
466285
466286
466288
466289
466290
466294
466295
466297
466300
466303
466305
466306
466308
466311
466313
466315
466319
466319
466327
466329
466332
466334
466335
466336
466337
466338
466341
466342
466342
466345
466347
466348
466349
466351
466352
466354
466355
466356
466356
466360
466361
466362
466363
466364
466364
466366
466367
466371
466373
466374
466375
466384
466390
466392
466394
466396
466397
466399
466400
466401
466402
466404
466409
466410
466411
466412
466414
466415
466417
466417
466418
466421
466421
466423
466425
466427
466430
466430
466431
466435
466438
466441
466444
466448
466450
466452
466453
466454
466455
466457
466458
466459
466461
466463
466467
466468
466469
466471
466473
466474
466476
466480
466481
466483
466484
466485
466486
466486
466487
466491
466495
466497
466499
466500
466503
466508
466508
466510
466511
466514
466518
466520
466521
466525
466529
466538
466531
466532
466541
466541
466542
466544
466545
466546
466548
466548
466550
466681
466682
466683
466684
466685
466687
466691
466692
466692
466693
466694
466696
466697
466698
466700
466701
466702
466703
466704
466704
466706
466706
466809
466810
466811
466814
466814
466824
466825
466826
466827
466828
466829
466830
466831
466832
466833
466834
466835
466845
466846
466853
466854
466855
466857
466880
466880
466881
466883
466899
466900
466901
466903
466920
466921
466923
466924
466925
466926
466932
466933
466934
466939
466939
466942
466943
466958
466959
466960
466968
466969
466975
466976
466995
466997
466998
467001
467001
467003
467016
467019
467025
467027
467028
467035
467036
467036
467022
467024
467037
467087
467090
467079
467083
467085
467087
467091
467093
467094
467096
467097
467098
467101
467103
467104
467106
467112
467115
467116
467117
467118
467123
467123
467124
467125
467135
467136
467139
467140
467144
467145
467148
467149
467150
467160
467162
467236
467238
467221
467234
467235
467248
467315
467316
467317
467318
467320
467321
467322
467323
467324
467325
467326
467327
467328
467329
467331
467333
467335
467336
467337
467338
467342
467343
467345
467346
467353
467354
467361
467380
468047
468053
468055
468057
468060
468609
468814
468820
470209
470214
470249
470250
470260
470267
470280
470282
470288
470440
470444
470454
470484
470486
470487
470488
470516
471024
471026
471056
471097
471215
471218
471219
471220
471248
471249
471262
471263
471293
471293
471308
471310
471311
471327
471344
471349
471350
471353
471356
471359
471362
471365
471375
471386
471389
471381
471390
471413
471429
471432
471434
471437
471440
471443
471445
471448
471455
471459
471483
471500
471504
471508
471516
471518
471539
471576
471625
471629
472300
472308
472327
472331
472945
472946
472947
472950
472958
472975
472995
473513
473516
473550
473553
473557
473562
473563
473567
473569
473596
473604
473607
473609
473613
473647
473686
473707
473784
473824
473859
473881
473887
473889
474191
474260
474495
474516
474527
474588
474610
474856
474868
474880
474888
474910
474913
474947
474957
474951
474967
475026
475091
475118
475148
475190
475193
475232
475241
475246
475321
475322
475325
475402
475404
475445
475450
475499
475508
475531
475754
475765
475776
475785
475787
475789
475815
475846
475852
475854
475869
475872
475880
475882
475893
476106
476234
476778
476792
476797
476802
476820
476821
476825
476828
476831
477146
477180
477184
477188
477192
477198
477201
477207
477215
477219
477222
477246
477248
477251
477265
477282
477283
477294
477436
478360
478401
478412
478462
478485
478491
478535
478566
478593
478597
478618
478652
478646
478648
478652
478664
478969
479888
480106
480110
480115
480119
480124
480127
480150
480152
480155
480157
481833
481837
481857
481882
481885
481892
481901
482167
482173
482312
482327
482346
484805
484820
484823
484849
484852
485355
485704
485728
486618
490033
490878
490884
491651
492753
492813
493796
493860
493935
493937
493943
494120
494131
494167
494180
494233
494303
494313
494362
494364
494386
494389
494403
494409
494435
494463
494742
494746
494772
494788
500269
500348
500353
500542
503202
503468
503473
503517
503643
503672
506400
506629
506651
507558
507619
508452
508750
509730
510784
514189
514197
514987
514993
515194
515291
515316
515325
515335
515342
515373
515421
515426
515443
515544
515594
515805
515819
515827
515897
515924
515932
515941
515946
516043
517762
517793
517887
518356
518606
518750
518755
518804
519151
519159
519236
520199
520200
520202
520272
520574
520581
520707
520861
520870
520899
521113
521211
521411
521438
521457
521805
521809
522497
522557
522565
522596
523028
523063
523080
525480
525621
534578
534592
535538
535735
535728
535749
535781
537442
537466
537498
537506
537508
537515
537582
537585
537597
537637
537646
537651
537893
539971
540471
540573
540732
540942
540971
541215
541387
541617
541736
541777
541802
544795
545917
547032
547172
547191
547482
547937
548150
548181
548265
549045
549605
550538
550641
550650
550787
550803
550815
550845
550847
550857
550864
550880
552601
552635
552640
552644
552656
552700
552703
552726
552730
552734
552737
552786
552790
552812
552829
552832
552924
552926
552962
553208
553222
553308
553564
554458
554587
554607
554857
554878
555228
555534
555721
556851
557363
557370
561399
562575
562813
562818
563255
563929
564118
564131
564161
564189
564258
564350
564494
564660
564702
564714
564757
565364
565510
565518
565555
565661
565699
565892
565896
565943
565948
565965
565968
565991
566497
575852
575875
577482
578672
578942
579385
579724
579765
579822
579924
579929
579944
579961
580003
580006
582050
583650
583662
583672
583684
583818
583863
584240
584342
584393
584822
589383
590488
590495
591113
591340
591386
592233
592655
595139
595228
595250
595313
595330
595859
596107
596192
596334
596466
597161
597200
597206
597293
597398
597916
598174
598854
602799
603288
605540
605636
606945
608423
611916
612868
613661
613719
613767
613759
613801
614539
614743
616793
618488
618491
618497
618501
618520
618523
618602
618646
618652
619713
619749
622617
623263
623269
630080
634388
639298
647091
650125
650333
650355
650371
650673
656054
656467
656507
657199
659713
659728
659731
659738
659740
660252
660309
660336
660414
660469
660489
661589
661610
662132
662153
662726
662761
662793
663090
663116
664038
664055
664409
664413
664431
664519
664578
664602
664631
666056
666136
666153
666260
666288
666296
666306
666319
666324
666357
666363
666367
666369
666372
666378
666390
666452
666480
666586
666590
666657
666661
666922
667138
667157
667416
667662
667676
667693
667740
667779
669369
669391
669477
669537
669577
669634
669868
669955
669987
670345
670375
670388
670407
670413
670868
676138
676881
680017
680072
680162
680222
681310
681318
681355
681362
681388
681400
681406
683664
685249
685256
685272
685315
686109
686115
686350
686992
687021
687044
687066
687190
687243
687269
687291
687302
687306
687312
687319
687334
687344
687435
689210
689223
689381
689396
689418
689425
689502
689519
689552
689586
689592
690420
690608
690705
690828
690942
690948
690953
690974
690986
690989
691037
691088
691115
691292
691298
691302
691307
691309
691321
691325
691331
691364
691368
691419
691460
692206
692386
692398
692423
692576
692614
692656
692678
692682
692692
692730
692736
692745
692781
692773
692780
692781
692793
692806
692808
692814
692818
692835
692864
693033
693045
693048
693052
693055
693075
693077
693088
693204
693345
693646
693654
693684
694133
694750
694735
694797
694818
697276
697308
697322
697342
697344
697352
697921
697935
697936
697993
698014
698332
698441
698792
698808
698822
699294
699457
699643
699779
699986
700093
700210
700252
700274
700524
700757
701091
702938
703031
703066
704041
704234
704357
704368
704883
704953
704974
705031
705051
706242
706302
706328
706654
706695
707044
707239
707245
707277
707822
708561
708713
709037
709064
709235
709284
709289
709765
709773
709961
710029
710073
710082
710090
710092
710097
710767
711634
711641
711659
713692
713713
713759
713761
713762
714172
714190
714382
714408
714451
714477
714495
714534
714551
714595
714599
714609
714612
714656
714661
714699
714782
714818
714994
714998
715006
715016
715029
715042
715194
715403
715407
715409
715412
715461
715466
715570
715574
715575
715577
715592
715593
715600
715604
715610
715619
715622
715624
715636
715638
715639
715650
715659
715674
715807
715817
715995
716028
716032
716033
716071
716081
716085
716843
716851
716856
716861
716876
716880
716883
716885
716886
716888
716893
716895
716899
716902
716904
716906
716907
716909
716926
716969
717084
717100
717199
717327
717344
717616
717618
717622
717634
717638
717639
717643
717653
717662
717918
718409
718591
718666
718874
718948
718969
718975
719016
719064
719123
719219
719259
719465
719488
719503
719519
719527
719531
719539
719550
719555
719562
719570
719577
719600
719620
719621
719635
719693
719927
719963
719981
720020
720151
720255
720315
720322
720325
721371
724574
724586
724614
724627
724705
724710
725607
725650
732976
733001
733026
733040
733044
733047
733050
733052
733064
733075
733077
733094
733102
733105
734320
734321
735786
736184
736191
736445
736446
736726
736794
736812
737042
737045
737054
737056
737067
737714
737722
737730
737739
737743
737746
738835
738840
738843
738848
738855
738859
738871
738876
739724
739749
739762
739763
739776
742233
742259
742287
743247
743252
743257
743677
743679
743681
743682
743688
743727
743757
743766
743807
743822
743823
743921
743932
743955
743960
743974
743987
744052
744073
744175
744215
745466
745668
745708
745740
745889
745978
745987
746087
746092
746137
746136
746156
746296
746422
746693
746697
746707
746731
746762
746782
746787
746824
746832
746844
746855
746860
746863
746865
746875
746879
746881
746937
746967
746976
746986
747002
747006
747007
747011
747017
747020
747026
747030
747037
747110
747340
747346
747363
748500
748510
750062
750076
750077
750085
750088
750100
750112
750125
750149
750152
750153
750158
750162
750164
750167
750175
750178
750183
750190
750214
750214
750217
750461
751928
751930
751936
751943
751948
751951
751959
751987
751989
751990
752000
752052
752100
752122
752140
752560
752591
752605
752633
752638
752643
752686
752705
752708
752701
752723
752752
752797
752810
753120
753124
753127
753141
753144
753157
753180
753527
753534
753536
753557
753561
753586
753604
753671
753677
753683
753718
753722
753724
753725
753729
753731
753742
753936
753938
753939
753945
753952
753955
753963
753964
753966
753969
753975
753979
753983
753984
753990
753994
753996
753999
754043
754045
754077
754083
754137
754139
754143
754148
754151
754170
754173
754176
754181
754185
754271
754536
754538
755120
755117
755139
755162
755168
755175
755178
755181
755187
755192
755198
755200
755203
755222
755236
755239
755241
755252
756445
756449
756451
756452
756454
756467
756472
756475
757671
758036
758240
758304
758335
758338
758340
758341
758346
758360
758362
770560
771036
771050
771060
771103
771113
771229
771234
771477
771530
772493
772541
772586
772598
773247
773384
773617
773623
773866
773871
773873
773879
773893
773896
773932
773934
783539
783854
783996
784041
784098
784132
784135
784142
784146
784772
784811
784820
785002
785006
785010
785040
787189
787246
787262
787257
787266
787285
787307
787329
787335
787368
788413
788439
788445
789030
789034
789132
789187
789194
789260
789301
789289
789307
789322
789475
789478
789541
789564
789572
789577
789578
789593
789658
789671
789698
789737
789744
789752
789774
789778
789781
789785
789792
789797
789801
789812
789814
789815
789818
789822
789829
789832
789833
789835
789837
789838
789844
789853
789857
789874
789879
789881
789883
789887
789888
789907
789909
789911
789913
789914
789930
789932
789948
789950
789952
789953
789956
789985
789988
790019
790022
790024
790030
790060
790201
790211
790214
790215
790227
790231
790240
790261
790262
790264
790266
790268
790272
790273
790278
790285
790287
790293
790295
790298
790304
790307
790309
790312
790316
790319
790327
790328
790329
790335
790339
790346
790348
790354
790361
790363
790366
790375
790382
790384
790391
790392
790397
790400
790407
790409
790414
790417
790419
790423
791952
792102
792151
792199
792248
792250
792260
792263
792267
792285
792297
792302
792303
792307
792397
793396
794240
794241
794250
794254
794271
794272
794285
794291
794338
797956
797963
799117
799196
799197
799198
799198
799199
799200
799201
799203
799204
799205
799207
799208
799209
799210
799210
799212
799213
799215
799216
799217
799218
799219
799220
799221
799222
799223
799223
799225
799225
799226
799227
799228
799229
799230
799231
799233
799235
799236
799237
799238
799239
799241
799242
799243
799245
799246
799247
799248
799249
799250
799251
799252
799254
799255
799255
799257
799257
799258
799259
799260
799261
799262
799263
799264
799265
799266
799267
799268
799268
799270
799270
799271
799272
799273
799274
799274
799275
799277
799278
799279
799279
799280
799281
799282
799283
799284
799285
799286
799287
799288
799289
799290
799291
799292
799293
799295
799296
799297
799298
799300
799301
799302
799303
799304
799305
799306
799307
799308
799308
799309
799310
799311
799313
799313
799314
799316
799316
799318
799318
799319
799320
799321
799322
799323
799324
799325
799326
799327
799328
799328
799329
799330
799330
799331
799332
799335
799335
799337
799338
799339
799341
799343
799344
799344
799345
799346
799347
799348
799349
799350
799350
799351
799352
799353
799355
799356
799357
799358
799359
799360
799361
799363
799364
799364
799365
799366
799367
799368
799369
799407
799411
799413
799452
799453
799454
799971
799999
800013
800018
800021
800108
800119
800124
800125
800126
800128
800130
800134
800137
800346
800349
800352
800356
800368
800374
800378
800386
800392
800398
800400
800404
800408
800419
800421
800435
800447
800449
800459
800460
800467
800479
800502
800509
800514
800518
800521
800525
800529
800532
800529
800544
800551
800568
800600
800613
800649
800650
800651
800654
800663
800665
800669
800676
800678
800685
800688
800690
800694
800695
800702
800709
800714
800719
800720
800727
800737
800740
800741
800747
800752
800759
800765
800772
800776
800780
800854
800904
800907
800910
800912
800926
800927
800931
801013
801036
801234
801256
801275
801315
801318
801320
801389
801392
801395
801405
801406
801418
801424
801425
801427
801428
801432
801444
801445
801446
801449
801451
801453
801460
801462
801465
801466
801470
801485
802504
802508
802516
802545
802733
802839
803260
803492
803513
806776
806777
806778
806778
806779
806780
806781
806782
806783
806783
806785
806785
806786
806787
806788
806789
806790
806791
806791
806792
806794
806795
806798
806800
806801
806801
806802
806804
806806
806808
806809
806810
806811
806812
806814
806816
806817
806818
806819
806822
806823
806824
806825
806826
806829
806830
806831
806832
806834
806836
806837
806838
806840
806841
806843
806844
806844
806846
806848
806850
806851
806907
807037
807038
807038
807045
807047
807050
807051
807326
807327
807329
807347
807367
807378
807379
807380
807393
807394
807398
807434
807435
807456
807476
807477
807482
807485
807487
807488
807488
807495
807500
807501
807502
807504
807553
807554
807559
807560
807571
807573
807574
807574
807576
807577
807578
807583
807584
807585
807588
807593
807594
807596
807597
807599
807600
807604
807605
807607
807608
807609
807611
807613
807614
807616
807617
807619
807620
807621
807625
807627
807628
807631
807632
807633
807635
807636
807637
807638
807642
807643
807644
807645
807645
807648
807649
807649
807651
807652
807653
807654
807655
807656
807657
807659
807662
807663
807664
807665
807667
807669
807670
807671
807672
807674
807675
807676
807677
807680
807681
807682
807684
807685
807694
807694
807696
807697
807705
807707
807708
807710
807712
807713
807714
807715
807717
807719
807721
807722
807723
807724
807726
807727
807728
807730
807731
807734
807735
807739
807742
807743
807745
807746
807748
807749
807751
807757
807759
807765
807766
807767
807769
807776
807777
807780
807781
807782
807784
807790
807793
807795
807796
807798
807804
807947
807949
808055
808059
808095
808096
808097
808098
808099
808101
808102
808103
808106
808107
808107
808108
808109
808110
808111
808113
808115
808116
808118
808120
808121
808122
808123
808125
808125
808126
808127
808128
808129
808137
808138
808139
808139
808146
808177
808178
808179
808180
808182
808183
808186
808194
808194
808204
808207
808214
808217
808220
808221
808223
808238
808242
808242
808244
808245
808354
808366
808367
808403
808404
808444
808459
808463
808491
808492
808493
808494
808497
808499
808502
808503
808506
808508
808510
808511
808512
808513
808488
808490
808491
808518
808519
808521
808522
808524
808525
808526
808528
808529
808531
808533
808535
808537
808539
808540
808543
808544
808545
808547
808548
808549
808550
808551
808553
808555
808557
808558
808560
808560
808562
808562
808566
808568
808569
808571
808573
808578
808621
808623
808741
808743
808761
808767
808768
808769
808773
808774
808775
808776
808776
808783
808786
808788
808794
808795
808796
808797
808798
808799
808800
808801
808803
808804
808805
808807
808808
808810
808812
808815
808818
808825
808827
808828
808830
808834
808836
808838
808838
808840
808841
808843
808846
808846
808847
808850
808851
808852
808854
808856
808858
808860
808861
808862
808863
808864
808866
808867
808871
808874
808875
808883
808885
808886
808895
808896
808899
808900
808901
808903
808905
808907
808909
808911
808913
808918
809070
809072
809073
809075
809080
809082
809084
809086
809095
809096
809098
809145
809149
809165
809174
809175
809240
809227
809279
809280
809291
809297
809302
809304
809305
809308
809309
809312
809292
809293
809294
809296
809324
809301
809302
809305
809307
809308
809308
809309
809310
809311
809312
809313
809314
809316
809345
809348
809350
809351
809353
809354
809344
809345
809346
809348
809348
809349
809351
809359
809360
809361
809362
809363
809363
809364
809366
809367
809368
809379
809382
809383
809384
809384
809386
809391
809392
809393
809394
809403
809403
809404
809405
809406
809407
809408
809409
809410
809421
809423
809424
809425
809425
809427
809428
809480
809481
809673
809674
809688
809692
809694
809703
809732
809733
809735
809737
809738
809741
809744
810103
810105
810105
810416
810462
810474
810509
810521
812195
812223
812706
812762
812763
812890
812896
812900
812932
812932
813022
813234
813365
813622
813644
813645
813646
813659
813661
813696
814554
814613
814619
814628
816799
816810
816812
816819
817803
817824
817849
817856
817858
817869
817888
817890
817894
817904
817906
817907
817909
818115
818116
818222
818343
818344
818356
818369
818380
818409
818420
818423
818445
818468
818485
818507
818515
818516
818524
818537
818541
818545
818547
818551
818554
818559
818560
818562
818564
818923
818928
818948
819021
819025
819061
819064
819070
819074
819076
819078
819086
819087
819089
819090
819097
819383
819388
819394
820243
820245
820293
820361
820654
821515
822396
822948
822944
822965
823012
823017
823034
823044
823038
823043
823045
823078
823110
823223
823244
823248
823385
823403
823409
823786
823788
823792
823796
823800
823828
823831
823835
823837
823843
823846
823854
823857
824242
824282
824295
824297
824318
824340
824330
824343
824356
824366
825344
825924
825962
826032
826069
826076
826098
826205
826232
826238
826250
826254
826258
826298
826307
826375
827073
828461
828478
828482
828489
830141
830168
830186
830223
830318
830399
830433
830542
830548
830561
830598
831707
832358
833045
833241
833269
833667
833709
833781
833794
833848
834139
834158
834160
834538
837236
837250
837856
837907
841617
842291
842329
845424
845439
845441
845665
846019
847571
847575
847577
847582
848376
848612
848618
848615
848620
848641
848643
848650
848652
848659
848721
848767
849114
849116
849124
849137
849141
849164
849190
849221
849224
849231
849234
849570
849580
849601
849617
849649
849653
851140
851607
851608
851609
851614
851616
851624
851634
853788
853799
854119
854127
854136
854147
854153
854180
854940
854994
855003
855099
855209
855294
855284
855330
855377
855444
855531
855562
855607
855610
855625
855627
855629
855726
855726
855779
856459
856527
856530
856544
856548
856549
856574
856583
856584
856593
856596
856601
857041
857075
857110
857113
857117
857118
857119
857132
857133
857135
857137
857141
857143
857144
857146
857147
857383
857393
857435
858338
858352
858372
858377
858378
858411
858477
858726
858728
858757
858758
858769
858807
858809
858831
858841
858844
858849
858865
858938
858945
858951
858959
858957
858968
858970
858977
858980
858982
858997
859177
859222
859262
859263
859275
859277
859278
859280
859319
859321
859323
859324
859325
859327
859328
859329
859331
859332
859336
859339
859343
859344
859345
859349
859356
859359
859363
859369
859372
859604
859606
859607
859620
859621
859624
859632
859636
859647
859650
859656
859661
859664
859667
859879
859902
859904
859906
859909
859910
859912
859917
859918
859920
859922
859923
859926
859929
859930
859934
859935
859937
859938
859941
859942
859946
859947
859948
859950
859952
859954
860055
860169
860183
860191
860203
860225
860595
860599
860600
860627
860633
860636
860642
860643
860645
860646
860650
860653
860655
860657
860658
860661
860662
861110
861124
861152
861171
861182
861186
861189
861192
861200
861202
861206
861210
861212
861217
861220
861221
861224
861228
861233
863568
863927
864276
866857
867887
867901
867905
868587
868588
868591
868629
868630
868631
870659
870660
870662
870663
870680
870682
870684
870685
870687
870689
870691
870693
870695
870711
870713
870717
870721
870724
870731
870734
870736
870743
870751
870755
870764
870783
870784
870786
870806
870812
870816
870817
870870
870872
870874
870875
870878
870890
870894
870897
870902
870905
870907
870910
870911
870916
870924
870929
870930
870933
870937
870940
870949
870949
870950
870955
870965
870968
870971
870972
870973
870975
870978
870981
870984
870986
870989
870992
871004
871005
871009
871013
871032
871034
871035
871036
871037
871038
871039
871042
871046
871048
871050
871052
871053
871055
871057
871061
871064
871087
871090
871106
871616
871627
871631
871643
871648
871652
871653
871655
871659
871662
871666
871668
871671
880087
880126
880169
880306
880322
880374
880386
880399
880402
880415
884171
884196
886460
886461
886481
887172
888194
888343
888366
889276
889396
889403
889443
889512
889528
889533
889539
889569
889614
889629
889781
890278
890405
891058
891266
891269
891275
891471
891474
891476
891479
891481
891482
891485
891490
891496
891504
891507
891513
891518
891520
891523
891527
891533
891536
891539
891544
891546
891549
891550
891553
891557
892241
892279
892299
892315
892303
892357
892761
893765
893860
894335
894337
894646
894830
895063
895288
895372
895376
897026
897193
897919
897998
902046
902319
902718
902677
902680
903777
903859
903889
903894
903901
903905
903909
903917
903923
903929
903932
904019
904499
904524
904535
904541
904593
905965
906875
906881
907577
907602
907622
907629
907658
907733
907741
907747
907755
907763
907772
908126
908240
908297
908302
908305
908309
908311
908656
908715
908745
909304
909372
909388
909432
910040
910161
910922
911233
911248
911240
911377
911409
911523
911539
911685
911712
912162
912156
912182
912180
912268
912485
912501
912865
912870
913616
913666
915126
915200
915568
915699
915757
916282
918420
918515
918546
918563
918704
918709
918915
918921
918926
918940
919011
919089
919271
919324
919328
919456
920626
921252
923372
923383
923411
940583
941370
941398
942291
942320
942321
942323
942326
942346
942372
942374
942379
942386
942412
942445
942479
944956
944960
945027
945031
945035
945488
945603
945742
946244
952905
952914
952915
952928
952943
952946
952960
953314
953928
953958
953979
954050
954147
954174
954179
956699
961358
962057
962064
962136
962140
962163
962170
962175
966167
967373
967651
968205
968219
968284
968301
968357
968369
968410
968661
969522
969535
970639
970656
970684
970964
970970
970979
970987
970990
970995
971022
971024
971030
971243
971270
971283
971295
971301
971304
971422
971447
971462
971463
971470
971475
971476
971480
971485
971487
971680
971681
971689
972313
972361
972383
972400
972411
972411
972420
972434
972436
972437
972465
972475
972477
972891
974519
974523
974525
974527
974531
974536
974538
974542
974544
974546
974550
974554
974557
974559
974561
974563
974567
974836
974965
974995
975005
975050
975069
975075
975083
976180
976263
978761
978762
978786
978790
978791
978792
978796
978797
978798
978799
978802
978804
978805
978806
978820
978822
978825
978828
978832
978837
978839
978840
978841
978848
978849
978850
978852
978853
978855
978856
978865
978868
978869
978871
978875
978876
978878
978879
978880
978882
978884
978886
978888
978889
978891
978893
978894
978896
978897
978900
978901
978904
978906
978909
978911
978913
978914
978916
978917
978918
978920
978921
978923
978925
978926
978927
978928
978930
978933
978934
978935
979698
982796
983103
983104
983106
983107
983108
983111
983112
983143
983144
983150
983163
983172
983177
983178
983179
983180
983181
983183
983198
983201
983204
983206
983208
983255
983267
983272
983348
983366
983475
983506
983510
983545
983546
983551
983590
983612
983615
983620
983622
983630
983631
983636
983637
983641
983643
983644
983645
983673
983697
983703
983704
983705
983715
983730
983736
983747
983749
983843
983845
983846
983847
983848
983849
983855
983856
983857
983858
983869
983870
983881
983882
983882
983884
983884
983886
983887
983888
983889
983890
983891
983895
983908
983909
983917
984455
984502
984511
984581
985816
985821
985822
985825
985827
985840
985841
985856
985857
985858
985860
985861
985884
985890
985891
985892
985894
985896
985901
985903
985904
985949
985951
985952
985953
985954
985955
985956
985958
985959
985960
985961
985963
985965
985972
985973
985974
985975
985976
985977
985978
985979
985980
985981
985982
985984
985985
985988
985989
985990
985991
985993
985993
985994
985995
985996
985998
985999
986000
986002
986003
986018
986019
986020
986022
986023
986024
986026
986027
986028
986031
986032
989211
989219
990247
990252
990257
990288
990292
991933
991960
997647
997648
997666
997670
997671
997672
997674
997676
998084
998085
998119
998120
998128
998129
998130
998211
998348
