4534.09
8431.15
9169.42
10742.7
11065.4
12078
12412
13666.4
16225.7
18086.9
23730.3
27929.5
28303.7
29219.2
29420.1
29680.3
30790.4
31616.8
32115.8
32378.3
32991.1
33421.3
33444.7
34184.2
34678.6
35154.5
35236.6
35524.4
36128.6
36870.4
36928.2
39925
43332.9
43678.8
43795
44468.9
44735.3
45151.9
45983.2
47060.7
48472.6
49034
51148.2
51636.3
51714
52710.3
52733.1
53008.4
54448.2
55443.6
57748.3
58051
58628.7
58860.7
59384.3
59517.9
60435.4
60852
66540.2
67289
67582.1
73776.7
76507.8
77709.1
78193.5
78666.6
79109
79609.1
84931.4
86863.2
93829.7
115935
116155
117042
117296
119038
121912
122386
123053
124278
135131
137484
138509
142029
142197
143310
143400
144196
144749
145369
146096
147976
148151
148538
148781
149222
150543
150824
151729
151932
154664
162133
162858
164407
164863
177530
177919
183829
184427
184472
186383
186544
187668
188113
193297
194663
196093
196428
197294
197482
197810
198188
198303
198309
198501
