201.01
284.44
367.92
402.61
545.88
584
1070.6
1347.07
1427.27
1624.34
1643.03
1663.49
1705.3
2080.58
2306.45
2325.65
2640.91
2719.61
3207.03
3256.34
3337.21
3339.98
3400.61
3487.48
3616.03
3788.69
4089.63
4125.67
4138.78
4512.23
4574.85
4801.88
4894.33
4933.47
4986.53
5175.14
5406.48
5450.64
5704.03
5945.78
6468.24
6931.93
7058.24
7647.84
7955.06
8170.45
8173.16
8174.87
8224.17
8782.94
9719.41
9777.94
10866.6
11317.3
11939.1
12480.1
12904.2
12950.2
13299.4
13518.5
13622.7
13760.1
14007.7
14397.9
14509.6
14667.2
15191.2
15665.2
16009.9
16148.3
16534.5
16694.8
17163.6
17571.8
18089.3
18422.8
18723.4
18776
18785.7
19278.2
20090
20994.2
22369.6
22614.3
22829.6
26134.7
26650.5
26886.2
28657.7
28996.8
30020.2
30454.3
30707.7
31028.7
31405
31594
31623.9
31782.4
32141.4
32205.6
32325.4
32554.6
32602.2
32984.6
33005.3
33274.8
33290.3
33389.2
33638.3
34297.9
34787.3
34850.9
37016.7
37185.4
37212.6
37919.8
38037.5
38279.5
38287.7
38376.1
38491.7
38528.8
38605.3
38672
38702.4
39116.3
39432.6
39496.4
39785.1
40124.4
40417.8
40589.5
40962.4
41091.7
41231.9
41443.4
43082.8
43354.1
44150.2
44742.1
44992.4
45386.6
45719.6
45755.4
46120.7
46548.8
47855.9
48293.6
48701.1
49380.1
49652
49742.1
50130
51025.3
51285.3
51624.1
51788.5
51806.4
51815
51890.3
52415.5
52498.9
52624.7
52677.5
53108
53257
53322.9
53449.8
53578.9
53587.9
53630.4
53736.1
53993.8
54011.8
54376.6
54416.2
54452.5
54774.6
54981.1
55128.3
55858.6
57475.2
57939.1
58114.8
58137.6
58170.2
58478.9
58846.8
59177.3
59414.1
59555.1
59803.4
59912.2
60081
60536.8
60868.5
61011.3
61061.9
61251
61622.3
61796.3
61954.7
61994.2
62336.3
62552.3
62704.1
63297.8
63437.6
63981.7
64370
64968.7
64975.8
65344.5
65581.5
66216.3
66522.5
66629.4
66713.3
67054.2
67201.1
67638.3
67655
67910.3
68098.4
68743.5
69227.5
69596.1
69886.4
70431.6
70516.7
71455.5
72065.2
72293.1
72480.8
72683.4
72917
73265.6
73611.8
74490.8
75480.3
75710.1
75948.9
76387.1
76697.7
76925.1
77428.5
77484
77823.2
77854.2
77919.6
78139
78646.3
79404.9
79624.5
79708.1
79818.9
80476.8
80723.8
80733.7
80752
81822.4
82007.7
82238.6
82256.9
82359.9
82989
83759.9
84157.8
84346.1
84714
84796.2
84845.1
85105.7
85237.3
85233.3
85470.1
85473.2
85643
85675
85887.9
85966
86125.4
86258.2
86258.5
86363.9
86387.4
86597.3
86830.4
87767.2
87873.9
88255.2
88293
88506.6
88879.2
89256.6
89368.2
89740
89964.7
90006.3
90274.7
90303.8
90324
90501.1
90676.6
90909
91042.7
91208.7
91271.2
91695.1
91889
92045.6
92576.9
92962
93014.1
93084.4
93294.8
94480.4
94717.6
96853.7
96907.4
97060.5
97198.3
97266.7
97794.3
98255.4
99023.8
99036.4
99357.8
99579.6
99744.2
99950.2
100108
100127
100474
100487
100595
100632
101007
101159
101388
101439
101484
101680
101699
101699
101874
101960
102216
102326
102472
103929
104614
104990
105458
105487
105900
106403
106610
106950
106961
107251
107256
107514
107615
107668
107728
108171
108268
108259
109378
109399
109777
109805
109948
110047
110311
110312
110431
110745
110859
111089
111547
111639
112033
112148
112483
112867
113379
113911
114278
114340
114642
114664
114920
114954
115107
115267
115490
115586
115701
115763
116364
116546
116727
116834
116841
117086
119399
119817
120603
120714
121539
121730
122541
122725
123338
123964
123972
124135
125029
125440
125713
125936
126525
126749
127197
127438
127509
128514
129023
129504
130207
130382
130473
131651
131766
131770
132037
132151
133361
133632
134120
134340
134618
135166
135404
135847
136240
136254
136495
136636
137493
138074
138565
138588
138644
138711
138995
139032
139189
139270
139660
139846
139916
140464
140664
142021
142748
143244
143367
143934
144189
144369
144985
145046
145162
145748
145841
145931
146183
146328
146547
146553
146577
146603
146898
147855
147918
148294
148514
148658
149009
149676
149837
150271
150527
150640
152400
152434
152649
152825
153054
153278
153431
153478
153761
153794
154349
154648
155027
155479
156367
156507
156647
159705
159939
161289
161392
161737
162007
162556
162698
163207
164174
165026
165351
166108
166101
166484
166668
166799
166921
167375
167454
168245
168368
168540
168560
168746
169079
169103
169130
170119
170787
171164
171290
171713
172370
172867
173173
173402
173549
173808
173843
174056
174116
174380
174593
174742
174847
174886
175136
175221
175419
175676
176266
176353
176753
176838
177055
177176
177884
178615
178651
178682
178868
179663
179696
180065
180115
180146
180200
180286
180313
180313
180455
180563
180893
180960
181267
181440
181568
181576
181723
181928
182427
182607
182737
183081
183165
183316
183342
183678
184183
184988
185087
185126
185739
186101
186137
186348
186615
186732
186803
186932
187484
187772
187853
188092
188425
188632
188975
188997
189679
190037
190105
190580
190622
190893
191157
191338
193414
193443
194085
194116
194363
194370
194572
195376
195820
196216
196334
196724
196870
196915
196925
197517
198052
198122
198256
198525
198699
198822
199061
199450
199741
