601.72
1162.5
1233.14
1751.04
2199.02
3440.72
3459.55
3510.62
3713.78
3948.92
4620.76
4892.21
5592.04
5953
6518.97
7083.89
7552.56
8269.14
8630.71
8739.2
9345.16
9695.11
10446.1
10504.4
12511.2
13703
13921.3
13952.1
14099.5
14335
14568
14932.3
15082.4
15679.2
16192.5
16931.3
17073.6
17207.7
17251.6
17374.2
17650.6
18330.9
18445.1
18728.9
18882.8
19111.8
20051.3
20716.9
22672.3
23485.1
23619.7
24933.4
25100.8
25122.2
25221.4
25333.8
25942.9
26557.6
28739.2
29156.3
29297.3
29831.6
30030.2
30169.8
30409.9
30787.2
30788.4
31141
31173.6
31841.8
32080.5
32360.3
32448.6
33211.5
33547.9
35020.5
35209.5
35714.7
35745.3
36791
37067.2
37288.6
38459.3
38494.9
39063.2
39374.6
39461.1
39535.2
39682.1
39817.7
39930.8
40329.7
41443.8
41666.9
41756.7
42213.6
42980.7
43413
44094.6
45176.7
45190.6
47892.1
48659.8
49038
49513.4
49792.6
50027.7
50119.2
50924.4
51064.5
51077.3
51381.5
52327.6
52729.9
53627.5
55779.7
56155
56187.3
56803
57981.5
58649.2
59223
59367.4
59761.3
60301.1
60614.3
60915
61359.2
62594.4
63137.1
64481.6
64624.7
64853.9
64876.1
65579.5
65597.7
66997.4
67359.9
68447.1
68806.8
69037.3
71445.1
71784
72294.1
72786.6
73299.1
73634.6
73964.9
74311.2
74366.8
74507.1
74507.4
74625.7
75679.4
76019.7
76245.9
76533.3
76932.6
77274
77785.2
78511.5
80745
81082.6
81998.9
83194.2
83627.9
83668.4
83979.2
84705.9
85701.8
86169.6
86199.8
86248.4
86297
86928.7
87183.5
87322.5
87386
87700.1
88097.6
88439.8
89453.4
89634.9
90261.8
91149.7
91393.6
91441.8
91867.8
92316.3
92489.5
93073.9
93457.9
93739.2
93851.2
93924.5
95417.3
96149.4
96742.9
96754.7
97067
97410
98103.2
98524.8
98905
99315.8
99423.9
101070
101526
102026
102333
103543
103860
104221
104712
104905
105219
106579
107010
107289
107461
107633
107723
108937
109413
109751
109907
110078
110112
110322
110618
110919
111544
112403
112937
113127
113539
113859
114077
115583
115801
116382
117565
117809
119000
119518
120329
120513
121059
121395
121441
124208
124710
125117
126262
126535
126738
127384
127541
127561
127720
128592
129204
129853
130720
130777
131287
131291
131372
133179
133715
133832
133966
134252
134387
134634
135033
136260
136557
137570
138176
138661
139005
139326
139376
139459
140783
141065
141609
141921
142711
143504
143758
146207
146519
146907
148612
149245
150222
150506
152350
153377
154226
155346
155469
155479
155786
156001
156374
156525
156674
157836
159222
159303
160006
160228
160352
161104
161534
161737
161993
162872
163169
163591
164341
164622
164781
165193
165856
166072
166090
166706
167146
167175
168286
169005
169823
170341
170816
170872
171204
171378
171985
172019
172765
172832
173005
173186
173328
173382
173484
174624
176401
177081
177711
178705
179061
179823
180432
180675
181327
181849
182188
183445
183616
183725
184346
184388
184485
185212
185506
185947
187420
187865
187852
188131
188648
189206
190099
190581
191283
191310
191712
192564
193074
193341
193620
194146
194245
194687
194695
194727
196590
198280
198532
