2617.58
3116
5697.42
7757.77
8018.49
8517.99
9370.26
11364.1
11608
13423.7
14299
14518
15099
15935.5
16431.2
17358.2
17676.2
20024
23713.6
24640.9
26137.4
26832.3
27589.9
27892.5
29880.9
30422.9
33697.7
34237.4
35912.3
36510.7
36616.2
37806.9
39247.4
39472.6
43256
58449
59249.8
59847.6
60162.7
60598.7
67879.7
91469.4
91699
91789.4
92499.9
92878.4
93379.9
94751.3
95604.6
96265.5
100329
102858
103284
103824
105359
105879
108496
108632
110742
111709
115637
133148
162158
165757
166272
166380
170449
172172
174091
174753
175459
175470
175967
176810
177171
179769
180755
181986
183804
184687
185527
185934
186323
190664
193555
193579
195487
195615
198996
199857
202692
202914
203312
204115
208066
209758
214098
214431
215650
218193
219096
220387
220640
221491
224468
224642
226545
226640
227381
228189
228541
229027
230282
231385
232613
233079
233337
233433
234186
239135
239844
241511
241601
241753
243904
247228
248448
256528
272965
273627
289457
308459
309337
317051
317170
317943
318729
319650
323109
323417
323669
324074
326899
327538
327866
328168
329129
330331
330761
330940
332519
332792
335044
335691
338210
339830
340993
345042
345487
345677
346233
346376
347992
348409
348767
348924
348958
349904
350918
351735
352318
355254
355861
357169
357225
357406
360168
363243
365793
366265
366718
369789
369838
371079
371464
373333
375365
375658
376182
376665
380720
381577
382169
384518
387378
387679
388479
390701
392546
438128
438802
439710
452373
454675
455293
456251
458246
458753
459067
460673
460743
461260
462254
463782
463915
464087
464761
471035
472333
482776
485274
485530
487982
492475
492681
506836
523063
523575
524414
527097
527133
529348
532409
533241
533534
533573
533833
534938
534939
534933
535805
535991
536349
538491
539283
540250
541960
543134
543440
543985
544799
545795
548150
548292
548706
549006
549648
586308
593162
594305
596022
597303
597403
599464
603898
604755
605150
606044
607503
608075
613956
639496
646640
647225
659479
659610
661937
662141
663027
664424
671533
673226
673923
674785
675845
679636
679748
680600
682658
683413
684129
684524
685178
686611
690102
690851
691466
691860
693243
693729
693971
695416
697814
704120
704823
705799
707649
707672
708237
708289
711076
713959
714188
714772
715066
715935
717556
717915
718256
719323
721441
724304
726530
727010
727411
728255
729320
729344
729446
730396
731197
734248
734652
734687
735497
735564
737099
739000
739739
743631
744156
744818
745119
747096
748793
749378
749539
749907
750706
750761
750891
751565
751644
751731
752373
753573
754273
754752
755617
756347
759595
759609
761207
761321
761554
763628
763670
765790
767412
767808
768017
769989
770551
771795
772863
774670
775926
776962
777366
777466
778366
781333
781567
783400
783654
844477
845754
850296
850761
851319
852107
852319
853833
854224
855233
856331
858420
860778
868322
892717
892821
892920
893766
894317
897011
898589
899043
899149
910405
911887
916865
918878
920637
921001
921080
923604
925195
926075
926056
926382
927424
927748
928032
928283
928554
928782
930947
932256
932376
944944
952159
953155
953751
956283
959796
960319
961181
961544
963746
963938
966061
967081
968075
969103
969651
970996
971734
972171
972615
973140
973648
974578
975705
981846
984948
985194
985763
985771
986872
989111
989995
990503
991061
991930
992042
993054
