1976.79
2305.22
4951.2
6165.99
6317.47
6855.64
7094.25
7169.32
7240.18
7562.47
9045.48
9770.06
11016.6
11209
11633.4
12745.4
13416.2
13808.9
14255.3
14344.1
15122.4
15596.7
15926.2
16146.1
16285.9
17538.6
19137.8
19709.4
20523
20992.5
21169.8
21196.3
21602.6
22103.9
22145
22354.1
22403.7
23304.3
23414.1
24194.7
24282.4
24789.9
25435.4
27253
27484.2
28122.3
29143.9
29887.7
30090.5
30308.2
31087.1
33518.1
35546.1
36286.1
36314.8
37324.8
37479.7
38046.1
41471.9
42427.9
42484.2
46153.1
47204.9
47452.1
47469.1
47690.3
48260.2
48865.2
49595.2
50123.1
50644.1
50963.1
53952.1
54861.7
57094.3
58902.6
59341.4
59626.3
59730.1
60377.5
60728.2
61351.3
61568.2
61608.9
61792.2
62154.8
62277
62325.6
62489.9
62914.6
63391.5
63499.2
63937.2
64373.3
64602.9
65113.1
65457.9
65599
65792.4
66049.6
66460.9
66710.3
67042.7
67331.4
67494.3
68761.9
69127.2
69162.3
69383.2
69557.4
70048.3
70547.9
71103.1
71544.9
72930.4
73404
74326.2
74699.2
74914.2
75687
76934.5
77507.1
77740.4
78770.3
78988
79627.2
79755.8
79940
80547.7
80802.8
80888.9
81263.4
82064.7
82347.5
83217.7
84429.3
84641.7
85434.3
86640.2
87508.7
89116.1
89774.7
90046.5
90459.4
90820.5
91200.3
91313.3
91408.8
91857.9
92709.8
92949.4
92990.5
92990.7
93294.8
93532.7
94583.3
94646.1
94857.6
94950.5
95235.5
95434.6
96093.1
96237
96338.8
97411.8
97789.4
98613.5
98972.9
99415.3
99570.3
100202
100260
100314
101801
102061
102710
102917
103618
104127
104263
104786
105073
105272
106049
106512
106867
107044
107782
107817
107942
108851
108934
109926
110234
110266
110550
111587
112138
112702
112741
112908
113370
113523
114435
114928
115256
115273
115646
116201
116211
116525
116636
117238
117294
117441
117492
117895
118750
119129
119692
120933
122517
123491
123634
123659
123790
123967
124303
124969
125588
128776
129110
129908
130134
131235
132003
132338
132908
133234
133243
133290
133686
133864
134499
135771
136020
136127
136353
136472
137144
137469
137844
138171
138404
138735
138836
138842
139168
139925
140368
140762
141033
141051
141133
141216
141289
141468
142825
143245
143478
143913
144303
144538
144971
145371
145762
145880
146112
146440
146851
147088
147253
147349
147705
148130
149820
150466
150623
152191
152376
152608
153222
153616
154378
157747
157926
159030
159350
159988
160446
161800
162318
162996
164344
165428
165595
165761
165796
167766
167897
170822
171925
173085
173531
175155
175258
175809
176446
176640
176898
177079
177996
178577
179190
181879
182969
183655
184564
185067
185483
186193
186797
187148
187328
187832
187907
187960
190011
190677
191434
193016
193361
196537
197289
198300
198665
199360
199730
200275
200720
201244
201891
202482
203060
203519
206634
207013
207857
208315
208534
208875
209400
210992
211333
211765
213102
213168
214048
214232
214324
215102
215737
217333
217505
217709
217949
218232
218610
220128
220457
220798
221447
222915
223809
224175
224362
225413
225565
225668
226131
226353
227546
227803
228527
228534
228792
228977
230103
231058
232109
232325
232546
232763
232810
233305
234098
234239
237945
239325
239920
240835
241854
241977
242544
243367
243424
243911
244230
245292
245728
245766
246072
246378
247627
247726
248279
248284
248305
250187
250909
251028
251983
252043
252387
252560
253047
253162
253575
253788
253855
253958
254270
254414
254769
254826
255311
255391
255882
257515
257650
257673
258036
258095
258801
259552
259660
259791
260163
260311
260989
261138
261404
261490
261869
262587
262676
264426
264538
264522
264639
266715
267071
267575
268316
268764
269498
270085
270353
270439
270645
270933
271135
271956
273464
274444
274473
274836
275099
276152
277314
278245
278934
280181
280324
281955
282072
282139
282352
282401
282419
282671
283355
283574
284271
284308
284865
285078
285165
285227
285924
286435
286766
286871
286901
287014
287328
288569
288916
290502
290760
292027
292030
292155
292167
292501
292835
293471
293521
294150
294159
294835
295615
295784
296152
296571
296969
297410
297612
297943
298253
298617
299098
299478
299655
299787
300424
300777
301115
301602
302302
302434
305750
306118
306479
306672
307140
307394
308771
309255
311192
311578
312214
313051
313185
314364
315981
316271
316741
316812
316862
317354
317345
317688
317857
318461
318923
319415
322446
323071
325764
326141
326609
327429
329075
329742
330190
330959
331539
332289
332311
332588
334452
334815
336422
337953
338569
338915
340647
341712
343746
344234
344379
346075
346695
347579
347770
348571
348763
351415
351459
351622
351991
353153
354320
354502
355098
355945
356548
356845
357270
357610
357987
358115
358483
359955
361893
363137
363601
364424
365013
365632
365899
366131
369428
369583
370403
371295
371359
372075
373751
374483
374846
376294
379780
380674
380972
381412
381412
381437
381568
381962
382396
382612
382633
382681
383224
383803
384147
384621
384789
386803
387487
387776
388124
388227
390891
393119
393131
393729
395538
395746
396563
397341
398934
402007
402442
403004
403233
404741
405580
405967
406036
406809
407034
407198
407683
407755
407797
408072
408453
408520
409448
409973
410356
410583
410616
414006
414033
414211
414263
414766
415872
416229
416501
416834
417193
419168
419730
420054
420064
420059
420438
420987
421894
422482
422866
423023
424522
424603
424987
425062
425412
425675
426294
427343
427681
427803
427976
428432
430324
431836
432116
432589
432674
434576
435552
436621
436752
437848
438638
439022
439114
439154
439380
439525
440339
441155
441463
441576
442715
442934
443005
443299
443889
444429
444573
444821
445138
445328
445385
445549
448477
449086
449371
449402
449845
449930
450478
450586
451208
452127
452399
453688
454670
454828
455037
456386
457079
457462
457908
458831
460405
460760
460750
462091
463503
463554
463988
464559
464878
465093
465650
465770
466203
466215
466316
466555
466854
466917
467087
467103
467452
469899
469975
470090
470653
470822
471020
471693
471845
471885
472126
472278
472957
473060
473631
473955
473968
474761
474827
476408
476446
476700
476876
477393
477540
478022
478117
478831
479003
479319
479535
480822
480997
481091
482005
483827
484021
484864
484939
484939
485202
485616
486192
486271
486660
486728
487171
487417
487583
488358
489197
489379
490416
490885
492363
492644
493239
493308
495001
495252
497424
497668
497923
498303
498994
499359
499416
500476
500629
501552
502402
502710
502878
503361
504369
504395
504410
504520
504730
505980
506739
507309
507851
508684
510346
513233
513626
514269
514482
514552
514763
514911
515596
516374
516714
517113
517365
517371
517490
517873
518392
518590
519072
522535
522889
523041
523082
523421
523582
523794
523843
524162
525523
525621
526017
526694
527244
527596
528122
528454
528597
528813
529478
530561
530979
531251
531557
531940
532010
532710
532774
532970
533342
533362
533853
533965
534256
534955
535175
535348
535661
535895
535936
536871
537190
538386
538691
540122
541810
542159
542790
542960
543448
543554
543861
544338
544350
544602
544808
544910
545069
546852
547089
547344
547928
547972
548091
548347
548603
548681
548697
548951
549313
549389
549919
549996
550384
551179
551184
551430
551572
551663
553771
553970
557666
557720
558434
558665
558843
558890
559220
559592
559614
559821
560532
560598
560965
561318
562625
562683
562963
563554
563945
564303
564664
564890
565335
565464
566001
566357
566650
567089
567543
567829
568467
568850
569232
569563
569690
570508
570639
571065
571337
571955
573075
573180
573247
573539
574371
574559
574720
574774
574960
574979
575757
576179
576834
577991
578096
578114
578429
579060
579671
580219
581345
582679
583795
585448
587177
588057
588429
590073
591281
591688
592174
592834
594729
595236
595985
599355
599528
600602
601151
602578
602654
602926
603093
603455
603782
604075
604377
604475
604590
605112
605204
605916
606304
606854
607181
611352
612133
612324
612886
613837
615390
615952
617920
618694
620282
620422
622179
622221
622780
623604
624288
625290
625388
625619
625704
625730
626392
626627
626748
627362
627438
628901
629100
629168
629372
629643
630274
630572
631062
631280
631318
631473
631720
631726
631927
631934
632027
632371
632553
632689
633055
633046
634053
635079
635330
635577
636822
637975
639062
639192
639447
639800
640276
644364
644955
645600
646044
646917
649142
649998
650046
651953
652957
654265
654879
655284
655723
656679
658502
658758
660679
660795
661348
661345
662779
662828
662830
663913
664047
665849
666256
666528
668048
668172
668765
670159
670466
670837
670945
671317
672055
673151
673374
673379
673408
673572
673756
673983
674486
674703
675069
675153
675500
678568
678850
679173
679446
679568
679590
679578
679825
680705
681543
682505
683267
683367
683420
683594
684259
684495
684719
685173
685927
686397
688542
688936
689649
690428
690998
691364
691594
691597
692078
692520
692628
693085
693644
694636
696484
696629
696949
699775
700746
704020
704835
705044
706873
707129
707236
707244
707316
707384
707396
707541
708729
710514
710929
713066
714615
714840
714978
715810
716446
716528
717235
717721
718081
718119
718585
718925
719784
719914
720202
721291
722336
724023
724687
725811
726257
726994
727555
727995
728525
728614
728813
729574
729719
729969
730169
730443
730879
731349
732232
734347
734426
734469
734831
735969
736236
736614
736665
738670
743197
743680
744963
744970
745898
745985
748423
748895
749657
749716
749852
749984
750355
750977
751264
751400
752266
752857
753106
753117
753695
753847
754612
756292
756447
757205
757652
758381
759164
759440
760277
760539
760775
761172
761397
762028
763004
763554
763829
764284
764286
764484
765954
766493
766625
766897
767622
767861
768159
768251
769691
770809
773619
773706
773957
775335
775828
775992
776466
776841
778139
778279
778582
778830
778961
779931
780090
780596
781407
781492
781833
782016
782739
782888
783107
783548
785685
786652
787470
787702
788028
788282
788606
789297
789828
790509
790918
791271
791556
791693
792070
792270
792343
792742
793110
793342
793612
793953
794074
794408
794449
795463
796167
797895
798364
800556
801550
801775
802355
802606
803049
803685
804667
804846
806318
806399
806598
806978
807028
807430
807599
808333
809467
809954
810506
810772
811195
811600
812621
812898
813914
814187
815091
815577
816228
816570
816840
817098
817182
817424
817504
817938
818107
818746
818805
819520
820215
820564
820581
820800
823330
823629
823659
823700
825093
825724
826077
826947
831352
832282
832633
833040
833176
835886
836065
836413
838113
838145
838821
839264
841367
844226
844271
845933
847332
849553
849845
849956
850126
850493
850671
851464
851961
852872
853051
853629
854835
854903
855906
856107
856173
856879
857200
857590
860216
860330
860363
860434
864039
864465
864699
865498
865966
866088
866123
866389
866498
866833
867502
867488
867523
867932
868035
868256
868521
869155
869471
870176
870232
870431
870540
871032
871563
871851
872038
872493
873599
874891
874944
875567
877301
878012
878535
879327
880830
881518
881896
882034
882137
882395
882688
882721
883039
883083
883125
883229
883426
883514
883689
884288
884627
884662
886513
887018
887320
887952
889108
889445
890808
892003
892512
892525
892568
892892
893151
893181
893221
893819
894466
894911
894931
895002
895090
896115
896139
896704
896751
897552
897940
898532
898994
899788
899937
900255
900999
901210
901538
901654
901862
901897
902018
902369
902880
904048
904595
904878
904920
904921
906007
906083
906466
906962
908250
908757
909491
909789
910250
910340
910719
910905
911814
912736
912838
912930
914024
915292
915342
916335
918608
919297
919509
919773
920148
920575
920742
920758
920931
922790
923022
923272
924092
924699
924925
925146
925580
925615
925905
926070
926908
926920
927207
927358
927348
927460
927700
927912
928181
928340
928436
928694
928858
929161
929327
929774
930004
930199
930314
930883
930956
931199
931226
931566
931885
931979
932150
932204
932316
932472
933099
933542
934101
934345
934403
934721
935420
936149
936326
937254
937831
937941
938094
938428
938470
938605
938763
938858
939050
939351
939455
939853
940385
941162
941299
943230
943854
944418
944730
944753
944907
945109
945241
945332
946538
947096
947342
947605
947880
948157
948429
948572
948828
949802
950126
950180
950578
950821
951122
951591
951736
952995
953069
954534
955875
956428
958402
959434
959724
959926
960112
960650
960835
961118
961186
963369
963590
963788
964103
964728
965309
965822
966611
966723
967080
969009
969196
969369
970607
970715
970988
971716
971905
972093
972296
972742
973481
973702
973986
974120
975071
975594
976510
977025
978021
978987
979647
979643
980009
980320
981127
981890
981990
982044
982523
982528
982735
984169
984217
984222
984503
984823
985114
986022
986113
987084
987888
988404
988899
989238
990046
990361
990940
991312
991881
992003
992283
992717
993005
993132
995778
996343
997043
999631
