1137.22
1815.46
4283.14
6000
6442.74
6651.59
6966.9
7678.48
7840.59
11232.5
11300.8
11770.7
12132.4
14256.2
14375.8
15569
19919.5
20722.6
21048.2
22836.9
23139.8
27847.8
28306.2
29143.8
30181.6
30644
31144.4
33217
37185.2
37679.9
38516.1
38772.4
39242.3
39620.4
40601.8
40734.6
41276.8
42114.1
42178.4
44925.7
45197.6
46406.3
46716.1
46825.8
47728
48437.1
48445
49299.9
49601.8
49826.8
50108.2
50547.5
52687.9
55344.2
55578.7
56601.2
56620.6
56914
57072.3
57746.7
57998.3
60686.7
61662
62703
62792.1
63269.7
64420.7
64429.9
65780.7
67234.2
69801.6
74029.5
74788.9
76927.9
77283.7
77316.7
78998
79093.6
79495.9
79537.5
79851.1
80591.7
82102.2
82450.8
86546.9
87093.5
89183.8
89623.7
90034.9
91469.9
92380.8
93061.7
93444.5
94070.1
95025.2
95493.5
97824.9
98083.2
98089.5
98642.6
99544
102207
102928
103258
103544
103725
104287
104578
104839
110386
110620
110629
110733
110837
111034
111469
112742
112912
113568
115591
115942
116944
118610
119162
120576
121183
123758
123873
124514
124626
125792
126866
127082
127284
127381
127590
129450
130620
130736
130919
131078
131664
132435
132736
132938
133393
133596
133676
133734
133964
134024
134096
134539
134836
135260
135425
135742
136139
136607
137600
138583
138815
140242
141511
141739
142821
144173
147726
147769
147959
148571
148897
149426
149444
149971
150101
150243
150536
151089
151519
151698
151920
152931
153113
153193
155883
156047
156163
157363
157746
158150
158640
159021
159854
159987
160081
160504
160578
160630
160707
160764
161009
161109
161104
161142
161509
161876
162155
162834
164156
165119
165680
166379
167022
167291
167315
167813
169103
169620
169839
170124
171260
172045
172744
173716
174141
177578
177898
179481
180244
180822
180856
181910
182469
182588
183005
183888
187718
189803
190162
190514
192850
193132
195191
196510
197878
198584
198868
