4452.23
4705.45
4826.37
5350.78
5381.1
5497.54
5861.76
6634.05
9014.16
9859.39
10753.1
11571.3
11637.9
11713.6
12019.1
12724.7
14557
14884
15533.4
17786.9
17903.2
18395.1
20247.6
21581.1
21698.3
22366.4
22754.5
24791.1
25010.4
26230.3
26260.4
27540.4
29332.1
29468
29682.1
31086.4
32006.1
32542.7
32636.5
34701.9
34876.7
35487.4
36070.2
37055.4
37079.9
37281.7
38462.1
38981.8
39358.6
39600.2
43027.9
43589.9
43909.7
44453
45269.8
46048.4
46403.9
47321.9
48223.8
48520.2
48902
49608.1
50174
50882.2
52502.1
52898.4
53440.8
53507.1
54821.8
54950.1
56516.8
60227.9
60330.9
60682.3
60854.3
61125.8
61343.7
61927.2
63439.5
63901.6
64240.7
67091.7
67450.5
67608
67617.7
68213
68509.9
69055.2
69084.4
69480.3
70514.5
74328.6
74601.8
74998.5
75978.9
76059.7
76557.3
77737
77730.2
78212.6
78969.8
80606.7
82413.5
83985.5
84929.4
85004.9
85267.4
85660
86470.1
88105.5
88757
89503.2
90451.1
91175.8
91423.6
91670.2
91790.6
92149.5
92197.6
92228.4
92277.3
94369
95604.6
97398.6
99579.2
99938.1
100924
101260
101422
101554
103438
104074
104499
105315
105679
106445
106530
107057
107232
108413
109853
110444
110798
112669
113200
113534
113959
114373
114424
114857
114887
116274
116346
118018
118535
118960
119348
119924
120080
120157
121328
121417
123447
124090
125255
125797
125971
126270
126708
127061
128721
129844
130134
130499
130533
130529
131252
132323
132473
135375
135393
135861
136277
136490
138496
139296
141497
142026
142142
142582
143274
143525
143857
143895
144092
147528
150274
150306
151150
151243
151271
152641
153400
154716
157048
157297
157349
157380
158905
159587
160328
163742
163942
166437
166508
166911
166945
168008
168626
169636
173288
173817
174924
175816
176103
176784
176997
177159
177667
177871
178114
181485
182864
183104
183545
184980
185228
185562
185904
186700
187061
188284
189018
189637
190768
191814
192073
192612
192917
193280
193685
193879
194873
196850
197701
198657
