212.49
801.4
878.97
1306.96
2882.37
3509.72
3610.25
4280.51
4588.76
5294.88
5307.46
6309.01
6789.31
7359.08
7714.99
8431.39
8575.8
8711.01
9553.54
9604.79
9949.17
10925.9
11174.7
11877.8
12522.3
12550.3
12689.1
12776.7
13423.9
13550.2
13851.8
14231.6
14350.9
15100.3
15324.7
15905.7
16754.8
17750.2
18140.5
19235.2
20130.6
21380.5
21726.9
22111
24137.5
24301
24450.1
24538.5
24613.1
24883.4
25760.1
26368.8
26821.2
27136.1
29025.3
29039.7
29141.7
29457.7
29605.1
30110.2
30293.1
30479.9
30687.8
31500.7
32479.2
34265
34372.2
34792.9
34985.4
35372.4
35392
35593.3
35823.8
35940.5
36143.7
36516.6
37957
38079
38100.6
38238.5
38653.1
39672.5
40450.9
42504.9
42533.8
42849.4
42961.2
44852.1
45098.2
45722
45867.2
46106.8
46334
46377.8
47637.4
48024.4
48980.4
50568.5
51385.3
51773
51879
51973.4
52571.1
53411.6
54221.2
55060.5
56399.1
57567
58015.9
58033.2
59925.9
60445.3
60601.5
60808.1
61864
62919.9
63740.2
64555.8
66671.6
67525.1
68320
68507.4
68684.8
68865.4
69194.1
71496.5
73203.7
74165.1
74571.3
74856.2
75103.3
76077.5
76783.1
77407.5
77700.3
77859.1
78184.9
78193.8
78980.9
79565.8
79949.5
80294.8
80331.9
81648.8
81783.5
82751.9
82793
83144.8
83464.8
83753.6
84583.1
85139.6
86830.4
87330.4
87756.2
87900
88440.1
90064.1
90230.8
91107.2
91283.9
91653.9
91826.3
91825.5
92431.2
92499.2
94007.4
95169.9
95968
96897
97615.7
98423.8
98572.4
98851.8
98934.1
99431.2
101148
101191
101413
101493
101916
102080
104834
104944
105946
106363
106557
107020
107405
107569
108107
108296
109395
110082
110617
111702
112290
112517
112952
113712
114188
114703
115938
116180
116421
116988
117313
117353
117374
117935
118053
119128
119932
120655
120895
121023
121080
121326
123920
124635
124714
125597
125626
126823
128138
128478
128743
129475
129777
130053
130347
130936
132352
134376
135052
135899
137794
138172
139146
141298
141964
142406
142452
142913
143386
143444
144495
145108
146885
146988
148279
149461
149972
150109
150973
151597
152949
153175
153245
154550
157333
158531
159946
160178
160443
163779
163800
164731
165370
165479
166513
167723
168349
168960
170062
170355
170653
171463
171620
171794
174101
175388
176580
176829
177701
180733
180971
181141
181873
184260
184292
184645
184966
185078
185357
187119
187703
188611
188629
189581
190024
191834
192413
192781
193592
193670
197246
197943
198787
