172.07
727.45
755.09
831.22
1112.84
1135.97
1369.86
1900.91
2044.93
2085
2255.37
2833.97
3435.13
3552.44
4181.81
4243.23
4255.44
4541.21
4814.64
4927.4
5242.44
5267.36
5706.21
5729.7
5815.74
5961.65
5986.54
6055.26
6138.17
6157.45
6194.33
6271.55
6273.26
6463.99
6632.22
7317.49
7650.5
8322.92
8375.74
8528.03
8571.53
8653.11
8874.29
8923.86
9129.79
9144.97
9207.19
9270.55
9411.42
9566.76
9671.26
9905.02
10174.4
10188.3
10196
10450.8
10600.9
10720.9
10888.3
10976
11084.8
11113.5
11318
11437.7
11519.8
11532.4
11622.7
11686.8
11726.5
11814.4
12486.6
12512.6
12648.6
12716.4
12760.6
12776.9
13058.4
13285.3
13365.7
13508
13810.5
13950.8
13956.1
14056.7
14091.1
14159.7
14187.6
14223.8
14311.7
14479.1
14563.7
14714.1
14793.5
14959.1
15050.6
15281
15435.1
15557.3
15844.3
15876.8
15898.8
16444.1
16581.2
16693.1
17119.3
17120.5
17703.4
17755.3
17800.6
18021.3
18042.2
18047.2
19104.3
19190.4
19629.8
20080.2
20104.1
21336.5
21458.1
21565.7
21694
21722.9
21966.2
22078.3
22238.1
22382.9
22442.1
22516.2
23165.4
23459.7
24084.1
24095.8
24254.5
24419.6
24499.7
24565.7
24746.4
24843.3
25226.4
25501.4
25513.9
25647.9
25686.1
25698.1
25801.8
25952.6
26070.4
26178.2
26264.8
26332.9
26413.3
26640.2
26780.3
26861.1
27068.4
27161.3
27389
27612.9
27763.9
27927
28101.2
28529.7
28610.2
28835.8
28986.8
29075.2
29100.1
29275.4
29409.3
29421.4
29541.3
29807.8
30068.4
30119.8
30265.3
30432.2
30618.8
30637.7
30882.2
31200
31456.6
31802.4
32221.2
32424.7
33926.2
33988.2
34099.8
34212
34325
34414.8
34581.6
34752.7
34907
35332.1
35348
35365
35559.2
35784.6
35908.3
36083.8
36097.1
36408
36477.8
36913.2
36992
37066.3
37069.7
37911.3
38015.9
38044
38169.4
38186.5
38608.6
38648.1
38837.7
38901.6
39055.4
39243.7
39627.5
39712.8
39959.9
40064.6
40385.2
41525.1
42445.1
42468.7
42470.7
42559.5
42681.3
42806.4
42913.7
42981.8
43477.3
43501.7
43852
44092.3
44339.1
44792.5
44809.2
44922.9
45060.8
45129.7
45673.8
45819
46060.9
46239.3
46293.6
46320.9
46635.9
47585
47985
48004.5
48146.6
48267.7
48330.6
48817.9
48910.3
48979.3
49318.4
49445
49818.2
49845.6
49860.4
50063
50531.2
51297.1
51733.8
51841.5
51849.6
51935.5
52105.3
52168.1
52259
52312.3
52364.2
52371.1
52530.1
52788.7
52955.4
53004.1
53272.9
53381.9
53519.4
53694.3
54186
54639.6
54836.2
54872.7
55007.9
55010.4
55115.8
55931.2
56199.2
56363.1
56566.5
57236.8
57525.7
57569.3
57741.2
57794.4
57966
57993.9
59511.6
59544.3
59814
59867.4
59978.6
60159.7
60206.3
60273.2
60407.6
60561.6
60689.8
60755.1
61370.9
61388.3
61458
61827
62002.8
62130.6
62286
62477.5
62751.4
62886.7
63699.6
64127
64441.6
64514.4
65537
65680.6
66166.3
66453.1
66471
66606.3
66664.6
66738.6
66902.7
67025
67251.4
67479.4
67812.6
67879.9
68000.5
68020.4
68152.9
68238
68405.4
68465.9
68644.9
68743
68890
68917.4
68988.4
69148.4
69252.4
69603.1
69967
70628.6
70873.1
71459.1
72523.7
72851.1
73155.7
73198.8
73209.1
73566.4
73706.3
73903.2
74113.6
74298.2
74421.1
74483.9
74536.8
74819
74994.1
75055
75288.7
75293.9
75460.4
75672.1
75706.8
76038.8
76077.5
76112
76121.2
76212.1
76436.9
76649.6
76743
77146.4
77355.1
77366.3
77584.5
77652.9
77800.6
77818.5
77934.7
78002
78135.5
78137.8
78874.6
78941.2
79461.2
79528.8
79733.3
79915.6
80191.6
80235.7
80264.3
80630.4
81180.2
81490.1
81618.3
81679.1
81735.1
81846.3
81991.7
82144.9
82214.5
82249.8
82279.4
82694
82754.8
83094.5
83253.4
83699.8
83822.4
84231.7
84491.4
84512.7
84659.2
84799.2
84867.9
85091.7
86273
86508.1
86603.2
86630
86640.3
86762.1
86770.7
86790.1
87218.5
87229.6
87287.5
87491
87712.1
87859.2
88378.1
88893.6
89070.4
89274.1
89962.3
90023.4
90192.4
90426.1
90676.5
90852.1
90911
91058.3
91250.9
91572.1
91601.1
91687.2
91776.4
91773.6
91790.4
92085.7
92171.5
92357.8
92461.1
93205.7
93564.7
93973.6
94213.1
94299.4
94447.3
94664.6
95128
95179.8
95454.9
95869.2
95912.6
96472.3
96648.7
96855.3
97279.6
97509.4
97565.3
98388.2
98538.2
98806
98887.8
99376.9
99387.7
99776.3
99890.7
99999.1
100135
100207
100379
100668
100802
100999
101081
101154
101331
101367
101433
101561
101871
101974
102739
103124
103443
103602
103619
104358
104465
104784
104855
104903
105011
105307
105434
105586
105901
105949
106068
106077
106181
106307
106512
106636
106802
106814
106976
107361
107537
107625
108064
108235
108742
108904
109169
109274
109360
109453
109775
110018
110410
110573
110963
111086
111659
112022
112246
112470
112909
113051
113447
113676
113811
114119
114598
114659
114769
114889
115185
115303
115880
116091
116372
116929
117273
117313
117321
117476
117623
117640
117791
117862
117998
118153
118171
118535
118716
118742
119078
119541
119779
119869
120007
120600
120823
120978
121028
121239
121764
123163
123348
123872
124153
124590
124668
125539
125596
125758
126510
126552
126779
127289
127357
127797
128100
128411
128693
129411
129653
129953
130006
130022
130313
130786
130866
131634
131824
132167
132175
132292
133123
134291
134790
134985
135149
135383
135581
135856
136401
137027
137757
137817
137847
138125
138154
139076
141202
141210
141295
141809
141932
142368
142421
142867
143244
143341
143387
143618
143970
144010
144446
145066
146283
146669
146810
146933
146957
147217
147214
147419
147476
147531
147789
148075
148141
148221
148362
148381
148603
149343
149426
149664
149755
149769
149928
149934
150064
150162
150545
150877
150941
151010
151111
151563
152237
152526
152524
152775
152790
152847
153144
153204
153798
154423
154441
154491
156970
157032
157059
157095
157102
157109
157217
157272
157422
157496
157835
157905
158486
158634
158647
159049
159219
159483
159519
159527
159588
159904
160080
160141
160188
160405
160472
161512
162671
163081
163109
163159
163456
163533
163719
163740
163874
164456
164536
164685
164704
164990
164987
165114
165277
165326
165433
165587
165639
165757
165818
165852
166179
166213
166475
166630
166818
167471
167687
167805
167925
168291
168320
168920
169064
169380
169482
170015
170306
170612
170938
171322
171379
171437
171569
171755
172345
172385
172768
173144
173164
173730
174048
174223
174592
174690
174766
174760
175074
175355
175840
176540
176578
176678
176793
176871
176996
177024
177033
177224
177334
177366
177546
177584
177600
177621
177668
178756
178793
178878
179384
180614
180702
180900
181035
181090
181669
181816
182559
182599
182794
182822
182902
182960
183386
183520
183617
184226
184246
184469
184613
184638
184657
184765
184908
184958
185016
185125
185310
185345
185387
185747
185780
186541
186777
186874
187075
187663
188053
188573
188588
188893
189248
189404
189432
189479
189538
189966
190059
190616
190755
191603
191801
192296
192354
192449
192621
192720
192730
193013
193539
193620
194277
195063
195557
196181
196288
196727
197148
197159
197508
197895
198433
198730
198884
199186
199453
