172.97
1888.08
2357.44
3047.59
5470.84
5915.05
6712.26
7983.57
8861.85
9004.88
10393.5
10440.1
10969.9
11037.9
14056.3
14255.8
14722.1
16324.8
16770.3
19948.1
21116
21410.7
22377.6
22591.2
26023
27104.6
27393
28001.3
28073.2
30067.7
30973.2
31135.6
35691.5
37891.7
37888.8
38635.8
40905.5
42740.6
43547.7
45897.2
51310.6
52095.8
52985.2
55760.9
56113.1
56366.2
56831.1
57796.2
60130.3
64339.9
65252.4
66230.3
68520
69628.6
69766.9
71586.7
72752
73246.6
73272.2
73692
73710.2
73926.3
74852.6
75341.7
76722.9
77385.7
78765.4
79085.9
80123.4
81903.2
86478.5
87294.3
88337
91736.3
91790.4
91975
92171.4
93313.5
93361.1
93473.4
94196.8
95697
98309.3
99046.8
99829.9
103223
103961
106559
109431
109582
110287
114849
115712
117421
117532
117666
118043
119635
121774
121974
123149
123309
125317
125633
126805
128766
130015
130047
130920
131135
134325
134495
134677
134882
135505
137071
139960
141066
141446
143702
144333
145347
145853
145921
147013
147429
147586
148411
148419
149265
149748
151390
151733
153086
153645
154405
154512
155756
155988
156866
160470
161528
163025
163904
164053
164944
166010
168503
169013
169169
169240
169847
170084
172028
172812
173866
178703
180190
181030
183618
184900
187192
188861
189996
194638
196404
197848
198660
