1429.27
1850.5
1859.18
2703.5
3540.59
6058.43
6353.44
6456.68
6615.27
7129.06
7867.47
8819.18
9116.46
10019.7
11222.6
12238.2
14106.9
15545.4
16447.7
19099.5
19293.3
19835.7
20122
20395.3
20471.7
20639.1
21049.6
21701.7
21857.2
22747.6
22899.1
22945.3
23597.4
24609.1
27644.2
28302.4
28371.7
28369
28861.1
29501.4
30281
31793.4
33792
34129.5
36493
37865.3
38047.2
39401.1
39532.7
40043.2
41860.6
42416.8
43462.3
43609.8
44696.1
46092.8
49015.1
49598.7
49931.2
51825.4
51960
52154
52482.7
54006.4
54303.7
55868.7
56063
56758.9
57017.9
59169.5
59978.1
61051.1
61465.7
61703.8
62068.1
62655.7
63457
65248.5
66612.7
67423.5
67485.4
68524.5
69230.5
70545.2
71214.3
71531.1
71692.5
73004.2
73338
73404.4
74405.2
74674.3
74753.6
75130.5
75317.4
75956.2
76124.4
76611.3
77205
77492.2
78069.1
78333.2
79674.2
80136
80138.9
80217
80728.4
81976.3
82112.1
82246.8
83313
84835.9
86329.8
86818.2
87812.3
88256.4
92678
95788.9
95850.2
97158.3
98490.6
98927.4
99181.8
100862
102363
103313
104096
104188
104484
105968
108104
108371
108981
109008
109336
110190
111518
111724
113170
114557
115033
116811
117110
118041
119684
119924
123467
123776
124173
125226
125617
126173
128618
129253
129284
129640
129637
130226
130416
130984
133972
136109
136986
138117
140089
140092
140362
140578
141515
141636
141914
142237
142306
142705
143036
143343
144193
144215
146403
146424
146672
149648
149761
151488
151572
152065
153084
153554
153820
154380
157422
157479
158654
159111
159347
159447
159698
159928
159947
159975
161233
161344
162670
162682
162730
163860
164488
164540
165196
165390
166003
166720
166966
167021
167438
167471
168696
169724
169731
170326
171342
171663
172815
173461
173476
173627
175839
176468
177322
177882
178635
178851
179795
180247
182233
182439
182852
183377
185561
185737
186087
186188
187747
188607
188781
191339
192686
192662
193229
193718
194384
197662
199247
