268.05
524.02
1858.52
2007.22
2563.79
3632.94
4113.71
4915.5
5408.7
5490.7
5755.79
5764.31
6054.38
6403.15
6607.71
6627.92
7091.59
7440.43
7528.32
8131.23
8162.39
9561.46
9719.54
9877.24
9978.16
10447.1
10491.1
10647.4
10984.4
11130.8
11179.1
11449.4
11890
12348.2
12546.4
12549.5
12808.6
13068.8
13249.1
13369.8
13592.8
13649.9
13844.9
13970.5
13974.4
14230.8
14325.1
14618.4
14837.5
15528.6
15761
16042.7
16784.1
17556.2
18029.4
18660.3
18954.8
18971.3
19520.3
19973.1
20087.3
20247.8
20427.5
20524.5
20722.5
20907.9
21223.8
21474.1
22156.2
22516.6
22709.9
22949.6
23162.9
23374.2
24901.3
24967.2
25191.8
25931.6
26102.9
26319.7
29078.6
29372.2
29676.6
29964.6
30096.8
30273.2
30519.3
30751.9
30909
31085
31241.5
32013.7
33343.2
33666.7
33914.1
34395
34456.6
34685.9
34876.2
35215.4
35376.8
35460.6
35925.3
36728.2
37602.4
37687.7
38191.7
38570.3
39202.6
39856
40066.1
41390.7
41613.1
41818.7
42012.1
42403.5
42541.5
42631.7
42964.2
43091.4
43389.4
43726.4
43923
43930.9
44305.2
44612
44824.7
44857.7
45181.8
45584.1
46165.7
46498.9
46647.3
46801.3
46906.7
47228.6
47863.9
48083.3
49135.9
49291.6
49323.8
49987.4
51358.6
51502.7
52791.9
53173
53247.4
53484.1
53800.6
54218
54923.7
55204.9
55499.4
55960.9
56195.9
56310.8
56528.7
57189.8
57606
57686.1
58340.2
58492.5
58710.6
59303.8
59480.4
59880.3
59900.5
60480.8
61205.7
61654.8
62061.7
62650.4
62830.4
62989.4
63352
63550.7
64169.1
64479.2
64557.1
64940.1
65245.1
65609.6
65796.3
65893.4
66001.1
66248.9
66936.2
67060.8
67141
67699.2
69017.2
69363.8
69618.2
69626.9
69980.8
70409.6
70512.2
71030.5
71132.1
71144.9
71960
72000
72086.2
72200.7
72307.5
72539.5
72897.3
72919.2
72989.3
73104.7
73321.6
73418.5
73436.5
73514.3
73815.3
74767.5
74902.8
75577.5
75908.8
76390.7
76421.5
76538.4
76919.3
78159.1
79019.3
79497.4
79664
80228.4
80446.6
80959.7
81044.2
81758
81784.1
82216.7
82378.7
82695.4
82881
83454.5
83675.3
83941.9
83988.6
85044.7
85273.1
85375.5
85529.1
85544.9
85614.5
85838.1
85868
86012.5
86212.1
86524.2
86874.5
86945.8
86956.3
87153.8
87594.3
87726.3
88793.9
88944.2
90118.8
90187.2
90190.9
90579.2
91194.4
91386
91663.3
92490.8
93026.3
93323.1
93351.9
93649.1
93954.1
94567.8
95002
95068.5
95655.4
95744.7
96035.7
96569
96729.1
97293.8
97316.2
98488.6
98684.4
99214.2
99300.9
99473.8
100274
100367
100761
100855
100914
101029
101265
101302
101389
101923
102454
102996
102999
103318
103371
103656
103788
104478
105792
106328
107079
107402
107469
108453
108615
108744
108899
109085
109559
109646
109868
110496
110610
111514
111897
112084
112325
112377
112404
113078
113111
113149
113566
113960
114142
114278
114485
114576
114588
115049
115656
115671
116643
118402
118523
119039
119083
119517
119593
119835
119993
120293
120354
120908
121096
121234
121881
122385
122454
123337
123572
126189
126926
127886
128244
129022
129193
129434
129775
130435
130602
131746
132778
133156
133183
134347
134455
135185
135531
135772
135997
136017
136418
136612
137031
137916
138086
138860
138944
139744
140817
141090
141461
143574
143627
143631
144187
144779
145447
145592
145751
145770
145838
146524
146616
147084
147547
147747
148151
148144
148229
148288
148282
148332
148663
149344
149638
150204
151166
151437
152167
152225
152590
152864
153080
153155
153275
153808
153964
154377
154423
154601
154724
154735
154857
154866
155244
155351
155371
156130
156261
156657
156711
156896
157542
157835
157984
158226
158675
158895
159325
159570
159593
159636
160130
160125
160657
160847
160922
161084
161327
161408
161482
161961
162118
162362
162912
163061
163154
163863
164231
164567
164640
164859
165126
165794
165783
166113
166150
166420
166493
166510
167140
167664
168290
168323
168336
168405
169287
169681
170629
170841
170910
171163
171248
171265
171258
171751
171795
171899
172216
172222
172549
172619
172789
173172
173407
174416
174791
174901
175211
175259
175503
176015
176426
176431
176531
176597
176751
176806
176977
177988
177978
178005
178139
178887
179506
179923
180221
180683
180867
181589
181624
181980
182252
182562
182644
183397
184439
185460
186029
186335
186523
186576
186631
186827
187329
187872
188791
190108
190596
192319
193030
193109
193116
193194
193217
193689
193818
194042
194754
194790
195679
195734
195977
196127
196253
196311
196337
196832
197792
198140
198311
198336
198625
199149
199500
199919
