596.9
1333.01
2161.44
2182.97
3085.96
3275.68
4904.05
4949.61
5566.43
5773.66
8263.42
8630.19
9023.03
9365.28
9902.47
11321.2
13964.4
14193
14287.4
15134.2
15286.8
15773
16871.9
17840.6
18148.4
19502.1
19915.7
20610
20653.1
20669.9
21432.5
21842.5
22660.4
22702.8
23220.9
23350.1
24227.9
24370.4
25369.5
25630.3
25675.1
26246.4
26350.1
26854.7
27160.1
28606.1
29283.6
31652.4
31750.4
32145.7
32313.4
33125.8
33425.2
34019.9
34151.8
34388.9
34498.6
35320
35481.6
35911
36056.8
36112.9
36941.3
37492.1
38005.6
39066.6
39874.4
40974.6
41357.6
41530.8
41562.2
42117.4
42331.3
42561.5
42965.6
43133.9
43573.6
44781.1
44899.2
45209
45447.2
46134.7
46334.4
46853.6
48573.4
49287.4
49381.2
49718.5
51258.7
51326.1
52041.2
52067.2
52330.5
52335.4
52713.1
54118.2
55282.4
55463.3
55614.3
55944.6
56066.6
57232.6
57510.9
58420.6
58811.7
59359.9
59895.5
60340.2
60573.1
62699.3
62767
65125.5
66215.4
66544.4
67199.5
68107.9
68124
69733.6
70121.6
70900.5
70958.4
71226.9
72009.4
72092.6
72263.6
72473.1
72610.3
73496
73848.4
73883.5
74902.1
75387.9
75493
75596.8
76039.5
76176.1
76473.4
77947.5
78137
78197
78220.1
78499.9
78684
79980.1
80950.5
81360.7
83351.8
83583.2
83602.1
83977.1
84235
84704
85143.5
85676.8
85801.5
86079.9
86848.1
89872.2
90194.8
90720.3
91000.2
91120.8
91379.2
91550.2
91664.3
92189.2
93546
94092.9
94732.3
95173.7
95297.9
95569.6
96342.1
96369.7
96874.5
97275
97291.7
97598.2
97635.2
98271.2
98330.4
98375.1
99042.6
100148
100934
101001
102033
102050
102410
102957
103800
104118
104328
104552
104750
105193
105865
106244
106516
106917
106926
107199
107575
108119
108144
108313
109573
111001
111063
111179
112264
112688
112786
112950
113203
114156
114743
115353
115368
115894
116027
116278
116319
116412
116913
117271
117382
117445
118101
118732
118938
118966
119268
119360
119936
120531
120689
121433
121665
123222
123942
124049
124122
124622
125306
125486
125756
126056
126174
127033
127189
127539
127592
128702
129438
131440
131841
132484
133250
133978
135214
135271
135631
136056
137634
137777
139046
139839
140484
140674
140972
141087
141349
142621
142842
143932
144082
144547
144976
146212
146895
147505
148487
148620
149576
149642
150047
150147
150376
150569
150736
151261
152151
152753
152920
154168
155139
155256
155633
157650
157655
157698
157915
158702
159398
159492
160385
160546
160834
160871
160944
161315
161868
161957
164273
164385
165193
165876
165983
166135
166197
166357
166611
166694
167119
168167
169032
169226
169319
169918
170143
170241
170898
171197
171286
171628
172022
172895
173073
173624
173912
174153
174792
175473
175531
175925
176191
176265
177383
177638
178294
178588
179063
181216
181864
182310
182310
182662
182997
183965
185044
185328
185631
186067
187066
187655
187668
188203
189365
189875
190719
190944
191117
191212
191446
191504
191624
192712
193057
193104
193411
193987
194257
194748
194934
195874
196167
196173
196531
198082
198192
198649
198864
198928
199627
199803
