151.68
501.91
545.27
692.95
1419.13
1861.31
2085.39
3158
3530.03
3632.57
3929.55
4143.34
4155.11
4319.96
4704.13
7538.41
7637.83
9538.78
9762.59
9981.64
10383.6
10825.3
11140.1
11337.3
11813.8
11830.4
11910.9
12201.3
12368
12381.3
12525.9
12872.9
13034.1
13097.1
13140.7
13359.6
13505.3
14290.4
14463.9
14851.7
14866.8
15129.9
15327.5
15996.3
16150.3
16467
17444.2
17709.6
18309.2
18830
18935.1
20785
20985.5
21136.2
21782.5
22211.2
22511.5
23366.4
23491.5
23825.6
23848.9
24559.8
25004.1
26708.9
26793.8
27646.7
27904.1
28506.3
28596.3
29124.8
30214.9
30881.4
31485.7
32310.6
32632.5
32649.6
32880
33237.2
33983.8
34031.8
34385.4
34598.7
34654.5
34793.9
34868.8
34947.6
35019.2
35396.5
36398.6
37019
37257.8
37375.4
38160.1
38288.3
39822.1
39909.5
40110.6
40264.8
40451.3
40647.6
41228
41322.4
41504.8
41708.6
41901.1
41940.5
42104.3
42635.9
42854.4
43237.9
43937.9
44018.2
44730.8
46296.4
46749.3
47520.4
47663.5
48557.5
48618.5
49079.5
49669.6
50595.7
51581.7
51796.9
52036.8
52787.3
52846.6
53337.9
53363.7
53925.1
53927.5
54408.2
56169.2
56312.3
57441.5
58871.1
59834.1
59998.4
60214.9
60242.1
60404.7
60427.9
61235.8
61909.2
62258.7
62396.7
62436.6
62977
63075.1
63578.7
65729.6
65923.7
65960.4
66582.9
67076.5
67794.1
68763.9
68852.4
69049.5
69589.3
69806.5
70127
70188.3
71598.5
72329.7
72604.4
73012.3
73040.9
73425.3
74427
74482.2
75208.6
76487.2
77233.9
78621
78691.5
79368.1
79765.1
80141
81039
81057.2
81158.4
81193.9
81770.2
82576.7
83030.3
83866.2
83880.4
84110
84459.7
84590
85573.3
85784.5
86132.5
86385.3
86427
86654.7
87098
87678
88192.5
88312.1
88456.3
89220.8
89686.7
90683.4
91070.8
91188.2
93439.2
93776.6
94728.8
95306.9
95419.9
96055.7
96154.2
96732.7
96922.3
97752.3
97989.9
98539.6
99621.5
100540
100713
102051
103556
104222
104426
105790
106632
107331
107714
107836
107928
108210
108274
108289
108536
108605
108737
108801
109006
109063
109529
109525
109554
110253
110609
110729
111401
111579
111737
112201
113288
113571
113597
114600
115663
115709
116145
117880
118614
119525
120574
121201
121433
121956
122285
122377
122522
122850
122902
122900
123053
123520
124359
124847
125186
127459
127995
128811
128858
129076
129169
130043
130257
130347
133012
133915
134759
136072
137090
137498
137572
137862
138470
138785
139120
139166
139185
139233
139434
140357
140583
140884
141072
141232
141883
141992
142091
143185
144650
146483
146588
147650
147842
147880
150353
150508
150757
151100
151371
152090
152274
152739
154086
154737
154938
155250
155716
155741
155785
155992
156004
156525
156588
156903
157065
157392
157602
158264
158363
158837
159264
159302
159472
160068
160155
160838
161211
161513
161982
162421
163014
163148
164062
164526
164928
165108
165936
168041
169613
169979
170111
170437
170704
170822
171630
172094
172471
172738
173259
173327
173550
173899
174448
174650
174757
175044
175242
175931
176072
176722
177598
177767
177823
178115
178716
179737
179834
180088
180432
180786
181564
182458
182648
182966
183317
183490
183681
183947
184119
184466
184506
184815
184856
185142
185740
186156
186258
186819
190690
191353
191745
191854
192072
192437
193153
193266
193530
193719
193946
193977
194139
194182
195192
196438
197012
198515
199000
199435
199789
