277.79
1017.82
2737.17
3224.27
3616.38
4014.79
7797.62
7834.28
8535.36
9130.14
9141.54
10163.1
10782.9
12035.1
13015.2
14794.7
15898
16736.1
17024.3
17826.3
18100.2
19878.6
20321.4
23374
24482.7
24613.1
25331.9
25596.8
27019.9
27400.4
27660.1
28082.5
28251.3
28489.4
29725.5
31388.6
32818.3
32971.5
33843.5
33851
34140.4
35967.6
38506.5
40232.2
41561.1
41884.7
42808.4
43237.5
43993.9
44118.5
45406.3
46054.7
46898.5
48719.8
49235.1
53248.6
54121.3
56916.9
57205.9
58391.7
58954.5
59912.8
61324.2
61382.3
62856.9
63139.1
64221.5
65227.5
65868.7
66450.4
66648.2
66736
67464.1
67828.2
68036.1
69789.9
70847.5
71407.1
71730.9
73347.8
73969.4
74469
74698.7
76532.5
77634.3
77638.3
77974.7
78563.6
79043.1
79778.3
80479.2
82277.3
83603
83911.4
86794.3
88609.3
88828.1
90481.5
91286.6
92067.1
93519.1
93537.6
94909.5
96137.7
96145.1
96581.4
96985.3
97392.5
99513.2
99563.1
100108
100269
100586
101259
103146
103587
106446
106744
106783
107442
107935
108331
108400
108575
109396
111626
112597
112626
113619
115177
115335
120866
121297
121584
124272
124643
125547
126456
126655
127122
127651
127801
128435
128757
128854
129167
129918
130580
132210
132233
132742
132962
133704
133745
135263
136273
136586
136851
137085
137876
139783
140030
142234
143052
143717
144306
144532
148376
151425
151631
152067
152292
152619
153676
155755
156309
156520
158142
158816
158840
159889
162987
163144
167349
167371
167603
168445
170674
170816
170889
170946
171639
172212
172292
172548
172560
173686
173901
174249
180988
181005
181040
181205
181935
183067
184286
186098
186793
187635
187867
188100
188383
188462
191163
191628
194331
195664
195662
196813
197488
