198.65
367.4
544.56
552.25
564.7
766.67
857.28
1015.45
1094.14
1472.57
1486.71
1741.49
1873.14
1922.41
1962.31
2049.84
2154.63
2425.41
2449.42
2533.13
2641.69
2887.87
3046.53
3076.9
3143.26
3325.96
3439.25
3463.11
3488.12
3857.6
4046.86
4087.28
4362.27
4536.08
4783.62
4835.45
4944.07
5166.32
5165.44
5411.95
5616.38
5695.59
5757.42
5765.05
5886.06
5986.09
6079.26
6114.62
6127.56
6141.13
6180.47
6339.82
6511.27
6543.65
6754.62
6829.75
6900.83
6901.87
6972.43
7088.65
7120
7247.78
7325.05
7330.89
7429.43
7683.56
8058.13
8085.37
8128.92
8137.01
8351.92
8647.83
8668.97
8728.7
8821.91
8908
9019.44
9237.93
9420.92
9554.94
10110.7
10477.3
10507.6
10651.9
10752.1
11081.4
11105.7
11307.2
11397.7
11555.9
11643.9
11708.9
11842
12035.6
12327.1
12408.9
12429.1
12538
12783.2
12833.3
13236.9
13286
13349.1
13446.9
13791.7
13800.1
13971.7
13970.9
14562.2
14734.4
14993.4
15137.4
15173.4
15204.7
15405.5
15601.2
15674.8
15926
15936.9
15949.3
16009.7
16161.7
16533
16686.5
16687.6
16885
17143.5
17148.4
17575.2
17884.4
17889.5
17980.5
18042.4
18232.6
18319.6
18359.5
18478.2
18589.1
18655.7
18692.1
18756.1
18868.9
18935.4
19097
19103.9
19225.9
19320.2
19332
19516.1
19603.4
19824.5
19889.7
19900.5
20040.3
20209.4
20221.1
20303.4
20636.1
20848
20860.3
21014.1
21073.4
21101.9
21139.4
21297.4
21482.5
21496.9
21527.4
21550.1
21958.8
22090.3
22414.3
22557
22826.6
22915.3
22940.5
23028.7
23059.4
23192.9
23218.8
23229.5
23481.1
23718.4
23822.4
23833.6
23983.3
23983.8
24169.2
24243.4
24530.8
24603
24934.4
25027.4
25233.2
25256.5
25743.9
25795.8
25805.5
25922
26113.5
26178
26232.4
26334.6
26402.2
26555.3
26580
26780.8
26793.9
27543.9
27791.8
28005.7
28045.9
28311.4
28313.5
28557.2
28581.5
28606.7
28679.4
28799.1
28886
29002.2
29041.1
29179.5
29202.5
29205
29710.2
29830.8
29962.7
30018.1
30045.3
30317.1
30366.5
30417.6
30763.8
30797.9
30881.6
30970
31131.8
31177.1
31182
31193.1
31417.7
31428.8
31872.3
31980.1
31993.4
32152.8
32246.1
32376
32475.2
32510.3
32587.2
32760.2
32817.4
32883.9
33099
33124.3
33306.2
33361.4
33489
33557
33767.3
33950.5
33956
34009.1
34088
34115.6
34124.8
34245.4
34373
34613.8
34621.9
34670.8
34675.8
34819
34846.7
35005.4
35401.8
35436.8
35463.6
35569.1
35918.6
36138.5
36637.8
36709.4
36711.4
36814.9
36899.8
37086.8
37277.6
37531.7
37534.2
37796.6
37810.7
37884.6
38185.6
38221.9
38426
38928.2
38978.2
38994.3
39079.6
39131
39310.8
39423.2
39612.5
39640
39943.3
40193
40366.4
40679.3
40785.5
40794.9
41035.6
41134.3
41360
41501.4
41550.3
41649.2
41722.3
42014.2
42230.6
42304.1
42427.6
42498.1
42798.2
42866.1
43003.9
43466.4
43515.2
43529.7
43826.9
43933.2
44115.3
44210.4
44299.3
44373.4
44672.4
44707.9
44779.9
44804.6
44870.4
44962.2
45015.5
45189.2
45562.9
45659.8
45804.7
45951.5
46020.7
46187.9
46269.7
46620.8
46652.3
46768.9
46781
46923.4
47122.7
47231.8
47410.5
47432.7
47464.2
47481.6
47837.8
47991.9
48091.5
48169.7
48216.3
48282.3
48289.4
48441.8
48526
48583.2
48653.3
48974.4
49082.6
49117.5
49135.6
49193.1
49532.2
49753.1
49784.2
49830.1
49988.4
49993.6
50355.4
50613.3
50695.4
50829.4
50902.4
51048.4
51142.2
51193.4
51643.5
52050
52349.6
52420.7
52554.7
52563.7
52640.3
52744.7
52816.7
52838.3
52915.9
52927.8
52967.6
52973.9
53119.9
53158.6
53541.1
53679.6
53729.9
53728.2
54055.6
54161.5
54247.6
54377.3
54382.5
54866.1
54926.2
54923.7
54987.9
55053.1
55065
55153.6
55302.3
55372.5
55413.4
55821.7
55867.4
56146.8
56230.1
56543.4
56587
56808.3
56854
57231.4
57248.9
57302.6
57338.5
57549.6
57729.4
57762.7
57851.1
58038.8
58439.1
58452.9
58633.7
58668.6
58669.6
58984.2
59033.1
59059.3
59154.2
59184
59359.3
59428
59483.3
59730.1
59734.8
59837.2
59845.7
59846.7
60156.5
60178.6
60353
60603.5
60793.3
61070.5
61121.6
61181.8
61400.6
61490.5
61631.5
61693.8
62036
62026.7
62046.9
62163
62379.9
62380.4
62608.1
62628
62772
62881.4
62936.3
63513.9
63517.9
63544.5
63663.5
64103
64148.2
64175.5
64345.5
64423.9
64541.2
64635.9
64740.4
64831.5
64860.2
64930
65401.1
65427.4
65524.8
65559.2
65568
65567.5
65608.5
65710
65922.2
66040.7
66073.4
66160.9
66267.3
66383.8
66464.6
66648.1
66688.5
66712.6
66828.7
66971.7
67153
67324.9
67375.1
67406.6
67721
67739.2
67766.1
68115.1
68158.3
68227.2
68387.6
68422.7
68437.9
68646.9
68694.1
68914.6
68997.3
69019.7
69273.8
69384.9
69396.2
69652.1
69711.2
69753.7
69832.5
69989.4
70060.1
70173.4
70261.4
70337.8
70629.2
70724.6
70745.5
70804.1
70811.5
70820.2
70828.7
71096.1
71299.8
71522.5
71744.8
71782
72057.8
72197.2
72466.2
72527.9
72716.8
72792.6
72855.5
72885.3
73084.4
73141.2
73274.6
73707.6
73721.3
73827.6
73862.2
73939
73959.7
74099.4
74214.7
74322.3
74365.8
74572.5
74783.6
75029.8
75083
75374.1
75479.6
75508.5
75633.8
75951.9
76137.4
76147.4
76311.2
76507.7
76723.3
76746.1
76809.2
76955.9
76974.1
77083.8
77204
77283.4
77306.9
77517.2
77557.9
77602.3
77781.1
77863.8
77873
78236.6
78495
78748.2
78765.9
78910.4
79034.5
79161
79271.2
79420
79481.2
79724.4
79750.4
79925.9
80185.7
80650.6
80793.1
80930.6
80959.4
81026.8
81071.4
81074
81232.3
81357.1
81530.4
81537.2
81607.7
81715.7
81791.2
82105.1
82170.5
82480.1
82533.3
82552.4
82565.5
82566.3
83124.9
83176.1
83234.5
83287.6
83390.4
83457.6
83512.4
83797.3
83850.7
84250.1
84288.8
84285.7
84498.1
84744.7
85069
85384.8
85397.5
85509.6
85740
85786.1
85815.9
86233.8
86292.9
86419
86541.7
86662.7
86664.5
86791.8
86800.3
86972.3
86990.2
87139.6
87437.5
87635.5
87661.3
88124.4
88167.9
88209.2
88402.2
88475
88593.9
88746.5
88762.9
88782.4
89092.7
89128.3
89233.2
89226.4
89752.4
89767.6
90190.5
90376.2
90439.4
90575.4
90699.2
90725.3
90756.4
90975.1
90981.1
91226.8
91754.7
91802.4
91911.8
92016.6
92114.2
92300.2
92365.8
92398.2
92486.7
92812.7
93030.3
93075.1
93182.7
93204.9
93226.5
93376
93541.6
93710.7
93885.8
93898.4
94111.1
94117
94213.2
94214.3
94264.8
94334
94545.9
94610.7
94677.1
94711.7
94812.4
95055.4
95126.8
95156.6
95202.8
95346.2
95473.3
95512.1
95747.7
95827.9
95929.5
96108.3
96180.8
96508.2
96543.8
96572.8
96655
97135.2
97185.1
97191.2
97247.7
97436.1
97544.9
97658
97733.2
97769.8
97937.1
98056.6
98180.7
98215.9
98243.2
98434.9
98568.8
98684.9
98700.8
99032.8
99100.8
99245.6
99286.2
100039
100145
100243
100361
100381
100685
100928
101022
101080
101157
101338
101375
101382
101472
101629
101694
101774
102020
102117
102137
102411
102461
102573
102756
102788
102934
102973
103070
103459
103602
103630
103786
103853
104018
104048
104172
104204
104229
104405
104678
104742
104838
104879
105128
105305
105486
105873
105975
106101
106095
106368
107112
107138
107161
107255
107273
107377
107581
107655
107817
107896
107998
108193
108355
108404
108468
108476
108706
108891
109226
109273
109367
109478
109507
109510
109535
109782
109825
109836
109960
110007
110185
110235
110377
110493
110719
110742
110773
110960
111059
111174
111181
111235
111351
111380
111391
111398
111560
111571
111823
111986
111999
112064
112141
112220
112465
112615
112977
112973
112995
113048
113094
113141
113140
113362
113625
113834
113890
114058
114102
114115
114322
114440
114477
114510
114523
114593
114602
114852
114911
114941
115143
115156
115177
115240
115318
115782
116044
116371
116463
116523
116669
116725
116796
116853
117098
117316
117651
117801
117866
117897
118067
118244
118263
118300
118432
118481
118570
118590
118685
118724
118994
119030
119042
119138
119357
119357
119540
119584
119895
119915
119977
120034
120227
120240
120291
120447
120941
121020
121044
121375
121433
121546
121628
121848
121989
122001
122021
122033
122166
122265
122542
122733
122921
122976
123195
123322
123352
123383
123505
123671
123766
123785
123850
123964
124075
124181
124264
124346
124412
124422
124506
124667
124768
124886
125050
125334
125375
125519
125580
125650
125779
125931
126087
126246
126453
126497
126742
126832
127320
127331
127523
127750
128046
128108
128243
128409
128470
128528
128536
128562
128626
128831
129061
129112
129206
129465
129527
129542
129595
129684
129680
129862
129900
130005
130029
130130
130411
130532
130758
130922
131248
131345
131569
131659
131770
131814
131929
132188
132199
132231
132234
132283
132390
132448
132512
132680
132751
132809
132841
132933
133091
133099
133170
133208
133351
133641
133791
133827
133984
134057
134079
134152
134422
134507
134773
134835
134840
135007
135170
135185
135226
135284
135608
135723
135744
135814
135965
136015
136067
136161
136294
136407
136729
136956
136973
137066
137280
137356
137597
137650
137913
138081
138332
138482
138503
138850
138895
138904
138988
138991
139033
139145
139189
139293
139415
139432
139546
139547
139562
139723
139766
139895
140168
140179
140225
140554
140812
140840
140848
141133
141315
141596
141679
141686
141720
141879
141891
141992
142141
142245
142286
142295
142455
142520
142529
142688
142701
142806
143269
143326
143392
143647
143751
143831
143838
143992
144097
144308
144376
144452
144471
144934
144982
145249
145264
145485
145550
145695
145748
146123
146393
146516
146693
146771
146799
146929
146939
147005
147076
147444
147659
147664
147745
147759
147802
148057
148198
148248
148420
148460
148622
148734
149213
149273
149348
149372
149711
149771
149849
150114
150308
150478
150546
150570
150733
150774
150891
150889
150898
151037
151308
151356
151404
151566
151688
151877
151947
152077
152264
152368
152435
152443
152451
152803
152808
152816
152907
153141
153320
153547
153778
153916
154100
154184
154294
154398
154428
154509
154728
154822
154966
155096
155293
155386
155400
155491
155695
155877
156246
156256
156351
156402
156442
156445
156713
156718
156791
156820
156924
156975
157044
157075
157088
157242
157424
157424
157446
157471
157560
158073
158168
158171
158282
158322
158404
158680
158793
158873
158878
159040
159237
159234
159264
159302
159506
159546
159548
159585
159857
159882
159998
160017
160080
160136
160165
160586
161094
161288
161346
161470
161549
161557
162183
162183
162226
162333
162504
162651
162705
162894
163137
163187
163381
163396
163437
163601
163621
163752
163905
163998
164319
164372
164479
164480
164684
164729
164855
165020
165066
165282
165630
165638
165867
166042
166206
166390
166440
166494
166642
166782
166805
167181
167280
167300
167424
167493
167531
167771
167913
168060
168115
168224
168358
168509
168558
168704
168787
168812
168882
169345
169403
169599
169710
169975
170013
170212
170349
170615
170644
170698
170841
170884
170928
171182
171267
171630
171837
171901
172081
172192
172492
172506
172549
172811
173000
173455
173484
173696
173957
174002
174027
174174
174250
174306
174654
174693
174725
174966
174983
175494
175564
175709
175718
175866
175987
176053
176239
176409
176463
176609
177002
177178
177351
177359
177570
177617
177657
177654
178101
178169
178202
178232
178386
178568
178581
178779
178833
179024
179060
179364
179440
179483
179796
179944
179991
180208
180273
180275
180422
180517
180812
181020
181079
181343
181530
181585
181678
181705
181866
181927
181960
182051
182094
182182
182355
182534
182649
182870
182891
183554
183559
184018
184047
184113
184158
184219
184379
184454
184632
184978
185168
185264
185337
185683
185790
185802
186111
186278
186488
186618
186670
186684
186924
187057
187298
187442
187498
187572
187755
187791
187986
188380
188445
188491
188700
188842
188920
189184
189310
189427
189466
189469
189583
189593
189595
189928
190042
190132
190377
190418
190973
190986
191032
191080
191208
191555
191619
191616
191828
192021
192233
192324
192420
192473
192545
192647
192699
193017
193112
193155
193281
193437
193570
193584
193669
193906
194109
194287
194300
194299
194383
194544
195089
195138
195152
195319
195344
195410
195575
195674
195672
195698
196034
196081
196206
196346
196532
196549
196624
196951
196943
197000
197033
197158
197276
197282
197681
197679
197913
197983
198031
198090
198138
198205
198444
198535
198717
198757
198952
199012
199097
199510
199738
199813
