143.79
1714.82
3189.03
5603.96
6325.58
12133.6
13060.7
13503.6
15426.1
16033.7
18273.3
18457.5
18737
20503.8
21108.9
28223.5
38572.2
40906.6
42809.6
44539.6
46460.4
53237
54096.9
57022.4
57054.5
57096.7
59516.8
63327.6
63354
65039.2
66269.7
67670.5
69385.7
72282.3
72468
72468.3
76587.2
77890.6
80554.1
86517.7
89567.8
92336.9
92968.3
93836.9
95695.2
100598
101065
102226
103969
105402
106709
107538
108010
110830
111178
112235
112277
113717
114695
116381
122104
122412
123234
123465
125044
130241
133899
135024
136045
139371
141599
141720
142973
146146
152739
153232
154132
156520
159030
161801
161983
163799
166518
167048
167253
169946
171039
174206
175643
184126
185745
188936
189191
193277
193786
195493
195986
198763
