693.66
1190.07
1289.58
2206.2
2991.38
3007.89
3153.27
4801.84
5120.44
5833.34
6065.05
6259.01
7050.74
8983.43
9506.89
9733.72
9851.8
10276.4
10297.8
10426.1
10957.1
11274.7
11688.5
12761.9
13791
14015.6
14139.9
14505
14724
16347.2
16403.1
17159.3
17224
17866.1
17974.4
18368.7
18572.5
19161.2
19415.4
19636.8
20907.4
21135.7
21519.8
21590.8
22759.6
23329.7
23452.1
23983.9
24258.4
26031
26197.6
27695.7
28034.7
28278.1
30002.3
30270.7
33154.6
33339.1
33719
34179.8
37088.3
38008.7
38585.6
39320.3
40852.3
41019
41891.7
44064
45511.1
45855.9
45933.5
47346.7
47426.3
48999.2
49168.3
49197.4
49607.1
50190.1
50288.4
50491
50959.4
51369.8
51823.4
52469.6
54066.8
54702.1
55082.4
55223.2
56840.3
56973.6
56989
57319.7
58612.2
59420.4
59521.9
60041.2
60514.1
60873
61604.4
62871.5
67632
67963
68125
68729.1
69048.5
69086.8
70081
71563.8
72108.2
72357.7
72544.7
74102.5
74169.3
75545.3
76055.7
81341.9
81729.9
81765.5
82141.8
83007.1
83185.5
84541.5
86739.3
88260.1
90711.2
91017.2
91583.2
91637.7
91753.8
92118.4
92398
92769.4
93018.8
93502.3
94393.2
94579.6
95344.8
97334.3
98525.1
100211
100226
100298
100642
104798
105245
105615
106052
107381
108687
110120
111554
111578
111998
112737
113950
114187
114396
114920
115150
116374
117546
117558
118032
118075
118654
118899
119378
119847
120189
121106
121207
121656
125341
127752
128503
129074
129358
129792
130074
130308
130613
133104
134662
135571
135978
136585
137608
138754
139003
141342
141634
141816
145598
146316
149322
150277
150562
152694
153132
153322
154063
154164
157161
157216
157875
158027
159314
159792
160318
161362
161825
162068
162151
162633
163738
163826
164036
164826
166059
167509
169059
169257
169652
170751
171323
172288
173622
173963
174334
174561
174920
175943
176092
177042
177449
178616
178643
179650
180720
181012
181580
182333
183327
183572
185132
185394
187754
188475
190563
190715
191256
191567
193781
197689
198374
200000
