488.1
500.75
504.54
512.62
528.18
599.71
607.87
623.81
631.87
647.09
716.41
719.77
733.22
734.78
975.66
978.87
980.31
987.46
1009.69
1015.49
1018.75
1028.03
1029.58
1765.81
1777.27
1789.06
1816.08
2502.15
2504.04
2526.49
2534.99
2548.51
4712.94
4803.95
4893.26
4928.6
4969.47
4972.34
5495.73
5500.71
5505.57
5511.62
5521.81
5529.29
5530.45
5543.55
5544.93
5547.38
7401.16
7414.03
7475.41
7731.52
7734.25
7770.54
7771.96
7809.8
7814.76
7817.19
7832.55
7880.43
7898.38
7926.39
7935.61
8266.06
8399.59
9265.85
9277.65
14189.9
14270.6
14330.9
14343.4
14353.6
14356.2
14362.5
14398.1
14422.8
14426.9
14430.4
14593.9
15321.8
15328.2
15335.7
15342.4
15877.6
15975.9
15988.5
16025.5
16038.6
16057.6
16446.5
16473.3
16476.2
16483.3
16499.8
16516.3
16572
16573.5
16594.4
16598.8
16661.9
16732.1
16737
16739.8
16743.3
16749
16780.3
16791.3
16825.4
16864.9
16868.5
17549.3
17575.4
17590.3
17595.9
17599
17636
17687.8
17700.6
17704.2
17727.2
17732.4
17745.4
17771.2
17825.6
17844.3
17851.3
17853.4
17875
17881.1
17885.7
17977
17979.5
17986.9
17988.9
17992.8
17994.9
18078.4
18364.4
19001.7
20061.7
20080.4
20086.4
20661.6
20680.6
20762.9
20956.6
21009.8
21066.5
21069.2
21112.5
21114.1
21121.9
21362.8
21395
21406.9
21412.7
21419.7
21449.7
21895.9
21900.5
21911.6
21942.7
21966.9
21974.7
21992.1
21996.4
22052.7
22057.7
22063.5
22499.8
22514.6
22601.1
22677.4
22699.7
22767.7
22772.3
22774.9
22778.3
22781.9
26194.8
26447.2
26473.2
26502.3
26503.5
26513.4
26515
26521.4
26544.4
26558.5
26561
26576.5
26682
26683.2
26686.3
26687.9
26690.2
26762.3
26765.8
26770.5
26773.4
26777.4
26812.8
26818.8
26826
26835
26841.5
26855.5
26862.3
26893.7
27031.3
27036
27048.5
27056.4
27063.2
27070.7
27073.6
28433.8
28461.8
28466.2
29271.9
29307.6
29309.3
29658.2
29663.8
29669.2
29671.9
30189.5
30213.2
30219.5
30946.4
31056.5
31096.1
31102.2
31104.6
31123
31127.7
31130.7
31133.8
31140.8
31244.9
31274.6
31277.6
31286.1
31302.5
31817.9
31840.5
31873.4
31880.7
31882.1
31893.2
31912.5
31947.3
32056.6
33873.4
33893.3
33928.5
33931.2
33934
33939
33940.4
33942.5
33975.8
34022.8
34041.4
34097.7
34103.1
34115.1
34117.1
34118.9
34127.2
34129.2
34132.2
34135.7
34148
34222.1
35396.3
35408
35412.1
35415.4
35420.6
35451.3
35484
35492.7
35498
35506.5
35997.4
36003.8
36005.4
36031.8
36243.4
36314.1
36329.4
36395.9
36398.5
36437.4
36474.4
36767.9
36814.5
36836.7
36849.2
36852.7
36872.9
36879.2
36886.2
39128.5
39585.4
39618.7
39633.1
39642.2
41214
41217.7
41219.1
41224.5
41228.7
41240.8
41873.3
41881.7
41884.9
41887
41891.1
41893.5
41950.3
41956.9
41965
41994.9
41997.9
42000.5
42009.6
42041.3
42045
42046.2
42060.5
42148.1
42183.1
42189.4
42298.7
42317.3
42321.8
42327.7
42348.7
42350.9
42353.6
42373.6
42380.9
42383.1
42385.1
42534.7
42536.3
42539.3
42540.6
42564.1
42573.5
42576.8
42585.8
45342.4
45365.3
45373.4
46050.7
46053.8
46058.7
46066.1
46084
46089.9
46191.6
46196.7
46209.4
46217.3
46220.3
46224.5
46232.9
46260.1
46291.5
46307
46326.4
46339.1
46502.5
46513.6
46554.3
48353.8
48375.8
49076.9
49087
49094.3
49098.7
49459.2
49466.7
49479.8
49485.2
49705.6
50121.1
50123
50127.8
50133.7
50138.9
50143.8
50162.2
50198.9
50211.4
50214.7
50261.8
50284.1
50291.2
50346.9
50518.7
50529.4
50534.8
50579.5
50588.4
50590.8
50594.5
50615
50617.4
50623
50626.7
50647.1
50685.5
50699.8
50755.7
50759.7
50805.8
50814.2
50943.3
51005.6
51018.3
51023.6
51025.7
51033.9
53155.8
53163.7
53172.8
53177
53189.1
53196.6
53220.9
53242.1
53266.2
53322.4
53343.5
53364.5
53366.5
53373.3
53391.2
54224.4
54233
54321.9
54351.2
54354.2
54368.3
54405.7
54410.7
55296.4
55300.3
55303.5
55326.2
55353.2
55401
55436.6
55654.7
55660.7
55668.8
55709.2
55711.9
55716.4
55717.8
55952.3
55983.4
55985.2
55998.8
56000.5
56002.8
56019.1
56020.7
56023.7
56030.8
56058.5
56080.7
56097.9
56099.6
56129.9
56361.9
57836.2
57849.6
57859.9
57863.1
57881.1
58057.7
58098.7
58104.1
58116.8
58146
58148.9
58159.6
58165.4
58209.2
58296
59756
59765
62272.4
62486.2
62521.5
62532.6
62568
62606.1
62728.5
62733.1
63052.5
63535
63542.6
63550.5
63556.5
63561.8
63563.7
63606
64465.8
64479
64487.3
64503.7
65464.1
65466.7
65477.7
65518.4
67445.8
67450.6
67456.4
67459.3
67472.9
67686.4
67712.5
68890.2
68894.4
68899.7
68902.7
68907.7
68915
71394.8
71427.7
71434.3
71454.9
71458.8
71498.3
71503.3
71553.6
71626.2
71629.3
71668.9
71852.5
71860.1
71873.8
71877.4
71882.2
71902.8
71940.1
71941.7
71958.4
72010.8
72024
72041.9
72044.7
72266.2
72270.8
72289
72291.8
72295
72312.6
72315.7
72323
72334.9
72340.2
72354.5
72360.6
72386.4
72395.3
72562.6
72574.2
72590.3
72631.5
72657.5
72675.1
72712.1
72729.8
73051.4
73053.1
73059.3
73063.2
73080.3
73394.2
73397.3
73421.2
73433.5
73438
73441.8
73471.2
73724.4
73754.3
73768.6
73775.9
74196.5
74198.6
74238.6
74262.5
74267.9
74275.6
74278.2
74300.1
74309.7
74317.7
74334.4
74335.7
74359
74432.9
74494.2
74514.3
74527
74545.8
74555.7
74567.6
74585
74595.1
74597.3
74607.1
74622.7
74630.1
74700.7
74703
74706.9
74720.3
74733.2
74735.7
74737.9
74758.2
74761.7
74764.5
74766.1
74769.9
74781
75052.4
75054.8
75074.5
75096.4
75109.3
75374.3
75378.5
75471
75479.4
75489.7
75507.9
75519.1
75564.4
75569.4
75576.1
75580
75596.9
75687
75707.2
75730.2
75735.2
76065.8
76076.6
76094.3
76119.2
76546.4
76585.8
76604.2
76618.8
76760.9
76765.8
76771.4
76786.5
76795.5
76828.2
76910.6
76943.1
76967.1
78267.5
78287.4
78320.8
78326.4
78350.1
78359.3
78400.1
78428.9
78433.1
78883.3
78896.7
78912.8
78935.6
78941.4
78948.1
78954.3
79123
79134.4
79146.3
79152.6
79156.8
79170.7
80074
80141.4
80165
80368.9
80418.1
80814.6
80816.4
80835.6
80844.6
80849
80852.9
83222.4
83235.9
83239.6
83242.8
83246.6
83289.4
83301.8
83304.3
83309.6
83314.7
83361.8
83376.2
83436.4
83531.6
83552.8
83620.1
83637.9
83723.4
83739.1
83766
83786.1
85120.6
85697.5
85716.4
86437
86447
86456.8
86464.9
86468.9
86471.3
86476.5
86951.3
86953.9
86980.3
87018.7
87067.6
87342.3
87353.4
87704.9
87707.8
87721
87747.2
87860.5
87917
87931.1
87932.6
89773.3
89808.3
89812.4
89831.5
89847.9
89940.4
89942.3
89943.4
89947.6
89951.1
89968.4
90008.5
90024.3
90030.4
90040.1
90224.3
90241.5
91525.1
91555.8
91559.2
91632.3
91727.6
91788
91859.6
91862.5
91883.6
91896.7
91925.8
91942.6
91944.7
91950.3
93336.3
93348.2
93353.9
93359.5
93371.6
93387.2
93394.9
93404.1
94159.2
94160.9
94178.4
94239.8
99047.3
99057.6
99446.1
99447.3
99487.9
99504.1
99668.1
99675.7
99681.7
99686.6
99693.5
99695.6
99699.1
99707.7
99717.1
99725.7
99830.2
99903.7
99910.8
99921.4
99951.6
100046
101059
101091
101363
101375
101428
101847
101855
101885
102111
102119
102123
102140
102142
102301
102335
102372
102374
102384
102387
102450
102453
102477
102482
102574
102819
103057
103063
103065
103663
103697
103730
103769
103933
103961
104103
104111
104114
104119
104167
104168
104172
104174
104211
104215
104253
104258
104278
104281
104294
104297
104308
104311
104319
104322
104337
104351
104388
104451
104505
104568
104763
104765
104811
104903
105033
105096
105117
105124
105131
105141
105146
105158
105262
105264
105270
105669
105674
105686
105704
105705
105719
105728
105732
105818
105827
105834
105907
106068
106074
106124
106127
106131
106182
106185
106189
106255
106263
106267
106270
106281
106284
106315
106342
106350
106358
106360
106370
106377
106381
106387
106390
106427
106439
106452
106462
106475
106480
106497
106507
106511
106915
106941
106950
106962
106964
108361
108366
108412
108414
108424
108446
108449
108453
108460
108471
108474
108498
108502
108511
108518
108520
108525
108552
108604
108666
108672
108690
108786
109043
109108
109121
109148
109177
109180
109182
109185
109189
109219
109220
109222
109239
109259
109282
111084
111093
111096
111107
111110
111122
112090
112093
112113
112117
112122
112127
112458
112536
113296
113300
113309
113677
113733
113734
113748
113763
113770
113776
113787
113786
113793
113800
113811
113830
113848
113938
113943
113954
114024
114034
114107
114137
114366
114403
114411
114413
114424
114429
114431
114438
114448
114467
114490
114509
114533
114547
114608
114625
114664
114666
114669
114674
114689
114767
114769
114774
114790
114797
114823
114827
114836
114845
114848
114851
114858
114863
114871
114902
114905
114938
114943
115021
115049
115056
115113
115156
115413
115464
115468
115475
115535
115541
115562
115578
115700
115709
115718
115751
115944
115978
115981
115999
116007
116013
116014
116016
116025
116027
116110
116740
116773
116776
116778
116783
116804
116810
116822
116828
116829
116851
117050
117053
117065
117079
117199
117212
117245
117254
117256
117260
117277
117278
117313
117319
117324
117333
117342
117362
117367
117371
117381
117429
117430
117441
117437
117453
117486
117505
117585
117657
117686
117737
117759
117873
117881
117912
117914
117931
117945
117959
117970
117984
117991
117995
117999
118000
118203
118448
118481
118912
118915
118920
118940
118944
118948
118969
118972
118975
119362
119445
119471
119485
119491
119509
119510
119531
119538
119550
119555
119569
119569
119573
119582
119589
119621
119626
119649
119650
119654
119675
119678
119684
119692
119702
119704
119741
119781
119805
119814
119821
119854
119881
119926
119936
121476
121482
121522
122048
122050
122056
122064
122067
122072
122632
122674
122704
122708
122718
122751
122761
122772
122791
122831
122834
122867
122883
122958
122965
122966
122969
125038
125042
125043
125087
125179
125184
125199
125237
125464
125501
125503
125691
125735
125833
125851
125959
126003
126015
126018
127814
127832
127888
127934
127948
127968
128060
128062
128066
128153
128165
128179
128213
128248
128267
128287
128390
129323
129327
129342
129351
129353
129633
129634
129650
129670
129677
129681
129703
129704
129710
129715
129723
129725
129729
129744
129812
130277
130299
130307
130322
130328
130332
130590
130664
135615
135626
135673
136511
136515
136518
136530
136531
136830
137647
137651
137655
137660
137665
137668
137671
137813
137823
138595
138634
138636
138649
139084
141262
141268
141273
141278
141287
141289
141966
142878
142885
142903
146246
147064
147100
147115
147120
147216
147349
147351
147355
147387
147423
147443
147461
147467
147475
147478
147480
147509
147542
147573
147579
147589
147594
148064
148111
148118
148121
148153
148936
149003
149204
149275
152459
152471
152473
152488
152490
152491
152501
152555
152559
152561
152563
152568
152573
153125
153270
153272
153274
153279
153299
153306
153365
153565
153584
153592
153630
153662
153665
153688
153762
154142
154715
154716
154720
154733
154778
157390
162218
162296
162307
162576
162603
162628
162642
162643
162673
162695
162719
162720
162763
162836
162849
162866
162868
162870
162878
162892
171338
171824
171833
171837
171879
171881
171889
171913
171924
171941
171947
175204
175206
175209
176082
176096
176105
176118
176124
176152
176167
176179
176209
176213
176224
176228
176232
176242
176246
176270
176291
176302
176307
176311
176331
176336
176349
176354
176365
176367
176371
176385
176395
176409
176412
176414
176416
176418
176432
176435
176440
176496
176498
176500
176592
176601
176605
176616
176619
176627
176646
176689
176726
176731
176739
176741
176745
178296
178320
178333
178350
178466
178482
178483
178484
178502
178517
178543
178688
178723
178838
178851
178874
178895
178916
178925
178929
178947
178952
178963
178966
178973
178976
178982
178983
178987
178994
179203
179210
179221
179352
179354
179359
179373
179379
179393
179418
179423
179430
179436
179580
179700
180111
180131
180170
180177
180196
180207
180209
180529
180552
180585
180600
180610
180625
180666
180681
180724
181156
181185
181247
181249
181333
181337
181337
181395
181427
181439
181542
181582
181602
182484
182489
182494
182502
182520
182529
182540
182547
182574
182589
182624
182657
182668
182718
182779
182790
182798
182801
182816
182836
182852
183799
184127
184139
184161
184355
184395
184403
184414
184689
184699
184701
184704
184707
184758
185773
185771
185810
185828
185831
185835
185858
185891
185896
185902
185911
185916
185954
185957
185974
185982
185992
185990
186012
186011
186014
186032
186057
186081
186135
186147
186151
186165
186174
186216
186280
186304
186308
186851
186865
186892
186934
186936
187266
187798
187878
187950
187995
188000
188002
188009
188010
188061
188126
188133
188141
188164
188167
188346
188349
188351
188389
188461
188541
188576
188589
188612
188614
188615
188618
188691
188696
188699
189314
189780
189945
189960
189964
189978
189988
189997
190000
190005
190044
190637
190694
190758
190766
190774
190778
190785
191780
191788
191822
192044
192054
192058
192064
192329
192354
192467
192513
192539
192556
192559
192562
192575
192588
192587
192598
192634
192712
192727
192753
192770
192777
192782
192801
192822
192837
192840
192844
192859
192863
192869
192890
192897
192899
192925
192929
192989
193014
193032
193047
193051
193059
193082
193101
193156
193158
193186
193225
193227
193245
193247
193265
193295
193298
193330
193478
193481
193553
193591
193593
193597
193604
193611
193630
193634
193667
194110
194130
194463
194481
194528
194531
194535
194539
194554
194578
194628
194760
195168
195178
195182
195190
195222
195456
195512
195519
195544
195608
195612
195615
195622
195904
196001
196042
196051
196059
196069
196137
197523
197544
197718
197725
197731
197746
197761
197769
197833
197837
197867
197877
197887
197901
197905
197911
198054
198057
198067
198069
198097
198102
198243
198271
198489
198503
198516
198523
198525
198701
198724
198770
198776
199149
199178
199188
199231
199244
199324
199328
199366
199371
199376
199378
199388
199391
199416
199420
199431
199451
