99.74
154.06
365.61
471.86
609.39
776.23
1165.57
1181.05
1337.73
1460.02
1638.09
1721.39
1973.52
2299.78
2466.7
2837.84
4225.16
4747.51
4793.63
4977.08
5006
5062.51
5462.45
5503.43
5553.25
5792.53
5851.19
5921.99
6015.64
6124.82
6213.86
6216.59
6236.2
6348.13
6713.58
6933.95
7065.03
7120.37
7501.68
7509.15
7597.94
7818.86
8019.8
8064.13
8103.47
8193.82
8401.05
8454.92
8576.58
8667.28
9235.99
9530.87
10187.2
11182.5
11340.2
11575.3
11679.2
11896.6
12356.2
12577.2
12622
12948.8
13007.7
13213
13263.9
13643.1
13761.8
14200.5
14221.9
14297.2
14570.5
14842.9
15041.2
15185.4
15247
15506.3
16079.7
16253.3
16577.1
16687.6
16698.1
17050.1
17209.3
17376.8
18323.5
18450.1
18560.2
18802.7
19212.1
19255.3
19390.7
19880.8
19886.9
20202.5
20213.8
20219.7
20288.6
20498.5
20763.5
21340.7
21543.4
21678
21853.5
21920.3
23000.7
23411
24145.1
24382.7
24405.1
24476
24698.9
24836.6
24875.1
25113.2
25178.8
25233.3
25564.3
25601.8
25984.6
26064.7
26320.8
26666.9
26695.1
26952.7
27620.5
27988.7
28293.3
28721
28788.3
29194.3
29594.7
29679.1
29749.6
29947.7
29959
30160.2
30159.8
30368.4
30402.8
30570.7
30779.4
31025.9
31173.3
31426.6
31463.7
31611.1
31810.2
31827.2
32174.9
32817.4
33368.2
33518.5
33576.8
33602.1
33639.8
33816.1
33933.6
34056.8
34413.3
34432.2
34989.1
36361.7
36628.1
37069.3
37097.1
37104.4
37144.6
37769.9
37800.3
37807.7
37849.4
38273.9
38408.5
38500.7
38674.9
39559.4
39771
39825.7
40190.5
40475.6
40909.4
41022.5
41070.2
41392.6
41859.3
42561.6
42799.9
42920.4
43031.9
43589.1
43943.6
43949.3
44315.9
44409.9
44638.8
44705.8
44770.7
45066.8
46076.7
46165.2
46199.3
46494.3
46511.6
46656
46837
46860
46874.8
47141.9
47159
47153.4
47347.7
47748.8
47747.5
47829.6
47988.6
48385.5
48471.8
48542.1
48749.4
48825.3
48839.5
49247.8
49483.8
49605.4
49665.2
50038.7
50249.7
50583.7
50907.3
50984.4
51026.9
51188.7
51931.6
52119.9
52178
53063.6
53212
53844.1
53867.2
53892.1
54224.7
54531
55303.6
55391.3
55639.3
56418.8
56799.3
56993.6
57813.3
58971.8
59111.3
59219.6
59538.6
59968.2
60073.1
60397.2
60439.3
61153.2
61342.7
61956.2
62381.6
62527.9
62560.7
62639.9
63067
63075.5
63384.4
63608.5
63959.1
64743.3
64861.6
64951.4
66029.2
66333.4
66572.3
66929.7
67223.5
67314.1
67622.4
68151.2
68463.4
68734.8
68907.1
68970.1
69045.7
69091
69421.2
69575.4
69779.1
70040.7
70306.7
70333.1
70384.7
70495.3
70761
70854.5
72366
72808.4
72898.7
72966
73995.7
74643.4
74732.9
74907.9
75200.3
75421.2
75530
75921.6
76283.7
76987.4
77095.5
77300.4
77311.8
77494.7
77546.1
77798.1
77887.1
77917.5
78558.2
79364.2
79540.2
79698.7
79862.2
79983
80412.7
80574.3
80599.6
80780.2
80934.2
80982
81257.1
81269.5
81816.7
81853.9
81964.2
82702.4
82940.2
83199.5
83439.8
83567.5
83597.8
84033.6
84624.6
84765.5
85278.4
85536.5
85609.4
85888
86114.3
86404.2
86464.8
86590.5
86652.6
86796
86934.3
87022.4
87048.3
87406.9
87962.3
88107.5
88376
88405.5
88532.2
88734.2
88761.1
89344.5
89366.1
89538.5
89623.5
89737.9
89933.7
89988.3
90013.8
90148.8
90374.7
90546.1
90879.8
91622.3
92209.6
92435.6
92596
92807
93355.8
93356.3
93984
94122
94256.6
94841.9
94970.6
95198.7
95232.5
95695.8
95746.9
96375.8
96430.9
96536.1
96781.3
96877.2
97092
97098.2
97261.1
97519.7
97545.6
97889.1
98230.3
98511.6
98728.5
99081.6
100540
100910
101213
101397
101418
101491
101726
102105
102174
102259
102406
102440
102479
102669
102982
103014
103263
103385
103391
103397
103430
103652
103747
103834
104007
104065
104189
104818
105001
105122
105173
105355
105408
105467
106067
106282
106637
106944
107292
107395
108020
108343
109093
109141
109350
109536
109633
109967
110202
110501
110549
110645
110734
110902
110964
111088
111148
111640
111741
112135
112564
112793
112858
113525
113697
113755
113865
114272
114762
114885
114906
115094
115135
115666
115984
115996
116187
116269
116439
116540
116876
116943
117242
117337
117626
118084
118307
118859
118875
118912
119297
119469
119607
119606
119690
119902
119962
120052
120445
120526
120974
121245
121410
121418
121813
121885
121901
121936
121979
121980
122014
122030
122263
122323
122403
122714
122972
123031
123042
123219
123288
123327
123651
123926
124209
124368
124824
125106
125314
125537
126096
126417
126803
126911
127031
127898
128276
128353
128511
128608
128760
128915
129072
129301
129401
129553
129705
130082
130313
130548
130705
130815
131269
131796
133114
133602
133865
134502
134950
135071
137155
137312
137483
137948
137979
138275
138531
138969
139260
139299
139380
139489
139625
139976
140799
141107
141525
141583
141782
141986
142243
142403
142607
143149
143312
143614
143890
144153
144615
144941
145131
145257
145367
145435
145673
145831
145990
145995
146015
146013
146340
146356
146454
146636
146950
147661
147922
147976
148049
148269
148861
149179
149752
149998
150158
150352
150631
150992
151015
151302
152301
152417
152585
152711
152960
153648
153939
153983
153987
154087
154396
154433
154527
154527
155110
155274
155868
155920
156019
156261
156493
156553
156759
157486
158425
160370
160400
160812
160843
161272
161521
161590
161802
161998
162931
162971
163202
163285
163461
163684
163886
164115
164202
164276
164413
164537
164813
164898
164947
164965
165362
165978
167127
167735
168274
168481
168769
169374
169490
169749
169786
170186
170716
172036
172186
172278
172649
172673
173000
173098
174154
174465
174699
174726
174763
175077
175086
175433
175445
175688
175797
175989
176049
176322
177214
177288
177451
177573
177604
177805
178224
178250
178277
179460
180395
180435
181561
182093
182533
182606
182817
182985
182998
183018
183256
183313
183466
183513
183986
184050
184103
184180
184291
184778
185138
185824
185916
186138
186431
186471
186503
186552
186921
187247
187532
189965
190306
190487
190622
190751
190837
191269
191784
192011
192226
192252
192510
192535
192586
192597
193051
193334
193434
193562
193616
194035
194572
194607
194640
194953
195648
195891
196081
196118
196612
196746
196892
196998
197053
197137
197224
197363
197478
197681
197723
197806
197986
198000
198113
198338
198873
199021
199372
199806
199938
