2183.65
2586.7
2756
9489.37
10468.9
10836.2
11304.2
11434.6
13014.8
13557.7
14860.8
15672.1
16892
18156.1
19144
19545.3
22797.2
23435.4
24360.1
24976.2
26226.8
26232.3
27074.8
28503.3
30622
31095.1
32639
33003.5
34319.1
34647.3
35175.5
36228.7
36568.8
36827.7
38833.2
40109.8
41533.6
43918.1
49075.4
49528.5
50616.7
50936.8
52347.6
52436.9
56320.6
56462
57582.4
58139.5
59292.7
59479.3
60327.4
60954
62304.1
62753.2
62875.8
63229.8
63615.9
63908.2
66709.9
67342.9
68112.6
68949.3
70225.5
70586.4
73461.4
73556.5
74947.6
75105.9
75724.1
76201.1
82506.6
82733
83886.9
84835.8
86474.1
86607.1
86892.7
88121.4
94470
95923.5
99863.9
100460
100758
101223
101667
103043
103204
104277
104979
105786
106404
107237
107374
111602
113753
114447
115489
115803
116414
119453
120600
122296
123635
124564
126602
128225
128952
129023
131428
137423
138549
139236
140066
140986
141866
144972
146817
147718
148712
149561
151499
151551
151684
152564
153655
155194
155374
155847
156311
159060
160426
160998
162152
162246
162492
166042
166522
168330
168848
168874
168876
169110
171645
172495
173287
174547
176419
179695
179853
180359
184103
185778
188226
189685
189881
190106
192491
192658
197168
198691
198778
199737
