428.37
512.04
630.97
1280.61
1617.43
2101.61
2226.86
2527.67
2637.35
3108.3
3335.65
3351.81
3444.95
4016.59
4667.6
4728.4
5519.91
5558.22
5638.62
6456.85
6688.18
7033.66
7170.86
7269.92
8957.07
9097.69
9418.71
9778.5
9805.06
10082.2
10303.2
10883
11087.9
11154
11667.2
12028.4
12130.1
12714.7
12952.9
13073.6
13120.4
13462.3
13483
13946.4
14024.5
14242.9
14549
15562.9
15842.4
16061.3
16199.8
16539.3
16772.9
16806.8
17279.2
17536.9
17681.4
17995
18671.3
18952.4
19073.9
19291.4
19326.3
19831.9
20607.5
21057.5
21556.9
22578.8
22653.7
22677.4
22931.9
23001.2
23018.6
23413.3
23685
24117.3
24753.5
25351.7
25952.9
26067.8
26143.7
26553.3
26796.7
26924.9
27340.4
27399.4
27493
27890.7
28164.4
28256.5
28310.7
28720.1
29198.6
29416.1
30309
30653
30929
30957.2
31859.6
32262
32797
33328
33972.6
34149.2
34309.2
34417.9
34957.8
35045.5
35517.2
35761.9
36079.4
36149.3
36784.3
37068
37977.3
39358.5
39497.9
39964
40913.3
41147.6
41172.1
41589.6
41655.5
41881.4
41918.8
42876.5
43074.4
43397.9
43519.9
43657.3
43665
44185.6
44204.8
44482.2
45569.7
45748.6
46258.5
47348.7
47454.9
47974.8
48199.6
48714.9
49196.4
49440
49498.9
49704.2
49760.5
50178.4
50370.1
50762.1
50994.8
51283.5
51873.6
52079.2
52140.5
52307
52671.8
52833.8
52910.1
54272.8
55368.7
56079.2
56268.4
56431.3
56621.8
57038
57109
57388
57664
57851.7
58725
58845.2
59095.7
59259.5
59864.6
60158.5
60652.1
60855.6
61936.6
61952.6
62252.7
62463.8
63103.8
63393.7
63570.2
63746.6
63762.9
64168.5
64421.1
65432.1
66119.7
66867.9
67618.2
67660.5
67874.9
68148.8
68429.5
68522.1
68688.9
68874.1
69365.2
69640.2
69866.8
70174.3
70177.3
71616.4
71897.7
72418.1
72796
72960
73392.9
73511.5
74110.1
74120.1
74470
74881.9
75186.8
75438.6
75468.5
75769.2
75994.3
76241.6
76360.2
77121.8
77950.1
78734.1
79221.4
80059.3
80975.2
81454.7
81818.2
81951
81980.4
82393.1
82443.1
82872.5
83023.5
83807.3
84257.7
84298.9
84357.8
84507.5
84577.6
85043.6
85136.6
85496.5
85570.1
85719.4
85915.2
86754.1
86765.2
86785
87596.8
88163.6
88269.5
89729.1
90071.5
90642.6
91304.2
91587.8
91694.8
92102.7
92184.5
92199.1
92295.3
93039.7
93603.7
93807.9
94849.2
95183.8
95641.1
96245.9
98578
98628.5
98893.3
99607.2
99877.3
100039
100309
100422
100814
101085
101086
101141
101686
101714
102799
102930
103420
103575
104013
104374
104628
104846
105077
105278
105932
105982
106232
106497
106790
107302
107374
107390
107562
107825
108208
109254
109753
109908
110231
110520
110759
111093
111395
111468
111723
112028
112347
112415
113429
113899
114352
114455
114846
115280
115638
115942
115979
116114
116245
118740
119067
119593
119722
120492
121452
121854
122008
122151
122228
122511
123562
124262
124279
124333
124470
125188
125431
125921
126040
126769
128039
128054
128164
128486
128877
129474
129506
129984
130291
130482
130525
130969
132051
132454
132675
132783
132862
133150
133261
134002
134052
134980
135149
135194
137342
137530
137669
138442
139061
139619
139859
139931
140586
140913
141579
141672
142045
142445
142459
142912
142983
144151
145339
145649
145952
146136
146699
146883
147000
146996
147065
147234
147373
147417
148015
148510
148747
148968
149272
149411
150107
150831
150919
151025
152259
152826
153077
153118
153766
153850
155191
155253
155641
155759
155935
156032
156149
156365
156487
156888
158034
158390
158664
158955
159374
159518
160118
160203
160302
160383
160499
160702
160969
161136
161199
161404
161690
162130
162435
162509
162598
162789
162912
163031
163177
163985
164209
165932
165993
166181
166390
166461
166684
166826
166835
167072
167116
167970
168057
168196
168400
168776
168928
168927
169569
170082
170493
171304
171345
171599
171763
172219
172507
173221
174140
174166
174646
174672
175037
175471
176008
176122
176343
176962
177091
177162
179287
179494
179524
180142
180513
180634
181380
182107
182713
183113
183315
183889
183988
184195
184305
184747
185479
186056
186444
186831
187130
187280
187872
187967
188111
188111
188208
188981
189720
189875
189963
190277
191025
191310
191477
192056
192364
192503
192767
192826
193653
193713
193748
194793
195025
195183
195421
195655
196092
196311
196331
196599
196912
197423
197805
197955
198213
198586
199493
199803
199913
