122.5
163.66
482.7
506.99
672.96
744.64
1049.72
1123.29
1213.38
1224.52
1293.18
1379.26
1564.02
1728.74
1838.83
1904.87
2056.81
2458.99
2613.21
3141.58
3233.51
3286.7
3512.44
3594.28
3614.59
3909.15
3927.06
4115.41
4123.58
4212.8
4283.06
4298.85
4426.8
4442.63
4663.06
4757.34
4827.17
5596.44
6623.34
7253.33
7512.64
7617.68
7920.71
8338.25
9336.58
9511.68
9743
9763.22
9937.4
10141.1
10361.6
10563.4
10805.8
11008.7
11112.8
11301.6
11519.9
11535.2
11792.6
11807.6
11891.6
11938.6
12161
12343.2
12349.6
12421.4
12495.6
12846.9
13005.5
13079.7
13116.3
13340.9
13484
13729.2
14008.6
14085.2
14158.7
14267.3
14416.8
14444.4
14821.3
14844
15050.5
15299.7
15975
16124.2
16261.6
16445.8
17235.4
17418.9
17688.2
17773.7
18282
18805.4
18900.7
19226.2
20764
20968.4
21014.8
21117
21455
21488.4
21656.4
21756.5
22187.3
22492.6
22681.5
22902.8
23348.2
23473.6
23682.8
23806.6
23828
23901.4
24092.2
24516.1
24537.4
24967.5
25609
26657.8
26776.1
27613.8
27802.5
27867.4
27996.9
28081.3
28480.4
28569.8
29093.6
29940.5
30182.9
30251.1
30592.7
30853.7
30963
30959.9
31332.1
31465.1
31961.5
32023.6
32031.7
32278.3
32610.8
32632.2
32865.3
33024
33057.1
33210.7
33446.4
33956.4
34004.1
34294.6
34316.1
34366.4
34579.5
34632.3
34663.3
34769.2
34847.8
34924.8
35004.3
35351.6
35379.8
36014.9
36375.6
36839.5
36990.6
37044.6
37092.8
37235.6
37355.2
37773.5
38110.3
38137.8
38265.5
38379.8
38462.4
39392.8
39700.1
39806.7
39880.1
40079
40242.6
40342.1
40436.4
40500.2
40591.9
40623.2
41211.7
41306
41485.4
41688.8
41871.3
41891
41908.5
42065.3
42163.1
42593.9
42601.7
42833
43210.4
43333
43366.6
43483.6
43915.6
44001.3
44712.6
45857.8
46080.5
46277.5
46699
47499.9
47634.7
47862.4
48098.9
48349.8
48464
48532.8
48590.1
49061.8
49344.6
49416.1
49647.7
50091.4
50113.8
50383.2
50574.2
50579.3
51013.3
51560.7
51776.8
52015.4
52358.8
52770.5
52798.8
53308.2
53344.9
53904.3
53904.2
54392.2
54642
54945
56152.3
56168.6
56296.4
56315.4
56368
56777.8
56801.2
57394.6
57628
57731.6
58846.4
59581.7
59817.1
59982.2
60101.8
60187.7
60226.4
60370
60408
60428.3
60550.5
60592.8
61000
61198.2
61254
61298.8
61639.8
61886.5
62154
62241
62379
62417.8
62945.4
63041.4
63371.8
63552.7
63847
64234.8
64262.8
64638.3
64808.3
65048.9
65470.4
65711
65904.7
65946
66040.5
66567.3
67037.4
67324.1
67772.6
68745
68823.2
69032.6
69569.4
69780.1
69854
69979.5
70103.2
70171.8
70301.1
70529.9
71137.1
71259.7
71543.7
71772.2
72043.1
72225.9
72298.4
72308.8
72585.5
72977.1
72994.9
73019
73400.5
73735.5
73746.2
74409.6
74450.6
75126
75188
76171.1
76465.8
77210.9
77251.7
77662.8
78239.2
78451.6
78454.7
78601.9
78674.5
79351.7
79733.5
79774.1
79908.3
80114.7
81018.4
81036.5
81136.6
81170.6
81755.8
82557.9
83009.2
83670.9
83674.9
83793.3
83846.1
83859
84092.3
84437.5
84557.8
84592.9
84861
85016.3
85553.9
85765.7
86096.7
86363.6
86407.7
86635.4
86745.4
87079.6
87264
87655.1
88171.6
88294.6
88437
88537.1
88614.6
89004.3
89206.3
89668.5
89672.9
89800.9
90665.7
91046.1
91099.6
91168.8
91486.8
91546
91711.6
92404.5
93071.4
93401.1
93758.7
94628.9
94689.8
94959.2
95292.2
95397.9
95826.4
96034.5
96139.5
96714.1
96892.3
97167.2
97719.8
97867.2
97958.2
98522.5
99252.8
99532.8
99605.5
99618.8
99861.2
100032
100491
100683
101009
102025
102185
102308
102967
103403
103535
103860
104198
104289
104406
105000
105678
106604
106802
107314
107328
107571
107692
107809
107857
107907
108060
108191
108240
108257
108502
108573
108707
108717
108774
108991
109034
109174
109269
109485
109502
109539
109566
109565
109967
110234
110260
110581
110701
111277
111561
111648
111706
111716
112125
112176
112453
112872
112991
113269
113550
113579
113672
114380
114573
114770
115074
115645
115691
115787
115938
116120
116456
116463
117860
118587
119487
119600
119794
119819
120555
120696
121154
121357
121398
121466
121788
121870
121935
122256
122349
122501
122829
122878
122886
123023
123475
123494
123579
123619
123631
123726
123824
123924
124340
124823
125170
126959
127427
127974
128787
128833
129055
129149
129388
129481
129845
130025
130232
130329
131961
132820
132987
133691
133728
133890
133926
134497
134722
134818
135299
135484
135751
136046
136115
136142
136286
136631
137068
137200
137291
137465
137509
137539
137769
137806
137847
138274
138455
138766
139096
139137
139170
139208
139419
139561
139670
140075
140331
140336
140472
140498
140559
140857
141057
141149
141211
141712
141760
141861
141971
142070
142103
142518
143029
143145
144627
144994
146458
146542
147139
147206
147622
147820
147864
148711
148966
149240
149458
150010
150337
150490
150503
150722
150992
151062
151081
151279
151347
151628
151747
152060
152236
152242
152711
152874
153271
153281
154067
154388
154705
154711
154918
155227
155232
155343
155698
155720
155733
155935
155978
156502
156556
156848
156924
157013
157361
157586
157645
157769
157865
158065
158244
158269
158339
158363
158466
158810
158812
158910
159239
159245
159255
159445
159483
159649
159822
159905
160105
160141
160813
161181
161470
161518
161944
162401
162989
163098
163863
163985
163997
164023
164497
164905
164961
165088
165338
165915
166334
166448
166533
167766
168025
168697
169587
169607
169875
169951
170085
170361
170409
170681
170797
171605
171642
171666
172072
172447
172721
173106
173241
173306
173507
173655
173672
173884
174432
174623
174741
174856
175014
175128
175220
175467
175485
175905
176041
176539
176647
176706
177158
177579
177723
177798
178098
178327
178428
178690
178922
179178
179369
179721
179813
180072
180417
180542
180673
180763
181168
181345
181549
181815
182431
182494
182621
182941
183014
183118
183298
183361
183442
183461
183484
183639
183654
183921
183961
184087
184170
184447
184485
184793
184823
184975
185121
185724
185859
186123
186243
186352
186579
186680
186797
186950
188294
189865
189981
190151
190319
190506
190517
190639
190657
190665
190843
191334
191722
191828
191937
192018
192046
192420
192627
192878
193138
193239
193276
193508
193689
193752
193921
193961
194122
194155
194476
194522
194773
194926
195085
195162
195488
195750
196004
196421
196669
196922
196995
197131
197251
197559
197606
197917
198459
198490
198757
198977
199318
199353
199755
