339.96
675.98
770.37
1514.3
4331.91
4536.28
5194.86
5535.02
5748.71
6530.24
6619.93
7310.63
8004.91
8017.54
8300.5
9495.87
9770.23
10141.4
10352.7
10364
10644
11747.3
11807.6
11942.7
12961.7
12986.8
14681.2
15885.7
16134.5
16138.7
16720.9
16938.5
17003.1
17437.2
17536.6
18833.7
19067.8
21011.3
21620.2
22042.7
22366.4
22779.1
23678.7
23831.1
24249.3
24275
25708.4
27296.4
28186
29124.1
29170.9
29442.8
30290
31328.8
33984.6
34295.5
35378.4
37567.7
37601.8
37771.4
38116
38167.2
38343.4
38468.1
39132.8
40361.1
41074.2
41368
41401
41435.4
42613.1
42773.3
43096.9
43138.3
44672.2
45085.3
45222.9
46002.9
47496.3
47785.2
47856.6
47847.4
48124.4
49190.9
49654
50361.3
52091.1
52421.4
52478.4
52689.6
53659.9
55094.7
55185.6
55416.1
55623.8
56230.3
58814.8
59710.3
59800.8
60717.9
61280.8
61830.3
62571.5
62595.1
62829.7
63177.7
63711.7
64093.1
64662.8
64814.4
65288.8
66177
67875.4
67961.4
68146.5
68516.8
68632
68869.8
70602.4
72318.3
73763.5
73998.7
74060.3
74553.4
74723
78102.1
78515.8
78607.1
79172.6
79329
80283.9
80359.6
80794
81706
81751.4
81794.7
82062.5
84069.5
84103.6
84894.7
84935.7
85587.6
85986.9
86119.3
86635.5
88341
88996.8
89267.5
89301.1
90355.8
91906.7
92525.1
93300.7
94469.6
94476.9
94870
96094.6
96232.3
97744.2
98334.3
100108
101162
101520
102105
103493
104241
104602
105831
107741
108341
109268
110234
111894
112247
113036
114252
114245
115664
116385
116796
117026
117215
117454
117835
118355
118420
118439
118609
118975
119434
119701
119754
121472
121534
121820
121867
121914
122348
122487
122818
122857
123268
123356
123614
124093
124311
125501
126236
126629
127125
127243
127670
128099
128502
128582
130247
132319
133037
133064
133187
134453
135142
135900
136295
136324
137033
137258
137544
137599
137612
138298
138736
141128
141823
142342
143003
144151
145204
146152
146189
146463
147006
147532
147605
148226
148693
150497
150641
150869
152028
152620
153046
153367
154065
154097
154356
155110
155289
155598
156091
156229
157746
157979
160004
161028
161176
161331
161705
162685
162957
163490
164490
165343
165647
166928
167375
168232
169220
169498
172147
172229
174515
174940
175126
175290
175720
176008
176285
176430
177160
177640
178173
178300
178707
179107
179441
179643
179714
180239
180294
181779
183620
183763
183914
184407
184586
185025
185220
185371
186438
186720
186831
187039
187284
187449
188536
188917
189740
190336
191179
192922
193163
194609
195629
196019
196013
196431
196543
196904
197370
197377
197798
198245
198855
