1173.11
1639.55
2254.82
2693.53
3022.35
4450.53
4770.12
5098.98
5415.92
6173.21
6454.82
6854.85
7860.6
7949.19
8127.64
8141.05
8811.27
10093.3
10111.7
10906.6
11623.1
12113
13239.4
16757
17034.9
17199.5
17521.7
18294.2
18523.7
18854.5
20913.6
21400.8
21446
21529.5
22553.8
22720.6
23498.7
23572.9
24092.3
26249.5
26877.7
26901
27555.6
27949
28629.5
28942.6
28983.2
29402.9
29638.7
30659.2
31174.8
32213.3
32390.5
32550.2
32719.3
33733.2
33755.3
34119.9
34464.2
37374.7
37420.3
37554.1
37672.1
37892.9
38172.5
38597.8
38874.8
39252.5
39278.2
40160.4
40386.4
40818.3
40897.4
41139.7
41148
41736.6
42534.9
42951.4
43800.4
44098.5
44445.5
45764.7
47138.8
47526.2
47638
47902.6
49252.7
50256.2
51719.3
51811.5
52046
52266.1
52344.8
52872.1
53335.5
54726.1
54849.3
54891.5
54889.6
55609.4
55849
56067.1
56121.5
56169.7
56702.4
56839.8
56947.7
57527.2
58424
59014.7
59268.7
59352.4
60484.1
60516.9
62121.7
62434.9
62717.7
63016
63526.5
63745.7
64631.5
64654.1
64665
64739.3
65093.2
65385.3
66258
66518.2
68020.6
68146
68172.9
68227.8
68261.2
68612.3
68770.3
69300.2
69354
71990.8
72524.1
72547.5
73021.5
73201
73720.1
73777.9
74245.2
76114.5
77200.2
78377.7
78409.8
78877.1
78976.5
79147.6
79614.3
79846.5
79984.8
80376.1
80536.9
80725.8
81318.1
81411.9
81496
82800.8
83335.4
83608
83894.6
84704.1
84843.4
85133
85798.1
85917.4
86499.8
87546.3
89286.4
91717.4
92385
92861.7
93420.3
94741.9
95772.3
95986.2
96009.9
96828
97610.2
98209.3
98515.8
98565.6
98899.4
99648.5
99894.1
100480
100585
100619
101018
101963
103101
103516
104016
104122
105123
105651
106088
106522
107877
108084
109092
109297
110697
111756
112334
112632
112981
113615
113679
114511
114721
115438
115895
116047
116496
116600
117184
117208
117569
118142
118217
118222
118241
118687
119184
119532
121395
121671
121710
121961
122755
123010
123049
123748
124013
124080
124106
125074
126411
126734
126979
127997
128005
128233
128392
128737
128762
129090
129175
129976
130469
132045
132314
132771
134237
135322
135749
136082
136190
136230
137113
137836
138595
139325
140591
140670
141290
142134
142658
143819
143845
144906
145106
146070
146575
146917
146957
146967
147169
147412
147607
148748
150136
150551
151081
151532
151765
152407
153117
153367
153753
153788
153806
153822
154961
155612
155822
157686
158282
158830
159791
160203
160815
160956
161481
162000
162089
162534
162709
162979
163253
163492
164204
164274
165436
166090
166280
168555
169169
171877
172079
172842
173274
173564
173695
174284
174688
175048
175394
175783
176998
177351
178014
178026
178486
178706
179253
179301
179974
181361
183220
183285
183702
184116
184293
184292
184726
184906
185399
185914
186318
186427
186570
186846
186918
186957
187053
187250
187932
188597
188628
189438
189520
190146
190506
190725
192885
194422
195244
195614
195631
195750
196167
196264
197060
197381
197716
197955
198097
199542
199697
