4515.16
8621.77
9870.95
17113.2
18523.8
19218
19806.8
20722.3
21589.1
22606
24002.7
24722.9
24804.3
25124.5
25924.8
26836.9
29110.1
30782.1
31344.5
32427
34207.8
35359.7
35388
39819.6
40336.1
40600.5
43522.8
46444.4
46864.6
49163
49773.5
50234.6
50777.7
51237.2
52197.7
53042.1
53497.9
54045.7
55104.8
58459.4
60393.8
61194.1
62115.4
62116.6
63329.7
66011.2
66884.6
67011.7
67938.8
68375.9
69513.8
73192
73691.4
77327.8
77872.2
82062.3
82576.4
84337.7
85137.9
88254.3
89052.5
92488.1
93972.9
94235.6
94938.6
95231.7
96646.7
96827.7
98285.8
