524.4
1399.83
1702.14
3475.96
3775.64
3994.55
4069.29
6078.15
7107.31
8091.45
8810.72
9185.13
15868.6
16232.4
16467.2
16581.7
18124.9
18329.5
18788.3
18864.2
19261.6
22219.4
23841
24865.7
25402.7
25708.7
26590.6
29162.3
29760.2
30089.9
30496.8
31382.3
31787.7
32138.6
32312.4
32867.4
33732.5
35164.2
35802.3
36206.2
37063
38250.3
39039.1
39818.4
40342.3
40501
43175.4
43696.2
44348
46441.7
47054
47610
49645.1
50474.5
50560.2
50657.6
51486.9
52072.3
53825
54810.9
54996.2
55739.6
57121.5
57486.4
57943.9
58781.2
59032.9
59581.4
59829.9
59898.4
60368.4
60691
61440.5
63129.1
63418.7
64239.7
64665.6
65152.7
65299.2
65361
66305.4
66605.2
67322.7
67665
67872.9
68228.9
68973.1
70253.8
71907.6
72437
73075.6
75479.7
77604.7
78463.6
79345.3
83323.4
84050.3
84497.8
84504.6
84830.8
85080.1
85932.4
88084.5
88322.7
90747.6
93665.9
93981.6
96479.1
96626.3
96681.5
96719.4
97002.6
97635.9
98501.6
98871.8
