2723.93
3830.32
5972.45
6543.14
8813.38
9463.57
10038.3
21904.1
23210.2
25691.4
26974.9
27698.7
27985.9
29315.7
30097.5
30583.1
33048.2
34022
34021.7
36095
37832.2
37935.8
38344
38345.1
38622.1
39454.7
40715.1
41275.2
41479.4
43793.8
48430.1
50422.8
51458.2
53363.4
57481.9
57846.8
58125.3
58666.8
58780.2
60212.4
63545.7
64797.3
65373.6
67615.5
67645.4
69717.4
70733.7
71170.2
75471
75905.6
76192.7
76527.4
76709.6
77832.1
78940
79546.7
80291.9
80803
80995.2
82039
86579
95425
95708.9
96485.1
96962.3
101195
101964
102227
110843
111447
112907
113492
114196
117023
117553
118206
125989
126577
133754
134053
135328
136050
136944
137803
138045
140595
142243
142946
142987
145252
146345
148562
148918
158853
159456
159535
159990
160369
161179
161337
161432
161661
162503
167307
167785
168354
169426
170928
172518
172802
174852
175859
176998
177646
179971
183585
184730
185598
188688
191134
193030
197266
197493
198219
198800
