1422.28
2147.49
2169.99
2260.21
2274.57
2278.39
2433.3
2463.15
2464.79
2484.21
2487.68
2496.08
2505.85
2598.39
2675.3
2678.1
2737.59
2745.44
2755.02
2810.35
2833.58
2841.51
2847.44
2887.73
2952.79
2972.16
2979.01
3003.23
3179.62
3204.07
3209.2
3208.2
3277.81
3307.56
3312.4
3332.96
3343.9
3813.5
3854.56
3912.9
3935.09
3974.78
4362.28
4434.43
4449.83
4628.69
4636.06
4696.48
4710.33
4722.87
4732.8
4766.49
4808.35
4912.47
4915.45
4993.62
5041.7
5050.07
5064.83
5221.77
5251.75
5304.35
5320.38
5337.64
5345.87
5459.59
5534.96
5571
5575.73
5582.46
5591.38
5603.89
5676.7
5948.31
5950.92
5975.82
5997.76
6353.69
6362.26
6408.03
6608.96
6631.56
6663.18
6697.65
6707.97
6712.3
6720.49
6741.81
6825.52
6860.18
6875.15
6912.14
6956.75
7157.69
7172.34
7174.3
7187.16
7204.25
7224.85
7229.51
7248.14
7276.78
7304.34
7316.34
7335.96
7344.28
7366.69
7449.18
7523.84
7534.78
7543.32
7569.95
7596.24
7636.43
7728.24
7818.51
7832.91
7850.28
7875.36
7930.97
7938.74
7938.3
7953.96
7961.17
7961.77
7997.8
8159.73
8179.58
8191.65
8228.49
8231.99
8250.81
8276.18
8279.88
8284.19
8285.25
8287.64
8349.49
8351.64
8441.83
8465.88
8505.41
8512.37
8539.14
8609.56
8607.96
8610.62
8613.46
8618.14
8658.59
8739.99
8874.37
9019.41
9062.7
9072.48
9090.16
9092.39
9111.24
9125.95
9127.63
9128.67
9149.64
9151.78
9157.36
9176.95
9181.61
9197.24
9203.07
9218.21
9247.74
9278.29
9289.29
9324.33
9339.57
9357.8
9405.13
9464.04
9478.04
9513.98
9542.19
9543.34
9548.67
9551.92
9560.53
9582.07
9603.01
9602.16
9611.55
9616.32
9617.03
9617.45
9632.05
9629.54
9630.66
9642.31
9646.25
9645.75
9664.7
9667.27
9728.13
9757.77
9777.34
9785.69
9801.2
9814.13
9825.51
9842.49
9853.09
9864.63
9869.75
9868.19
9874.74
9883.87
9887.51
9893.08
9924.94
9929.83
9939.51
9975.14
10032
10051.4
10052.4
10060.5
10099.5
10103.3
10172.7
10182.8
10426.6
10462
10466.8
10494.9
10497.5
10516.9
10547.2
10585.2
10624
10626.6
10653
10671.8
10701.9
10840
10843.8
10858.5
10861.7
10868.8
10890
10895.7
10945.6
10981.9
10987.9
11013.1
11042.1
11046.5
11047.6
11053.6
11064.7
11081.1
11084.8
11103.8
11172
11202
12099.4
12404.8
12428.3
13112.7
13121
13136.3
13174.5
13187.8
13187.8
13193.2
13223.4
13242.9
13256.4
13259.3
13263.2
13274.7
13288.8
13298.6
13309.9
13333.1
13335.7
13340.7
13344.4
13345.4
13360.6
13377.3
13377.3
13384
13394.2
13399.1
13407.9
13406.5
13429.7
13444.8
13468.1
13488.8
13493.6
13496
13503.2
13528.1
13533.3
13540.7
13545.2
13545.2
13546.1
13570.4
13594.8
13612.2
13615
13624.7
13635.7
13674.2
13684.3
13689.6
13692.2
13695.4
13697
13713.8
13724.8
13729
13733.3
13737.5
13769.5
13858
13880.5
13893.3
13907.4
13938.4
13993.2
14025.2
14031.8
14047.9
14050.1
14061.3
14068.1
14071.3
14093.2
14133
14175.2
14183.3
14195.8
14198.1
14200.8
14224.9
14233.9
14246.4
14255.6
14260.5
14268.2
14290.3
14301.1
14317.3
14327.4
14348.5
14359.4
14390.3
14395.6
14403.9
14415.1
14416
14476.1
14514.3
14578.1
14582.9
14799
14889.1
14930.9
14934.8
14989.4
15008.3
15063.8
15083
15135.9
15137.9
15180.4
15183
15185.6
15193.3
15214.9
15338.2
15356.8
15416.8
15467.2
15471.2
15473.1
15473.2
15494.1
15496.3
15497.4
15508.5
15510.8
15530.2
15546.8
15557
15565.3
15594.2
15595.5
15597.8
15681.9
15695.9
15698.3
15728.5
15746.6
15751.7
15776.1
15817.3
15846.6
15848.3
15869.8
15875.1
15875.6
15887.4
15895
15916.3
15917.5
15930.4
15943.2
15970.2
15971.1
15987.6
16010.5
16142
16213.8
16282.3
16371.5
16426.1
16443.2
16459.5
16459.7
16478.4
16502
16507.8
16506.1
16508.5
16527
16533.7
16539.6
16546.7
16568.8
16581
16582.8
16614.9
16619.7
16641.1
16645.8
16664.7
16667.4
16765
16854.4
16901.5
16919.2
17051.2
17078.2
17082.8
17093
17107.3
17121.5
17136.5
17153.3
17252.8
17294.3
17410.4
17424.7
17459.6
17470.9
17475.5
17484.2
17493.6
17504.4
17506.9
17515.4
17516.5
17531.2
17533.3
17537
17537.5
17554.9
17560
17560.2
17569.1
17581.7
17600.1
17609
17620.5
17627.3
17631.5
17633.1
17640.2
17641.2
17680.6
17684.8
17689.9
17694.1
17698.5
17715.9
17746.8
17774.3
17783.4
17799.5
17800.5
17871.9
17933.5
17952.7
17953.9
17974
18028.2
18091.8
18104.9
18117.5
18160.3
18309.3
18336.7
18352.3
18368
18725.5
18807.8
18816.5
18850.7
18854.5
18867.3
18892.3
18908.9
18938.4
18964
18968.1
18997.7
19010.5
19015.8
19040
19047.2
19117.2
19194.9
19199
19204.5
19206.9
19210.1
19239.4
19263.9
19278.4
19366.4
19375.4
19417.2
19456.9
19478.4
19665.6
19673.4
19925.1
19939.5
19977.9
19990.5
19994.7
20009
20021.4
20059.7
20075.2
20108.3
20124.1
20146
20155.3
20173.2
20191.5
20208.5
20212.8
20212.9
20218.8
20236.6
20291.9
20324.4
20359.4
20366.9
20389.7
20431.8
20454.1
20471.8
20506.3
20508.8
20581.1
20586.3
20589.6
20590.1
20597.3
20601.1
20619.9
20658.5
20691.5
20694.2
20699.8
20705.6
20848.5
20896.2
20953.4
20973.3
20998.1
21006.5
21052.7
21060.7
21063.9
21071.7
21087.2
21094.7
21173.1
21404.1
21428.5
21436.6
21443.6
21445.5
21459.3
21478.8
21534.9
21781.8
21791.8
21821.2
21856.3
21890
21925.8
21927
21929
21936.7
21938.7
21951.9
21995.5
22069.3
22127.3
22131.5
22251
22318.3
22332.1
22362.3
22373.7
22380
22484.1
22496.6
22499.5
22504
22520.1
22545.8
22598.5
22616.1
22615.8
22624
22642
22641.2
22648.1
22669.8
22670.2
22683.4
22687.2
22688.6
22705.5
22706.1
22725.9
22737.2
22776.4
22820
22856.6
22874.7
22888.7
22899.1
22953.5
22969.5
22972.1
22972.5
22988.2
22995.7
23005.9
23178.4
23218.3
23225.9
23309.8
23333.9
23394.7
23515.7
23582.7
23592.6
23629.4
23640.4
23687.1
23773.8
23792.4
23802.2
23824.8
23827.8
23846
23877.5
23899.7
23936.4
23968.3
23973.9
23979.8
24016.6
24037.8
24065.9
24067
24084.2
24122
24151.5
24222
24251.3
24428.8
24467.8
24479.2
24556.1
24571.1
24571.9
24585.3
24638.3
24731.1
24749.2
24894.4
24912.6
24993.9
25071.4
25215.9
25252.3
25303.5
25315.9
25327
25384.1
25388.8
25406
25534.4
25580.7
25603.4
25650.6
25685.4
25702
25716.8
25720.4
25750.9
25759
25779.5
25807.5
25829.5
25846.3
25854.5
25870.8
25878.1
25884.1
25903.5
25918.3
25942.8
25965.3
26021.5
26049.6
26084.3
26130.2
26155.5
26187.2
26206.2
26220.6
26235.1
26249.7
26250.5
26255.5
26267.5
26292.6
26304.1
26300.9
26302
26342.3
26360.3
26438
26474.4
26491.8
26509.6
26519.4
26528.7
26550.2
26564.6
26563
26580
26583.5
26634.1
26657.4
26674.9
26733.6
26737
26750.9
26754.5
26758.6
26789.1
26793
26915.8
26938.5
27223.5
27239.2
27321.5
27345.5
27357.8
27370.5
27394.7
27402.5
27425.5
27485.3
27488.5
27502.2
27510.4
27594.8
27617.2
27651.3
27696.9
27852.4
27960.4
27976.9
27980.3
27995.8
28007.8
28064.2
28103.2
28123.7
28127.8
28197.2
28206.5
28224.2
28326.4
28347.6
28368.4
28368.8
28387.7
28474.6
28527.7
28577
28607.8
28612.9
28612.9
28651
28940.3
29011.4
29016.4
29031.5
29081.2
29126.5
29157.2
29179.6
29189.6
29256.6
29262
29284.5
29349.1
29364.9
29391.3
29385.8
29400.2
29399
29402.2
29407.5
29410.6
29413.1
29426.2
29434.7
29442.2
29471.2
29483.1
29507.3
29505.2
29510.1
29510.5
29533.1
29532.1
29534.2
29536.8
29544.2
29547
29565.1
29569.1
29577.9
29586.9
29757.4
29757.7
29829.4
29831.2
29835.8
29912.1
30141.9
30159.8
30160.6
30177.7
30197.1
30223.7
30233.8
30234.2
30247
30261.7
30292.9
30313.1
30359.3
30396.8
30469.6
30506.7
30540.3
30543.4
30564.6
30567.4
30571.4
30574.1
30578.6
30609.9
30632.9
30650.2
30652.8
30654.4
30662.7
30671.9
30704
30711.3
30785.2
30794.9
30803.9
30865.3
30867.8
30923.5
30925.8
30954.6
30978
30983.4
30996.5
30998
31033.4
31060.5
31065.5
31091.6
31217.8
31220.6
31222.7
31270.1
31299.8
31330.1
31330.3
31437.1
31440.8
31484.6
31542.2
31542.7
31554.7
31554.5
31578.2
31609.1
31609.2
31615
31617.4
31622
31629.4
31640.6
31655.4
31658.3
31670.3
31676
31814.8
31825
31826.5
31846.3
31856.1
31869.9
31877.7
31895
31900.2
31906.8
31925.2
31984.7
31987.1
31996.4
32030.9
32054.1
32080.2
32086.4
32091.1
32128.2
32141.5
32149
32167.6
32198.4
32209.4
32218.1
32226.5
32236.6
32239.7
32246.7
32308.3
32333.3
32380.9
32393.8
32433.6
32458
32459.3
32483.8
32486.5
32621.9
32740.2
32742.5
32787.7
32932.5
32937.6
33233.8
33247.9
33337.5
33345.3
33360
33362
33363.4
33400.8
33414.4
33435.4
33453.6
33455.4
33522.8
33548.5
33568.9
33580.8
33577.6
33605.1
33606.2
33614.5
33618.9
33642.3
33650.9
33670.3
33677.4
33683.3
33748.6
33779.1
33800.3
33808.3
33815.8
33852.7
33867
33909.5
33913
33923.8
33936.4
33947.8
33957.8
33983.6
33997.6
34010.6
34013.6
34018.2
34015.5
34035.3
34047.6
34049.8
34055.2
34056.7
34087.5
34107.4
34190.9
34215.4
34243
34280.7
34796.1
34838.4
34919.1
34970.4
35144
35491.2
35509.9
35535.6
35580.1
35599
35606.5
35609
35622
35635.1
35646.4
35656.1
35657.8
35710.9
35731.7
35739.6
35778
35817
35824.3
35835.9
35845.3
35874
35955.8
35954.9
35976.4
35990.2
36018.2
36044.9
36257.3
36263.4
36278.6
36288.1
36295.7
36297.8
36329.8
36332.4
36346.4
36356.8
36375.5
36442.8
36481.3
36604.4
36628.2
36759
36763.5
36783.1
36829.8
36850.8
36868.4
36915.3
36939.1
36983
37145.1
37171.6
37172.7
37184.9
37277.2
37279.4
37707.7
37768.9
37803.1
37818.6
37829.5
37832.6
37868.6
37895.4
37917.3
37941.7
37944.8
37952.7
37976.3
37981.6
37982.3
37982.8
37985.3
38125.6
38132.3
38153.3
38157.1
38165.4
38170.3
38179
38182.2
38208.6
38215.2
38220.4
38281.2
38296.1
38309.3
38328.8
38330.7
38390.9
38402.1
38418.7
38427.3
38437.6
38450.3
38449.6
38506.3
38521
38548.3
38569.1
38578.1
38646.4
38663.6
38674.9
38687.4
38689.7
38705.4
38718.8
38725.2
38748.4
38789.6
38793.1
38801
38807.7
38852.6
38863.2
38873.5
38893
39076.1
39092.1
39119.3
39193
39236.6
39265.3
39338.4
39416.9
39547.9
39621.5
39848.8
39852.6
39865.2
39867.6
39944.8
39951.7
39969.6
39976.8
39985.2
39988.5
40031.1
40038.9
40093.3
40096
40168.9
40176
40187.9
40191.9
40198.9
40231.4
40241.1
40342.1
40639.3
40642.3
40794.8
40843.4
41034.8
41056.3
41089.2
41135
41195.6
41281.5
41683.4
41753.9
41761.7
41846.6
41907.6
41948.8
41988
41993.5
42026.7
42027.6
42029
42031.9
42036.4
42057.7
42082.8
42145.3
42313.6
42368.7
42370
42374.7
42407.2
42420.8
42491.7
42554.7
42652
42694
42716
42719.2
42740.8
42748.4
42750.6
42790.9
42978
43005.2
43049.6
43062
44410.6
44696.8
44698.2
44826.4
44832.9
44973.5
45594.2
45663.8
46488.3
46793
46805.6
46846.7
46873.1
46971.2
47058.3
47267.4
47363.5
47385.7
47404.3
47455
47475
47561
47566.9
47584.7
47753.8
47794.1
47798.7
47818.2
47822
47865.1
47914.4
47934.2
47992
47996.7
48040.6
48042.3
48044.1
48061.6
48070.4
48072.2
48075.4
48085.7
48097.1
48121.3
48127.3
48157.8
48158.4
48162.8
48215.8
48220.3
48287.1
48297.6
48324.8
48397.3
48408.9
48412.9
48423.7
48432.1
48452.6
48468.5
48472.6
48483.9
48486.4
48516.3
48620.9
48689.9
48702.9
48758.8
48773.6
48889.9
48996.5
49339.2
49420.3
49513.7
49518.6
49529
49536.3
49539.1
49654.1
49680.7
49722.9
49731.1
49810.3
49820.7
50169.7
50253.9
50265.9
50290.7
50304.5
50332.9
50400.4
50409.7
50465.4
50556.7
50598.3
50643.8
50677.3
50700.7
50737.9
50740.1
50751.9
50764.7
50775.1
50831
50842.7
50844.7
50987.3
51015.8
51035.2
51037.7
51058.5
51098.6
51100
51118.2
51129.4
51134
51195.2
51219.5
51975.6
51994.4
51999.1
52005.5
52027.9
52058.6
52195.4
52283.2
52830.7
52845.5
52858.3
53264.3
53277.8
53313.9
53323.3
53326.6
53328.7
53345.1
53354.9
53356.5
53369.7
53373
53383.6
53388.8
53404.5
53407.1
53440.8
53524.6
53582.9
53662.5
53908.9
53939.5
53952.8
54192.5
54200.4
54201.4
54225.6
54234.7
54250.2
54246.7
54291.9
54318.2
54378.9
54402.8
54416
55199.1
55231.4
55240.9
55254.7
55271.6
55272.3
55274.3
55292.6
55309
55313.3
55315.7
55321.9
55329.1
55331.7
55337.9
55344.3
55346.5
55357.5
55365.1
55373.4
55379.6
55382.4
55383.6
55385.7
55396.2
55405.1
55407.1
55409.6
55419.7
55427.2
55432.7
55452.4
55455.9
55461.8
55468.4
55501.4
55528
55535.8
55539.2
55561.9
55579.9
55584.5
55595.2
55597.1
55611.1
55620.7
55628.6
55641
55650.1
55650.9
55667.1
55684.9
55746.5
55764.1
55813.2
55818.4
55845.2
55857.7
55866.3
55887.1
55890.6
55898.7
55915.7
55916.4
55917.4
55945.6
55953.4
55957.8
55970.8
55971.7
55976.1
55993.6
55995.7
56028.4
56038.4
56042.5
56045.3
56055.5
56069.9
56088
56162.6
56172.7
56192.5
56200.7
56202.1
56229.1
56245
56262.4
56355.5
56753.7
56809.3
56813
56831.9
56838
56857.1
57260.1
57281.2
57323.4
57325.1
57367
57399.6
57609.7
58080.3
58099.5
58132
58150.8
58154.9
58164
58181
58210
58234.5
58276.7
58279.4
58291.8
58299.7
58311.4
58328.4
58360.6
58696.2
58744.4
58752.4
58793.9
58868.4
59111.1
59130.5
59160.1
59182.5
59199.3
59197.1
59215.6
59260.3
59264.8
59267.9
59293.8
59304.7
59309.8
59573.2
59589.1
59595.5
59640.9
59642.6
59637.5
59665.9
59670.4
59684.7
59687.5
59723.3
59991.5
60023
60063.6
60160.8
60519.8
60544.7
60545.5
60591.5
60686.7
60739.6
60750.1
60761.2
60778.5
60791.7
60843.5
60880.1
61285.3
61335.2
61340.3
61342.1
61377.9
61384.3
61388.2
61401.4
61408.9
61443.2
61446.8
61481.8
61483.2
61575.4
61612.1
61703.5
61844.5
61904.7
61917.9
61929.5
61979.6
61989.3
62001.4
62005.6
62006.9
62024.2
62062.9
62064.1
62336.8
62381.6
62541.6
62565
62593.1
62597.4
62606.2
62615.9
62619.3
62621.4
62634.8
62633.2
62637.4
62641.4
62644.7
62646.4
62649.2
62652.6
62654.7
62660
62675.8
62678.1
62685.6
62696.8
62711.5
62712.8
62727
62752.8
62776.8
62787.3
62793.6
62803.9
62819.9
62829.5
62833.6
62834.8
62842.2
62874.1
62878.5
62900.2
62934.9
62945.9
62960.7
62972.1
62991.9
62999.4
63009.5
63023.4
63050.2
63104
63125.8
63144.2
63157.7
63177
63192.1
63202.2
63266.8
63319
63380.8
63421.1
63432.3
63438.1
63463.8
63468
63494.5
63510.5
63602
63617
64227.5
64230.5
64243.5
64304.6
64320.6
64374
64403.1
64493.5
64520.7
64522.9
64542
64564.8
64568.6
64583.1
64589.4
64592.4
64608.7
64764.2
64788.7
64802.6
64948.7
64981.5
65059.5
65313
65391.7
65399.2
65449.8
65523.9
65537.3
65577.2
65596.6
65633.3
65654.2
65684
66081.7
66085.2
66101.6
66112.9
66116.6
66147.4
66149.8
66174
66195.7
66205.4
66299.1
66348.4
66365
66376
66406.4
66547.4
66568.7
66925.8
66944.8
67396.3
67439.4
67490.1
67639.4
67772.1
68212
68270.4
68283.5
68313.5
68360.8
68447.4
68456.9
68487.3
68788.1
68933.5
68972.7
69129
69272.8
69326.7
69394.4
69409.7
69469.9
69473.6
69493.3
69529.2
69602.9
69657.5
69659.1
69669.4
69671.2
69692.2
69725.3
69758.6
69770.3
69797.7
69949.9
70011.7
70013.6
70030.5
70034.2
70050.3
70055.8
70056.9
70058
70093.2
70095.5
70100.7
70158.5
70174.2
70237
70239
70243.3
70266.7
70289
70617.6
70650.9
70732.9
70759.1
70781
70799
70802.3
70866.4
70913.8
70919.7
70964.2
70981.8
70994.8
71063.7
71134.2
71137.5
71223.5
71232.7
71229.8
71241.5
71271.6
71299.7
71301.6
71342.3
71371.7
71369.3
71379.9
71391.3
71417.2
71417.1
71422.1
71465.2
71476.4
71481.8
71485.2
71491.4
71506.7
71538.7
71551.9
71558.9
71573.1
71575.5
71613.3
71614.5
71658.1
71807.5
71806.7
71816.8
71884.2
71899.9
71909.3
71919.7
71926.6
71950.3
71952.7
71967.3
71970
71973.2
71975.3
71984.1
71994.1
71995.5
72090.8
72169.8
72172.3
72197.9
72212.7
72231.4
72243.5
72254.2
72262.2
72294.3
72295.2
72306.4
72307.1
72364.2
72365.8
72380.3
72382.1
72409.7
72415.1
72423.3
72479
72485.4
72508.7
72525.2
72536.9
72549.6
72549
72555.1
72565.7
72570.7
72573
72572.7
72580.7
72582.9
72607.1
72619.1
72638.5
72683.3
72702.2
72731.2
72734.4
72741.8
72832.8
72842.5
72870.5
72922.7
72950
72969.2
73008.1
73010.6
73017.6
73024
73030.7
73098.4
73120
73125.3
73139.1
73221.5
73309.4
73328.6
73370.5
73388.2
73392.7
73398
73404.9
73415
73417
73427.3
73447.3
73463.4
73466.1
73465.5
73466.8
73467.7
73474.5
73475.8
73519.6
73543
73559.7
73572
73582.2
73590.7
73659.5
73676.8
73880.9
73888.6
73887.7
74118.2
74167.6
74205.3
74209.4
74235.5
74245
74247.4
74257.4
74260.1
74283.6
74301.4
74321.2
74332
74397.9
74408.5
74419.4
74420.8
74435.8
74442.5
74445.5
74479
74482.6
74500.6
74518.3
74523
74542.1
74560.7
74574.6
74583.2
74587.3
74611
74631.4
74730.6
74750
74756.5
74762.1
74789.6
74789.8
74791.4
74792.2
74799
74800.1
74820.7
74855.7
74857.2
74859.8
74860.7
74870.7
74870.1
74929.6
74945.2
74947.9
74949.5
74959.6
74967.8
74967.7
74981.2
74995.4
75000
75005.6
75043.8
75058.5
75078.9
75079.8
75127.8
75135
75145.8
75164.7
75179.2
75195.3
75232.4
75310.2
75332.9
75354.6
75390.1
75536.6
75548.5
75566.3
75576.6
75599.9
75602.4
75608.7
75628.9
75641.4
75648.4
75667.3
75671.6
75674.3
75689
75704.8
75718.5
75741.1
75747.2
75749.5
75799.8
75848.3
75857.8
75896.6
75906.4
75909.9
76005.5
76040.3
76040.9
76052.9
76087.7
76088.9
76122.7
76121.9
76132.8
76143.6
76161.1
76176.3
76173.4
76193.6
76207.1
76213.6
76250.9
76272.2
76284.5
76286.7
76295.9
76311.9
76311.6
76376.4
76392.9
76441.7
76457.2
76481.1
76496.4
76503.3
76513.5
76515.6
76530
76562.9
76589.8
76619.6
76622.3
76632.2
76649.7
76727.5
76741.3
76744.6
76755.9
76777.2
76789.5
76806.3
76829.7
76887.2
76906.4
76907.6
76924.4
76931.6
76955
76963.1
76997.3
77129
77238.6
77240.4
77271.9
77275.5
77278.4
77293.4
77342.6
77349.5
77395.4
77507.2
77514.9
77528.8
77583.2
77603.7
77694.7
77950.1
77960.9
77984.8
77990.7
78011.8
78017.8
78024.3
78026.2
78033.7
78050.7
78053.6
78074.7
78078.2
78086.7
78099.5
78099.6
78117
78138.6
78152.8
78187.8
78219.1
78257
78263.1
78279.1
78281.5
78291.8
78338.9
78458
78461.1
78512.9
78520.2
78525
78535.4
78539.2
78547.3
78565.6
78600.6
78750.8
78785.1
78796.8
78801.3
78812
78832.8
78850.6
78871.9
78885.1
78915.5
78915.5
78925.1
78932.1
79020.1
79037.9
79066.8
79091.6
79234.7
79247
79289.9
79296.1
79300.9
79314
79328.6
79378.3
79383.4
79443.5
79626.5
79652.4
79659.3
79709.7
79710.2
79711.8
79745.8
79754.3
79795.1
79906.7
79929.2
79931.5
79960.7
80088.5
80158.8
80167.8
80171.9
80172.7
80177.8
80211.5
80213.6
80221.5
80218.8
80220.2
80238
80247.8
80261.8
80266.5
80268.4
80276.9
80291.1
80295.7
80320.9
80346.2
80357.3
80372.5
80378.1
80378.9
80381.5
80382.8
80384.4
80392
80393.6
80401.6
80410.9
80416
80429.6
80432.5
80429
80431.1
80447.8
80452.1
80462.9
80479.2
80488.6
80488.1
80492.2
80509.4
80509.6
80548.2
80554.8
80558.3
80559.8
80567.1
80606.5
80609.8
80645.6
80701.5
80776.5
80792.9
80800.8
80805.9
80812.9
80818.7
80828.9
80944.9
80946.2
80972.8
81055.3
81064.3
81101.6
81138.5
81142.6
81159.9
81162.7
81171.1
81189
81217.5
81240
81244.9
81415.4
81524.4
81659
81756.2
81762.1
81832.3
81841.8
81856.8
81864
81866.6
81894.2
81895
81909.7
81923.3
81947.3
81957.2
82002.1
82007.8
82046.6
82051.4
82058.9
82064.5
82068.5
82087.8
82106.9
82111.9
82120
82122.3
82124.8
82153.9
82156.7
82165.4
82182.2
82203.8
82241
82246.1
82248.2
82252.2
82265.8
82303
82323.3
82322.4
82326.9
82345.3
82355
82391.2
82403.6
82426.2
82433.7
82439.2
82493.5
82499.1
82510
82515.7
82545.2
82569.7
82606.4
82611
82621.5
82633.7
82651.7
82659.2
82672.2
82674.6
82676.2
82683.1
82725.4
82783.5
82806.5
82823.2
82822.3
82826.8
82858.5
82859.8
82905.7
82910
82939.1
82949.2
82972.1
82975.3
82979.3
82980.9
82983.2
82995.2
83011
83017.2
83024.7
83032
83044.6
83049.7
83052.9
83056.2
83059.8
83081.4
83082.6
83139.3
83153.7
83171.8
83266.4
83302.9
83328.5
83358.7
83368.5
83390
83413.4
83411.6
83414.6
83423.6
83434.4
83451.2
83459.2
83466.9
83463.1
83470
83473.9
83484.1
83494.3
83494.9
83510.9
83514.2
83533.3
83551.5
83553.7
83562.6
83565.3
83569.5
83598.8
83615.1
83635.4
83668.9
83670.4
83683.1
83696.6
83705.4
83728.6
83744.6
83750.8
83760.1
83772.9
83777.8
83782.1
83798.7
83802.7
83808.9
83808.7
83814.2
83845.4
83869.5
83880.5
83907.1
83931.5
83939.4
83942
83953.1
83990.8
84000.4
84005.2
84009.6
84039.4
84044.9
84056.2
84060.3
84188
84225.6
84241.3
84245
84258.2
84273.5
84283.8
84300
84377.9
84395.8
84400.7
84422.6
84437.7
84438.6
84473.7
84529.1
84725.4
84738.6
84818.2
84835.8
84845.6
84848.4
84851.9
84858.7
84863.8
84884
84893
84894.9
84953.1
84956.4
85015.4
85104.9
85117
85122.4
85144.3
85326.4
85384.5
85433.9
85485
85492.4
85549.4
85651.5
85665.4
85682.5
85686.3
85703.3
85773.9
85795.3
85843.9
85841.1
85884.7
85916.6
85937.2
85938.6
85973.6
86012.8
86022.2
86027.6
86030.1
86035.3
86046.3
86049.5
86062.2
86077.1
86089.7
86105
86106.9
86139.7
86139.9
86155
86194.7
86198.9
86359.9
86500.1
86653.6
86736.7
86789.4
86827.5
86847.3
86865.4
86889.4
86893.7
86973.2
87008.7
87009.3
87020.1
87031
87036.5
87039.9
87043
87065.8
87120.1
87132.3
87140.1
87141.6
87146
87157.4
87186.5
87190.6
87189.2
87222.9
87241.1
87268.5
87288.1
87301.6
87360.8
87648.7
87679.9
87701.6
87738.1
87771.3
87782.5
87783.4
87848.8
87861.9
87914.2
87935.1
87967.8
87976.5
88446
88449.1
88461.9
88774.4
88900.3
88936.1
89030.5
89215.3
89264.2
89280
89320.1
89330.5
89334
89337.7
89338
89366.4
89368
89376.7
89397.3
89399.3
89405.9
89407
89413.5
89437.4
89460.4
89466.3
89476.3
89514.6
89538.2
89539
89576.8
89585.2
89592.4
89597.3
89599.9
89621.1
89624.4
89633.2
89668.1
89672.5
89677.4
89691.6
89714.4
89718.2
89753.9
89763
89790
89799.3
89807
89817.4
89820
89820.5
89819.9
89827.2
89843.6
89846
89846.1
89862.3
89891.2
89914.5
89920.1
89958.3
89957.6
89967.1
89994.9
90002.1
90022.1
90028.2
90034.7
90151
90203
90207.9
90219.1
90389
90562
90563.8
90579.8
90607.4
90614.8
90635.2
90638.4
90652.5
90654
90681.4
90697.7
90739.5
90755.2
90777.3
90814.8
90821
90827.6
91031.7
91040.4
91047.3
91056.7
91069.5
91070.2
91071.9
91082.4
91103.6
91118.9
91122.1
91126.6
91140.1
91148.1
91167.9
91186.6
91224.3
91239
91259.6
91260.3
91332.7
91336.4
91362.6
91487.5
91539.5
91552.2
91576.3
91606.1
91624.1
91660.5
91696.6
91714.3
91721.6
91733.8
91740.9
91743.9
91785.5
91794.3
91817.1
91839.7
91869.7
91877
91886
91893.8
91915.8
91924.3
91930.2
91934.8
91985.3
92017.3
92086
92138.8
92154.4
92179.1
92190.6
92222.1
92233.3
92237.4
92278
92325.9
92348.6
92357.2
92355.6
92361.4
92389.9
92403.9
92411.5
92459.2
92487.2
92489.2
92494.8
92503.5
92512.8
92519.9
92554.5
92567.3
92579.2
92592.5
92614.1
92625.8
92702.9
92705.9
92721.4
92796.8
92804.4
92842.5
92882.5
92885
92899.5
92900.1
93000
93054.6
93070.9
93083.6
93097.6
93104.3
93143.2
93319.5
93327.6
93334.5
93341
93352.2
93357
93374.7
93379.9
93410.4
93480.5
93490.4
93498
93572.1
93619.9
93643.8
93670.5
93684.1
93745
93752.8
93845.5
93988.9
94009.4
94116.3
94212.7
94244
94341.8
94355.8
94358.4
94371.1
94383.8
94397.2
94529.6
94532.1
94554.9
94594
94602.5
94622.2
94669.9
94700.9
94711.3
94719.4
94731.3
94731.9
94742.8
94751.6
94752.2
94818.3
94824.8
94965.9
95005.4
95084.1
95129.7
95134.6
95186.2
95186.8
95194.2
95195.3
95199.7
95237.5
95252
95306
95319.6
95347.1
95349.8
95349.6
95364
95378.2
95379.4
95410.3
95445
95508.3
96033.1
96049
96144.2
96212.6
96276.8
96317
96318
96318.5
96327.6
96330.1
96354
96369.7
96380.3
96396.4
96415.7
96438.1
96452.4
96546.2
96564.3
96631.8
96645.9
96649.8
96664.2
96710.7
96764.1
96766.6
96800.5
96836.9
97011.2
97107.7
97154.5
97183.2
97273.9
97286
97319.9
97333.3
97498.8
97593.7
97599.6
97668.7
97670.3
97706.6
97801.7
97815.1
97838.3
97857.3
97907.3
97927.5
97944.8
97957.7
97970.8
97991.2
98014.5
98069.7
98082
98159.7
98181.5
98191
98194.2
98207.4
98226.8
98240.8
98250.9
98258.5
98304.7
98329.2
98342.6
98344.2
98362.6
98377.4
98392
98395.8
98427.9
98507.9
98599.7
98607.2
98825
98874.5
98890
98971.1
99036.6
99051.7
99055.4
99084.1
99103.2
99225.9
99276.8
99299.1
99364.3
99428.6
99433.6
99443.5
99461.2
99471.9
99477.6
99501.9
99507.6
99544.8
99560.4
99577.3
99656.2
99762.9
99768.8
99776
99790.3
99839
99847.4
99899.8
99916.6
99919
99936
100043
100122
100137
100233
100331
100820
100847
100863
100889
100905
100918
100942
100955
100980
100995
101004
101004
101022
101022
101030
101031
101033
101057
101064
101077
101089
101084
101100
101127
101191
101205
101219
101278
101274
101321
101339
101357
101377
101383
101390
101396
101402
101416
101448
101451
101452
101471
101550
101647
102170
102176
102269
102271
102333
102344
102361
102360
102408
102412
102567
102590
102630
102633
102673
102681
102690
102698
102710
102712
102744
102742
102758
102762
102769
102781
102795
102797
102805
102812
102846
102867
102937
103001
103028
103050
103069
103166
103168
103228
103448
103928
103955
104017
104020
104023
104036
104046
104079
104088
104100
104169
104240
104242
104247
104250
104275
104317
104320
104340
104347
104360
104367
104376
104404
104501
104514
104543
104564
104577
104581
104602
104614
104618
104619
104625
104669
104670
104674
104683
104690
104701
104703
104708
104714
104721
104722
104721
104731
104775
104779
104786
104788
104797
104805
104845
104901
104907
104926
104956
104986
104991
105257
105379
105570
105596
105680
105687
105694
105702
105731
105741
105746
105750
105770
105778
105786
105910
105926
105928
105958
105971
106041
106080
106119
106152
106150
106174
106190
106198
106229
106254
106259
106274
106335
106358
106367
106443
106448
106455
106466
106491
106501
106532
106561
106580
106619
106632
106655
106993
107005
107009
107042
107071
107073
107080
107118
107135
107222
107243
107247
107263
107404
107414
107485
107500
107602
107626
107698
107744
107792
107891
107945
107972
107979
107980
107988
107999
108025
108028
108031
108037
108073
108115
108139
108176
108526
108557
108568
108588
108685
108702
108718
108763
108775
108781
108823
108840
108858
108868
108887
108898
108924
108931
108948
108950
108986
108989
109054
109054
109058
109096
109093
109096
109098
109112
109114
109115
109117
109133
109134
109143
109169
109172
109211
109219
109233
109235
109244
109252
109274
109273
109289
109297
109297
109320
109324
109326
109337
109359
109413
109417
109438
109441
109448
109450
109485
109486
109501
109514
109549
109554
109593
109591
109595
109972
109980
109986
110144
110210
110215
110216
110232
110244
110256
110264
110275
110286
110308
110319
110614
110622
110689
110694
110742
110765
110837
111150
111234
111238
111283
111346
111354
111538
111540
111554
111569
111571
111572
111588
111606
111612
111624
111635
111641
111672
111673
111700
111729
111732
111841
111858
112243
112254
112271
112296
112300
112328
112332
112342
112375
112399
112511
112557
112876
112992
113005
113041
113043
113166
113177
113184
113185
113223
113232
113248
113252
113513
113525
113680
113742
113781
113782
113868
113874
113926
113935
113957
113975
113976
113979
114011
114024
114042
114063
114096
114378
114418
114414
114427
114447
114454
114467
114487
114495
114529
114583
114582
114581
114604
114613
114632
114640
114640
114646
114655
114680
114686
114709
114713
114725
114744
114761
114806
114948
114983
115026
115036
115052
115057
115058
115116
115148
115148
115156
115161
115175
115218
115280
115453
115462
115471
115481
115544
115679
115743
115757
115772
115782
115788
115823
115838
115846
115853
115875
115913
115928
115983
116011
116010
116064
116077
116319
116324
116325
116328
116346
116402
116439
116495
116504
116518
116545
116571
116589
116593
116662
116690
116733
116745
116821
116823
116836
116859
116872
116883
117035
117084
117103
117109
117123
117129
117154
117159
117163
117172
117219
117230
117235
117240
117254
117282
117281
117364
117371
117406
117415
117420
117425
117442
117462
117467
117473
117483
117482
117483
117508
117515
117532
117542
117549
117566
117565
117560
117579
117602
117637
117639
117654
117673
117726
117733
117768
117773
117789
117798
117898
117923
117933
117950
117956
117991
118002
118032
118050
118065
118073
118089
118128
118130
118135
118134
118137
118137
118147
118175
118176
118196
118200
118202
118220
118236
118250
118261
118265
118278
118291
118306
118318
118320
118341
118350
118351
118353
118395
118407
118463
118476
118513
118533
118560
118596
118600
118618
118623
118645
118647
118664
118683
118684
118705
118717
118723
118731
118747
118749
118767
118782
118794
118806
118802
118833
118846
118875
118890
118902
118922
118916
118942
118954
118980
118992
119007
119014
119057
119061
119135
119174
119278
119310
119316
119329
119341
119350
119356
119357
119365
119383
119573
119580
119605
119605
119668
119672
119742
119751
119756
119762
119773
119782
119795
119802
119816
119827
119863
119940
119965
120005
120110
120547
120904
120939
120935
120944
120950
120975
120994
121003
121020
121021
121016
121025
121050
121054
121070
121078
121085
121102
121128
121164
121462
121490
121498
121499
121533
121539
121561
121601
121627
121648
121673
121693
121709
121753
121798
121913
122432
122449
122455
122477
122780
122917
122947
123002
123019
123036
123438
123447
123478
123476
123497
123540
123550
123634
123652
123680
123684
123701
123715
123731
123739
123771
123781
123797
123813
123819
123836
123880
123910
123917
123922
123940
123956
124024
124079
124093
124116
124152
124158
124177
124188
124193
124205
124212
124280
124363
124372
124377
124397
124410
124418
124422
124437
124488
124643
124666
124672
124700
124739
124760
124788
124808
124814
124845
124885
124979
124998
125035
125052
125117
125122
125130
125136
125147
125153
125176
125177
125196
125201
125206
125217
125222
125248
125368
125372
125386
125392
125394
125400
125410
125418
125418
125428
125435
125440
125466
125475
125488
125497
125559
125571
125620
125663
125671
125669
125674
125697
125700
125708
125707
125708
125708
125733
125736
125743
125752
125815
125818
125831
125837
125848
125855
125864
125883
125890
125906
125914
125918
125926
125930
125940
125944
125961
125960
125970
125977
125994
126002
126007
126028
126045
126042
126060
126069
126102
126103
126107
126110
126133
126134
126143
126153
126156
126160
126166
126185
126195
126201
126222
126230
126235
126248
126253
126287
126308
126312
126328
126454
126461
126465
126476
126501
126502
126512
126518
126596
126604
126612
126614
126636
126647
126654
126720
126771
126860
126940
127019
127067
127106
127111
127127
127195
127198
127203
127219
127234
127237
127252
127275
127270
127272
127279
127281
127315
127356
127369
127375
127377
127380
127387
127389
127402
127404
127461
127465
127504
127558
127563
127570
127648
127658
127679
127678
127693
127694
127707
127715
127720
127726
127724
127730
127733
127742
127743
127752
127747
127754
127754
127759
127765
127763
127766
127760
127768
127774
127774
127776
127777
127786
127792
127799
127805
127809
127811
127815
127816
127826
127828
127823
127837
127882
127920
127931
127939
127937
127945
127959
127963
127966
127972
127976
127994
127992
127997
128016
128025
128030
128042
128042
128044
128052
128058
128072
128083
128083
128099
128099
128104
128103
128108
128116
128119
128145
128140
128159
128166
128207
128219
128231
128238
128242
128244
128251
128250
128256
128262
128282
128283
128290
128296
128295
128301
128305
128314
128321
128335
128340
128340
128357
128368
128375
128402
128410
128417
128412
128417
128414
128420
128419
128438
128448
128481
128490
128495
128499
128510
128515
128539
128543
128544
128663
128700
128731
128771
128786
128793
128797
128814
128827
128835
128853
128862
128872
128875
128891
128921
128921
128937
128940
128942
128950
128960
128969
128990
128994
129064
129066
129105
129123
129122
129238
129256
129266
129282
129290
129297
129299
129320
129341
129348
129370
129372
129387
129424
129429
129482
129511
129518
129637
129689
129697
129887
129905
129906
129939
129968
130054
130066
130077
130161
130165
130169
130199
130200
130252
130314
130648
130964
130967
131003
131005
131029
131033
131054
131086
131173
131184
131224
131231
131350
131422
131434
131453
131466
131482
131497
131518
131565
131571
131578
131616
131654
131703
131758
131768
131772
131775
131785
131807
131831
131834
131837
131936
132062
132076
132096
132111
132132
132236
132288
132340
132353
132368
132394
132403
132582
132597
132634
132646
132663
132672
132687
132698
132714
132716
132723
132728
132736
132743
132750
132760
132769
132777
132795
132832
132834
132899
132902
132914
132923
132932
132940
132948
132946
132969
132974
132992
132999
133011
133022
133053
133062
133092
133089
133154
133163
133173
133188
133204
133224
133230
133253
133288
133293
133295
133335
133357
133364
133381
133390
133397
133402
133399
133410
133431
133453
133499
133511
133540
133543
133549
133555
133562
133576
133592
133606
133631
133652
133670
133683
133701
133715
133721
133726
133735
133772
133776
133784
133815
133813
133827
133830
133840
133839
133844
133859
133861
133869
133917
133920
133926
133931
133937
133981
133996
134046
134149
134150
134178
134219
134230
134704
135599
135603
135655
135670
135672
135675
136147
136164
136350
136622
136630
136700
136729
136731
136744
136780
136784
136793
136812
136826
136907
136928
137137
137256
137259
137280
137283
137297
137308
137318
137340
137342
137350
137358
137373
137406
137812
137861
137891
137894
137909
137910
137916
137956
137968
137972
137973
137982
137986
137996
137998
138000
138002
138005
138015
138019
138051
138056
138062
138064
138077
138097
138160
138506
138562
138607
138643
138651
138666
138692
138707
138709
138726
138753
138808
138836
138871
138988
139008
139020
139022
139049
139053
139057
139082
139097
139107
139127
139139
139218
139218
139382
139398
139402
139433
139497
139505
139528
139665
139671
139720
139735
139740
139752
139781
139796
139831
139870
139922
139954
139966
139985
140047
140060
140067
140165
140198
140217
140231
140227
140299
140354
140414
140418
140434
140469
140485
140528
140543
140593
140613
140835
140854
140875
140941
140974
140998
141023
141035
141060
141440
141541
141575
141586
141588
141594
141614
141635
141648
141651
141659
141669
141704
141804
141913
141936
141942
141991
142013
142025
142045
142072
142114
142112
142119
142152
142197
142219
142214
142273
142300
142331
142377
142463
142503
142539
142601
142631
142643
142672
142673
142692
142729
142781
142812
142827
142844
142847
142843
142865
142880
142887
143052
143103
143122
143138
143166
143222
143298
143316
143324
143334
143354
143356
143371
143378
143386
143394
143406
143460
143479
143479
143480
143499
143504
143509
143518
143527
143529
143531
143538
143550
143552
143564
143560
143564
143591
143609
143607
143604
143614
143618
143626
143627
143634
143640
143691
143688
143728
143732
143767
143771
143933
143942
143950
143971
143983
144027
144030
144038
144070
144083
144112
144192
144328
144334
144349
144483
144495
144492
144496
144541
144557
144573
144599
144607
144611
144617
144635
144641
144644
144700
144713
144719
144724
144722
144725
144733
144747
144785
144973
144984
145037
145054
145056
145062
145077
145085
145106
145108
145126
145146
145168
145187
145187
145208
145217
145221
145235
145247
145269
145325
145354
145357
145368
145372
145377
145383
145390
145426
145432
145468
145486
145528
145621
145642
145700
145773
145843
145861
145902
145936
146022
146248
146258
146294
146299
146304
146358
146366
146456
146551
146627
146641
146647
146649
146656
146665
146891
146927
146935
146936
146958
147030
147111
147111
147141
147182
147182
147199
147210
147234
147248
147267
147280
147293
147326
147353
147365
147380
147388
147401
147406
147411
147418
147452
147464
147468
147483
147508
147525
147543
147583
147997
148013
148014
148022
148032
148038
148038
148059
148062
148070
148074
148077
148090
148094
148093
148106
148120
148139
148180
148183
148186
148193
148266
148337
148359
148374
148414
148417
148438
148520
148534
148577
148584
148627
148682
148682
148691
148766
148922
148923
148936
148988
149017
149028
149025
149032
149043
149059
149060
149076
149113
149138
149161
149196
149231
149235
149313
149310
149316
149341
149364
149374
149388
149417
149431
149450
149465
149468
149486
149504
149556
149556
149560
149562
149572
149596
149598
149632
149633
149650
149668
149701
149706
149713
149749
149757
149785
149794
149857
149856
149880
149956
149977
149995
150144
150159
150188
150231
150289
150294
150307
150304
150314
150327
150318
150364
150418
150420
150424
150425
150472
150574
150625
150632
150676
150718
150727
150733
150738
150746
150774
150795
150956
151002
151012
151022
151065
151097
151155
151224
151285
151287
151547
151608
151696
151719
151721
151728
151755
151776
151812
151893
151944
151968
152007
152017
152057
152060
152400
152403
152413
152443
152449
152478
152524
152542
152551
152570
152631
152664
152671
152686
152692
152716
152730
152731
152768
152776
152990
153017
153091
153123
153130
153153
153151
153184
153209
153234
153258
153267
153277
153289
153293
153302
153320
153331
153355
153360
153370
153400
153430
153435
153435
153470
153515
153563
153577
153645
153644
153701
153702
153717
153761
153763
153802
153840
153850
153858
153870
153868
153929
153930
153945
153951
153976
154007
154007
154010
154020
154028
154034
154054
154054
154061
154101
154203
154219
154246
154329
154397
154430
154432
154445
154441
154452
154485
154493
154492
154490
154503
154494
154525
154526
154540
154541
154545
154553
154573
154604
154616
154607
154626
154630
154667
154728
154748
154763
154768
154786
154796
154883
155181
155294
155635
155665
155687
155713
155737
155740
155772
155773
155775
155781
156182
156271
156574
156587
156598
156721
156793
156850
156860
156902
156933
156945
157079
157180
157333
157763
157863
157872
157957
157987
158028
158028
158058
158068
158101
158135
158837
158860
158867
158979
158979
159054
159093
159105
159132
159148
159162
159178
159285
159293
159303
159316
159339
159407
159807
159929
159958
159994
160016
160045
160050
160061
160081
160084
160086
160090
160095
160138
160543
160615
160669
160703
160769
160773
160809
160852
160955
160969
160971
160983
161103
161126
161168
161196
161249
161253
161262
161341
161361
161457
161517
161580
161798
161829
161917
161931
161961
162052
162071
162074
162095
162106
162122
162133
162144
162170
162171
162177
162182
162194
162225
162264
162308
162316
162579
162590
162621
162637
162664
162682
162728
162743
162819
162859
162859
162866
162873
162889
162897
162911
162939
162939
162943
162962
162959
162965
162984
162986
163019
163022
163045
163059
163104
163131
163134
163158
163219
163265
163351
163367
163374
163375
163398
163405
163453
163462
163595
163596
163633
163692
163795
163936
164039
164081
164223
164288
164460
164513
164532
164527
164546
164576
164597
164622
164641
165196
165586
165687
165727
165765
165771
165808
165875
165876
166182
166358
166368
166423
166731
166771
166809
166811
166843
166887
166918
167288
167352
167410
167418
167524
167568
167568
167613
167691
167713
167728
167736
167777
167789
167792
167807
167828
167834
167856
167885
167997
168096
168150
168157
168184
168181
168188
168193
168236
168244
168245
168247
168270
168316
168394
168400
168399
168431
168513
168540
168561
168571
168578
168587
168680
168771
168867
168971
169038
169065
169166
169170
169290
169323
169356
169370
169425
169416
169490
169521
169582
169600
169605
169620
169721
169818
169832
169834
169949
169956
169967
169986
170192
170208
170229
170232
170240
170275
170300
170304
170329
170329
170722
170835
170841
170845
170853
170915
170938
170955
170969
171025
171093
171104
171121
171169
171201
171232
171255
171280
171275
171285
171411
171445
171472
171517
171531
171594
171597
171629
171635
172206
172216
172227
172242
172248
172264
172300
172329
172340
172357
172422
172517
172570
172574
172579
172593
172600
172598
172600
172634
172676
172699
172728
172740
172742
172755
172763
172800
172918
172947
172951
172984
173000
173013
173043
173088
173233
173273
173362
173365
173413
173491
173641
173690
173834
173854
174115
174120
174130
174147
174149
174166
174172
174177
174181
174193
174243
174274
174287
174293
174335
174455
174674
174702
174732
175151
175150
175176
175193
175198
175223
175241
175243
175251
175262
175265
175270
175279
175294
175306
175312
175355
175377
175449
175477
175488
175497
175507
175577
175583
175589
175622
175907
175918
175972
176033
176047
176088
176093
176114
176115
176134
176161
176187
176214
176240
176320
176327
176381
176393
176404
176425
176432
176440
176458
176471
176481
176494
176520
176582
176774
177009
177134
177149
177506
177515
177522
177555
177620
177707
177712
177742
177745
177753
177769
177811
177973
178008
178013
178041
178102
178154
178179
178189
178208
178228
178244
178250
178266
178270
178292
178301
178320
178327
178331
178343
178394
178399
178413
178473
178490
178501
178528
178546
178566
178567
178625
178637
178718
178741
178869
178939
179163
179228
179286
179307
179337
179341
179357
179366
179370
179389
179478
179511
179554
179559
179587
179612
179621
179626
179644
179653
179663
179826
179837
179887
179907
179922
179926
179956
179966
179978
180002
180050
180120
180154
180202
180257
180288
180360
180524
180562
180577
180579
180597
181422
181898
181898
181989
182015
182170
182289
182309
182312
182504
182521
182563
182571
182575
182579
182593
182643
182764
182803
182823
182854
182865
182866
182873
182879
182893
182911
182952
182991
183035
183039
183059
183092
183151
183189
183264
183305
183353
183360
183368
183496
183505
183541
183628
183649
183709
183744
183764
183770
183775
183783
183787
183797
183796
183802
183811
183819
183827
183833
183846
183852
183865
183895
183910
183941
183983
183990
184049
184078
184072
184087
184091
184091
184101
184100
184108
184113
184110
184102
184120
184116
184107
184115
184121
184120
184124
184133
184150
184133
184175
184222
184267
184278
184285
184281
184286
184297
184317
184335
184334
184335
184453
184448
184466
184469
184584
184613
184623
184631
184693
184727
184717
184785
184891
184916
184948
184974
184982
184987
185006
185585
185597
185617
185645
185657
185650
185658
185652
185673
185683
185697
185712
185716
185725
185728
185743
185760
185762
185773
185777
185781
185799
185801
185816
185825
185823
185850
185847
185898
185912
185917
185938
185939
185942
185952
185964
185972
185971
185977
185978
185976
185981
185986
185997
185999
186002
186006
186011
186014
186018
186024
186026
186039
186043
186053
186061
186183
186194
186202
186220
186237
186248
186277
186283
186294
186302
186327
186326
186330
186345
186379
186393
186420
186430
186440
186442
186498
186542
186616
186609
186630
186760
186782
186787
186819
186848
186856
186848
186865
186870
186881
186902
186965
186981
186980
186985
186989
186998
186999
186999
187001
187004
187006
187026
187051
187054
187145
187208
187232
187244
187251
187252
187267
187266
187284
187279
187357
187391
187431
187439
187516
187713
187718
187733
187746
187740
187755
187749
187754
187775
187784
187786
187799
187796
187802
187806
187809
187829
187836
187844
187866
187881
187889
187908
187948
187946
187977
187969
187990
187990
188000
188011
188008
188013
188017
188009
188025
188023
188043
188062
188067
188090
188093
188156
188166
188158
188221
188237
188238
188252
188285
188313
188355
188379
188381
188392
188400
188409
188411
188413
188430
188442
188448
188449
188449
188458
188488
188519
188530
188530
188539
188550
188568
188606
188592
188608
188608
188654
188685
188687
188680
188738
188751
188752
188807
188811
188837
188842
188831
188833
188866
188915
188926
188917
188939
188958
188956
188962
188971
189040
189059
189075
189157
189201
189205
189223
189262
189266
189282
189286
189292
189297
189307
189301
189304
189308
189394
189429
189439
189444
189461
189476
189584
189677
189743
189789
189932
189941
189968
190012
190029
190052
190042
190058
190048
190064
190108
190113
190129
190157
190142
190170
190174
190163
190194
190210
190256
190311
190320
190350
190355
190408
190433
190464
190512
190552
190554
190568
190587
190673
190727
190750
190762
190812
190810
190898
190909
190949
190983
190994
190989
190998
191035
191090
191131
191183
191194
191199
191208
191303
191348
191366
191415
191424
191432
191435
191445
191479
191496
191513
191513
191535
191544
191570
191587
191600
191675
191760
191792
191801
191814
191817
191822
191834
191841
191843
191850
191874
191884
191887
191939
191939
191945
191956
191960
191965
191972
191975
192022
192024
192312
192336
192343
192363
192384
192414
192418
192439
192457
192488
192503
192509
192520
192536
192546
192554
192584
192584
192626
192627
192635
192738
192747
192767
192767
192775
192806
192828
192828
192847
192888
192985
192993
193009
193011
193022
193035
193055
193058
193063
193066
193079
193084
193085
193086
193096
193111
193127
193132
193145
193151
193191
193200
193201
193203
193209
193213
193217
193230
193239
193258
193285
193288
193296
193324
193335
193354
193362
193361
193379
193383
193427
193448
193508
193535
193579
193609
193618
193643
193655
193835
193837
193909
193919
193934
193950
193960
193985
194011
194068
194086
194138
194198
194228
194323
194402
194667
194678
194695
194700
194739
194757
194752
194792
194861
194875
194888
194936
195198
195223
195269
195281
195287
195372
195393
195406
195413
195425
195440
195459
195488
195491
195500
195516
195721
195766
195854
195945
195987
196010
196027
196053
196061
196080
196101
196106
196144
196146
196159
196274
196453
196469
196596
196618
196623
196607
196627
196646
196660
196670
196685
196706
196769
196799
196805
196810
196842
196831
196837
196840
196857
196899
196920
196951
196991
197021
197021
197039
197042
197046
197057
197073
197090
197096
197098
197111
197119
197137
197163
197186
197214
197215
197221
197244
197252
197261
197279
197297
197307
197336
197338
197342
197352
197371
197381
197388
197401
197404
197405
197408
197417
197438
197444
197449
197455
197457
197477
197490
197507
197532
197541
197577
197589
197631
197645
197649
197676
197735
197830
197837
197951
198009
198031
198076
198077
198092
198094
198134
198158
198192
198209
198233
198236
198239
198238
198264
198268
198276
198279
198299
198304
198321
198329
198342
198346
198378
198438
198456
198465
198468
198473
198508
198639
198641
198649
198656
198671
198677
198691
198695
198706
198713
198753
198791
198796
198798
198801
198805
198813
198824
198836
198837
198859
198868
198882
198995
199006
199028
199041
199068
199082
199130
199134
199137
199172
199185
199192
199202
199206
199215
199223
199225
199317
199321
199341
199355
199405
199492
199553
199583
199587
199588
199591
199596
199623
199623
199638
199641
199643
199700
199767
199774
199799
199800
199802
199808
199822
199885
199959
199979
199979
