1119.79
1240.69
5417.78
5866.78
6758.97
7037.09
9055.26
10711.4
11354
13102.1
17365.1
18327.3
23974.2
24630
26194.1
26644.8
29806.4
30291.3
31647.8
37042.6
37283.2
38103.7
39573.1
40224.7
40466.2
41710.5
45335.6
47243.4
52227.9
53975.4
54305.3
55527.4
56822.4
58541.8
61298.3
61366.5
63689.7
65820.5
65921.9
67619.7
75714.6
76836.3
78155.3
80291.4
83084.5
84882.6
85478
86024.1
88425.8
91520
94477
95507.6
98077.6
98445.1
100441
101471
101834
105090
107011
108430
108446
108886
109516
110284
111347
113460
116153
118304
119434
120968
122527
126172
127012
127016
128007
129137
129687
130468
132589
132940
135568
140605
141933
143525
144467
147086
149875
152996
154214
155268
155512
155739
156404
156640
167096
167641
168595
168601
168864
170441
170643
171366
174519
175357
175486
175845
179155
179482
183488
183629
183979
190271
191270
192996
195727
197767
