422.72
450.79
468.11
953.23
1060.12
1064.98
1183.43
1384.74
1590.48
1692.06
1763.08
2016.84
2367.98
2385.06
2551.37
2648.05
2763.42
2919.45
3031.11
3065.77
3302.71
3317.25
3352.54
3721.74
4070.02
4652.91
4688.35
4719.91
4729.31
5209.51
5462.78
5797.34
5816.48
5960.63
6060.82
6163.85
6447.92
6479.07
6876.94
7342.49
7416.26
7544.18
7785.34
7820.33
7825.57
8723.92
8880.28
8925.73
8937.22
9065.52
9122.64
9393.73
9480.42
9747.64
10299.1
10586.8
10832.5
10957.9
11700.6
11712.5
11805.9
11893.2
12192.4
12227.4
12380.2
12779.2
13413.7
13536.5
13586.7
13737.6
13888.3
14063.5
14236.3
14440.7
14534.5
14546.8
14881.8
15066.8
15286.4
15349.9
15384
15529
15736.4
16031.9
16046.1
16602.4
16678.5
16697
16978.3
17129.4
17251.3
17573.4
17705.5
17829
18093
18208.7
18267.6
18303.6
18391.8
18568.6
18971.1
19007.8
19255
19268
19585.9
19591.5
20074.4
20162
20288.6
20305.2
20459.3
20669.9
20788.8
20881.5
20898.7
21133.4
21318.1
21858.6
21970.9
22272.2
22392.1
22444.7
22715.3
23022.2
23245.3
23413.5
23537.1
23697.8
23717.9
23835.8
24802.9
25031.1
25259.6
25482.5
25671.4
25708.3
25797.6
26094.8
26097.7
26158.8
26180.4
26223.8
26248.8
26404.5
26708.6
27024.9
27478.6
28356.7
28360.6
28689.8
28722.7
29160.6
29188.6
29518.5
29889.3
30424.6
30530.2
31046.4
31218.7
31375.7
31676.6
31930.2
32177.5
32235.8
32570.2
32935
33189.3
33558.3
33601.8
34030.3
34086.2
34453
34770.6
34801.1
35136.4
35145.8
35361.9
35427.9
35540.2
35585.7
35667
35741.2
35753
35989.9
36099.1
36914.2
37323.5
37704.3
37752.6
38156.2
38286.9
38792.5
39102.1
39202.6
39518.1
39531.9
39698.1
39710.5
39718.2
39727.2
40200.6
40238
40598.4
40663.7
40959.9
41171.9
41311.9
41406.3
41910.8
41972.5
42105.8
42179.1
42605.5
42688.5
43048.5
43062.7
43230.8
43394.2
43475.3
43909.7
43919.4
44333.1
44641.9
44968.1
45594.2
45842.7
45877.2
46207.8
46232.1
46455.1
46474.6
46577.4
47432.1
47458.1
47477.5
47794.2
47986.8
48133
48630.9
49003.9
49151.5
49168.3
49281.1
49585.8
49701.5
50425.7
50522.3
50737.5
51442.5
51647.8
51662.1
52202.2
52682.8
52755.6
52786.5
52793.8
52884.2
52965.6
53012.3
53247.9
53523.2
53529.5
53643.8
53884.2
54237.5
54346.4
55198.4
55482.1
55693.9
55943.5
56080.1
56469.6
56659.2
57049.4
57145.2
57440.3
57998.7
58122.2
58475.8
58706.5
59034.7
59610.9
59709.5
59800.8
59968.1
60059.2
60130.6
60186.4
60362.7
60644.3
60740.8
61172.4
61196.5
61447.3
61623.1
61844.7
62133.5
62335.5
62917.7
63261.3
63410.9
63791.6
64183.8
64214.3
64222.1
64402.4
64691.5
64834.4
65207.4
65571.6
65632.1
65886.4
65894.3
66411.7
66977.1
67494
67740.3
68065.9
68291.2
68416
68488.6
68558.8
68683
68852.8
68943.2
68959.4
68984.8
69047.3
69464.8
70025.3
70169.1
70277.1
70357.2
70674.1
70922.5
71350.5
71583.1
71640
72067.2
72405.3
72539.6
72609.5
72630.2
72730.6
72823.3
73058.4
73176.6
73413.4
73577.1
74031.6
74829.5
74872.2
75144.8
75521
75868.1
76284.4
76364.9
76490.6
76582.1
77055.7
77609.3
77611.4
77623.7
77759.6
77867.5
78485.3
78500.9
78632.4
78709.4
79025.5
79117.4
79585.9
79880.2
79907.2
80182.2
80320.5
80351.6
80577.9
80647
80784.9
80847.9
81075.7
81231.1
81343.6
81624.8
81708
81739.4
81762.3
81928.9
82269.6
82678.3
82720.7
82886.6
83037.8
83227
83262.2
83729.8
83923.1
84193.3
84247.4
84471.2
84519.6
84593.3
84822.7
85039.6
85535.5
85601.2
85645.1
85660.2
85782
86023.7
86193.9
86234.7
86803.2
87016.6
87232
87244.3
87566.6
87738.4
87838.4
87881.2
87933.2
87961.7
88214.4
88317.2
88936.3
89168.6
89325.3
89522.2
89905.4
90398.3
90643.3
90761.9
90868.6
90904.8
90946.9
91053.6
91290.4
91614.9
91637.8
91940.5
92112.9
92246.8
92525.5
92722.5
92814.8
93268.2
93390.8
93429.4
93444.7
93771.3
93778.1
93999.8
94452.8
94462.8
94717.8
94975.7
94967.6
94996.4
95089.4
95308.4
95563.1
95837.4
96195.6
96348.4
96877.8
96965
98136.9
98327.4
98534
98573.3
98609.6
98749.1
98873
99014.5
99072.5
99114.9
99326.9
99341.1
99814.1
100137
100302
100701
100732
101209
101371
101444
102100
102398
103114
103387
103545
103991
104173
104554
104755
104889
105218
105241
105873
106234
106350
106418
106488
106842
107141
107225
107283
107332
107431
107574
107616
107861
108612
108910
109086
109441
109700
109852
109977
110148
110174
110218
110637
110881
111205
111642
111738
112494
112512
112606
112750
112831
112909
112973
113346
113414
113450
113593
113751
113860
113883
114110
114379
114411
114480
114546
114948
115270
115769
116021
116128
116194
116284
116352
116384
116382
116387
116503
116766
116822
117168
117170
117213
117325
117429
117505
117915
117944
118079
118965
119279
119368
120192
120557
120855
121150
121578
122382
122911
123000
123085
123101
123604
123833
124079
124187
124218
124508
124648
124738
125258
125474
125542
125903
126493
126704
127524
127661
128136
128496
128516
128705
128813
128884
128988
129002
129044
129370
129386
129423
129632
130252
130289
130452
130623
130804
130810
130918
131025
131411
131559
131923
132063
132173
132237
132271
132721
132743
132880
132916
133054
133253
133326
133401
133945
134038
134139
134289
134382
134631
134803
134860
135025
135259
135416
135590
136130
136251
136442
136979
137175
137678
137851
138324
138344
138516
138583
138951
139325
139517
139690
139804
139973
140008
140166
140433
140734
141302
141361
141851
142626
142895
143157
143248
143330
143420
143777
143815
144160
144654
145210
145739
145774
145856
145958
146047
146577
147114
147134
147185
147577
148043
148109
148670
148764
148771
149075
149138
149558
149552
149559
149820
149994
150372
150459
150464
150554
150927
151008
151007
151032
151289
151433
152032
152879
152961
153502
153579
153646
153803
153964
154255
154571
154941
154955
155105
155233
155392
155405
155588
155756
155930
156244
156435
156646
156881
156889
157500
157758
158484
158526
158561
158788
158904
158938
159285
159389
159781
160116
160297
160427
160496
160627
161402
162086
162170
162416
162530
162812
162809
163079
163412
163577
163820
164132
164409
164868
165047
165431
165462
165500
165676
165668
165720
165820
166084
166227
166481
166599
166915
166976
167257
167286
167335
167767
167864
167996
168212
168360
168707
168878
169276
169463
169670
169806
169834
169960
170277
170327
170686
170781
170777
171132
171482
171585
171731
171777
171904
172068
172182
172683
173181
173192
173677
173720
173946
174031
174734
174823
174913
175480
175503
175678
175824
176133
176369
176401
176609
176967
177679
177752
178074
178549
178737
179353
180188
180275
180331
180582
180873
180928
180989
181124
181168
181803
181898
181992
182049
182204
183057
183191
183667
183893
184325
185056
185079
185275
185513
185575
185693
185997
186113
186229
186251
186582
186828
187330
187478
187511
187802
187938
187935
188097
188158
188391
188469
188475
188600
188859
188950
188971
189132
189156
189202
189683
189820
189886
190332
190355
190744
190789
190881
191172
191248
191398
191933
192169
192550
192746
192825
192855
192891
193038
193185
193254
193314
194066
194104
194101
194548
194721
195024
195312
195409
195452
195553
195858
195952
196017
196150
196444
196485
196959
196976
196977
197014
197045
197245
197338
197363
197748
197796
197967
198080
198325
198571
198673
198739
198795
199859
199926
