6945.74
8923.27
13114.1
17031.9
18619.8
18911.4
20093.7
20321
21540.9
24086
25207.6
41134.3
43375
43479
45812.7
54271.9
55027.9
57817.8
58052
60124.7
60885.4
62165.1
73419.8
74699.8
78040
80478.4
82777.1
84571.6
85358.7
85363.4
90458.1
94174.9
96739.1
101603
101760
102034
106652
109919
111450
120143
120344
125124
126598
126813
130654
131060
131694
131775
133118
142492
146968
147018
147275
150059
153631
154526
155240
158672
160629
161690
164114
170598
185121
186486
187653
192821
195183
196194
198877
199157
