4396.73
4403.49
4408.84
4417.45
5338.75
5380.42
5856.3
5876.98
5889.96
8955.58
8956.59
8986.4
8987.92
8991.71
8993.07
8996.1
8997.57
9024.91
9050.15
9051.15
9053.25
9055.47
9056.82
9063.09
9064.4
9065.98
9072.43
9074.76
9075.92
9081.18
9085.54
9086.33
9087.24
9088.86
9100.16
9106.72
9109.18
9111.7
9121.76
9123.31
9132.66
9134.83
9139.76
9140.68
9145.33
9147.36
9148.12
9150.38
9151.51
9153.84
9157.16
9158.03
9160.56
9161.42
9162.43
9163.72
9173.56
9174.13
9178.08
9181.19
9182.24
9183.51
9184.58
9189.53
9190.99
9192.01
9192.7
9195.65
9198.04
9200.37
9211.93
9213.71
9216.7
9229.93
9237.79
9270.84
9310.66
11789.7
11818.3
11823.3
11828.7
11863.1
12227
12273
13156.8
13165.5
13177.3
13179
13250.5
13261.2
13270
13283.6
13297.5
13310.7
13353.1
13599.1
13604
13713
13715.1
13716.7
13719.6
13953.8
13961.4
15317.3
15645.6
15653.5
15655.9
15675.6
15680.5
15687.4
15691.9
15703.1
15734.1
15735.5
15763.4
15797.3
15835.9
15866.7
15901.9
15929
15960.7
16077.7
16079
16087.7
16093.5
16286.5
16342.8
17866.9
17878.3
17935.5
17964.2
17969.8
17998.6
18003.4
18027.4
18030.6
18033.5
18049.9
18056.4
18068.7
18634.8
18652.7
18743.8
18750.4
18768.3
18776.4
18788.3
18795.7
18831.7
18840.6
18851.7
18905.3
18964.9
18989.2
19031.8
19062.7
19081.2
19094.7
19105.3
19115.7
19137.1
19143.1
19153.5
19162
19199.6
19205.1
19213.2
19214.7
19224.8
19253.6
19255.9
19262.2
19268.6
19274.5
19279.9
19284.8
19288.5
19294.6
19307.5
19310.4
19326.2
19336
19347.7
19352.7
19358.1
19368.8
19383.1
19406.1
19427.3
19432.4
19451.2
19459.1
19474.7
19483.3
19487.9
19494.5
19527.1
19544.2
19549.7
19609.5
19694.5
19704
19706.3
20183.5
20195.8
21041.2
21051.6
21080.5
21096.7
21141.5
21145.4
21147.8
21150.2
21153.1
21727.3
21758.1
22460.2
22779.6
22806.3
23512.3
23518.1
23545
23583.4
23594.3
23605.2
24339.6
24341.8
24345.7
24351.5
24353.8
24356.6
24358.7
24363.5
24366.5
24370.7
24373.9
24379
24527.3
25501.6
25503.8
25505.9
27069.5
27073.6
27079.8
27083.2
28978
28996.2
29001.2
29006.4
29042.9
29169.2
29174.5
29408.3
29417.6
29425.1
29457.6
29474.5
29479.4
29485.8
29488.8
29494.8
29550.4
29551.7
29568.2
29571.8
29601.3
29606.6
29614.2
29634.4
29639.7
29647.6
29658.5
29663.6
29679.1
29709.9
29713.8
29719.8
29735.2
29824.8
29828.9
29884.1
29888
29889.8
29915.2
29925.1
29926.5
29930.1
29933
29935.9
29975.2
29976.5
29977.9
29979.1
29980.6
29984.5
29986.3
29993.2
29998.8
30013.2
30015.1
30018.9
30040.2
30043.8
30045.8
30068.9
30072.4
30086.3
30103.6
30105.5
30124.5
30148.2
30149.8
30152.2
30160.3
30164
30175.8
30178.8
30180.2
30254.1
31398.7
31530.4
31537.5
31545.1
31549.9
31553.2
31563.6
31565.3
31568.4
31574.8
31580.5
31604.8
31606.7
33270.2
33284.7
33296.3
33299.5
33314.8
33332.2
33337.7
33367.3
33408.9
33435.5
33466.6
33603.5
33609.4
33997.7
34243.2
34531.9
36896.2
37920
38032.5
38078.1
38082.6
38529.6
38535
38594.6
38621.6
38625.1
38635.9
38638.2
38685.9
39683
39736.2
40160.6
40174.2
40183.7
40187.9
40190
41096.3
41494.1
41572.9
43586.9
43631.6
43662.1
43754.6
43757.7
43769
43777.2
43796.4
43811.2
43817.4
43822.2
43829.9
43856.5
43883.2
43891.5
43939.7
43942
43946.7
43977.5
43998.9
46660.7
50503.5
50758.4
62683.5
62779
63811.2
64877.1
64880.6
65103.5
65162.3
66375.8
66391.7
68360.8
68863.8
69669.7
69679.8
70022.8
70934.7
71872
71877.5
73069.3
73080.2
73533.8
75256.5
75717.4
75723.5
75853.7
75856.1
75860.6
75874.5
75877.5
75928.6
75943.5
76031.2
76040.2
76117.9
76134.2
76146.5
76160.3
76165.4
76175.8
76192
76213
76236.6
76258.7
76289.2
76290.4
76321.4
76362.9
76371.5
76373.1
76395.6
76396.3
76403.2
76403
76425.6
76486.6
76487.9
76503.5
76504
76519.5
76528.8
76533.5
76726.3
76796.4
76802.1
76803.5
76810
76819.7
76840.5
76845.1
76848.4
76868.8
76876.8
76879.3
76884.4
77010.6
77019.9
77037
77652.1
77662.5
77680.3
77682.9
77716.1
77717.7
77750.3
77753.7
77805.6
77956.9
79147.2
79234.2
79249.4
79269.1
79286.2
79283.9
79302.4
79321.9
79328.9
79332.2
79420.8
79423.6
79591.6
79606
79618.1
79632.1
79645.6
79651.1
79654.6
79656
79660.1
79662.9
79664.3
79665.6
79667.5
79669.4
79670.8
79678.2
79679.6
79682.1
79684.1
79685.6
79688.4
79690.9
79695.6
79697.4
79701.4
79702.8
79707.6
79709.8
79713.1
79750.7
79754.2
79756.3
79758.1
79760.1
80263.3
80580.9
80582.2
80583.5
80585.4
80888.5
80921.7
80968.2
81352.7
81391.7
81398.4
81409.9
81537.8
81538.8
81547.6
81743.1
81747
81763.3
81768
81780.2
81795.2
81801.6
81839.7
81855.5
81862.5
81891.2
81879.4
81897.4
81891.6
81908.9
81953.4
81954.6
81963.1
81997.5
82006.6
82008.8
82055.7
82139.1
82164.7
82164.5
82178.1
82186.2
82187.9
82202.5
82516.1
82519.3
82528.6
82577.8
82583.8
82589.3
82595.2
82597.8
82598.8
82626.5
82628.7
82746.9
82752.4
82776.1
82777.6
83465.8
83468.2
83603.6
83728.1
87712.4
88128.1
88148.3
88162.6
88165.6
88173.6
88319.6
88321.8
88326.8
88372.5
88382.8
89360.8
89406.9
90658.3
90765.5
90775.2
90781.3
92163.6
92208.3
92211.4
92215.4
92521.5
92535.2
95870.8
95873.4
95884.9
95888.8
100400
100406
100410
100413
100452
100458
100489
100493
100518
100524
100558
100584
100587
100590
100628
101907
101922
102694
102776
102848
102958
102975
103112
103606
105731
106340
106367
106371
106402
106406
106408
106417
106420
106421
106425
106427
106429
106433
106446
106451
106459
106461
106466
106470
106472
106475
106480
106483
106484
106490
106492
106497
106499
106506
106510
106515
106525
106524
106525
106564
106566
107038
107101
107151
107628
108436
108739
108741
108742
112015
112016
112018
112027
112033
112034
112036
112038
112039
112061
112067
112070
112087
112094
112096
112096
112099
112101
112104
112109
112119
112140
112373
112392
112416
112431
112444
112499
112500
112767
112804
113106
113114
113153
113167
113346
113442
113450
113466
113469
113471
113473
113481
113488
113497
113500
113503
113505
113536
113543
113545
113547
113548
113559
113658
113746
114019
114066
114104
114122
114143
119124
119250
119372
119388
127526
129441
129487
129490
129540
129550
130045
130106
130108
130116
130142
130147
130150
130153
130159
130166
130171
130175
130258
130304
130344
130361
130490
130511
131043
131050
131073
131152
131200
131243
131401
131841
132198
132206
132836
132838
133031
133043
133052
133056
133099
133176
133196
133201
133244
133252
133705
134057
134060
134062
134066
134078
134126
134383
134387
134393
134398
134466
134551
134560
134576
134633
134644
134659
134676
134679
134682
134690
134713
134715
134722
134735
134741
134746
134752
134756
134758
134765
134777
134787
134790
134792
134794
134796
134802
136921
136922
136928
136980
136986
136987
136988
136996
137059
137109
137131
137161
137226
137241
137246
137270
137282
137286
137480
137581
138444
138593
139051
139121
141989
142250
142605
144294
147365
147371
148492
155102
155110
155138
155162
155185
155317
155342
155374
155380
155396
155425
155446
155448
155498
157582
162435
162437
165834
165853
165874
165928
165933
172977
173487
176315
176443
176447
176455
177859
177876
177884
177890
182410
183467
183472
183555
183568
183572
183585
183602
183638
183640
183797
183823
184109
184535
184732
185037
185367
185399
185423
185575
185612
185615
185627
185675
187065
188014
188192
188234
189121
189142
189255
189306
189339
189843
189844
190164
190229
190257
190265
190270
192013
192035
192084
192265
192266
192277
192284
192637
192666
192682
192692
192704
192708
192714
192718
192737
192756
192758
192775
192783
192794
192825
192834
192851
192874
192877
192895
192937
192941
192944
192947
192949
192953
192957
192959
192961
192966
192972
192976
192980
192983
192986
192988
192997
193004
193034
193777
193794
193795
193800
193816
193819
193847
193855
193859
193862
193864
193868
193870
193874
193886
193891
193894
193897
193898
193902
193906
193908
193911
193915
193918
193923
193926
193927
193928
193929
193931
194084
194100
194114
194146
194160
194350
195740
195752
195764
195768
195778
195812
195822
195829
195841
195845
195850
195881
195890
195914
195919
195920
195941
195949
195954
195986
196227
196237
196241
196243
196259
196267
196268
196270
196304
196313
196315
196317
196319
196369
196375
196467
196484
197658
198044
198073
198106
198117
198140
198342
201052
201086
201164
201272
201365
201414
201561
202276
203049
203415
203431
204359
204370
204371
204376
204378
204381
204397
204760
204768
204770
204782
204815
204826
204828
204834
204844
204847
204848
204858
205003
205197
205205
205211
205217
205228
205240
205241
205245
205251
205253
205255
205260
205756
205765
205777
205816
205830
205833
205835
205949
205957
205971
205988
206014
206027
206035
206050
206060
206065
206067
206074
206081
206157
206179
206184
206209
206212
206472
206474
207774
208392
209093
209097
209225
211270
211278
211380
213831
214731
215012
215427
215445
217034
217045
217050
217067
217199
217222
217225
217228
217232
217396
217451
217471
217476
217508
217584
218900
219054
219631
219721
219749
219794
220168
220313
220398
220412
220461
220483
220514
220546
220566
220621
220637
220674
220683
220688
220692
221102
221139
221709
221934
222123
222147
222150
222430
222466
222468
222500
222680
222683
222690
224029
224032
224092
224542
224623
224653
224767
224775
224782
224788
225571
225655
225657
225720
225721
225724
225725
225728
225729
225734
225737
225739
225789
225887
225888
225890
225910
225912
225944
225952
225954
225959
225962
225973
225986
226006
226009
226063
226081
226083
226087
226088
226512
226513
226526
226530
226531
226536
226544
226545
226547
226554
226555
226557
226562
226569
226572
226574
226577
226579
226588
226590
226591
226593
226596
226598
226599
226600
226601
226604
226606
226610
226613
226615
226621
226622
226627
226630
226632
226633
226635
226640
226647
226665
226667
226668
226672
226673
226674
226676
226678
226680
226689
226695
226698
226698
226700
226701
226703
226707
226708
226710
226712
226714
226715
226716
226716
226718
226728
226730
226732
226733
226754
226757
226759
226762
226764
226765
226768
226770
226771
226774
226783
226787
226789
226806
226811
226812
226814
226818
226820
226825
226829
226832
226837
226840
226842
226853
226867
226868
226886
226894
226912
227055
227062
227070
228078
228083
228087
228088
228089
228098
228128
228133
228134
228136
228138
228140
228142
228143
228147
228148
228149
228152
228154
228159
228162
228163
228166
228168
228171
228172
228173
228174
228176
228177
228182
228183
228191
228192
228194
228198
228200
228203
228206
228208
228211
228214
228215
228219
228221
228223
228224
228225
228226
228227
228228
228230
228233
228235
228237
228239
228243
228244
228249
228250
228251
228253
228255
228264
228266
228269
228273
228275
228279
228281
228283
228288
228292
228305
228307
228307
228312
228313
228314
228317
228318
228320
228322
228323
228324
228325
228327
228329
228346
228351
228352
228353
228556
228557
228578
228585
228595
228605
228607
228612
228628
228634
229985
229987
230025
230032
230033
230035
230052
230057
230059
230068
230073
230075
230076
230086
230095
230107
230108
230117
230470
230498
230550
230551
230560
230563
230585
231130
231131
231138
231142
231159
231165
231194
231199
232647
233370
233378
233431
233433
233436
233437
233450
233453
233456
233458
233463
233464
233465
233468
233469
233470
233476
233476
233482
233483
233483
233485
233490
233490
233491
233497
233501
233505
233507
233508
233521
233524
233524
233525
233527
233530
233533
233534
233536
233545
233548
233550
233551
233553
233586
233588
233605
233912
233915
233921
233922
233928
233932
233935
233937
233939
233942
233952
233959
233961
233972
233993
234039
234880
234884
234891
234894
234901
234906
234908
235121
235124
235128
235132
235155
235159
235885
235886
235890
235891
235893
235894
235896
235906
235911
235917
235959
236475
236502
236508
236515
237214
237219
237223
237229
237320
237324
237326
237358
237364
237682
237718
238388
238445
238487
238490
238506
238522
238528
238530
238531
238534
238536
238540
238580
238618
238623
238644
238650
238652
238662
238667
238672
238676
238678
238682
238693
238718
238720
238720
238791
238795
238804
238845
238846
238841
238853
238847
238859
238853
238866
238858
238874
238882
238874
238885
238888
239041
239341
239343
239346
239354
239365
239368
239371
239391
239405
239412
239420
239424
239429
239430
239437
239447
239450
239452
239460
239491
239504
239506
239531
239537
239538
239540
239563
239623
239624
239647
239662
239673
239675
239678
239679
239680
239684
239685
239687
239687
239707
239711
239713
239715
239721
239807
240087
240089
240094
240098
240114
240115
240130
240131
240137
240142
240149
240155
240157
240166
240219
240223
240230
240243
240234
240254
240258
240259
240265
240272
240282
240285
240286
240287
240288
240289
240290
240291
240292
240370
240372
240373
240374
240611
240645
240648
240703
240704
240706
240716
240717
240719
240720
240721
240722
240725
240728
240729
240731
240734
240736
240737
240739
240740
240741
240750
240751
240753
240757
240758
240762
240768
240771
240792
240798
240805
240856
240892
241222
241721
241780
241788
241799
242027
242045
242050
242051
243837
243840
243842
243853
243860
244557
244567
244574
244579
244988
244990
244996
245004
245008
245011
245017
245019
245020
245029
245030
245032
245049
245057
245061
245070
245074
245084
245088
245092
245104
245105
245110
245112
245114
245121
245130
245131
245136
245142
245146
245147
245148
245166
245168
245172
245174
245176
245181
245182
245189
245192
245197
245198
245927
245929
245930
245935
245937
245938
245950
245953
245967
245995
245996
246001
246006
246009
246013
246019
246020
246035
246038
246041
246045
246051
246056
246068
246077
246197
246206
246192
246216
246221
246222
246225
246229
246231
246509
246516
246530
246539
246546
246547
246555
246561
246573
246577
246579
246583
246584
246587
246591
246593
246596
246618
247023
247025
247030
247031
247033
247040
247042
247044
247045
247236
247273
247274
247278
247291
247302
247308
247310
247314
247328
247329
247334
247335
247339
247345
247350
247352
247355
247365
247351
247352
247355
247357
247362
247364
247367
247368
247370
247378
247614
247619
247624
247625
247628
247629
247630
247636
247642
247643
247644
247645
247645
247646
247647
247649
247649
247651
247652
247660
247665
247666
247666
247670
247688
247689
247690
247691
247691
247692
247693
247694
247698
247698
247699
247701
247709
247710
247720
247735
247742
250516
250538
250804
250806
250807
250814
250821
250851
250854
250865
250870
250874
250876
250879
250887
250895
250896
250898
250903
250909
250917
250922
251742
251744
251769
251789
252203
252207
252215
252227
252233
252236
252238
252244
252248
252254
252260
252264
252268
252274
252277
252279
252283
252293
252295
252299
252301
252306
252322
252330
252333
252348
252371
252416
252429
252464
252468
252477
252481
252492
252561
252591
252613
252618
252629
252635
252652
252661
252668
252674
252677
252679
252691
252695
252715
252719
252722
252725
252757
252778
252782
252791
252797
252802
252817
252820
252824
252831
252832
252837
252861
253877
253891
254547
255195
255196
255199
255217
255479
255547
255581
261701
266682
266709
266712
266717
266742
266917
266943
266952
267321
267327
267330
267340
267348
267350
267373
267404
267741
267882
268386
268408
268422
268813
268855
268878
269639
269711
270436
270447
270642
270687
270757
270763
271096
271100
271115
271123
271129
271785
271816
272170
272387
272473
272496
274313
274343
274349
274418
274426
274538
274696
274747
274799
274802
274989
275112
275235
275260
277474
277619
277716
279082
279804
279825
279837
280071
280572
280636
280681
283669
283675
284049
284329
284431
284447
284454
284462
284810
284931
284937
284940
285937
285998
286119
286145
286150
286159
286163
286180
286206
286596
286622
286643
286662
286711
286712
286721
286814
286818
286831
286869
286938
286941
287083
287125
287568
287573
287778
287795
287929
287944
288629
288633
288641
288658
288826
289462
289484
292378
292595
292701
292732
292741
292771
292804
292815
292821
292825
292826
292834
292857
293156
293162
293224
293227
293236
293245
293254
293257
293278
293280
293292
293486
293550
293580
293612
293620
293673
293702
293847
293886
293904
293927
293955
293995
294007
294030
294046
294051
294064
295004
295009
295013
295036
295049
295072
295079
295089
295116
295133
295261
295272
295300
295309
295318
295352
295405
303669
304395
311979
314209
314214
314227
314240
314367
314478
314497
314507
314517
314541
314558
314561
314566
314603
314632
314675
314678
314686
314704
314792
314815
314830
314874
314869
314865
314883
314904
314909
314915
314925
314927
314943
314967
314970
314977
315013
315023
315030
315095
315108
315154
315161
315168
315172
315184
315196
315204
315218
315221
315223
315225
315229
315235
315253
315259
315261
315267
315275
315341
315343
315377
315380
315391
315392
315395
315398
315404
315408
315411
315414
315416
315418
315420
315437
315433
315444
315438
315441
315445
315448
315461
315457
315459
315465
315467
315472
315476
315477
315483
315486
315492
315495
315501
315503
315506
315508
315511
315516
315518
315532
315540
315542
315546
315550
315554
315557
315561
315563
315565
315567
315570
315571
315575
315715
315718
315722
315725
315728
315732
315737
315740
315744
315745
315749
315754
315756
315759
315763
315765
315768
315775
315777
315780
315787
315804
315796
315798
315816
315821
315823
315831
315866
315883
315900
315906
315913
315925
315928
315931
315937
315942
315966
316235
316237
316247
316249
316252
316254
316258
316260
316262
316265
316617
316638
316648
316655
316657
316659
316660
316662
316664
316669
316670
316679
316681
316689
316695
316709
316714
316740
316743
316746
316751
316730
316758
316736
316819
316823
316844
316860
316944
316950
316995
317259
317266
317398
317412
317452
317535
317560
317565
317569
317574
317613
317596
317623
317678
317666
317688
317692
317715
317716
317753
317727
317756
317774
317817
318255
318257
318259
318446
318650
318659
318713
318852
318878
318868
318870
318877
318882
318897
318899
318901
318903
318908
318917
318923
318926
318927
318931
318932
318937
318940
318942
318947
318949
318951
318952
318954
318956
318958
318960
318963
318965
318968
318970
318972
318974
318977
318980
318982
319026
319061
319068
319212
319216
319218
319219
319284
319287
319289
319290
319293
319298
319303
319307
319343
319345
319347
319361
319363
319376
319766
319829
319848
319849
319873
319882
319885
319888
319892
319910
319920
319922
319924
320024
320111
320669
320699
320725
320737
320740
320778
320783
320788
320790
321889
321891
321924
321956
321968
321970
321978
321979
321991
322025
322027
322029
322212
322216
322273
322279
322282
323325
323387
323449
324102
324136
324151
325297
325535
325885
325901
326152
326156
326173
326177
326266
326286
326306
330224
330229
330238
330246
330255
330285
330296
330310
330322
330331
330348
330353
330355
330361
331218
331222
331290
331298
331306
331345
331350
331383
331402
331407
331415
331451
331455
331456
331460
332092
332106
332110
332116
332132
332135
332141
334237
334246
334271
335239
335257
335268
335274
335291
335534
335535
335629
335646
335657
336616
336666
336688
336698
336725
339155
339472
341025
341040
341570
342173
345006
345229
345335
345364
345369
345392
345405
345437
346103
346407
346814
346873
347690
347748
347757
347781
347878
347913
348777
348807
348950
349791
361096
361171
362055
362059
362066
362193
362210
362440
362444
362779
362788
364441
364575
364578
365639
370951
370960
371030
371039
371042
371064
371086
371095
371263
371362
371382
371452
371486
371554
373346
373393
373399
373479
373481
375850
376449
376465
379389
379418
380499
381725
383336
383375
383404
383427
383494
383588
383701
386176
386229
386333
386579
386682
388636
388657
389346
389423
389426
389715
390053
390187
390238
390524
391525
392164
394078
394079
394081
394088
394102
394103
394105
394108
394109
394142
394131
394135
394137
394150
394169
394207
394233
394243
394256
395094
395584
398335
398374
398381
398385
398388
398390
398410
398414
398460
398470
398503
398510
398512
398522
398541
398986
399017
399201
401121
401127
401129
401309
401332
401354
401366
401383
401447
401452
403577
403594
403600
403685
403721
403729
403742
403759
403763
403771
403797
403805
403808
403814
403820
403828
403832
403841
403846
403858
403865
403867
403870
403872
403877
403882
403896
403901
403903
403906
403910
403915
403920
403927
403929
403932
403934
403937
403946
403951
403960
403971
403975
404005
404014
404261
404325
404349
404354
404357
405311
405313
405315
405320
405977
405984
405990
405996
406041
406073
409497
409498
409503
409505
409508
409512
409514
409516
409526
409528
409534
409535
409545
409548
409552
409554
409557
409559
409565
409568
409569
409574
409581
409583
409588
409589
409605
409607
409617
409624
409625
409632
409639
409640
409645
409654
409657
409659
409660
409661
409664
409666
409669
409671
409674
409678
409680
409685
409687
409688
409692
409694
409698
409702
409757
409759
409762
409767
409769
409770
409772
409774
409776
409777
409933
409935
409937
409940
409945
409949
409954
409960
409965
409968
409972
409978
409980
409984
409986
409989
409991
409997
410000
410009
410014
410017
410038
410040
410042
410046
410048
410053
410057
410112
411266
411277
411281
411283
411285
412545
412554
412561
413560
413565
413570
413574
413579
413582
413586
413592
413799
413845
415661
415667
415676
416095
416098
416100
416107
416569
417444
417450
417455
417457
417460
417466
417467
417469
417472
417476
417478
417496
417507
417508
417510
417511
417513
417514
417518
417519
417520
417526
417527
417530
418809
418812
418815
418822
418825
418828
418833
418836
419920
419988
420004
420033
420064
420068
420069
420073
420562
421463
421466
421529
421586
421635
421675
421956
421958
421960
421974
421977
421978
421981
421984
422037
422039
422106
422111
422166
422201
422216
422221
422222
422280
422359
422602
422615
422810
422814
422844
422848
423139
423187
423285
423294
423303
423322
423323
423333
423335
423336
423348
423356
423373
423380
423385
423388
423394
423395
423422
423430
423432
423449
423451
423484
423490
423500
423508
423619
423621
423623
423625
423626
423630
423631
423665
423853
423854
423867
423962
424001
424282
424284
424285
424287
424288
424289
424290
424309
424310
424310
424311
424313
424315
424316
424319
424320
424322
424324
424344
424348
424353
424380
424382
424384
424386
424396
424405
424407
424415
424416
424417
424420
424424
424437
424440
424442
424444
424447
424500
424501
424521
424555
424632
424987
425002
425008
425021
425241
425242
425252
425253
425258
425398
425529
425616
425701
425727
425734
425744
425749
425751
425757
425758
425761
426010
426065
426071
426079
426084
426090
426188
426190
426195
426521
426542
426565
426570
426573
426609
426664
426792
427573
427579
427593
427594
427664
427788
428634
428646
428654
428665
428666
428674
428677
428680
428682
428684
428687
428689
428691
428692
428693
428695
428697
428700
428701
428703
428708
428710
428715
428716
428719
428721
428725
428728
430096
430148
430183
430201
430207
430218
430220
430237
430239
430267
430270
430272
430275
430276
430426
430428
430430
430432
430433
430435
430436
430437
430438
430440
430441
430443
430447
430461
430463
430499
430501
430542
430547
430595
430610
430650
430667
430709
430793
430794
430885
430900
430905
430915
430919
430924
430925
430927
430935
430938
430939
430942
430943
430945
430947
430976
431878
432630
432635
432675
432676
432677
432714
432717
432727
432736
432738
432743
432745
432747
432755
432753
432756
432759
432761
432863
434774
434858
434882
435564
435599
435606
435613
435620
435625
435667
435674
435773
435894
439373
439376
439377
439378
439379
439380
439381
439384
439387
439391
439394
439396
439399
439400
439402
442023
442036
442042
442160
442278
442290
442298
442309
442310
442320
442325
442331
442334
442341
442352
442373
442400
442406
442407
442414
442416
442421
442424
442430
442432
442441
442446
442450
442460
442465
442512
442514
442516
442538
442542
442544
442668
442785
442787
446008
446124
446515
446560
446573
446578
446582
447042
447047
447053
447092
447263
447279
447283
447289
447319
447336
447343
447347
447350
447361
447365
447378
447385
447397
447408
447439
447448
447490
447504
449555
451260
451295
451965
451971
452562
452609
453190
453617
453624
453633
453674
453677
454234
454269
454286
454291
454297
455644
455669
455713
455761
455770
455789
455794
455801
459058
459216
459299
459416
460836
460874
460896
460917
460936
460955
460959
460967
461883
462484
462622
463047
463059
463081
463085
463098
463534
463640
463751
463755
463775
463797
463832
463876
464862
464885
464888
465083
465088
465090
465094
465312
465323
465356
465358
465376
465381
465376
465395
465398
465402
465411
465416
465406
465424
465446
465454
465447
465503
465508
465515
465536
465537
465575
465577
465624
465766
465807
467641
467649
467665
467714
467741
469404
469410
469463
469472
470354
470582
470586
474097
474211
474293
474319
474324
474327
474353
474359
474596
476626
476645
476683
476730
476733
476760
476925
477154
477217
479213
479239
479256
479274
479294
479299
479325
479339
479342
479357
479360
479362
479376
479387
479412
479415
479436
479443
479454
479468
480176
480443
480468
480471
480472
480491
480494
480508
480515
480527
480545
480818
480819
480829
480836
480847
480852
480862
480872
480873
480880
480884
480888
480898
480899
480902
480906
480915
480924
480926
480928
480944
480945
480951
480959
480966
480980
480982
480987
480993
480994
480996
481000
481003
481021
481023
481024
481045
481067
481072
481076
481080
481082
481084
481090
481092
481093
481101
481106
481122
481143
481163
481188
481211
481217
481220
481223
481514
481520
481622
481628
481637
481644
481647
481662
481679
481703
481712
481732
481754
481763
482315
482349
482354
482381
482383
482385
484036
484313
484319
484320
485938
485973
488243
488295
488311
488312
488341
493198
493253
493258
493272
493275
493277
493290
493348
493350
493352
493354
493355
493490
493492
493494
493496
493497
493499
493500
493502
493503
493506
493508
493509
493512
493565
493581
493582
493588
493608
493623
493636
493888
495165
495170
495180
495203
495740
495789
495790
495822
495824
495836
495885
495933
495972
495984
496017
496028
496059
496070
496076
496078
496082
496088
496106
496124
496136
496145
496148
496165
496174
496203
496274
496314
496405
496461
496500
496518
496530
497759
497764
497766
497803
497813
497832
497839
497842
497861
498084
498614
498618
498623
498631
498683
498769
498757
498778
498786
498799
498824
498860
498841
498877
498912
499033
499083
499097
499088
499353
499680
499690
499693
499698
499700
499706
499754
499755
499823
499876
499881
500023
500115
500137
500319
500420
502281
502483
502765
502771
502800
502836
502892
502898
502945
502965
502976
502988
503304
504401
504461
504474
504513
505650
505654
505655
505666
505668
505672
506944
507159
507165
507250
507257
507277
507279
507287
507294
507297
507301
507302
507306
507309
507311
507318
507323
507330
507347
507353
507361
507369
507379
507392
507431
507469
507573
507701
508737
508744
508757
508772
508774
508780
508782
508789
508792
508795
508799
508808
508812
508817
508894
518795
518798
518810
518822
521696
521697
521700
521706
521707
521712
521726
521728
521742
523304
523493
523507
523509
523512
523515
523518
523568
523569
523571
523573
523574
523616
523617
523618
523619
523620
523622
523649
523650
523653
523654
523656
523657
523659
523660
523684
523703
523717
523726
523839
524001
524001
524002
524003
524007
524008
524011
524013
524015
524016
524081
524083
524086
524090
524092
524093
524095
524100
524101
524104
524106
524107
524110
524126
524128
524137
524139
524145
524174
524348
524422
524423
524442
524447
524451
524454
524460
524512
524520
524617
524724
524727
524734
524743
524752
524763
524777
524852
525323
525344
525354
525362
525373
525377
525401
525421
525423
525517
525545
525546
525558
525578
525584
525589
525598
525600
525602
525620
525761
525762
525764
525765
526820
526824
526825
526830
526831
526835
526927
526930
526932
526938
526940
526949
526950
526951
526955
526958
526959
526960
526961
526963
526964
526966
526968
526970
526970
526973
526981
526986
526989
526990
526990
526991
526993
526999
527000
527002
527003
527005
527006
527014
527016
527017
527018
527020
527022
527027
527029
527040
527041
527046
527047
527048
527049
527052
527054
527055
527056
527057
527062
527065
527066
527070
527073
527077
527079
527080
527084
527110
527113
527118
527119
527123
527125
527129
527132
527133
527136
527137
527140
527142
527148
527151
527155
527172
527176
527178
527208
527211
527219
527220
527222
527235
527240
530798
530807
530815
530820
530823
530828
530830
530832
530834
530836
530838
530842
530846
530847
530849
530850
530852
530854
530855
530856
530859
530861
530865
530866
530867
530870
530871
530872
530874
530876
530878
530880
530882
530883
530885
530887
530889
530890
530892
530894
530895
530896
530897
530900
530901
530903
530905
530906
530908
530911
530914
530915
530918
530920
530922
530923
531088
531089
531118
531125
531133
532394
532397
532406
532412
532416
532422
532423
532426
532430
532432
532434
532435
532438
532439
532440
532442
532443
532443
532444
532445
532447
532448
532450
532450
532452
532453
532454
532455
532457
532458
532459
532460
532461
532462
532463
532464
532465
532466
532467
532468
532469
532469
532470
532471
532473
532473
532474
532475
532476
532477
532478
532479
532480
532481
532482
532482
532483
532485
532486
532487
532488
532489
532489
532490
532491
532492
532493
532493
532494
532495
532496
532497
532498
532498
532500
532501
533546
533547
533635
533638
533639
533643
533650
533652
533662
533668
533669
533673
533675
533679
533693
533695
533699
533712
533746
533762
534254
535858
538544
538552
538558
538560
538571
538577
539001
539008
539013
539014
539016
539019
539020
539023
539024
539029
539030
539031
539032
539036
539038
539040
539042
539043
539046
539048
539051
539052
539053
539055
539595
539596
539789
539790
539794
539795
539796
539800
539803
539812
539818
539820
539821
539862
539871
539894
539920
539921
539933
539976
539980
540009
540008
540010
540019
540021
540024
540033
540039
540041
540042
540045
540065
540068
540084
540088
540098
540092
540094
540096
541116
541629
541633
541676
541700
541792
541847
541871
542716
542725
542739
542743
542753
542769
542807
542834
542846
542850
542857
542864
542869
542881
542888
543254
543488
543519
543899
544035
545528
545532
545690
546868
551851
551874
553682
553693
553754
553839
553845
561089
561332
561527
561576
561580
566241
566251
566318
566611
566613
566633
566755
566800
566808
566817
566828
566847
566853
566857
566864
566890
566906
566911
566913
566916
566918
566920
566961
566962
566969
566971
566973
566974
566978
566981
566984
566986
566988
566990
567201
567203
567207
567213
567216
567218
567220
567228
571613
571640
571691
571711
571736
571803
571851
572038
572046
577494
577498
577503
580300
580304
580309
580313
580316
580346
580394
580417
580442
580447
580450
580452
580464
580481
580487
580498
580500
580505
580524
580528
580529
580531
580533
580537
580541
580543
580547
580554
580555
580562
580571
580574
580579
580589
580596
580602
580619
580621
580634
580636
580638
580661
580670
580673
580677
580680
580685
580689
580691
580693
580712
580724
580734
580943
580947
581450
581463
581464
581467
581469
581471
581474
581483
581485
581510
581520
581525
581534
581536
581540
581547
581556
581586
581595
581602
581607
581609
581615
581626
581628
581649
581692
581698
581700
581707
581711
581715
581719
581732
581735
581741
582092
582097
582098
582100
582101
582104
582107
582114
582116
582118
582120
582123
582126
582129
582133
582137
582139
582143
582147
582150
582152
582155
582160
582654
582659
582663
582697
583018
583093
583119
583130
583134
583147
583179
583192
583206
583244
583950
583974
583981
583993
584107
585394
585395
585412
585420
585423
585439
585449
585464
585475
585478
585479
585493
585500
585509
585510
585516
585517
585520
585527
585540
585545
585570
585597
585603
585615
585621
585628
585631
585632
585633
585635
585637
585638
585641
585645
585660
585663
585665
585669
585671
585676
585678
585679
585689
585701
585714
585732
585736
585737
585742
585744
585753
585757
585761
585766
585769
585773
585777
585787
585807
585809
585815
585819
585821
585840
585845
585854
585856
585859
586075
586083
586084
586118
586127
586180
586203
586219
586224
586235
586240
586248
586280
586431
587460
587548
588102
588106
588175
589913
589916
589921
589939
589945
589947
589984
590133
590169
590171
590178
590183
590207
590213
590248
590260
590262
590266
590279
590282
590297
590314
590319
590338
590348
590351
590359
590368
591340
591335
591336
591341
591346
591355
591361
591367
591373
591368
591384
591391
591427
591428
591437
591445
591445
591437
591442
591445
591448
591459
591460
591479
591482
591470
591476
591487
591504
591508
591517
591502
591517
591519
591527
591530
591553
591736
591743
591770
592339
592367
592371
592380
592382
592386
592388
592398
592404
592422
592426
592429
592431
592437
592443
592446
592447
592448
592452
592456
592470
592487
592496
592502
592518
592523
592527
592538
592539
593075
593100
593104
593110
593112
593122
593249
593250
593269
593276
593291
593294
593296
593298
593300
593304
593311
593324
593327
593356
593885
593952
593979
593985
593988
593992
594081
594324
594585
594615
594636
594651
594918
594920
594935
594937
594942
595179
595213
595216
595248
595263
595273
595289
595323
595433
595492
595624
595665
595682
595681
596378
596399
596728
596745
596750
596744
596747
596756
596994
597007
597036
597038
597070
597100
597103
597152
597156
597170
597172
597182
597185
597197
597224
597234
597246
597284
597287
597959
597982
597994
597996
598031
598042
598049
598053
598061
598067
598091
598101
598108
598626
598632
598640
598647
598664
598673
598674
598681
598688
598691
598698
598700
598703
598709
598712
598721
598723
598751
598768
598769
598780
598787
598791
598792
598794
598796
598808
598815
598819
598821
603768
603772
603784
603794
603807
603856
603887
603941
603965
603979
603980
603988
603994
603998
604001
605650
606047
606129
606243
606259
606269
606275
606281
606286
606290
606296
606301
606322
606358
606382
606389
606392
606617
606621
607265
607273
607288
607581
607797
611019
615182
615372
615450
615460
617131
617222
617260
617250
617571
617601
617623
617634
617631
618034
618111
618247
618383
618562
618618
618648
618784
619038
625426
625436
625438
625454
626366
626370
626426
626688
632711
633452
634721
634722
634754
634756
634777
634784
634790
641282
641323
641329
641333
641336
644009
644593
646149
646164
646950
646957
647221
647228
654773
654823
654830
654836
654850
654863
656161
656217
657682
657687
657712
657741
657748
657761
657770
657779
657785
657815
657817
657823
657826
657829
657832
657845
657888
658041
659467
659494
659499
659501
659511
659516
659519
659525
659535
659544
667937
668003
668009
668043
668646
668647
668659
668667
668677
668678
668684
668687
668689
668697
668702
668704
668710
668715
668717
668721
668723
668725
668729
668732
668738
668741
668745
668747
668752
668754
668756
668940
668945
668948
668950
668954
668957
668963
668968
668974
668981
668987
668990
668993
668998
669008
669014
669022
669050
669052
669096
669104
669128
669131
669133
669145
669151
669173
669176
669178
669195
669200
669217
669224
669238
669256
669258
669263
669284
669348
669372
669471
669505
669508
669523
669545
669557
669562
669564
669567
669573
669576
669591
669593
669594
669789
671824
671848
672324
672325
672327
672330
672342
672350
672352
672354
672361
672362
672366
672368
672371
672374
672377
672387
672396
672398
672400
672401
672405
672408
672411
672417
672419
672421
672423
672427
672428
672429
672432
672435
672437
672439
672441
672446
672448
672450
672465
672466
672469
672471
672473
672475
672476
672478
672482
672483
672486
672489
672492
672495
672496
672497
672498
672502
672504
672508
672512
672517
672521
672566
672568
672581
672730
672735
672765
672767
672850
672852
672853
672854
672856
672858
672859
672854
672875
672890
672922
672940
673008
673016
673035
673381
673389
673396
673449
673556
673626
673652
673663
673877
673883
673889
673900
673906
673911
673912
674013
674014
674027
674028
674029
674031
674046
674059
674063
674088
674098
674129
674134
674145
674149
674151
674153
674163
674166
674168
674416
674419
674423
674426
674429
674432
674435
674439
674444
674449
674454
674455
674457
674566
674581
674605
674607
674615
674618
674624
674626
674636
674638
674643
674647
674650
674652
674659
674662
674755
674767
675122
675129
675131
675135
675137
675825
675829
675834
675857
675871
675879
675888
675893
675900
675924
675926
675943
675948
675953
675957
675963
675967
675971
675973
676199
676201
676202
676204
676220
676224
676228
676230
676237
676243
676246
677787
677825
677833
677855
677869
679494
679524
679537
679539
679546
679577
679579
680114
680140
680166
680175
680496
680506
680541
680545
680774
680791
680802
680822
680827
681212
681580
682067
682072
682226
682333
683722
690021
690848
690916
691905
691929
693278
696258
698932
699689
700755
716537
716678
716967
717023
717132
717147
717195
719274
719323
732045
732050
736873
737212
737822
740681
741250
741955
747144
769435
770726
771672
771698
776575
778357
778389
778396
778405
778409
778471
778553
778557
778583
778606
778610
778627
778641
778646
778649
778652
778655
778663
778670
778673
778677
778685
778873
778888
778891
778898
778965
779164
779255
779259
779268
779274
779289
779295
779299
779305
779313
779326
779333
779357
779549
779567
779569
779598
779610
779629
779634
779643
779657
779665
779678
779681
779686
779882
780018
780031
780032
780548
780550
780604
780613
780734
780738
780740
780745
780750
780781
780784
780786
782300
782302
782564
783294
783298
783315
783717
784040
784066
784584
784631
784757
785121
785126
785379
786641
787670
787771
787880
787904
788068
788099
794351
795607
797549
797555
797563
797565
797570
797573
797581
797584
797953
798001
798007
798016
798018
798032
798035
798038
798047
798298
798404
798406
798411
798417
798443
798444
798446
798448
798450
798456
798464
798472
798473
798475
798477
798480
798489
800865
800887
800891
801428
801518
801605
801610
801616
801636
801645
801668
801696
801698
801714
801717
801760
801791
801794
802784
802801
803093
803128
803162
803174
803179
803183
803190
803195
803202
803211
803222
803348
803394
803457
803460
803463
803478
803481
803486
803495
803513
803532
803552
803564
804855
804875
804888
804945
804949
804952
804973
804999
805053
805067
805077
805090
805094
805096
806339
807066
807123
807162
807203
807289
807431
807508
807800
807801
807815
807825
807827
807832
807837
807848
807850
807851
807877
807879
807883
807887
807889
807891
807905
807975
808006
808022
808048
808061
809042
809968
809992
812001
812184
813166
813203
813341
813444
814157
814497
814747
814762
814801
814808
814828
814831
814839
814857
814859
814860
814867
814934
814937
814938
814941
814944
814953
814959
815070
815201
815219
815423
815425
815438
815440
815444
815501
815505
815506
815528
815529
815532
815533
815539
815559
815560
815561
815817
815844
815848
815852
815854
815858
815865
815866
815944
815951
815958
815961
815969
815985
815986
816001
816002
816039
816049
816053
816055
816074
816108
816119
816126
816178
816193
816208
817106
817110
817166
817207
817209
817210
817267
817701
817713
817733
817935
817984
817993
818037
818046
818203
818223
818225
818256
818257
820167
820168
820173
820175
820500
820501
820506
820508
820515
820533
820541
820543
820545
820548
820551
820553
820558
820559
820562
820564
820566
820569
820570
820573
820576
820578
820587
820588
820596
820605
820607
820617
820620
820622
820632
820638
820647
820657
820659
820666
820671
820673
820676
820681
820685
820691
820699
820711
820738
820742
820745
820753
820761
820764
820766
820773
820778
820781
820785
820788
820799
820802
820810
820812
820816
820826
820833
820835
820839
820842
820865
820869
820873
820874
820883
820886
820900
820901
820906
820919
820920
820922
820930
820941
820952
820954
820958
820960
820971
820975
820977
820978
820981
820982
820984
820987
820990
820991
820992
820994
820996
820998
821002
821004
821010
821013
821015
821020
821024
821027
821030
821032
821034
821035
821038
821047
821060
821065
821073
821081
821095
821106
821115
821127
821160
821230
821240
821252
821275
821299
821822
821839
821846
821862
821870
821873
821880
821881
821883
821886
821889
821984
821995
821996
822007
822009
822011
822014
822021
822035
822063
822065
822108
822115
822118
822121
822127
822131
822133
822135
822137
822141
822147
822153
822155
822158
822161
822164
822168
822172
822174
822558
822567
822592
822679
822683
822687
822759
822770
822806
822827
822831
822854
822855
822855
822926
822925
823099
823135
823141
823161
823211
823231
823255
823326
823328
823360
824009
824017
824022
824029
824030
824036
824040
824042
824047
824091
824096
824414
824454
824466
824475
824495
824497
824501
824507
824508
824510
824525
824528
824536
824539
824551
824608
824611
824619
824621
824625
825254
825944
826306
826319
826351
826424
826426
826476
826491
826493
826516
826520
826528
826538
826541
826568
826571
826573
826633
826672
826674
826681
826689
826693
826696
826703
826709
826710
826713
826714
826716
826718
826720
826723
826727
826730
826731
826733
826739
826743
826760
826765
826767
826770
826772
826797
826803
826813
826823
826836
826852
826864
826869
826874
826881
826912
826914
826942
828569
828577
828579
828583
828585
828590
828594
828596
828624
828629
828630
828632
828634
828640
828649
828651
828653
828655
828658
828662
828685
828687
828690
828693
828697
828703
828739
828741
828750
828753
828755
828757
828759
829210
829214
829273
829310
829312
829315
829316
829317
829340
829348
829353
829354
829539
829540
829542
829544
829559
829706
829707
829728
829775
829776
829779
829780
829781
829818
829820
829823
829826
829829
829831
829832
829836
829841
829843
830024
830027
830037
830071
830080
830410
830473
830549
830550
830556
830572
830576
830580
830583
830602
830637
830639
830643
830655
830667
830674
830696
830699
830701
830711
830713
830754
830772
830988
830990
830991
830996
831000
831002
831008
831027
831028
831034
831038
831040
831044
831049
831051
831051
831053
831056
831058
831061
831063
831067
831070
831071
831079
831082
831084
831085
831087
831091
831097
831100
831106
831108
831114
831116
831123
831128
831132
831137
831138
831142
831145
831161
831163
831166
831170
831173
831187
831212
831224
831228
831240
831270
832417
832424
832433
832434
832445
832451
832748
832754
832757
832759
832898
832920
832924
832926
834683
834685
834715
834728
834848
834885
834920
835514
835558
835562
835566
835613
835643
835647
835649
835687
835699
835702
835705
835707
835721
835726
835728
835730
835733
835735
835743
835752
835754
835763
835765
835768
835790
835792
835802
835813
835881
835893
835908
835916
835925
835964
835971
835981
836010
836028
836566
836570
836619
836680
836684
836686
836691
836697
836701
836909
837209
837212
837213
839898
846660
846669
846682
846692
846713
847826
847829
847831
847836
847838
847853
847856
847897
847898
847901
847903
847904
847906
847912
847914
847914
847917
847918
847919
847920
847922
847924
847925
847928
847928
847931
847931
847932
847935
847937
847938
847941
847942
847963
847965
847966
847969
847970
847972
847996
848007
848025
848029
848030
848033
848048
848268
848270
848274
848275
848278
848280
848296
848312
848314
848316
848321
848324
848332
848334
848339
848343
848345
848348
848352
848355
848368
848371
848376
848380
848382
848497
848548
848568
848586
848604
848606
848612
848661
848666
848743
848756
848832
848838
848855
848860
848864
849091
849096
849247
849250
849635
849661
849662
849666
849698
849704
849750
849883
849966
850394
850419
852348
852353
852368
852386
852404
852464
852493
852496
852636
852753
852864
852869
852876
852891
852893
852894
852896
854193
854198
854208
854221
854227
854229
854231
854243
854245
854251
854255
854257
854393
854398
854422
854424
854425
854427
855593
855666
855678
855685
855818
855821
855822
855868
855869
855870
855871
855884
855886
856280
856281
856289
856293
856297
856311
856317
856325
856491
856493
856497
856503
856505
856522
856534
856541
856639
856651
856658
856664
856671
856679
856686
856689
856701
856713
856953
857033
857035
857122
857144
857146
857153
857158
857160
857165
857168
857971
857994
858006
858014
858026
858432
859413
859453
860288
861750
861783
861787
861788
861790
861792
861804
861837
862084
862280
862312
862346
862347
862351
862353
862356
862358
862365
862368
862377
862385
862394
862396
862403
862405
862409
862410
862417
862419
862422
862426
862428
862430
862432
862439
862445
862452
862453
862455
862460
862486
862506
862565
862567
862571
862701
862702
862706
862728
862733
862738
862765
862766
862768
862776
865176
865179
865180
866903
866909
866925
866966
866974
866974
866975
866977
866985
866986
866987
866989
866990
867000
867001
867003
867013
867029
867030
867031
867032
867035
867040
867041
867043
867046
867047
867048
867054
867055
867059
867048
867062
867064
867065
867067
867068
867070
867072
867073
867074
867077
867086
867091
867092
867098
867100
867102
867116
867117
867118
867122
867126
867132
867134
867137
867141
867142
867145
867146
867149
867153
867165
867184
870864
870929
870933
870981
871415
871416
872301
872305
872315
872320
872324
872330
872333
872351
872358
872384
872396
872408
872410
872412
872413
872414
872452
872472
872613
874064
874232
874287
874321
874907
874909
874929
874966
874969
874973
874975
875102
875103
875104
875137
875193
875194
875194
875196
875198
875199
875201
875202
875204
875207
875208
875209
875209
875211
875213
875214
875246
875247
875248
875249
875250
875252
875254
875256
875257
875258
875259
875260
875261
875262
875263
875264
875265
875267
875268
875270
875272
875274
875275
875276
875277
875279
875280
875281
875282
875282
875283
875284
875286
875287
875288
875288
875290
875292
875296
875297
875299
875300
875301
875303
875304
875305
875306
875307
875309
875310
875312
875313
875314
875315
875316
875318
875319
875324
875326
875330
875331
875333
875333
875336
875337
875339
875581
875589
875613
875621
875622
875624
875627
875628
875630
875633
875659
875661
875662
875666
875668
875670
875670
875671
875672
875674
875675
875677
875678
875679
875680
875681
875682
875685
875686
875686
875688
875692
875693
875695
875696
875702
875703
875704
875709
875711
875712
875712
875714
875716
875719
875729
875731
875734
875737
875741
875744
875750
875756
875774
875822
875849
875886
875897
875899
875921
875922
875950
875957
875963
875964
875966
875982
875984
875992
876000
876009
876017
876019
876020
876023
876033
876038
876042
876044
876053
876054
876056
876059
876062
876075
876099
876158
876159
876160
876162
876164
876164
876165
876170
876171
876177
876178
876184
876185
876186
876192
876193
876195
876197
876199
876200
876202
876204
876206
876207
876211
876212
876214
876222
876236
876254
877097
877108
877266
877270
877273
877276
877380
877395
877397
877399
877549
877569
877578
877582
877586
877598
877600
877603
877604
877605
877610
877612
877613
877615
877618
877621
877623
877624
877625
877641
877643
877644
877649
877664
877665
877665
877667
877668
877672
877674
877675
877676
877677
877678
877683
877683
877684
877687
877688
877690
877692
877693
877694
877695
877696
877697
877698
877700
877709
877712
877713
877714
877716
877739
877740
877743
877744
877758
877759
877768
877769
877775
877776
877777
877781
877784
877786
877787
877789
877791
877798
877799
877807
877809
877811
877818
877819
877825
877826
877827
877828
877829
877832
877834
877836
877837
877838
877838
877857
877863
877871
877875
878051
878052
878058
878068
878096
878106
878114
878173
878192
878207
878208
878226
878228
878235
878248
878296
878298
878360
878412
878425
878426
878455
878457
878458
878459
878461
878467
878468
878474
878477
878478
878487
878492
878493
878494
878495
878505
878508
878515
878534
878535
878578
878587
878590
878592
878593
878594
878595
878599
878600
878601
878602
878606
878606
878608
878611
878612
878616
878606
878626
878629
878633
878665
878677
878689
878711
878712
878714
878721
878722
878723
878724
878724
878726
878731
878746
878747
878751
878752
878759
878760
878781
878782
878815
878831
878832
878833
878835
878856
878878
878888
878889
878890
878895
878897
878898
878899
878900
878902
878902
878935
878935
878936
878956
878962
878963
878983
879077
879092
879093
879111
879113
879114
879115
879116
879138
879141
879142
879148
879161
879162
879171
879227
879229
879231
879232
879254
879281
879291
879844
881545
881615
881618
881619
881620
881624
881625
881626
881643
881645
881646
881661
881662
882129
882130
882166
882203
882204
882205
882206
882207
882208
882209
882210
882210
882211
882213
882214
882214
882216
882216
882221
882228
882229
882240
882241
882242
882243
882248
882249
882251
882253
882271
882271
882284
882286
882298
882319
882377
882403
882423
882441
882444
882453
882454
882459
882462
882461
882482
882890
882899
882921
882926
882929
882932
882935
882944
882950
883039
883107
883116
883133
883195
883200
883204
883207
883209
883213
883216
886628
886631
886635
886638
886639
886640
886640
886642
886644
886645
886852
886854
886879
886902
886903
886910
886959
886960
886997
887035
887046
887050
887140
887141
887148
887154
887162
887166
887174
887175
887265
887294
887296
887297
887359
887360
887367
887368
887369
887367
887369
887373
887375
887383
887394
887395
887398
887409
887411
887417
887440
887443
887444
887445
887446
887452
887465
887476
887468
887489
887500
887523
887512
887539
887542
887544
887646
887650
887652
887671
887674
887676
887678
887681
887686
887688
887690
887693
887697
887699
887700
887709
887711
887712
887715
887717
887719
887722
887723
887734
890873
891290
891317
891323
892505
892513
893484
893525
893532
895698
895702
895889
895894
895913
895954
895985
896014
896104
896471
896514
896527
898343
898743
898780
898813
898835
898856
899270
899285
899491
899700
899725
899748
899759
899763
899788
899793
899958
899960
899964
899967
899974
899977
899980
899982
899985
899989
899991
899992
899998
900003
900005
900009
900012
900014
900017
900020
900023
900026
900029
900030
900058
900063
900066
900140
900142
900158
900161
900164
900172
900187
900188
900196
900205
900221
900229
900245
900265
900309
900544
900556
900579
900590
900616
900618
900602
900629
900634
900640
900644
900648
900651
900653
900655
900657
900659
900660
900688
900691
900947
900951
900953
901454
901467
901473
901478
901479
901481
901483
901484
901488
901490
901494
901496
901498
901502
901503
901504
901507
901509
902292
902294
902295
902298
902370
902371
902373
902379
902383
902396
902398
902399
902401
902402
902403
902405
902406
902407
902412
902413
902413
902414
902415
902417
902418
902420
902422
902424
902425
902426
902427
902432
902434
902436
902437
902441
902442
902499
902503
902509
902510
902514
902516
902517
902531
902533
902534
902539
902540
902541
902542
902543
902546
902547
902551
902552
902556
902556
902557
902560
902562
902563
902570
902571
902573
902574
902584
902585
902586
902589
902595
902598
902599
902601
903053
903096
903141
903194
903208
903239
904601
904617
904620
904627
904640
904652
904655
904659
904662
904667
904673
904674
904679
904682
904683
904685
904685
904711
904712
904715
904717
904723
904725
904737
905279
905282
905285
905297
905299
905301
905304
905307
905313
905316
905320
905322
905323
905327
905341
905363
905365
905367
905417
905419
905440
905446
905465
905672
905689
905714
905725
905733
905734
905736
905750
905754
905827
905849
905849
905854
905857
905859
905862
905865
905880
905882
905888
905890
905892
905899
905903
905906
905909
905911
905913
905914
905915
905916
905917
905918
905919
905922
905926
905927
905928
905929
909575
909611
909648
910152
910218
910576
910578
910584
910625
910625
910665
910683
910694
910697
910698
910714
910698
910856
910875
911392
911936
912017
912023
912029
912032
912037
912044
912057
912061
912101
912112
912127
912130
912136
912143
912178
912185
912204
913065
913101
913106
913115
913120
913131
913134
913807
916477
916534
916585
916593
916603
916609
916611
916650
916676
916707
916788
917583
917765
917782
917808
917810
917828
917831
917834
917843
917845
917849
917852
917854
917864
917871
917873
917879
917883
917885
917887
917899
917906
917909
917913
917918
917921
917923
917928
917933
917936
917938
917941
917945
917947
917950
917954
917957
917959
917964
917971
917974
918059
918061
918065
918068
918073
918097
918102
918119
918129
918186
920291
920301
920331
920368
920981
921060
921087
921090
921157
921158
921192
921195
921200
921204
921209
921610
921660
922939
923259
923350
923431
923512
924153
924187
924445
924858
924958
925020
925048
925101
925107
925379
925828
925831
925835
925837
925841
925843
926487
926512
926547
926553
926557
926972
927464
928713
928769
930644
930647
930806
930808
931684
931692
931694
931710
931752
931760
931779
931802
931806
931824
932357
932377
932439
932453
932519
932523
932526
932811
932814
932823
932848
932852
932879
932885
933655
933698
933668
933671
933735
933748
933752
933766
933972
933957
933998
934021
934021
934049
934078
934061
934063
934095
934098
934101
934109
934124
934160
934201
934383
934387
934427
934433
934438
934441
934464
934558
934608
935038
935076
935161
935452
936238
936271
936275
936325
936801
936804
937492
937494
937506
937526
937535
937560
937579
937974
938487
938502
938733
938794
938822
938982
939163
939384
939403
939453
939466
939474
939703
939718
939777
939804
939818
939848
939850
939881
939897
939901
939907
939910
939912
939995
939999
940001
940028
940037
940040
940044
940055
940062
940064
940067
940080
940082
940092
940094
940096
940098
940105
940117
940119
940123
940125
940130
940133
940143
940145
940150
940164
940174
940177
940181
940185
940187
940191
940194
940198
940201
940209
940236
940247
940252
940265
940270
940272
940292
940385
940400
940402
940422
940448
940449
940452
940454
940458
940460
940463
940465
940469
940473
940518
940530
940534
940536
940552
940558
940561
940571
940575
940579
940580
940581
940589
940595
940607
940610
940613
940626
940653
940725
940736
940902
940911
941080
941116
941145
941158
941165
941172
941200
941208
941214
941311
941358
941438
941460
942188
942190
942249
942414
943269
943307
943317
943352
943491
943494
943498
943500
943502
943512
943553
943562
943564
943568
943573
943581
943586
943603
945453
945462
945484
945490
945491
945505
945557
945586
945596
945631
945679
945690
945704
945803
945892
947966
948013
948050
948631
949300
950106
950110
950593
950599
950734
950762
950872
954083
954206
954223
954230
954231
954236
954243
954246
954255
954260
954264
954269
954278
954281
954285
954291
954300
954306
954310
954312
954314
954318
954323
954332
954337
954341
954346
954354
954357
954360
956455
957840
958834
959452
960311
960326
960330
960335
960393
960395
960402
960404
960409
960819
960980
960989
960990
960994
960996
961000
961002
961155
961164
961167
961181
961184
961192
961204
961222
961224
961226
961241
961270
961275
961291
961296
961297
961299
961316
961332
961339
961351
961355
961367
961422
961383
961384
961435
961398
961400
961443
961448
961408
961450
961413
961415
961416
961418
961442
961443
961446
961447
961450
961451
961453
964784
964787
965101
965103
965105
965107
965108
965160
965195
965196
965235
965728
965748
965782
965980
966004
966093
966095
966123
967204
967326
967794
967806
968635
969508
969550
969600
970017
970019
970035
970045
970050
970083
970100
970103
970126
970140
970159
975969
976207
976210
976235
976875
979944
979977
980236
980240
980737
980739
980740
980743
980761
980771
980772
980782
980804
980809
980819
980851
980862
980870
980872
980874
980861
980953
980956
980975
980999
981043
981049
981061
981081
981090
981092
981099
981312
981364
981370
981388
981411
981540
981591
984650
985096
985103
985106
985117
985123
985126
985133
985136
985143
985147
985151
985153
985480
985489
985495
985499
985517
985520
985522
985536
985546
985556
985525
985533
985540
985547
985587
985589
985558
985600
985603
985612
985630
985632
985646
985651
985658
985663
985681
986950
986952
986953
986956
986960
986962
986964
987003
987005
987006
987007
987013
987015
987018
987022
987023
987036
987039
987040
987043
987045
987046
987048
987051
987061
987074
987076
987083
987098
987206
987483
987489
987501
987506
987519
987532
987533
987540
987543
987545
987550
987552
987554
987556
987558
987560
987563
987566
987572
987574
987576
987580
987583
987585
987587
987589
987598
987602
987604
987606
987607
987612
987617
987620
987623
987629
987630
987633
987635
987637
988105
988127
988659
988700
988703
988705
988707
988711
988718
988722
988724
988727
988733
988735
988739
988743
988752
988757
988757
988773
988775
988788
988790
988793
988795
988796
988800
988805
988807
988811
988814
988817
988821
988824
988827
988829
988834
988838
988845
988848
988850
989240
990139
990180
990205
990211
990228
992058
