107.66
138.75
221.54
401.59
452.22
608.55
697.85
801.56
863.79
883.27
1155.11
1226.08
1273.49
1292.54
1391.98
1522.71
1650.21
1773.16
1784.8
1839.42
1870.9
1957.92
2035.26
2064.5
2346.88
2391.62
2396.35
2472.7
2575.65
2626.76
2747.66
2767.08
2965.43
3107.61
3114.61
3317.82
3407.03
3637.84
3749.46
3764.03
3787.77
3993.22
4133.37
4193.99
4199.39
4307.96
4432.1
4488.29
4551.18
4652.59
4700.52
4899.51
4986.53
4997.49
5167.52
5255.22
5306.54
5358.82
5435.71
5494.69
5498.06
5551.69
5723.25
5806.4
5816.78
5835.55
5922.67
5981.53
5985.79
5993.78
6202.21
6264.6
6268.36
6534.85
6605.46
6607.74
6716.88
6830.47
6857.58
6956.34
7049.84
7139.63
7187.28
7219.16
7495.69
7523.76
7594.03
7658.99
7733.86
7808.91
7818.35
7856.75
8098.26
8113.16
8331.22
8371.42
8388.96
8439.84
8484.69
8574.15
8768.49
8768.43
8991.68
9198.24
9211.79
9338.55
9505.1
9728.26
9817.33
9836.99
9891.39
9991.58
10190.7
10303.9
10324.6
10327.5
10335.2
10509.2
10758.7
10830.7
10891.7
10959
10970
11094
11179.1
11191.1
11305.4
11546.1
11558.4
11612
11707.3
11715.9
11790.2
11897.1
12071.3
12078.7
12282.1
12360.8
12531.5
12640
12691.2
12702.6
12746.9
12890.3
13000.3
13167.5
13310.5
13334.2
13453.2
13543.2
13554.6
13670.1
13832.5
13986.1
14009.3
14330.6
14491.6
14505.3
14532
14620.8
14674.7
14774.4
14806.8
14819.3
14861.5
15006.5
15077.4
15082.2
15285.6
15377.8
15507
15513.4
15602.5
15622.1
15706.8
15738
15922.8
16249.4
16326.5
16443.8
16599.2
16677.3
16713.9
16740.3
16816.7
16987.6
17176
17413.1
17586.6
17593
17639.8
17748.2
17754
17877.5
17909.3
18129.1
18157.1
18200.9
18240.2
18395.5
18451.5
18466.6
18474.4
18591.5
18649
18796.7
18899.8
18904
18922.2
18966
19007.6
19033
19038.9
19151.5
19319.6
19356.2
19398
19562
19589.1
19592.5
19605.2
19638.2
19822.3
19843.7
20080.7
20097.9
20269.5
20324.4
20442.4
20539.5
20613.8
20623.3
20637.2
20656.4
20739.2
20980.1
20989.3
21045.1
21137.9
21232
21330.8
21497.5
21737.3
21855.9
22144.5
22193.8
22330.5
22377.7
22375.6
22466
22481.6
22492.4
22565.1
22585.8
22735.1
22782.7
22848.8
23074.7
23095.5
23099.6
23129.3
23282.2
23414.5
23429.5
23497.1
23527.3
23535.3
23605.9
23664.3
23670.4
23697.5
23931.3
24027.3
24205.1
24378.2
24566.6
24588.3
24703.8
24888.8
24991.1
25067.1
25171
25355.9
25368.8
25411.3
25450.5
25544.3
25653
25662.9
25866
25879
25979
26040.8
26194.3
26320.6
26533.9
26545.7
26637.8
26667.2
26784
26806
26929.7
26954.6
27106.5
27131.7
27255.1
27296.5
27321.4
27450
27556.3
27704.8
27857
27915.8
28005.1
28040.1
28158.8
28176.3
28188.2
28398.7
28505.5
28583.2
28603.9
28688.2
28797.9
28802.5
28857.8
28892.1
28952.7
29004.4
29231.5
29452.3
29542.2
29618.3
29659.7
29787.2
29874.4
30041.4
30152.3
30193.7
30216
30381.6
30518.9
30653.6
30718.5
30762.5
30782.5
30904.8
30997.5
31123.1
31160
31194.2
31248.3
31479.5
31645.4
31660.9
31688.4
31734.6
31782.1
31792.9
31951.7
32078.7
32082.9
32295
32542.3
32585.6
32602.6
32635.7
32713
32771
32891.7
32934.3
32989.8
32996.6
32999.3
33084.9
33159.3
33200.5
33258.6
33287.9
33441.2
33651.7
33839.7
33886.6
33900.7
33962.8
33964.8
33987.7
34420.3
34423.5
34510.8
34517.9
34520.2
34580.7
34666.8
34852.1
34869.5
34893.5
35231
35290.8
35298.8
35305.7
35507.7
35653.8
35844.5
36037.7
36056.7
36079.4
36263.3
36421.7
36430.6
36483.5
36527.7
36538.6
36600.8
36950.2
37118.1
37122
37136.4
37251.5
37340.5
37359.4
37524.7
37663.9
37844.3
37933
37937
38022.5
38057.3
38157.1
38268.9
38441.2
38509.5
38516.7
38631.9
38709.6
38732.1
38861.7
38872.5
38885.1
38954.3
39182.9
39194.5
39232.3
39303.5
39332.3
39463.7
39548.5
39661.3
39992.7
40026.9
40287.8
40308.6
40633.7
40695.9
40855.3
40868.3
40928.2
41130.7
41234.9
41380.5
41409.7
41829.8
41927.1
41995.7
42042.9
42187.9
42291.4
42489
42606.9
42756.3
42909.5
43126.8
43200
43335.4
43350.5
43367.5
43567.7
43695.1
43767.3
43889.8
43900.1
44005.6
44030
44103.5
44169.5
44398.5
44458.9
44466.4
44483.8
44525.3
44703.1
44727.6
44759.9
44852
45226.2
45234.5
45271.9
45424.1
45499.7
45553.2
45576.8
45603.3
45845.2
45889.8
45939.5
46029.4
46043.8
46272.8
46380.5
46406
46454.2
46652.7
46790.3
46826.8
46870.4
47029.2
47066.6
47086.3
47246.4
47288
47304.5
47331.2
47383.8
47443
47607.5
47629.4
47943.5
48072.7
48147.9
48240.4
48241.7
48309.7
48528.5
48596
48706.3
48762.2
48880.1
48900.2
48953.6
49064.1
49282.7
49334.2
49433.9
49589.7
49649
49664
49927.2
49942.5
49971
50304.8
50348.5
50460.8
50517.6
50553.5
50700.4
50726.1
50775.9
50830.2
50860.4
50896.1
50971.1
51503.5
51501.6
51879.8
51882.8
52057
52280.2
52301.5
52309.8
52327.8
52326.7
52330.1
52339.7
52409.3
52481.6
52584.4
52689.2
52761.5
52878
52959.6
53052.9
53154.9
53184.3
53417.5
53485.4
53571.5
53637
53725.1
53823
53875.2
54035.8
54035.3
54147.4
54175
54391.3
54566.5
54761.1
54761.6
54783.5
54800.2
54835.5
54881.8
54906.3
54972
54976.9
55096.1
55314.3
55423.8
55503.2
55698.5
55828.1
55943.3
55987
56086.7
56123.3
56166.9
56247.8
56492.1
56552.6
56648.5
56833.3
56893.2
56919.2
56971.1
57004.3
57029.2
57139.6
57162.7
57182.3
57581.6
57741.5
57770.6
58148.7
58157.7
58321.8
58372.8
58424.6
58478.1
58534
58636.6
58668.4
58795.2
58804.6
58865.7
58875.1
58948.7
59114.2
59227.3
59321.9
59461.1
59462.1
59540.1
59576.9
59592.3
59604.3
59912.6
59995
60012.9
60175.9
60195.8
60386.6
60447.3
60574.7
60705.7
60896.3
60901.2
60983.4
61116.5
61129.2
61315.7
61319.9
61368.9
61460.2
61521
61611.2
61719.1
61790.3
61841
61840.7
61904.3
61906.8
62046.4
62084.8
62183.4
62191.5
62314.5
62533.9
62605.4
62779.5
62859.2
63152.4
63273.4
63279.9
63281.6
63413.4
63459.3
63482.3
63536.7
63860.8
63888.1
63939.6
63945.5
64066.3
64098.7
64211
64227
64236.7
64317
64373.4
64480.1
64493.3
64607.5
64650.9
64718.9
64784.1
64821.6
64980.5
65188.1
65289.4
65318.6
65369.2
65407.5
65531.1
65569
65577
65695.5
65868.3
65951.1
66175.6
66190.9
66195.1
66368.7
66471.4
66498.7
66519.6
66787.5
66885.4
67074.5
67159.3
67190
67227.9
67413.9
67482.6
67587.1
67599.1
67656.3
67803.8
67908.7
67986.7
68031.5
68103.1
68276.7
68380.6
68434
68485.6
68665.8
68668.7
68672.8
68819.4
68848.9
69062.4
69119.9
69181.3
69256
69324.5
69355.2
69476.4
69566.5
69608
69616.9
69670.7
69770.5
69828.8
69955.8
69983.2
70024.1
70033.3
70063.5
70289.5
70497.9
70513.9
70509.8
70523.9
70551.4
70559.7
70629.4
70869.8
70949.9
70971.8
71103.3
71136.6
71235.3
71411.2
71458.2
71469.2
71501.3
71599.6
71854.7
71894.3
71993.3
72149.2
72230.9
72285.8
72356.9
72410.6
72415.2
72620.8
72779.3
72794.7
72819.4
72841.5
72961
73122
73237.1
73366.7
73506.1
73543
73547.7
73587.5
73591.1
73740.7
73881.4
73897
73967
74074
74245.9
74259.2
74435.3
74532
74546.7
74798.6
74911.6
75082
75132.1
75191.1
75251.6
75326.3
75584.4
75765.2
75812.3
75932.6
75960.4
75978.6
76081.3
76091.1
76130.2
76287.2
76339.6
76522.8
76526
76539.8
76677.5
76795.9
76816.2
76863.6
77025.1
77090.7
77143.2
77152.1
77278.5
77360.3
77371.1
77412.5
77583.9
77693.4
77752.6
77783.7
77825.3
77842.2
77945.7
78191.7
78324.1
78415.3
78488.3
78596.9
78782.6
78847.4
78867.8
78914.2
78941.5
79053.2
79067.8
79161.7
79274.2
79284
79516.4
79521.5
79529.2
79564.5
79887
80270.4
80310.4
80501
80506.9
80577.4
80589.8
80757.1
80781.8
80821.1
80856.2
80932.3
81023.5
81036.3
81090.1
81252
81312.5
81323.7
81423.7
81488
81530.4
81618.1
81626.7
81736.6
81943.8
82013.7
82021.5
82036.6
82245.1
82338.4
82386.4
82404.7
82796.8
82953
82960.3
82967.1
83127.9
83136.9
83153
83217
83377.9
83394.7
83557
83561.1
83582.4
83606.9
83747.2
83930.6
83950.7
83995.8
84021.9
84054.2
84271.2
84556.8
84632.4
84676.1
84965.6
84999.5
85035.7
85082.3
85242
85267.5
85295.5
85292.9
85489.4
85603.9
85950.9
85988.7
86067.1
86081.3
86178.8
86258.1
86448.8
86456.2
86466.5
86502.8
86614.4
86692.3
86687.4
86859.9
86909.1
87141.2
87173.1
87368
87789.8
87872.2
88066.6
88086.9
88172.4
88192.2
88224.2
88327.1
88368.6
88412.4
88606.2
88750.7
88867.1
88875.4
88934.3
89170
89403.4
89467.7
89511.5
89548.1
89630.6
89746.7
89973
89989.5
90042.1
90053
90149.6
90298.6
90319.7
90356.6
90395.2
90446.6
90534.3
90562.1
90599.6
90657.5
90678
90963.8
91116.7
91121
91112.2
91121.1
91193.6
91402.5
91462.4
91634.6
91660.3
91770
91777.7
92156.5
92195.6
92245.5
92250.9
92253.7
92256.8
92374.5
92645.4
92681.9
92791.2
92838.2
92894.1
93052.1
93068.7
93115.4
93335.9
93381.5
93435.8
93441.7
93450.4
93586.1
93678.8
93717.7
93766
93784.2
93814.7
93912
93942.8
93941.2
93953.5
94259.1
94343.4
94349.3
94560.1
94565.1
94642.8
94782.3
94801.9
94877.5
94887.1
95121.5
95245.8
95408.3
95472.1
95603.7
95641.4
95641
95728.1
95851.1
96096.1
96178.1
96225.8
96372.8
96403.9
96709
96719.9
96721
96856
96875.1
97044.9
97114
97166.9
97344.8
97418.5
97439.8
97450.8
97485.5
97621.5
97685.1
97689.8
97705.2
97731.2
97842.9
97873.3
97886.6
98075.7
98215.3
98299.1
98311.8
98528.9
98709.9
98838
98896.8
98962.4
99113.4
99269.6
99690.8
99772.6
99917.8
99952.4
99960.7
100106
100151
100149
100468
100536
100546
100577
100702
100764
100905
100973
101013
101090
101107
101221
101286
101354
101390
101397
101546
101569
101614
101795
101805
101897
101917
101950
101972
102134
102176
102279
102337
102422
102622
102635
102752
102784
102894
102946
103028
103267
103301
103378
103455
103472
103475
103550
103610
103657
103672
103708
103784
103800
103913
103920
104084
104390
104453
104455
104469
104512
104567
104632
104725
104901
104921
105071
105222
105340
105512
105640
105735
105752
105852
105864
105890
106151
106648
106855
106958
107048
107136
107147
107252
107406
107485
107544
107580
107634
107676
107933
108028
108188
108223
108321
108394
108522
108699
108971
109065
109108
109247
109333
109387
109387
109405
109716
109732
109791
109803
109818
109851
109980
109993
110095
110214
110218
110229
110274
110455
110484
110652
110660
110702
110723
110748
110799
110845
110941
110961
111030
111041
111042
111125
111151
111408
111507
111643
111660
111672
111689
111863
111940
112134
112225
112620
112633
112645
112662
112665
112814
112881
112916
112962
113021
113295
113421
113502
113555
113641
113658
113895
113912
113937
113999
114085
114160
114186
114252
114372
114402
114513
114535
114642
114703
114797
114812
114857
114889
114957
114968
115038
115085
115449
115465
115684
115702
115790
115920
116044
116092
116119
116243
116268
116290
116315
116364
116574
116666
116890
116968
116972
117130
117220
117388
117424
117501
117500
117685
117779
117964
117975
118000
118187
118227
118236
118344
118389
118385
118460
118581
118636
118716
118719
118788
118877
118909
118931
118934
119084
119181
119263
119335
119474
119469
119587
119673
119692
119894
119956
120096
120167
120159
120209
120437
120446
120580
120704
120767
120820
120821
120832
121128
121271
121311
121334
121681
121674
121677
121738
121779
121886
121970
122042
122105
122236
122314
122348
122348
122632
122646
122789
122824
123009
123094
123156
123190
123206
123390
123516
123536
123761
123801
123799
123977
124070
124081
124127
124151
124220
124378
124522
124652
124934
124954
125003
125058
125120
125175
125184
125227
125222
125249
125574
125598
125652
125778
125783
125878
125938
125972
126057
126258
126268
126368
126413
126576
126596
126688
126773
127052
127133
127256
127274
127333
127661
127742
127740
127768
127802
127831
127901
127973
128060
128155
128202
128250
128343
128394
128451
128703
128715
128755
128885
128885
128951
129105
129279
129384
129385
129407
129545
129741
129782
129788
130081
130175
130309
130584
130656
130710
130782
131145
131373
131419
131472
131501
131613
131644
131752
131811
131858
131942
131954
132004
132020
132058
132082
132139
132306
132346
132482
132511
132674
132682
132680
132805
132859
133020
133039
133045
133152
133249
133307
133389
133521
133562
133620
133679
133838
133916
134047
134126
134208
134215
134328
134360
134608
134744
134805
134907
134959
134973
135319
135353
135403
135498
135525
135565
135686
135725
135766
135772
135838
135870
136001
136003
136118
136112
136134
136252
136329
136483
136527
136647
136724
136814
137058
137116
137149
137198
137304
137366
137476
137536
137641
137731
137751
137767
137885
138085
138097
138273
138438
138464
138469
138537
138612
138629
138727
138728
138774
138802
138965
139032
139101
139116
139182
139320
139370
139488
139530
139596
139744
139773
139851
139878
139989
140020
140157
140252
140278
140413
140540
140638
140833
140932
140996
141179
141213
141352
141397
141442
141475
141549
141548
141599
141627
141746
141748
141847
142038
142057
142056
142121
142159
142265
142265
142281
142333
142435
142559
142682
142704
142819
142924
142924
143001
143249
143321
143354
143502
143532
143614
143665
143755
143925
143962
143999
144037
144072
144094
144165
144288
144367
144625
144683
144711
144784
145011
145041
145089
145095
145141
145177
145383
145434
145654
145672
145886
145967
146097
146097
146149
146160
146173
146189
146342
146353
146399
146532
146587
146645
146662
146710
146752
147109
147321
147488
147494
147502
147556
147580
147626
147677
148025
148082
148133
148169
148345
148362
148669
148698
148950
148955
149021
149427
149444
149553
149557
149617
149780
149934
149985
150054
150110
150266
150350
150418
150421
150444
150554
150703
150746
150757
150815
151121
151165
151183
151251
151250
151571
151653
151814
151901
151995
151987
152053
152193
152265
152260
152294
152293
152321
152457
152553
152562
152597
152656
152678
152702
152718
152933
152961
153130
153184
153390
153588
153659
153784
153866
153892
153946
153980
154071
154143
154309
154441
154599
154700
154751
154772
155005
155017
155055
155168
155174
155234
155396
155521
155593
155815
155825
155897
155945
155982
156128
156165
156175
156208
156282
156287
156301
156447
156462
156494
156499
156572
156592
156600
156710
156784
156825
156877
156944
157022
157111
157214
157221
157351
157372
157381
157441
157597
157678
157866
157954
158061
158102
158120
158147
158212
158417
158515
158523
158539
158593
158627
158625
158663
158675
158906
158943
158968
159064
159309
159334
159381
159397
159543
159555
159623
159682
159757
159823
159819
159905
160072
160149
160292
160679
160870
160902
160970
161025
161023
161172
161170
161308
161340
161610
161747
161902
161972
162042
162139
162347
162360
162426
162540
162559
162677
162865
162903
163014
163160
163184
163258
163292
163334
163466
163473
163527
163613
163612
163639
163743
163805
163839
164095
164126
164209
164282
164399
164424
164437
164495
164546
164652
164757
164812
164879
165052
165261
165298
165351
165350
165563
165668
165869
165965
166116
166225
166267
166392
166458
166507
166625
166650
166884
166902
166917
166949
167006
167208
167489
167549
167600
167646
167825
167842
167882
168013
168031
168097
168203
168213
168231
168272
168523
168607
169099
169192
169361
169408
169425
169447
169493
169617
169630
169750
169878
169893
169906
170248
170308
170365
170383
170455
170563
170627
170708
170734
170909
170958
171085
171253
171333
171349
171501
171678
171717
171759
172039
172128
172147
172160
172207
172441
172671
172735
172798
172840
172929
173137
173265
173395
173434
173500
173624
173793
173794
173820
173874
174014
174151
174185
174201
174457
174486
174488
174619
174719
174762
174896
174964
175255
175256
175344
175357
175380
175414
175500
175558
175701
175795
175850
175894
175903
175951
175957
176075
176077
176123
176279
176467
176513
176556
176685
176733
176828
176900
176934
177053
177063
177156
177201
177234
177385
177424
177566
177628
177650
177680
177753
177852
177847
177913
177943
177983
178099
178149
178217
178405
178426
178619
178638
178639
178929
179036
179081
179209
179243
179262
179319
179429
179551
179667
179715
179789
179874
179936
180045
180138
180160
180313
180490
180559
180629
180732
180760
180781
181144
181251
181286
181474
181472
181520
181577
181608
181667
181730
181730
181950
182100
182198
182350
182407
182441
182469
182474
182481
182583
182719
182875
182869
183080
183211
183296
183625
183711
183721
183837
183883
184026
184074
184135
184159
184401
184431
184448
184709
184709
184839
184917
184962
185148
185205
185444
185482
185578
185643
185676
185790
185821
185921
185950
185986
186293
186405
186452
186559
186678
186798
186811
186858
186975
187045
187137
187143
187189
187301
187489
187632
187634
187680
187835
187860
188238
188267
188320
188441
188580
188614
188856
189025
189138
189143
189195
189194
189236
189248
189343
189416
189453
189708
189744
189813
189858
189927
189937
190186
190265
190378
190512
190747
190786
190826
190847
191008
191013
191272
191322
191409
191712
191767
191792
191813
191928
192049
192089
192114
192337
192393
192465
192646
192906
192929
193015
193057
193098
193224
193292
193334
193407
193719
193732
193840
193990
193985
194003
194003
194057
194055
194275
194863
194877
194920
195138
195160
195151
195260
195280
195290
195442
195471
195721
195892
195904
195955
196248
196308
196386
196444
196591
196685
196735
196776
196854
196936
197099
197109
197127
197136
197177
197386
197405
197457
197490
197557
197584
197681
197789
197801
197828
198130
198309
198368
198599
198632
198651
198737
198875
198886
199155
199385
199456
199551
199553
199865
199909
