189.94
246.26
506.9
1345.47
1682.09
2020.75
2043.01
2195.37
3474.1
3759.46
4583.89
5231.34
5251.56
5520.66
6515.77
6794.36
6795
6933.65
7012.56
7023.2
7466.65
7528.97
8181.84
8223.44
9002.18
9734.51
9784.89
10050.6
10407.9
10890.3
11305.8
12331.2
12703.6
12718.5
13635.3
14592.2
14631.5
15044.9
16460
17131.4
17246.2
17504.4
17629.1
18021.7
18025.8
18298.9
19862.8
20044.6
20602.8
20633.7
21436.2
21944.4
21992.8
22147.1
22835
23125.5
23139.6
23264.1
24202.8
25210.2
25308.2
25670.3
25716.2
25814.3
26180.3
26412.1
26814.3
27861.3
27994.2
28454.1
28983.4
29313.8
29388.1
29479
29752.3
29855.9
29992.6
30997.3
31556.2
31938.4
32252.2
32428.7
32770.4
32787
32811.6
33114.1
33199.4
33538.6
33701.3
34341.9
34703.5
34766.3
35055.2
35624.1
35721.2
36096.7
36106.9
37239.1
37421.3
37445.2
37530.8
38063.1
38095.7
39438.6
39535.5
40460.1
41320.1
42130.5
42533.8
42938.7
43204
43391.5
43903.4
43945.8
44169
44393.6
44482.6
44782.7
44936
45278.3
46475.5
46800
47145.4
48266.5
48744.1
48963.8
48976.9
49501.6
49551.6
49794.7
49913.1
50010.5
50243
50696.2
51139.9
51234.8
51825.2
51958
52074
52260.7
52504.2
53161.3
53371.4
54683.7
55046.3
55750.8
56375.4
56805.9
56969.4
57013.6
57300.3
58829.6
59086.8
59453.3
59953
60732.1
60798.7
61537.4
62327.7
62455.3
63020
63167.2
64030.2
64249.8
65166.8
65199.2
65599.6
66034.9
66277.6
66403.3
67674.4
67736.9
68452.7
70377.3
70481.3
70637.3
73233.7
74028.2
74074.6
74140.9
74441.2
74474.3
74561.9
74712.6
74911.2
75818
76052.3
76096.5
76389.9
76773.2
77343.5
77408.4
77902.7
78127.1
78432.9
79427.7
80403
81138.7
81672.8
82005.7
82316.9
83071.2
86092.7
86374.7
86572.1
87022.9
87405
88254.8
88428.6
88657.1
88856.6
89345.3
89459.8
89882.3
89938
90140.3
91351.8
91692.1
91892.2
92293.5
92695
92871.1
92954
92997.9
93243.8
93710.9
93912.9
93921.4
93946.8
94644.6
95029
95330.9
95817.3
96117.8
96363.1
96397.5
96457.4
97052.9
97068
97118.7
97903
98044
98268.9
98282.6
98341
98359.7
98500.7
99988.6
100533
100783
101188
101198
101371
101466
102138
102248
102876
103591
104256
104850
105169
105324
105855
106152
107505
108779
109270
109698
110373
111067
111122
111324
112063
112443
112792
112919
113217
113842
113890
113981
114107
114349
114704
114903
115114
115322
115508
115745
115785
115793
115927
115964
116084
116108
116404
117493
117504
117650
118383
118803
119394
119430
119459
120119
120224
120559
120580
120659
120707
120713
120866
121296
121481
121726
121839
121849
122139
122581
122743
122931
123129
123258
123380
124703
124988
125236
125371
125730
126072
126529
126752
127059
127344
127559
127754
127779
127902
128425
129237
130003
130391
131219
131576
132095
133571
134160
134334
135385
135562
135706
135907
136356
137002
137180
137359
137604
138740
138785
139047
139169
139527
139552
139761
139938
140040
140530
140658
141001
141323
141514
142086
142144
142197
142465
142558
142739
143437
143634
144345
144723
144905
144975
145194
145420
145437
145695
145730
145964
146511
146886
147375
147420
147568
147985
148740
148794
149460
150298
150415
150880
151146
151454
151572
152071
153293
153389
153693
154110
154243
154344
154571
154634
154939
155016
155086
155327
155755
155919
156186
156543
156994
157027
157114
157348
158016
158138
159976
160844
161211
161508
162439
162539
162641
163128
163444
163564
164256
164414
164422
164980
165659
165652
165931
166438
166787
167484
167990
168506
168575
168661
169054
169171
169155
169312
171122
171434
171668
172122
172293
173005
173160
174089
174170
174226
174446
174744
174885
174953
175417
175620
176576
176682
176850
177142
177199
177382
177655
177738
177857
178197
178252
178551
178554
178691
178711
179690
179895
180494
180764
180910
181402
181425
181753
182199
182401
182611
183265
183375
183420
183496
183532
183940
184323
184433
185087
185759
185774
185958
185985
186305
187262
187688
187867
188768
191407
191683
193044
193143
193206
193786
194264
194383
195086
195622
195950
196193
197590
198072
198221
198330
198391
198825
199037
