508.38
3786.83
4348.97
5169.85
5436.32
6043.27
6182.96
7136.42
7639.67
7783.48
8358.5
9979.54
10860.4
11354.2
11370
12132.9
12522.7
13751.2
14350.6
14949.1
15942.7
16694.2
17752
18084.8
18118
20012.2
21027.9
21548.2
21556.5
22057.5
22565.5
23350.7
24724.9
25169.7
27312
29907.5
31384.3
34191
34586.7
35585
36354.4
37657.4
40294
40355.9
40522.8
40913.3
41802.3
42320.6
42561.7
43134.4
43949.7
44922
47065.6
47595.4
49511.6
50517.8
51445.5
51529.7
51867.6
51976.8
52813.5
53034.8
53583.8
53898.2
54484
54859.5
55115.6
55889.8
55992.8
58415.5
58683.2
59160.7
59806.3
60256.5
61255.4
61890.8
63021.4
64310.9
64440.8
64831
66126.1
66971.7
67745
68342.7
68464.7
68964.8
69610.5
70899.9
74412
74738.4
75832
76370.1
76808.9
78494.3
80779.8
81525.4
82627.6
82767.7
83176.1
83243.7
83626.4
84140
84695.2
84981
85744.3
86229.3
86421.9
86735
87306.2
87392.4
87643.2
87751.9
90079.4
92569.3
92862.6
93803.4
97896.9
99043.1
99107
99451.9
101226
103033
103511
103797
104288
104496
104544
104925
106984
107997
109538
110835
113329
113493
115984
120371
120714
120984
121103
121536
121605
123161
123730
124097
125316
125928
126735
126856
128907
131415
131510
132234
133287
133337
133828
136223
137181
137690
138316
138735
139308
139710
141905
141975
142676
142800
143198
146077
146943
147841
148774
149669
150382
153115
153377
157209
158138
160115
162219
162721
164074
164395
164415
164414
164462
165397
165498
166457
169793
169838
170137
170168
171695
171708
171999
172029
172503
172701
173491
175771
176419
177390
177435
177445
177872
178399
178490
180320
181677
183732
184182
184850
185066
185829
185976
186467
186634
186768
187450
187621
188401
188620
188661
188736
188957
190484
193307
194518
195345
196216
197188
198799
199426
199804
