2187.68
2765.15
3958.84
11161.9
13237.9
13607.1
14469.5
14961.8
15272.2
15676.5
15872.6
16929.3
22005.9
22199.5
22659.8
23475.2
23513
24026.1
24303.2
24752.4
26706.7
27997.7
28072.6
29548.4
32327.7
34461.5
35061.4
37329.3
39802.1
40351.5
44855.6
45282.4
45962.3
46330.7
46609.2
47373.6
48270
48483.1
60024.4
61642.1
68507.3
71708.5
72476.9
74276.5
74772.2
75963.3
76823.4
78631
80113.2
80882.3
81811.7
82745.5
82902
83324.7
83496.5
84515.4
85116.2
85576.9
86869.7
88294.9
89469.8
90248.6
90438.1
90508.2
91458.9
92149.7
92339.3
94301.5
94543.5
95094
95482.2
95913.4
96192
96715.4
96870.2
98039.3
98450.4
99658.5
99968.9
