297.66
1439.44
1544.25
1597.8
1645.09
1765.79
2252.6
2733.92
2978.32
3911.06
4161.34
4359.99
4793.88
4826.53
5001.82
5162.64
5242.39
6010.17
6289.19
6483.79
6605.52
7267.92
8191.59
8219.66
8247.97
8863.96
9240.98
9639.76
9713.24
9766.6
9947.11
10638.9
10713.5
10912.4
11206.4
11224.5
11312.7
11376.2
11381.8
11667.2
11756.7
12075.2
12165.3
12223.5
12599.6
12655.8
12688.7
13155.8
13227.6
13308
13710.1
14104
14212.1
14280.4
14563
14655.1
14658.5
15404.2
15784.8
16028.1
16320
16432.8
16539.5
16700.4
17322.2
17370.1
17486.3
17559.7
17878
18773.4
19193.4
19280.1
19292.6
19586.3
20076.5
20194.2
21168.9
21580.7
21997.8
22331.8
22471.3
22724
22764.4
22806
23415.3
23980.4
24080.3
24103.6
24101.3
24154.4
24352.2
24459.5
25045.3
25149.3
25159.4
25448
26043
26165.3
26535.6
26635.3
26854.1
27457.3
27587
28321.1
28396.2
30030.5
30500.6
30934.1
30991.3
31148.8
31188.2
31386.7
31740.7
31768.5
31799.8
32193.3
32407.6
32591.5
32684.5
32747.5
32936.4
32969.9
33115.6
33690.1
33828.6
34697
34857
34953.2
34992.6
35510.6
35556.3
35642.3
36169.6
36226.3
36303.3
36799.2
37035.9
37131
37233.1
37742.7
37819.6
38040.5
38634
39058.5
39236
39660.9
40060.7
40268.8
40345.7
40456
40837.8
41235.5
41296.4
41450.8
41516.9
41586
41851.9
42016.4
42156.3
42333.4
42494.7
42502.1
42624.5
42782.1
43006.7
43105.3
43239.6
43602.7
43878.8
43999.9
44198.8
44374.6
44379.6
45235.9
45278.7
45822.3
45896.1
46082.7
46121.1
46176.4
46528.8
47123.5
47712.3
47868.8
48461.8
48471.1
48865.9
49021.7
49175.6
49528.3
49977.9
50066.2
50618.9
50806.5
50987.2
51425.7
51463.6
51658.2
51874.3
51881.9
51982.6
52225.5
52267.3
52365.1
52511
53214.5
53654.2
53754.3
54195.7
55283.9
55652.7
55783.3
55882.7
56371.7
56832.6
56871.4
56911.8
56939
57497.6
57540.7
57761.2
58269.6
58505.7
58702.9
59001.4
59246.2
59412.9
59455.8
59608.9
59753.2
60043.5
60205.5
60326
60410.3
60859.1
61099.3
62063.3
62094.9
62185.2
62537.4
62682.5
62813.5
62899.8
63126.2
63175.9
63654
63954
64035.1
64299
64369.8
64445.9
65690
65866.5
66293.1
66322
66979.8
67112
67266.4
67448.9
67495.9
67550.4
67958.4
67978.2
68679.8
69112.2
69402.3
69465.6
69679.4
69903.5
70011.1
70285.5
70456.5
70663.3
71037.9
71056.3
71062.5
71759.4
71780.4
71863.3
72158.9
72313.6
72356.9
72492.4
72693.1
72836.3
73193.1
73549.4
73841.9
73951.1
74001.7
74498.5
74707.3
75356.3
75430.6
75450
75687.4
76064.5
76212.2
77104
77333.5
77619.2
77740.4
78211.8
78253.5
78815.6
79470.5
79527.3
79543.2
80052.6
80353.5
80590.4
81153.7
81580.3
81815.5
82853.2
83006.7
83217
83291.3
83896.3
84035.6
84269
84395
84661.7
84856.8
84951.2
85237.5
85677.2
85969.2
85991.3
86544.7
87003.5
87054.8
87342.1
87492.2
87993.3
88376.5
89044.1
89085.6
89333
89866.7
89936.4
90080
90834.9
90918.3
90996.3
91147.5
91485.1
91581.2
91812.8
92328.3
93160.7
94429.7
94731.9
94919.6
95039.8
95123
95226.9
95380.3
95737.4
95851.8
95958.5
96205.1
96255.7
96248.3
96343.4
96474.5
96760.4
97112.2
97280.2
97607.8
97737.2
97933.3
97952.5
98011.5
98474.3
98744.4
99204.9
99373.9
99737.7
99921.3
100357
100849
101580
101941
102649
102980
103852
104156
104305
104614
104617
104819
105724
105975
106097
106452
106542
107200
107459
107530
107641
107997
108104
108133
108195
108399
108757
108818
109323
109486
109510
110103
110175
110254
110477
110819
110866
110967
111240
111457
111484
111504
111607
112051
112314
112442
112495
112795
113044
113095
113201
113366
113729
113830
113845
114328
114496
114880
115160
115224
115462
115748
116005
116586
116876
116928
117138
117308
117578
117601
117609
117750
117885
117937
118000
118292
118433
118538
118722
118937
119002
119001
119359
119731
120049
120227
120363
120406
120419
120435
121176
121307
121550
121682
122047
122101
122715
122759
123406
123515
123624
123942
124212
124709
125024
125204
125502
125794
126742
127265
127318
127436
127591
127905
127983
128060
128059
128435
128487
128611
128715
128934
129235
129664
129702
130087
130253
130310
131186
131304
131674
132500
132802
132913
132957
133504
133858
134031
134051
134198
134501
134529
134805
134916
134993
135134
135285
135421
135882
135955
136530
136780
137182
137244
137520
137684
137708
137918
138010
138316
138555
138964
138996
139882
140057
140218
140284
140848
140928
141062
141839
142211
142608
142677
143149
143326
143794
143884
145157
145618
145626
146174
146687
146694
146882
147090
147448
147735
148005
148146
148423
148655
148800
148883
149186
149366
149468
149508
149554
149807
149983
150046
150884
150930
151161
151242
151438
151468
151729
151843
151847
152118
152151
152210
152291
152610
153494
153605
154239
154609
154672
154785
154982
155072
155319
155344
155487
155615
155922
156420
156726
157143
157329
157433
157528
157585
157796
157861
157883
157965
158500
159212
159381
159615
159838
159897
159951
160193
160350
160499
160673
160747
160873
161775
164110
164632
164661
165009
165148
165377
165787
165866
165948
166066
166348
166745
167126
167149
167573
167638
167776
167911
168120
168612
169358
169486
169719
170039
170145
170355
170406
170563
170841
171063
171274
171881
172252
172749
172926
173051
173170
173312
173369
173480
173681
173852
174181
174383
174779
175142
175309
175486
175914
176101
176213
176249
176293
176580
176872
177190
177408
177546
177609
177715
177788
177871
177917
178293
178368
179011
179100
179232
179329
179915
180027
180080
180186
180198
180803
180952
181339
181683
181972
182018
182598
182735
182867
183191
183315
183355
183489
183497
183755
184081
184339
184734
184793
184919
184969
184977
185142
185410
185517
185825
186546
188450
189142
189844
190167
190222
190328
190440
190867
190948
190996
191136
191390
191430
191519
192002
192005
192148
192153
192489
192733
192828
193177
193201
193811
193964
193988
194583
194662
195158
195555
195562
195811
196116
196165
196467
196699
196788
197727
198773
198798
198835
199193
199253
199541
199930
