2461.72
2565.15
3830.72
5966.49
6936.43
8184.14
8452.24
13513.3
15069.9
15361.2
15848.8
17070.1
17345.2
17755.5
18134.6
18437.7
18832.3
19320.1
19622.3
20261.9
20531.2
20692.6
20797.1
21560.3
24336.8
25625.2
27717
29214.3
29900.6
30539.2
30971.7
31326
31432.4
31705.1
32682.9
32784.6
33834.9
35275.4
35654.5
35955.8
37111.6
38805.1
39996.7
40402.2
40433.1
40683.5
41104.5
41293.4
41460.4
41694.8
42262.3
43094.7
43855.6
45550.7
46276.5
47233.6
47429.8
47655.6
49776.6
51202.2
51612.9
53671.6
56217.8
56592.3
56752.5
57041
57152.2
57885.4
58101.6
59318.5
59340.5
60927
61186.3
61318.3
61371.2
61540.6
61887.1
62084.2
62331.8
62507
62524.1
62553.7
63061.4
63210.8
64031.9
64077.6
64413.2
64531.2
65671.5
66231
67014.5
67168.2
68330.4
69211.2
69436.1
70874.5
71416.6
72825.1
74258.8
77742
78789
79081.9
79490.7
81726.4
81932.6
82486.5
83003.3
83269
84797.2
87578.1
91668.3
92289.9
94151.1
94449.9
96893
97992
98706.5
98918.6
98990.6
100161
101148
102364
102498
102489
103934
104299
108289
108820
113928
115041
118110
119691
120645
120667
121010
121741
122227
122384
122676
123460
126901
129816
133362
133961
135077
136964
138195
139215
139622
140145
140212
140841
141177
141542
142411
144757
145933
148466
150600
154402
155858
156914
176380
179059
191760
192877
