1251.51
2415.44
4323.53
5551.28
7161.64
7247.87
7398.02
7828.19
8954.31
9725.69
10093.2
11879.9
12376.9
12676.2
13412.9
14350
14580
14892.5
15194.9
15270.9
15542.9
15735.2
16249.7
16452.9
16742.9
17296.4
17856
18000.2
18055.5
18131.4
19662.5
20239.3
21142.9
23321.9
24670.1
26555.3
26758.6
26810.6
27383.4
28232.3
29745.4
30945.3
31595.3
31876.8
35764.1
35847.2
36911.3
37587.5
38348.4
39608
40698.3
40912.6
41246.5
41617.4
41802.6
42494.5
42543.7
42561.7
42771.8
43201
43485.3
43629.1
44405.4
44966.5
45356.5
45451.1
46058
46511.8
46545.6
46824.4
47541.4
47897.2
48081.3
48597.3
48735.1
48909.9
49362.5
49398.2
49925.2
52979.3
53035.5
53814.7
55634.6
56431.3
59988.7
60031.2
60305.3
61098.6
61222.8
62296.1
63472.2
63752
66100.3
66282.1
66522.7
66554.6
66900.1
67524.5
67635.9
68296.4
68424.6
68923.7
69416.4
69467.3
70069.5
70418.5
70938.6
71656.7
72695.4
72956
72999.8
73231.3
73556.4
73686.3
74424.6
74439.6
74892
74958.3
75276.3
75909.5
76132.2
76718.1
76766.7
77418
77748.6
77870.3
78064.4
78528.8
79360.4
80196.6
80655.4
80998
81261.1
82274.9
82424.2
83062.3
83427
83824.7
83827
84395.7
84872.8
84904.1
85308.8
86045.1
86056.3
86234.1
86576.2
87022.5
87562.3
87818.3
89109
89783
90170.4
90472.2
92400.1
93675.4
94912.6
95726.6
95994.1
96005.2
96513.1
96657.9
96971
97426.6
98090.6
98378
98604.4
99699.7
