646.56
962.31
1226.7
1318.37
1797.89
2579.57
2692.21
3572.59
4572.61
6217.7
6647.37
7096.08
7845.51
8140.01
8167.02
9309.84
9758.65
9913.59
10001.8
10440
11579.8
12181.3
12591.2
13393
14255.4
15617.8
17797
19090.2
19569.4
21219.9
21492.1
22487.8
24014.4
27238.2
27340.6
29073.5
29497.6
29523.8
29849.2
30358.9
30595.2
31950
33620
34458.8
35828.2
36110.5
36382
36713.9
37140.9
37369.3
37794.3
38885.1
39960.9
40066.8
40777.1
41753.8
42742.1
43056.9
43747.7
45042
45124.9
45203.3
45370.7
45955.5
46148.1
48123.6
49344.5
50152.5
51523.1
51949.7
54180.9
55288
55902.1
56829.9
58171
58749.1
59267.8
59758.9
62103.3
62716
64171
64740.9
65118.5
65341.7
65676.4
65678.6
66164
68017.3
68610.3
68765.5
69227.5
72211.1
72555.2
73305.1
76236.1
76522.7
76764.9
77536
78924.1
81247.7
81650
81944
82045.1
82406.9
84209.2
84851.4
86041.7
86236.5
86390.5
86482.8
89082.6
89412.8
91010.2
91796.2
92497.6
92529.1
93349.4
94460.9
95963.5
96159.2
96863.8
97131.3
97688.2
98755.5
98881.8
99477.7
100068
100569
101962
102420
104094
104361
104804
104996
105123
106207
106501
114412
115560
115902
117983
118020
118696
118797
118947
119256
119301
120069
121268
121597
121805
122558
123445
123840
126189
126309
126356
126983
127433
128636
129721
130506
131316
131330
134771
134852
134917
136838
137177
138617
139071
139264
140826
141938
142734
144029
144036
144838
145240
146128
146596
147104
147503
148007
149157
149195
149464
149637
151028
151936
152002
154173
154911
155489
156570
156835
157216
158280
158429
158711
159035
159248
159449
159950
160276
160373
161338
162380
162654
162764
163366
163636
164102
165775
165851
168642
169843
169992
170250
172054
174791
175135
175329
175854
176011
176976
177662
179870
180218
180477
180513
181083
182068
182115
182746
185319
185749
185761
186292
186375
188748
189168
189281
189565
189773
190087
190504
190959
191838
193165
194230
195218
195453
196255
196352
196382
197071
197291
198132
199704
