443.05
613.57
961.07
1070.48
2122.92
2344.76
2559.79
2811.19
3426.28
4410.4
5016.22
5279.63
5573.32
5865.25
6596.91
6651.04
6720.22
7560.56
7708.69
7897.6
8326.12
9320.84
9525.88
9537.92
9715.14
10135.1
11301.1
11862.9
12025.2
12386.5
13145.8
13186
14073.7
14202.9
15242.1
16137.8
16282.9
16325.9
17570.6
18007.3
18518.3
19029.1
19087.6
20578.3
21107.9
21229.4
22062
22192.9
22996
23090.2
23526.8
25553.6
25878
27053.8
27150.2
28111.7
28687
28713.7
29032.1
29339.2
29513.2
30131.1
30488.1
31039.7
31811.2
32284.3
33153.3
33606.2
34132.4
34422.8
34529.9
34779
34846.9
35118.5
35416.4
35672.9
35778.1
35801.9
36212.1
36447.4
36696.8
36901.3
36939.9
37207.6
39102.2
39251.9
39721.1
40385.5
40729.9
41303.6
41438.6
41506.2
41854.8
42007
43325
43338.3
44428.7
44525.7
44818.9
45326.6
45497.7
45955.4
46898.9
47235.7
47849.2
48263.8
49222.1
49861.9
51181.1
51223.1
54648.9
54745.9
55311.6
55310.1
55683.9
55734.5
56224.9
56653.3
56769.5
57279.3
57798.9
59012.3
59430.7
60351.5
60849.9
61157.9
61478.4
61657.5
62675.1
64757.7
64877
65345.4
65364.8
65889
65910.6
66070.3
67031.6
67322.1
68216.1
68396.2
68964.9
72086.1
72418.2
73712.1
74379.7
74628.3
75215.1
75760
76596.8
76914.4
77137.1
81285.1
81309.5
81539.6
81586.3
81610
81618.1
81942.5
82278.5
82377.1
82586.7
83824.7
85679.1
85976.3
90634.2
90731.6
90965.5
91894.2
92355.7
92427.3
93844.5
93849.4
94087.5
95820.3
96609
97138.6
98375.2
98783.4
98939.8
98950.8
99579.7
99802.1
100173
100373
100863
101167
101509
101606
101691
102089
102518
102946
104007
104174
104495
105758
106934
107787
107990
108176
108589
108847
109705
110057
110739
112856
114207
114649
115370
116466
117251
117531
117532
118189
118365
118391
118574
119025
119935
120021
120145
120312
120704
121706
122458
122732
123652
123665
123786
124829
125019
125054
125530
126087
126876
127618
129257
129669
130809
131101
131519
131686
132057
133793
133829
134205
134882
135434
135678
136292
136560
136650
136758
137064
137066
137166
137854
138421
138791
139215
140127
140127
140269
140678
141377
142818
143344
143377
143525
144646
145954
146373
146542
146842
146883
147790
147841
148194
148740
149125
149399
149794
149868
149921
150320
150373
150616
150837
151616
151644
151856
152768
153479
153720
153983
153986
154847
155295
155309
156963
157052
157238
157937
158102
158353
158781
158839
159453
159793
159876
160163
160478
160630
160899
161492
161896
162553
163456
163549
163879
163919
163965
165229
165301
165395
165954
166433
166524
167798
167989
168041
169474
169606
169899
173473
174298
174938
175155
175829
176443
177472
179510
179836
180186
181385
182374
182374
183131
184481
185264
185543
185588
185713
185935
186794
186884
188421
188926
189137
189968
190187
190593
190945
191250
191265
191421
191872
192270
193999
194129
194648
195082
195078
195343
195739
196152
196220
196599
198367
198815
199450
199835
