3188.32
10090.5
10913.2
11878.5
12358.1
14487.9
14642.2
15369.8
16371.1
16585.2
17020.1
17313.4
17565.2
18027.1
18945
19565.2
20801.5
22153.3
23144.2
23560
26702.2
27572.8
27912
27996.5
29296.8
29719.3
30532.1
32617.8
32957.9
34150.4
34543.2
37110.7
37362.6
37581.2
38285.4
38441.4
38787.6
40055.1
40654.4
40915
44653.3
44711.7
44904.7
45022
45790.2
46377.3
48848.8
50354.6
50549.1
50893.2
51718
51914.9
52332.9
53256.7
55740.8
56584.6
59067.5
62035.9
63008.3
63691.2
65698.1
66060.5
66588.9
66684.2
68333
70536.3
71055.8
71325
71473.5
72884.6
75134.7
75917.4
78926.1
79170.9
80721.4
81302.6
82497.1
83025.1
83293.2
87726.1
95051.6
95489.8
96446.4
96717.1
102749
104194
104388
104577
104939
105074
105103
106398
106939
107291
107395
109689
110050
110080
111083
113974
114432
116639
117229
117266
117279
117482
117576
117660
117979
118028
119191
119349
121511
122234
123779
124338
124826
125129
126300
128593
129052
129111
129737
130673
132112
132586
133683
133926
136587
137551
137913
138172
138181
138820
139695
139903
139910
140706
141200
141275
141516
141597
141840
142133
146049
148674
148966
150073
151053
151517
156021
156240
156606
157274
158897
159007
159252
159473
160002
160406
161555
162378
167036
167803
168621
170604
171118
172086
172512
172687
176756
177469
177922
178618
179359
180353
180657
184098
184470
185675
186592
193902
194047
196082
197305
197481
197840
198080
198796
