104.16
137.38
195.36
314.92
477.4
819.36
1069.79
1709.96
1956.64
1970.29
2085.72
2307.68
2330.63
2449.63
2469.03
2999.6
3905.24
3972.26
4053.43
4148.47
4270.42
4367.5
4450.23
4485.2
4571.38
4968.44
4968.58
5301.86
5352.89
5555.76
5595.86
5612.07
5903.77
6047.65
6466.87
6945.37
7149.78
7154.12
7438.11
7470.67
7826.84
8405.22
8475.89
8796.4
8899.16
9254.52
9426.27
9833.98
9901.92
10356.6
10365.7
10683.9
10715.3
10773.9
11066
11179.7
11459.5
11542.9
11909.8
11938.6
12351.6
12692.9
12746.3
12974
13347.1
13355.7
13440.5
13636
13821.7
13941.2
14158.7
14208.9
14362.1
14575.1
14605.5
14887.5
14931.3
15479.5
16046.7
16870.8
17218.3
17337
17473.5
17833.2
18112.8
19055.4
19768.7
20347.3
20423.6
20624.9
20798.5
20818.2
21140.8
21210.6
21214
21408.9
21626.6
21755.3
21825
21844.7
21943.9
21987.2
22313.8
22721.7
22741.7
23024.5
23145.9
23666.4
24285.2
24301.9
24667.4
24890.8
25006.2
25178.1
25308.6
25742.8
25748.7
25907.7
25976.8
26089.3
26170.8
26408.3
26607.8
26911.4
27077.5
27086.4
27140
27184.1
27432.6
27532.5
27657.5
27685.4
27933.8
28086.7
28266.1
28838.2
28852.1
29121.9
29384.5
29454.2
29579
30069.2
30210.6
30445.8
30490.9
30530.2
30727.7
30765.6
30808.9
30867.9
30896.2
31105.8
31314.8
31652.5
31691.2
31975
32326.4
32356.6
32427.9
32761
33725.4
33785.8
33900.1
34091.7
34389.3
34535.8
34953.6
35142.7
35639.1
35736.2
35827.2
36215.4
36583.7
36658.1
36677.7
36673.2
36928.6
37138.2
37151
37311.9
37374.4
37436
37659.7
37744.2
37778.1
37855.5
37916.2
38510.6
38635.9
38805.2
38841.9
39006.6
39339.6
40335.7
40401.6
40463.7
41152.1
41285.3
41389.4
41476
41760.4
41836
41847.7
42171.2
42297.3
42775.4
42884.1
43066.8
43507.2
43589.3
43699.6
43926
44361.4
44384.5
44484.8
44609.6
44741.4
44925.7
45001
45210.7
45229
45577.4
45736
46214.4
46416.4
46432.7
46539
46613.4
46745.3
46819.6
46845
46950.6
47153.7
47239.7
47356.6
47642.5
47648.5
47924.9
48173.8
48282.5
48323.5
48485.4
48827.8
48880.6
49326.5
49773.7
49816.9
49949.6
49991.5
50003.6
50240.5
50383.1
50632.9
50949.1
51025.2
51469.5
51549.9
51909.5
52102
52256.1
52437
52685.9
52946.8
53491.8
53491.8
53528.3
53537.6
53694.7
54010.2
54018.6
54105
54357.2
54407.9
54514.9
54561.5
54664.1
54843.1
54872.2
54905.9
54975.2
55112.8
55126.5
55140.1
55251.3
55311.4
55623
55658.4
56396.7
56558.6
56586.5
57061.1
57179.4
57482.7
57908.3
58210.5
58541.3
58543.6
58817.2
58964.9
59044.3
59299.5
59590.9
59764.8
59856.6
59922.5
60125.2
60255.5
60504.8
60615.2
60671.4
60722.5
60917.6
61021.6
61042.6
61068.3
61313.8
61477.4
61555.7
61640
61778.6
62089.8
62852.7
63103.9
63131.9
63554.7
63633.4
64037.5
64222.4
64252.9
64584.3
64691.4
64809.1
65108.4
65254.9
65288.1
65296.2
65522.4
65562.1
65578.8
65595.3
65687.1
65733.1
65874.4
65948.5
66229.4
66638
66858.3
66892.9
66913.3
67117.2
67266
67356.7
67484.3
67678.7
67753.4
67887
67980.4
68151.3
68471.9
68604.5
68813.7
68863.4
68977.6
69096.6
69236.7
69346.8
69362.6
69367.5
69679.9
69687.4
69744.8
69978.4
69985.8
70075.5
70310.6
70321
70369.1
70436.4
70592.6
70607.1
70609.9
70659.2
71055.6
71175.8
71310.3
71311.6
71929.5
72073.4
72391.1
72570.9
72713.8
72725.3
73203.4
73234.1
73283.3
73297.8
73534
73923.5
74248
74831.6
74909.2
75381
75494
75651.2
75745.4
76225.3
76469.2
76547.1
76769.4
76901.5
76980.6
77488.3
77920
77933.8
77960.9
78189.9
78427.3
78490.8
78600.9
78640.3
78739.4
78770.1
79035.5
79067
79217.2
79344.7
79429.5
79621.8
79645.2
79655.6
79860.7
79867.5
79917.6
80000.9
80195.6
80225.9
80280.9
80384
80390.4
80458.7
81175.1
81228.2
81291.8
81330.3
81422.8
81626.1
81878.7
82250.6
82325
82742.6
82901.2
83186.8
83218.1
83221.4
83409.5
83707.2
84322.1
84414
84631.3
84845.2
85012.4
85292.2
85369.3
86351.2
86601.7
87117.5
87487.9
87667.1
87805.8
87949.9
88181.1
88313
88652.1
88653.3
88701.4
88829.7
88888.2
88948.6
89040.4
89140.5
89299.1
89673.1
89782.9
90241.3
90280.8
90440
90469.9
90617.7
90675.8
90841.9
90991.8
91145.3
91267.4
91424.6
91435.3
91692.6
91756.9
91864.6
92123.6
92754.9
92896
92939.5
93192.7
93811.5
93927.1
94160.7
94243.7
94509.8
94825.5
94923.2
94929
95254.1
95307.2
95965.2
96256
96355.9
96648.2
96815.7
97007
97023.5
97402.6
97945
98602.3
98952
99509.2
99652.4
99745.6
99787.3
99815
100014
100063
100169
100340
100416
100575
100832
100853
100888
101102
101183
101348
101397
101604
101616
101726
101887
102014
102367
102386
102473
102597
102707
102816
102951
103016
103110
103150
103256
103337
103639
103690
103859
104143
104293
104692
104995
105247
105703
105920
105970
106061
106128
106216
106411
106991
107093
107686
108265
108339
108503
108905
109251
109262
109954
109958
110216
110308
110511
110557
111179
111215
111417
112240
112288
112499
112526
112615
112808
112999
113212
113367
113486
113503
113617
113964
114181
114408
114467
114511
114701
114786
114809
114931
115033
115063
115112
115335
115339
115480
115551
115786
116185
116255
116595
116744
116836
116873
117219
117425
117871
117876
117934
117967
118025
118229
118320
118449
118851
118893
118907
118899
118902
119210
119483
119541
119703
119745
120206
120416
120501
120757
120773
121124
121347
121478
121504
121651
121685
121793
121789
121826
122062
122069
122136
122444
122504
122564
122580
123163
123211
123256
123322
123467
123976
124174
124214
124508
124532
124595
124928
124954
125728
125791
126893
127373
127505
127747
127776
128374
128579
128768
128825
129087
129286
129465
129816
130504
130540
130868
131410
131547
132108
132343
132639
132725
132854
133001
133173
133242
133722
133862
134417
135473
135861
136032
136094
136234
136249
136624
136735
136766
136934
137193
137470
137711
137848
137878
138018
138271
138363
138368
138783
139188
139299
140001
140362
140468
140704
140818
140944
141039
141282
141553
141583
141889
141974
141978
142132
142342
142470
142526
142684
142800
142947
143412
143518
143533
143636
143700
143765
144294
144488
144912
144997
145008
145163
145265
145315
145420
145675
145750
145821
146217
146527
146590
146803
146967
147140
147185
147488
147613
147688
147875
147900
147930
147968
148610
148805
148987
148992
149243
149371
149453
149792
150594
150719
151244
151285
151424
151513
151703
151874
152017
152098
152342
152380
152459
152569
152789
152817
152888
153150
153439
153551
153552
153703
153712
153944
154006
154067
154645
154786
155021
155204
155215
155255
155437
156129
156252
156373
156626
156684
156805
156841
157150
157622
157756
157792
158142
158249
158315
158973
158984
159131
159180
159193
159548
159606
159598
159877
160095
160250
160283
160342
160579
160655
160772
160805
161177
161212
161434
161633
161944
162086
162098
162357
162726
163141
163185
163377
163398
163532
163575
163695
164297
164331
165158
165188
165314
165516
165561
165727
166576
166638
166996
167086
167396
167692
167718
168100
168172
168397
168825
169104
169126
169967
170026
170216
170555
170902
171007
171752
171766
172020
172384
172402
172499
173415
173626
173750
173975
173971
174361
174436
174554
175189
175210
175405
176108
176159
176331
176587
176793
176985
177052
177163
177400
177520
177580
178053
178145
178250
178283
178400
178529
178561
179017
179134
179451
179528
179561
179949
180204
180234
180376
180622
181341
181469
181638
181723
182115
182605
182891
183214
183268
183568
183879
183933
184004
184194
184494
185291
186205
186785
187067
187305
187578
187624
188205
188605
188737
188994
189063
189294
189347
189536
189546
189558
189885
189990
190157
190558
190704
190766
190966
191123
193350
193744
194279
195143
195132
195618
195608
195618
195701
195924
195973
196084
196141
196202
196353
196371
196700
196790
196865
196983
196973
197386
197467
197515
197944
198014
198044
198170
198552
198686
198850
199020
199048
199131
199501
199508
199606
199626
199927
