1043.97
1289.18
1550.45
2049.8
2813.59
3077.52
7011.73
9564.14
9905.58
11706
11785.5
14877.9
14902.7
16532.6
18554.8
19722
20435.5
20695.1
21026.2
21032.9
21424.2
21767.1
21897.3
22232.1
23272.8
24217.4
26202.9
38574.8
39476.7
39765.1
40318.9
41646
42053.6
43925.1
44223.5
44393.7
44923.7
45871.9
46875.3
50085
51942
53252.1
54133.1
54835.9
55218.3
55252.4
55909
59501.3
60965.7
61203.5
61557
66117.5
66506.2
67009.2
67589.7
68630
68862.4
68899.3
69664.3
71119.9
73258.9
75735.3
76053.7
76767.6
76936.6
77670.1
79827.1
80510.7
80853.8
81315.3
81872.9
82153.1
82268.6
83082.9
83410
83829.2
83992.1
87304.4
88057.7
88279.1
88663.1
89045.4
89859.7
90155
93230.6
94415.9
95217.4
95552.6
95742.9
98225.6
98760
100981
102101
105034
105439
105842
107480
107750
110604
111746
113445
115515
115684
116242
116810
117726
120039
121324
125236
125357
130292
131269
132041
132291
132482
134114
134228
134913
151124
154805
155506
156655
158552
164463
164871
167630
167837
168179
168531
168849
169264
170790
172422
173294
176650
178491
179737
181420
181565
181979
182297
182530
183290
