227.5
290.94
360.11
414.01
494.93
512.08
697.25
1211.43
1461.9
1560.28
2018.53
2019.8
2284.37
2326.98
2486.54
2559.11
2640.02
2720.34
2820.11
3113.18
3123.13
3185.1
3535.3
3697.62
3971.79
4032.61
4323.97
4337.41
4514.12
4521.62
4863.03
4928.08
4944.72
4953.74
5106.4
5204.77
5225.74
5293.5
5300.34
5530.39
5556.43
5713.92
5734.29
5805.76
6274.15
6290.22
6390.63
6550.91
6963.13
7172
7205.68
7326.58
7468.96
7488.63
7743.39
7800.78
7898.16
8097.85
8404.61
9079.83
9160.71
9168.68
9178.61
9226.12
9445.42
9564.8
9623.18
9738.67
9879.65
10172
10547.9
10573.5
10803.2
10828.9
11123.6
11151.2
11271.2
11294.9
11425.4
11458.9
11599.8
11740.8
11853.8
11890.1
12024.3
12041.1
12075.2
12303.8
12345.5
12494.2
12698.5
12873.8
12999.6
13320.7
13482
13606.1
13654.4
13833.6
14060.6
14195.2
14241.5
14834.8
14915.8
14951.5
14996.9
15045.9
15096.7
15559.1
15672.6
15732.4
15773.9
15982.1
16149.3
16165.4
16292.3
16369.9
16370.6
16472.7
16580.7
16584.5
16638.7
17042.4
17084.2
17276
17338.1
17408.7
17443
17791.6
17890.7
18310
18416.6
18486.2
18564.4
18686.9
18855.8
19003
19423.4
19458.8
19502.4
20154.7
20427.2
20752.3
21155.2
21218.8
21335.6
21767.4
21839.1
22200.4
22206.8
22584.9
22735.8
22987.5
23182.5
23266.5
23508.8
23580.3
24104.2
24208.7
24353.4
24357.6
24441.5
24527.4
24769.5
24784.8
24847.3
25041.1
25061.1
25145.3
26096.6
26190.5
26197.8
26288.1
26636.8
27047.8
27108.5
27242.1
27363.6
27371.2
27528.9
27809.7
28071.7
28301.5
28461.1
28480.3
28810.6
28817
29008.6
29124.6
29263.3
29519.4
29527.1
29690.1
29724
29728.9
30031.3
30400.8
30770
31767.4
31785
31883.5
32985.6
33272.8
33622.1
33854.2
33861.7
34020
34106.7
34318.8
34361
34545.5
34817
34996.4
35386
35719
35848.4
35979.3
36102.8
36328
36421.8
36457.3
36530.6
36629.2
37500.6
37835.4
38739.5
39321
39495
40215.3
40427.6
40553.4
41073.3
41112.1
41129.6
41430.3
41519.7
41540.3
41710
41770.2
41993.7
42198.5
42420.3
42595.5
42717.7
42823.8
42957
42976.6
43361.2
43453.1
43505.6
43592.4
43679.4
44162.7
44278.4
44366.5
44712.1
44732.5
45077.9
45229.3
45271
45360.4
45490.5
45804.6
46235.5
46808.5
46957.3
47034
47283.9
47652
47742.7
48017.2
48134.6
48388.2
48450.1
48866.8
49001.9
49358.3
49920.5
50115.4
50219.4
50237.4
50365.1
50680.7
50724.9
50889.3
50916.2
51159.4
51699.4
51698.6
51772.7
52112.9
52146.9
52151.5
52281.1
52405.7
52452.8
52578.3
52792.3
53076.9
53347.9
53499.7
53739.6
54241.8
54310.2
54509.5
54629.8
54650
54733.3
54885.3
54956.7
55057.7
55100
55262.8
55413.1
55559.7
55635.5
55637.3
55825.9
56408.6
56405.5
56762.1
57114.8
57143.4
57286.9
57335.4
57529.7
57745.4
57822.7
57977.1
57986.3
58107
58288.1
58560.9
58585.1
59182.5
59256.9
59314.4
59358
59456.1
59518.4
59534.5
60193.7
60707.8
60965.7
61030.7
61352.9
61459.6
61704.3
61913.1
62287
62310.1
62802.5
62867.6
63156.1
63186
63279.3
63400
63461.4
63746.5
63865.6
64074.6
64186.8
64236.7
64602.5
64661.1
64745.9
64849.1
65379.3
65515
65656.7
65715.2
65834.6
65935.4
65937.1
66602.2
66667.4
66711.9
66915.5
66966.3
67056.3
67542.6
67947.6
68037.5
68387.2
68438.3
68773.7
68847.8
68956.6
69090
69154.2
69213.1
69240.3
69259
69274.8
69352.6
69403.1
69677.8
69811.9
70001.1
70273.5
70358
70780.4
71684.6
72206.2
72659
72839.5
73132.6
73158.7
73616.7
73748.6
73854.1
74158.3
74506.2
74704.5
74855.6
74965
75086.5
75137.7
75250.8
75265.8
75542
75660.5
75792.6
75902.6
76318.5
76494.8
76535.4
76849.3
76976.7
77200.4
77233.6
77275.6
77467.5
77581.8
77845.2
77907.7
78455.5
79017.1
79032.9
79622.9
79673
80191.5
80354.4
81025.6
81055.7
81574.2
81692.3
81956.6
82027
82156.1
82171.7
82469.7
82598.1
82634.8
82693.4
83044.4
83712.7
83825.6
83854.5
83959.2
84055.7
84107.2
84378.7
84466.1
84492
84565.5
84676.1
84813.3
84863.5
85012
85202.3
85196.8
85301.6
85363.4
85381.9
85400
85446.7
85567.9
85663
85757.3
85941.7
86022.9
86040.9
86081.5
86168
86257.9
86294.8
86306.2
86536.3
86538.3
86686.4
86888.2
86884
87054.2
87135.9
87389.7
87833.1
87894.7
88089.7
88365.9
88688.1
88829.9
89005
89208.5
89720.8
89752.6
90249.9
90436.4
90625.7
90782.5
91413.9
91899.1
92163.8
92225.9
92727.9
92775.3
92785.2
92891
92902.1
93005.3
93028.5
93089.5
93421.8
93442.5
93777.1
94192.4
94583.3
94897.5
95935.4
96038.7
96178.6
97330.2
97730.4
97756.9
97975.6
98245.5
98255.1
98403.8
98416.5
99581.1
99599.5
99720
99768.8
100040
100047
100105
100148
100172
100205
100306
100439
100582
100981
101083
101165
101274
101634
101732
101857
102027
102527
102667
102930
102993
103172
103293
103470
103608
103766
103835
103968
104039
104150
104249
104391
104467
104547
104600
104721
104745
104890
104960
105135
105427
105723
105734
106059
106349
106550
106974
107028
107043
107125
107437
107472
107722
107758
107776
107924
108679
108992
109307
109514
109716
110073
110161
110264
110293
110540
110888
111768
112285
112504
112496
112551
112756
112764
112931
113010
113153
113367
113437
113504
113631
113689
113745
114007
114130
114167
114183
114280
114405
114517
114564
115058
115303
115756
116115
116542
116539
116572
118023
118057
118608
119624
119881
120102
120296
120749
120905
120952
121134
121361
121429
121459
121710
121716
121757
122102
122329
122613
122939
122999
123101
123200
123610
123955
124680
124928
124930
125115
125721
126104
126179
126268
126556
126679
126722
127066
127079
127247
127339
127563
127763
127915
127954
128262
128286
128348
128447
128633
128636
128968
128997
129006
129025
129254
129312
129471
129628
129660
129910
130022
130250
130375
130403
131084
131301
131388
131438
131632
131786
131793
132168
132686
132917
132934
133004
132997
133141
133354
133503
133542
133673
133693
133723
133782
133919
133955
134054
134259
134533
135412
135468
136448
136684
136815
137037
137387
137475
137640
137735
137834
138206
138239
138335
138421
138442
138497
138569
138781
138818
139079
139085
139187
139350
139390
139529
139667
140107
140162
140174
140339
140826
141167
141421
141818
142104
142272
142490
142524
142625
142908
142975
143309
143347
143778
143797
144364
144454
144639
144904
145962
146696
147019
147299
147300
147572
147936
148049
148180
148321
148726
148906
149062
149538
149801
150195
150256
150605
150686
151148
151416
151517
151579
151624
151873
152097
152106
152671
152736
152971
152999
153228
153343
153470
153515
153635
153696
154106
154331
154891
155165
155679
156138
156237
156503
156505
156536
156566
156998
157081
157264
157623
157956
158107
158329
158372
158789
158970
159215
159668
159735
159849
159854
160018
160171
160343
160395
160482
160543
160723
160859
160878
160885
161091
161182
161237
162086
162088
162118
162157
162189
162333
162389
162469
162657
162761
163075
163093
163193
163244
163376
163579
163702
163805
164076
164260
164279
164367
164499
164644
164985
165170
165306
165787
165917
165925
166010
166266
166348
166353
166576
166607
166803
166903
166948
166998
167310
167492
167532
167573
167968
168297
168439
168666
168846
169054
169201
169335
169377
169522
169560
169564
169582
169883
169968
169988
170062
170276
170343
170504
170718
171187
171217
171421
171435
171766
171993
172290
172461
172641
173274
173335
173398
173755
174179
174545
175417
175602
175865
175882
175893
176017
176066
176166
176218
176325
176436
176562
176600
176623
176809
176823
176840
176956
177212
178031
178047
178281
178560
178659
178798
179096
179496
179669
179866
179869
179938
180193
180368
180467
181114
181130
181309
182238
182516
182794
182885
183035
183080
183279
183392
183390
183517
183660
183767
183778
183964
184030
184049
184232
184548
184572
184745
184991
185048
185229
185294
185399
185709
185927
186096
186123
186131
186306
186422
186448
186544
186755
186801
186922
186994
187089
187125
187140
187144
187254
187321
187334
187393
187449
187611
187647
187696
187754
187796
188101
188196
188338
188372
188488
188513
188555
188579
188738
188779
188815
188877
189121
189611
189664
189915
189963
190173
190369
190546
190617
190677
190702
191017
191132
191450
191507
191585
191805
191828
192055
192124
192511
192817
193189
193307
193484
193701
193757
193858
193958
194005
194032
194085
194305
194325
194391
194459
194455
194506
194832
195033
195254
195253
195485
195548
195732
195728
196050
196079
196076
196192
196236
196697
196883
196886
197380
197569
197706
197780
197822
198027
198083
198469
198747
