791.36
1403.01
3122.45
3653.17
4762.08
5639.47
5934.97
6880.8
7427.64
11358.6
11489.6
12075.6
14019.5
15177.6
15478.1
15679.9
16312.9
16373.8
16701.7
17635.1
18549.4
18596.4
18928.9
19293.1
21034.1
21480.8
21819.9
23838.7
24626.3
25103.8
25337.5
25800.5
26030.6
26509.8
26879.8
27465.8
27977.7
28065.7
31722.4
32415.9
34262.9
36456.3
38342.3
38461.9
38508.4
40656.4
41286.4
42932.3
43150.3
43488.8
44151.4
59792.9
61273.8
65620.7
77144.8
106919
111129
111640
115086
123064
123539
123550
123558
123842
124296
124411
124836
125025
126709
128032
133795
133846
135031
138536
141658
143848
146649
148255
149699
150338
155177
156829
158974
159205
160372
160856
161208
161894
163936
165407
166988
170413
186378
186564
187222
187282
187703
190107
192033
192159
192754
192959
193700
194268
194472
195060
195359
195610
196490
196628
197153
197384
198977
