136.12
862.92
1060.59
2057.01
3873.43
4479.34
4888.77
7896.05
8058.68
8852.54
10008.3
10585.3
11781.2
18817.1
20186.4
20515.9
21194.1
21902.3
22242.7
22487.7
23661.7
25030.5
25997.6
26171.3
26792.9
27266.1
27395.5
28539
29009.8
29918.2
30350.3
31250.3
31389.2
31908.9
32149.8
32573.4
32646.1
33499.6
34134.4
34926.9
35702.5
36447.2
37717
38104.5
38242.6
38348.1
38460.1
39054.8
39785.3
40434.1
40631.5
40986
41433.7
44279.3
45619.2
46032.9
46943.1
47384.9
49163.5
49872.3
51273.6
53272
53456.1
53920.9
54353.9
55201.9
55512.5
55774.3
56092.7
56669.9
56679.1
57150.4
57519.5
57599.4
58213.8
59271.9
59422.1
59957.3
60739.4
61004.2
61545.4
61831.6
62924.4
63309.5
63467.6
63994.7
64691.6
64754.2
65172.9
65475.3
65953.5
66028.1
66463.9
67006.7
67605.4
68244.8
69205.9
70073.1
70970.5
71052.3
71740.2
72186.8
72388.4
72886.6
73468.2
73672
74581.3
75086.5
75875.3
76622.6
77177.3
77456.8
77771.7
77782.5
77919
78082
78197.1
78497.1
78628.4
79180.7
79547.7
79607.2
79711.3
80314
80393.4
80541.5
80766.1
81325.9
84144.3
86685.2
87944.4
88384.1
88879.9
88926.9
90692
91676.4
93051.3
94619.4
94804.8
96061.3
96234.5
96341.5
98419.7
98433.2
98801.4
99851.4
99930.7
99975.7
102060
102077
103566
104261
105477
105896
106131
107251
107441
107790
107966
108220
108273
108342
108827
108884
109241
110247
110352
110418
110931
112068
112787
112805
112850
113326
113515
114136
114682
116178
116622
117000
117051
117212
117325
118866
119015
119028
120122
120863
121215
123560
124250
124354
124473
125609
127074
127239
128254
128677
129546
129611
129633
129781
130420
130438
131127
131641
131805
132314
132581
134437
135772
135834
135986
136403
136512
136609
136957
137113
138022
138501
139129
139686
139810
140274
141105
141423
141507
141822
142491
143349
143410
143502
144478
144778
145159
145332
145584
145854
146189
146222
146416
147124
147866
149398
151046
151691
151723
152216
152250
152952
153257
153541
154241
154273
156473
156598
156685
157370
157693
158125
158252
158757
158942
159862
160064
161318
162414
163483
164898
165110
165167
165742
165933
166249
166963
167291
167727
169270
169512
169563
169623
170061
170964
171513
171768
171888
172333
172830
173818
174194
174292
174541
174668
174675
175199
175434
175721
176585
177001
177970
178066
178412
178420
178735
179347
179623
180603
181123
181172
181300
182026
182119
182266
184355
188343
189707
191199
192834
195489
195847
196288
197219
197473
198653
199479
