524.4
973.2
1514.64
2262.68
4147.35
4976.95
5711.33
5828.35
6163.49
7456.43
9513.31
9995.81
10300.6
11065
12510.3
15321.9
15423.6
19616.4
20686.8
20843.7
26618.8
28198.1
28647.3
29226.5
29721.5
30573.6
32289.2
41330.9
42875.9
43383.1
44803.6
47132.6
48442.6
49964.7
50298.1
51563.2
51962.9
52159.3
52453.9
52554.2
53113.2
53528.5
56658.4
56942.1
58012.5
58960.9
60397.1
64027.7
64105.5
64286.9
64749.6
66797.8
67517.8
68275.7
68396.7
71525.2
74345.7
74605.9
76959
81317.5
82124.5
82405.8
83013.9
85252.6
85384.9
85899.4
86288.1
86746.7
87756.7
88264.1
94767.3
96333.5
96386.6
103867
104188
104436
105541
106099
107446
107876
109162
110052
110675
112272
112422
114821
115902
115990
116425
120028
120362
120959
123015
123864
124036
126201
127457
127648
128293
131425
133424
133712
133719
137102
138027
138377
139000
139364
140287
140451
140810
147736
147932
149080
150457
155132
156955
157779
158338
159374
162276
163580
164264
165181
166779
167065
169406
172655
173228
176362
176723
177335
177777
178390
179270
180616
182024
182476
182992
184156
185311
185386
185596
186580
187903
188290
188815
189636
189883
190967
191043
191748
193935
194079
195905
197608
