1385.55
3775.23
5341.72
5670.8
7502.43
8675.29
8889.99
8928.97
10121.4
10991.9
11504.3
12208.2
12595.7
12700.9
14439.3
14935.3
17911.3
18064.2
18075.3
18533.3
19140.6
19247.7
20123.3
20882.4
21281.7
23587.7
24436.2
24953.1
25807
26344.3
26475
27172.4
27574.3
29565.8
30171.9
31044.7
31391.1
32061.3
39329.1
40240
40366.6
41904.2
42183.1
43609.5
45777.2
46032.8
46843.3
50639.6
50743.5
51130.6
51722.1
52265.1
52586.7
52727.1
52940.9
53468.5
55625.1
56463.5
56608.9
56751.1
58462.8
63202.6
63867.9
64456.8
66382.8
66454.1
66514.8
67227.2
67528.3
68371.5
69809.1
69956.3
71051.8
72928.3
73302.8
73448.6
73470.3
73889.5
76586.6
77237.9
81891.3
82757.7
84123.2
84643
86215.6
86974.1
87385.7
87907.5
88974.2
89960.6
91912.6
92180.4
93358.1
94060.5
94753.8
95129.3
95277.4
97324.2
98579.9
103159
103340
103972
104270
105169
106694
107061
107244
107486
108474
108525
109485
109884
114201
114964
115482
116717
118255
119809
120520
121154
121817
122350
122538
125338
126897
127176
127355
127485
129841
130894
133060
133225
133389
135815
135827
135936
136352
136857
137260
137528
138118
138833
138833
138929
139021
139187
140700
141143
148219
149123
150213
154843
158030
158812
160444
161524
161696
161914
163174
165194
167254
167737
168989
170411
170482
171682
172123
172534
174181
175195
175768
176197
176488
176743
176906
177128
178573
180167
181237
182358
182541
183826
184497
186060
186983
187052
187454
188152
188405
189263
189316
190513
190665
190881
191088
192907
193627
193698
194517
195259
195422
196375
197346
197927
198243
