346.29
349.99
580.96
952.24
1740.67
2729.9
2974.13
3392.58
3462.02
3567.52
3901.39
4218.48
4338.33
4695.06
5712.06
5720.35
5850.2
6855.81
7445.61
9294.92
9588.98
10653.4
11183.5
11394.5
11725.1
12236.4
12258
12602.1
12991.7
13288.9
13380.4
13580.2
14056
14079.8
14593.7
14883.1
16598.3
18549.4
19364.5
20860.3
21738.2
21861.1
22130
23025.2
23081.2
23375
24030.5
24222
24676.4
24905.8
26034.1
26629.6
27620.5
28322.8
28916.5
29104.8
29558.3
29791
29816.3
30094.1
30305.6
32033.5
32095.5
32496.6
32926.5
33178.5
33256.8
33472.5
34003.3
34206.9
34423.7
34761.9
34842
35268.6
36301.1
36454.9
37418.4
38072.6
38346.4
38592.3
38869.5
39588.7
41157.7
42885.5
42967.2
44931.8
45604.6
46171.5
46241.2
46426.1
48306.1
49141
49144.5
50290.1
50847.1
51258.6
51508.8
52035.8
52114.8
52200.1
52490.9
52660.2
52776.7
53212.3
53312
53325.8
54127.6
54692.7
56008.5
57212.1
58491.2
58913.3
59033.2
59602.3
60229.7
60883.7
60892.1
61094.6
61791.9
61983.3
62350
62525.6
62546.9
62885
63031.8
63206.6
63770.9
65167.7
65208.8
65722.2
65790
66397.7
66776.6
66793.2
68043.3
68575
69075.2
69130.9
69941.9
70319.8
70341.6
71980
73197.6
73252
73915.3
74353.6
75015.1
75499.9
77035.7
77767.5
77847
78407.2
80005.2
81019.7
81300.7
81588
81764.1
82115
82436.5
83345.8
85157.4
85192.6
86317.1
87034.4
87053.7
88283.8
88641.8
88757.4
89032.4
89256
89484.8
89506.2
90483.7
91233.7
93213.2
93431.3
93963.5
94319.1
95844.1
96498.3
97034.3
97581.5
97582.7
98239.6
98831.2
99789.8
99855.7
100326
100478
101052
101199
101242
101822
103537
104362
105157
106982
107090
107889
108421
108611
108633
108889
108919
109247
109692
110051
110328
110455
111143
111361
111766
111825
111918
112601
112988
113435
116411
116691
119200
120200
120876
121542
121635
122394
122671
123196
123623
124244
124547
128167
128930
130714
133271
133708
134685
135326
135438
136096
137047
138586
139126
139553
140210
140788
142101
142782
142850
143529
146374
146564
147356
147560
147753
147854
148216
150174
150319
150397
150455
150563
150874
151365
152132
152548
153226
153400
154592
154971
155653
156128
156388
157510
157550
157708
158869
159091
159266
159610
160758
161070
161281
161708
163131
163510
163679
163743
163759
164205
164254
164546
164630
165367
167214
168533
171154
171462
172905
173084
174435
174682
175582
176779
176890
177530
177944
179623
179652
180071
181649
181734
182639
183137
183257
184294
185027
185738
185950
186094
186458
187055
188085
188125
192425
192925
192952
193037
193485
193534
193843
194145
195301
195429
195517
196448
198341
198492
198568
198639
199474
199897
