578.78
2183.65
2586.7
2756
3935.46
4840.12
5775.59
9489.37
10468.9
10836.2
11304.2
11434.6
13014.8
13557.7
14860.8
15665.6
15672.1
16205.4
16319.6
16892
18156.1
18224.3
19144
19545.3
20472.6
20482
21201.4
21244.6
22797.2
23435.4
24360.1
24976.2
26232.3
27074.8
28503.3
29605.7
30171.9
30622
31095.1
32639
33003.5
34319.1
34488.4
34647.3
35175.5
36228.7
36568.8
36671.5
37363.5
38833.2
40109.8
41366.3
41533.6
41756.2
42648.2
43918.1
44049
44636.8
48357
49075.4
49528.5
50616.7
50936.8
51355.1
52347.6
52436.9
52635.2
53420.7
55680.1
56320.6
56462
56740.6
57161
57403.7
57582.4
58139.5
58969.3
59292.7
59479.3
60327.4
62304.1
62753.2
62875.8
63229.8
63908.2
64683.2
65764.7
66709.9
67342.9
67692.4
68112.6
68949.3
69688.5
70225.5
70586.4
73173.3
73461.4
73556.5
74947.6
75105.9
75724.1
76201.1
76647.9
76848.1
78091.6
79017
79830
80391.9
81071
82200.6
82241.8
82411.6
82506.6
82733
83886.9
84835.8
84899
85433.6
85795.4
86345.3
86474.1
86607.1
86892.7
87175.5
87879.2
88121.4
92526.2
92828.1
94470
95923.5
96593.9
98782.2
99141.9
99863.9
100460
100709
100758
100960
101223
101667
103043
103204
104277
104979
105786
106404
107032
107237
107374
110130
111602
113753
114322
115489
115803
116414
119453
122296
123635
124564
125019
125350
126602
128225
129023
130415
130800
131428
132999
137799
138549
138647
139049
139236
140066
140868
140986
141866
142254
143115
143432
144972
146322
146817
147718
148712
149561
150723
151121
151499
151551
151684
152564
153655
154361
155194
155374
155768
155847
156311
156618
159060
160426
160998
162152
162246
162492
166042
166105
166522
168330
168848
168874
168876
169110
171645
171987
172495
173287
174542
174547
175481
175631
176419
177246
179695
179853
180233
180359
181147
183172
183615
185778
186481
187650
187636
188226
189685
189881
190106
190782
191698
191699
192491
192658
193245
194047
194235
197152
197168
198691
198778
199737
