2905.35
3278.55
3311.04
5221.49
6560.98
6600.88
6647.47
7478.96
7536.97
8396.39
11220.9
11830.5
13023.4
15509
16053
16760.8
17270.1
19713.7
19865
20896.1
21052.7
21297.8
22150
23201.8
23515.7
23756.8
24315
24592.5
24636.9
24841.3
25352.3
26174.7
27629.7
28877.2
29451.4
29523.1
30593.3
30633.7
32317.2
33847.4
34115.4
35716.1
37939.6
41398.9
41747.3
42141.6
43592.1
43908.3
44367.2
45518.5
47276
47886.8
48250
49014.7
49289.6
49859.5
51571.6
51711.6
52313.5
53062.7
53807.9
54167.2
54238.1
54727.7
55049
55057.2
56985.4
59553.3
60122.6
62296.7
62899.6
63064.7
63483
64983.7
65856.7
65875.6
67033
69448.2
71056.3
74480.9
74490.7
75246.8
76081
76259.4
76281.9
76904.8
77226.9
77602.9
78208.3
78607.9
79858.4
82236.9
82798
82999.1
83435.8
84824.3
85187.8
87652
90428.8
91123.6
93597.4
94360.9
96563.7
96953
98544.3
