191.97
705.97
850.34
1008.17
1053.9
1371.26
1432.54
1973.28
2075.2
2153.96
2438.43
2551.35
2641.1
2807.36
2833.07
3443.7
4346.68
4479.06
4490.89
4734.47
4762.07
5149.31
5445.89
5468.46
5867.32
6305.78
6602.36
6641.23
6931.63
7005.56
7030.67
7584.89
7656.85
8283.29
8284.43
8475.65
8743.67
9019.13
9267.11
9472.87
9876.79
10053.6
10141
10675
10844.1
11037.8
11153.4
11595.8
11903.4
12167.1
12433.5
12969.1
13012.5
13348.8
13396.2
13428.8
13565.9
13645.4
13660.2
14143.4
14361.7
14514.3
14564
14712.1
14888.1
15422.7
15615.1
15679.8
15794.9
15866.9
16339.6
16931.6
16963.6
16969.7
17330.3
17781.2
18733.8
18790.4
19086.9
19242.9
19398
19587.3
19682.5
19990.6
20156.6
20559.4
20613.8
21085.3
21149.6
21440.9
21473.5
21543.5
22396.2
22758.4
22879.3
23465.8
24507.3
24617.8
25425.7
25754.4
26057.5
26976.4
26990.2
27033
27576.1
27646.7
28080.5
28175.2
28188.8
28328.9
28606.2
29032
29045.3
29222.9
29335.8
29389.9
29602.2
29839.6
30351.9
30506.3
30566
30609.5
30891.7
31277.4
31651.7
32129.8
32446.4
32903.1
33550.8
33957.3
34212.2
35782.1
35784.8
36166.1
36285.5
36285
36635.9
36802.9
37271.9
37581.1
37755.3
37809.2
38252.6
38403.1
38449.7
38546.5
38661.9
38738.5
38766.8
38777.3
38809.6
38820.6
38917.2
39156.2
39174.3
39181
39393.8
39784.3
39958.7
40161.8
40249.8
40257.1
40406.8
40892.5
40992.6
41061.7
41351.1
41529
41813.5
42006.7
42288.6
43210.5
43345.1
43394.4
43455.1
43789.7
43934.7
43969.6
44192.2
44246
44259.3
44300.4
44475.4
44979.8
45037.3
45174.1
45327.8
45467.4
45743.8
46163.1
47281.6
47762.8
48290.6
48601.7
48994.3
49652.6
50275
50919.5
51091.6
51765.4
51773.5
51940.5
52155.7
52882.6
53589.6
53782.1
53922.6
54342.5
54749
54984.7
55333.8
55465.8
55503.2
55634.9
55980.3
56240.6
56791.8
57138.9
57784.8
58133.3
58402.8
58752.7
58951
58950.4
59335.4
59342.4
59489.5
60007.9
60122.1
60570.2
60890.3
61398.9
62172.7
62359.3
62541
62690.1
63114.3
63516
63544.3
63798
63972.7
64096.5
64661.6
64718.2
64960.5
65600.7
65934.8
65993.6
66172.7
66466.3
66664.6
66701.8
66842.7
66945.6
67326.1
67839.1
67958.1
68381.8
69387.6
69805.7
70240.8
70254.8
70523.4
70803.1
71083.1
71187
71297.3
71536.7
71589.9
71652.7
72156.1
72227.4
72425.2
73405.7
73727.9
73793.1
74148.6
74148.2
74214.7
74546.6
75163.7
75508.2
75802.8
75997.2
76354.7
76755.9
76797.6
77047.1
77318.9
77680.5
77908
78172.7
78459.5
78545.8
78926.1
78960
79239.9
79397.4
79977.1
80040.9
80056.8
80469.9
80463.7
81687.4
81923.3
82060.7
82110.9
82184.2
82838.1
83034.9
84051.7
84102.4
84225.7
84418.2
84506.2
86157.3
86433.2
86675.6
86930.2
87278.2
87716.8
87971.5
88215.7
88511.9
88686.6
89137.1
89159.6
89292.4
89963.4
90268.1
90509.9
90720.9
91268.5
91742.6
92272
92568.7
92994.8
93078.4
93306.9
94370.9
94391.9
95642.2
95706.1
95819.2
96109.2
96210.7
96397.2
96520.4
96897.8
97075.9
97253.9
97550.4
98152
98206.2
98262.6
98520.4
98874.8
98905.1
99082.7
99099
99359
99367.1
99491.9
99826.6
100222
100462
100671
100947
101046
101063
102164
102442
102580
102712
102837
103237
103498
103612
103623
103656
103680
104150
104361
104564
104708
104741
105370
106192
106517
107413
107717
107803
108308
108806
108889
109697
109757
109992
110395
110424
110429
110921
111596
112275
112998
113022
113380
113844
114071
114302
114289
114671
114728
114746
114908
115144
115465
116233
116628
116890
117199
117478
117647
117791
118264
118443
118577
118597
119051
119905
120066
120360
120863
121095
121483
121566
121856
121898
121901
122103
122490
122965
123297
123388
123660
123859
123921
124339
124543
124933
125108
125118
125312
125392
125826
126164
126525
126637
126831
127355
128036
128154
128438
128450
128896
129066
129513
129576
129780
129825
129945
129982
130162
130480
130847
130863
131255
131275
131309
132487
132907
133126
133353
134097
134166
135533
135723
135745
136073
136339
136416
136674
136732
136985
137142
137423
137650
137751
137917
138015
138131
138548
138954
139241
139500
139532
139541
139852
139936
140336
140392
140645
140706
140717
141079
141151
141372
141634
141881
141948
142001
142059
142560
142576
142842
143002
143020
143337
144093
146284
146755
147436
148065
148981
149122
149534
149750
149973
151044
151212
151216
151367
151536
151692
151978
152764
152958
153127
153412
153492
153557
153852
154122
154568
154808
154942
155020
155657
155915
155945
156133
156633
156776
156921
156938
157062
157216
157339
157426
157506
157665
158004
158172
159012
159092
159285
159472
159579
159709
159864
159933
160078
160252
160368
160652
160828
160944
160999
161057
161582
161870
161960
161980
162147
162315
162493
162630
162868
163168
163697
163725
164184
164238
164368
164625
164877
164889
165106
165383
165767
165833
166008
166235
166737
166722
166891
166954
167177
167816
167906
168209
168471
168551
168972
169197
169443
169579
170105
170125
170255
170456
170493
171161
172590
172964
173021
173028
173557
173596
173820
174104
174188
174214
174351
174807
174817
175462
176011
176052
176207
176383
177208
177261
177899
178211
178378
178510
178983
179154
179411
179398
179437
180024
180147
180161
181382
181544
181648
181862
182242
182747
183145
183171
183261
183345
183402
183807
183940
184227
184974
185430
185656
185713
185843
186176
186266
186332
186353
186520
186675
187049
187164
187584
187651
188057
188178
188514
188839
188925
188917
188989
189530
189822
189838
190021
190236
190632
190659
190884
191021
191332
192412
192876
193401
193547
194054
194107
195010
196833
196998
197400
197578
197679
197987
198690
198893
199154
199310
199556
199591
199863
