171.84
2118.24
2729.57
3202.36
4129.43
4821.51
4854.84
5888.01
5907.31
6396.39
9543.19
10182.8
10625.7
10719.6
11946.8
12144.1
12499.7
13468.5
15217.2
16728.5
17579.5
17645
18970.8
22936.9
23301.5
23537.5
23555.8
25354.1
26775.2
27228.9
27730.9
29785.4
30986.1
31228.9
31976.9
32307.3
34241
34331.6
34647.8
35157.7
36642.9
38901.5
39721.8
40471.6
41064.7
41122.1
41361.6
41951.2
42641.2
43754
44156.6
44220.6
44438.6
45673.1
46323.4
46539.5
47748.1
47776.4
48666.7
48693.9
52552.7
53220.3
53606.7
53660.7
53678.8
53766.1
54214.6
54861.4
55099
55941.5
56059.9
56595.9
57017.3
58055.7
58683.9
60114.3
61931.4
62007.9
62769.9
66591.2
68087.5
69557.3
71070.4
71425.1
72945.2
72975.1
73168.1
73500.3
73914.2
74034.2
75351.5
75500.1
75831.2
76190.5
76651.7
77332.8
77454.9
77703.7
80918.8
81933.8
82601
83879.4
84273.8
84815.1
84977.6
85261.6
85788.1
86518.6
88299.5
88646.3
89051.3
89706.7
90439.1
93133
93209.6
95258.8
95893.8
96088.4
97519
98863.6
98966.9
99598.9
99853.1
100802
100993
101125
101632
101940
104322
105057
106861
107350
108885
108902
109242
109397
109603
109962
111028
111867
112079
112224
112520
112555
115552
115576
116303
118048
118524
119097
119179
120671
120751
121039
121197
121336
121588
123315
123962
126900
128450
128840
131473
131777
131900
132400
132691
133560
134546
135297
135865
137470
139780
139871
140846
144686
145143
145620
146361
147035
147320
147842
148852
149700
149969
150966
152346
152735
154410
157359
158050
158319
158988
159067
160773
160975
161460
161652
162633
164132
164501
165551
165671
166046
166362
168726
169261
169243
169422
170568
170905
172003
174250
174493
174863
175768
176754
177860
178994
179789
181335
182773
182918
183880
184558
184630
184943
185449
185958
187294
187860
187911
188357
189779
192455
192995
193780
194972
195586
195594
196145
196630
196676
197175
197718
198049
198372
198574
199141
