107.34
391.29
1625.85
1735.12
2570.93
2786.01
2933.85
2970.63
3259.54
4567.56
5310.67
5758.96
6258.04
6271.82
6419.77
7396.17
7825.51
8288.84
8535.78
8724.49
8754.12
8973.7
9670.27
9740.85
9801.6
10203.4
10586.7
12504.8
13042.1
13450.3
13498.3
13947
14160.4
14320
15279.3
15387.9
15727.1
16108.6
16444.6
16467
16609.8
17365.8
17601.8
17857.4
17864.9
18081.9
18452.8
18712
18979.4
19221.3
19468.4
19878.8
20117
20491.6
20871.6
21001.8
21021.4
21114.3
21992
22266.1
22340.3
22370.5
22867.9
22973.6
23274.1
23279.3
23667.8
23935.3
24037.1
24195.3
24372.5
24408.9
24695.4
24875.4
25655.1
25961
27037.9
27212
27463.3
27944.2
28853.4
28983.6
29885.7
30062.9
30172.4
30440.9
30969.1
31567.7
35477.8
36414.7
36724.8
36931.1
37218.4
37488.1
37782
37998.7
38162.7
39085.5
39305.2
39403.3
39499.8
39520.2
39853.5
39902.7
40041.3
40182.8
40243.2
40715.8
40774.7
40839.7
42524.2
43149.7
43445.1
44136.8
44159.2
44218.7
44327.3
44615.2
44628.9
44914.2
45413.9
45808.8
46237.6
46319.2
46570.2
47200.4
47496.1
47663.4
48224.8
49143.5
49509.9
49885.6
50019.3
50066.2
50458.7
50801.2
50811.9
51215.3
51788.3
53722.5
54372.4
54468.5
54472.7
54962.2
55054.4
55355.5
55741.8
55865.3
56370.7
56471.5
56657.9
56938.2
57241.3
57681.2
57844.7
58752.7
59646.7
59824.9
59930
60151.3
60552.7
60808.5
60884.7
61512.6
62905.7
63098.9
63349.2
63509
64437.5
64665.4
64735.4
65083.5
65522.1
65624.3
66449.4
66998.4
67689.3
67830.3
68405.4
68448
68819.2
69219.6
70039
71065.7
71486.2
71675.4
72331.4
72425.2
73169.5
73330.8
73334.5
73597.5
73876.1
74085.4
74252.7
74435
75235.9
75483.6
76411.9
76524.7
76879.5
77289.3
78437.7
78517.4
78843.6
79218.2
79452.8
79514.3
79850.5
79937.2
80222.3
81681.3
83187.5
83785.1
83819
84160.3
84939
85341.9
85893
86335.6
86832.3
86885.6
87040.3
87156.7
87244.1
87493.4
87809.2
88041.8
88197
88577.9
89067
89649
89924.5
90309.7
91108
91356.2
91364.5
91653.3
91835.6
91840.8
91866.4
91934.8
92058.5
92246
92340.4
92963.5
93016.8
93101.7
93322.5
93910.3
94040.4
94511.5
95367.3
95618.8
95691.7
96092
97596.9
97639
98134.6
98180.8
98248.7
98397.4
98584.6
98661.1
98692.3
99063.6
99637.8
100643
101229
101334
101530
101648
102010
102298
102388
102408
102958
103781
104654
104690
105222
105376
105536
105755
105938
106364
107483
107768
108546
108620
108778
109243
109359
110866
111174
112648
113160
113986
114316
114631
114666
115004
115372
115842
116528
116911
117018
117261
117667
118343
118589
118918
119276
119940
120179
120962
121160
121292
121555
121724
121870
122139
122438
122598
123024
123279
123559
123730
123888
124129
124497
124616
124723
124731
125524
125687
125738
126546
127127
127313
128079
128076
128100
128596
128721
128784
129113
129197
129552
129628
129645
129996
130100
130322
130887
130973
131055
131345
131518
131970
133178
133569
133843
133934
134188
134281
134365
134522
135339
136059
137626
137987
138257
138313
138741
139148
139193
139526
139629
140849
141333
142064
142212
142477
143354
143481
144003
144051
144214
144419
144602
144941
145275
145478
145705
145801
146077
146340
146602
146984
147192
147873
147922
148224
148766
149267
149420
149528
149626
149664
149934
149967
150712
150768
151170
152874
153336
153383
153517
153982
154023
154329
154401
154754
155358
155421
155872
155908
156196
156292
156726
156728
157391
158569
158650
160375
160990
161016
161342
161548
161684
161739
161960
161996
162241
162430
162719
162962
163132
163388
163696
164519
165202
165650
165872
165994
166332
166339
166446
166553
166880
167225
168141
168586
168649
168814
168827
169096
169565
169935
170114
171011
171806
171904
171938
171950
172460
172648
173521
174268
176161
177093
177871
178473
178593
178886
179339
179950
179988
180489
180702
181627
182136
182160
182216
183231
184387
184483
184831
185055
185268
186084
186347
186705
186763
186878
187641
187791
187872
187961
188377
188396
188962
189167
189351
189478
190165
190935
191160
191892
191931
192035
192278
193498
194381
194481
195157
195194
195652
195832
195961
196745
197182
197439
197793
198011
198266
198764
199938
