628.91
1228.18
1421.37
1423.99
1443.07
1447.41
1497.26
4226.93
4769.49
4956.57
5167.81
5405.71
5498.45
5501.88
5534.43
5551.44
7289.97
9942.5
12682.3
12850.8
13099.8
13379.9
13401.2
13418.2
13568.1
13597.6
13614.7
13945
13969.2
14068.2
14846
14883.4
15124.4
15138.4
15223.8
15313.6
15321.6
15593.5
15740
17666
17765.9
17897.7
18539.1
18576.2
18587.3
18679.1
19442.6
19444.2
19460.7
19466.5
19476.5
19484.6
19581.7
19611
19669.6
19958
19961.4
19982.1
20021.7
20058.7
20065.8
20105.6
21334.9
22209.8
22291.5
22847.9
23067.5
23138.7
24527.6
25511.2
25565.8
25575.6
25577.4
25608
25641.3
26034.8
26074.3
26096.1
26108.9
26624.7
27734.8
27802.1
27830
27916.3
27921.2
28020.9
28472.6
28509.7
28535.3
28542.5
28587.5
28592.1
28624.5
28637.6
28643.8
28654.4
28672.5
28876.8
28878
28879.2
28913
28926.4
28933.1
28935.2
28936.3
28938.7
28961.3
28990.1
29006.1
29016.5
29031.8
29043.7
29042.3
29046.7
29095.2
29101.8
29105.1
29143.2
29162.7
29164.7
29171.1
29194.1
29253.8
29283.7
29280.9
29290
29294.5
29297.8
29317.1
29326.1
29328.5
29390.6
29393.6
29401.2
29413.5
29426.1
29454.8
29507.8
29527
29529.7
29536.3
29548.5
29576.3
29581.6
29599.9
29597.4
29598
29702.8
29762.6
29765.3
29770.8
29781.1
29784.1
29796.2
29804.1
29807.1
29814.1
29902.4
29905.9
29908.5
29919.5
29928.5
29973.7
30001.5
30004.4
30007.4
30009.6
30011.7
30016.2
30041.7
30048.3
30075.6
30089.7
30116.8
30134.6
30157.5
30305.3
31507.5
31541.3
32892.1
32897.9
32932.6
32949.4
33095
33119.2
33125
33132.6
33146.7
33173.2
33184.9
33213.4
33234.5
33255.3
33271.8
33277.7
33309.1
33356.1
33367.5
33548.1
33586.3
33639.2
33700.7
33713
33739.7
33742.4
33765.6
33771.7
33779
33800.3
33835.9
33851.1
34013.6
34149.4
34203.4
34206.5
34228.8
34263.3
34303.3
34443.6
34555.1
34566.6
34569.8
34574.8
34581
34632.8
34659.6
34663.8
34682.9
34697.1
34722.4
35148.4
35177.1
35207.2
35209.2
35214.8
35225.3
35226.1
35227.8
35239.4
35251.9
35263.3
35264.8
35288
35328.4
35360.9
35365.9
35367.2
35402.3
35424.8
35456.3
35532.1
35553
35568.4
35591.1
35816.7
35866.7
35878.1
35915.1
35933.4
35955.6
35958.5
35967.1
35972.3
35992.9
36266.2
36826.1
37251.7
37740
37840.2
38269.6
38327
38687.7
39374.5
39458.6
39782.8
39789
39800.6
39802.4
39808.5
40633.8
40644
40646.4
40666.4
40671.5
40674.9
40842.9
40888.4
40896.4
40903.7
40927
40937.1
40951.6
41014.9
41029.7
41226.2
41280.3
41304.9
41311
41316.7
41366.6
41386.7
41411.8
41423.5
41439.3
41452.7
41459.8
41457.7
41472.8
41479.6
41520.3
41523.6
41534.9
41546.7
41548.9
41595.5
41600.1
42160.7
42199.1
42212.3
42252.2
42255.3
42257.3
42262.2
42265.6
42280.8
42283.7
42284.3
42288
42295.6
42296.3
42297.4
42302.4
42307.6
42317.2
42322.9
42325.2
42331.6
42418.9
42573.2
42573.9
42594.8
42606.8
42631.6
43536.4
43582.4
43797.7
43807.4
43861.4
43871.3
43886.7
43913.7
43923.1
43932.8
43974.4
43979.6
45000.5
45968.3
46162.9
46181.8
46491.4
46531.5
46570.6
46633.7
46639.8
46810.4
46871.9
46928.5
46999.3
47008.8
47045
47072.9
47079.8
47100
47465.6
47538.2
48038.5
48131.2
48186.5
48243.7
48396.7
48439
48479.2
48972.5
48979.8
48998.2
49000.5
49003.8
49068.6
49069.5
49109.7
49110.9
49140.9
49151.4
49167.1
49183.4
49218.9
49240.3
49244.8
49257.4
49493.7
49499.3
50742.8
50769
50836.1
51412.7
51510.8
51605.4
51838.7
52002.7
52126.1
52285.1
52440.9
52459.5
52482.9
52540.2
53092.5
53522.6
53530.2
53583
53642.5
53653.7
53735.2
55314.3
55371.6
55393.3
55402
55448.7
55607.5
55617.4
55718.5
55745
55861.7
55894.8
56395.4
56568.8
57358.5
57457.7
57617.3
57649.2
57649
57976.7
58249.6
58253.7
58263.2
58267.1
58697.7
58703.3
58722.5
58769.7
58788.6
58831.4
58859.8
60546.2
61922.9
62319.7
62735.6
62855.4
62878.4
63916
63971.5
63989.1
64019.8
64057.5
64554.4
64599.3
64607.4
64631.6
64671.3
64682.4
64695.6
64708.7
64716.2
64800.9
64898.2
64908.2
65334.7
65750.1
65848
66261.7
67055.6
67234.7
67236.9
67328.1
67350.7
67362.2
67476.4
68683.1
68710.1
68815.8
68835.6
69214.2
69246.7
69284.7
69333.6
69336.9
69350.6
69399.7
69624.1
69652.3
69668.4
69853.4
69876.8
69931.5
69942.3
69955.2
69958.3
69961
69970.4
70053
70159.2
70387.4
70428.5
70430.5
70437.1
70884.9
71651.3
71724.5
71863.6
71865.6
72207.1
73588.1
74005.5
74124
74134.8
74205.4
75298.4
75583.1
75706.2
75711.4
75754.3
75759.3
75793
75796.6
75864.8
75866.4
75870.4
76177.2
76179.7
76205.3
76226.7
76240.6
76268.9
76269.5
76286.8
76277.8
76300.5
76323.5
76330.4
76348.7
76376.8
76420.3
76448.3
76472.6
76514.7
76517.2
76545.6
76547.3
76583.4
76660.3
76739.9
77515.2
77539.4
77546.9
77550.8
77554.5
77557.7
77559.1
77564.2
77565
77565.1
77568
77575.2
77579.7
77655.7
77670.6
77765.6
77770.1
77803.6
77965.5
78408.4
78416.6
78641.1
78736.8
78777.9
78901.8
78940.2
80312.5
80329.6
80331.8
80381.9
80400.6
80419.8
80460.6
80464.8
80474.8
80481
80488.4
80491.3
80502.1
80509.4
80537.4
80541.3
80542.1
80542.8
80543.7
80544.5
80561.2
80571.7
80587.8
80596.7
80720.5
80775.8
80787.1
80793.4
80797.4
80814.9
80821.7
80830.3
80833
80835.5
80847.9
80848.8
80862.8
80852.5
80862.9
80885.7
80891
80928.9
81197.8
81341.9
81346.1
81535.3
81930.7
81938
81946
81948.5
81954.5
81955
81956.4
81961.1
81999.2
82041.2
82087.5
82115.1
82126.3
82406.1
82412
82456.3
82537.4
82542.4
82560.4
82565.5
82615.8
82923.7
83036
83434.2
83442.7
83488.5
83571.1
83587.6
83599.8
83646
83649.5
83915.8
83931.8
83962.5
84009.2
84015.1
84027.7
84310.1
84325.3
84355.5
84365.2
84366.2
84372.3
84387.1
84385.6
84386.5
84390.8
84427.5
84432.2
84445.1
84469.7
85306.9
85346
85449.2
85454.2
85474
85490.5
85534.2
86568.2
87135.7
87156.7
87180.3
87190.3
87547.6
87800.1
88105.9
88131.1
88140.5
88155.1
88176
88265.6
88319.9
88332.2
88370.1
89560.2
89690.2
89702.8
89793.7
90165.2
90156.9
90208.8
90456.6
90461.3
90462.6
90487
90531.8
90558.5
90580.3
90589.5
90615
90793.4
90805.5
90866.3
90942.8
91332.8
91340.7
91356.8
91356.9
91364.2
91383.6
91524.3
91601
92052.3
92149.4
92496.9
92526.3
92571.5
92603.5
92615.3
92626.2
92816.4
92842
92925.4
93090.3
93112.4
93143.4
93157
93243.4
93299.6
93670.4
93750.6
93762.7
93769.1
93784.7
93835.9
96672
96897
97195.9
98092.9
98307.4
98311.1
98679.2
98778.6
98820
98880.1
98897
99436.4
99659.6
99668
99706.7
101471
102066
102487
102637
102859
103302
103589
103648
104959
104964
105025
105041
105520
105560
105625
105634
105630
105637
105735
105753
105851
106106
106301
106509
106743
107202
107645
107887
108223
108226
108419
108643
108692
108707
108772
108838
108866
108880
110483
110540
110587
110597
110617
110618
110664
110668
110977
111157
111188
111857
111922
111997
112085
112315
112320
112442
112499
113157
113462
113590
113922
114113
114153
116423
116467
116511
116570
116686
116993
117029
117034
118253
118286
118301
118332
118348
118383
118408
118414
118446
118461
118487
118493
118499
118537
118554
118560
118588
118612
118621
118644
118675
118710
118978
118994
118994
119067
119110
119112
119348
119415
119598
120214
120251
120267
120329
120349
120405
120452
120484
120498
120504
120522
120567
120600
120607
120626
120667
120679
120701
120713
120759
120775
120802
120816
120868
121029
121051
121092
121161
121188
121222
121727
121967
121999
122143
122367
122374
122396
122401
122420
122458
122596
122653
122692
122730
122789
122801
122889
123142
125076
125347
125778
125894
125955
125966
126016
126024
126048
126053
126055
126084
126089
126217
126246
126250
126731
126790
126792
126843
126884
127040
127047
127110
127231
127235
127311
127409
127423
127492
127507
127519
129411
130616
131057
131078
131122
131126
131168
131208
131245
131250
131265
131310
131333
131397
131420
131494
131596
131660
131697
131720
131748
131806
131956
131958
132074
133657
133724
133731
133767
133814
134431
134541
134679
136076
136159
136184
136224
136276
136341
136358
137159
137170
137187
137225
137230
137239
137257
137590
137627
137637
137652
137684
137717
137724
137771
137872
137902
137952
138497
138963
139034
139072
139129
139165
139175
139182
139307
139337
139347
139354
139404
139414
139523
139526
139547
139572
139583
139827
139862
139881
139952
139966
140034
140046
140056
140065
140102
140104
140122
140111
142077
142115
142127
142233
142302
142356
142397
142420
142460
142475
142535
142553
142697
142795
142818
142862
142918
143328
143766
143789
144305
144813
144851
144876
144877
145037
145700
148216
148240
148252
148384
148456
148478
148530
148543
148631
148649
149085
149749
149782
149795
149830
149885
149907
149925
149959
149992
150020
150792
150919
151492
153226
154110
154914
156089
156206
156284
156336
156336
156344
156735
156775
156791
156934
157038
157211
157218
157212
157251
157384
157473
157504
157571
157617
157685
157782
157782
158453
158532
158597
158625
158751
160279
160308
162157
165006
167496
167640
168199
168217
168492
168501
168504
168509
168896
168935
169111
169117
169156
169159
169215
169423
169526
169733
172789
172895
172931
172961
173033
173884
173998
174058
174113
174133
174182
174196
174215
175473
176917
176945
179096
179144
179145
179170
179171
179174
179183
179185
179186
179196
179206
179220
179251
179294
179346
179362
179470
179548
179866
179896
179927
179943
180192
180272
180283
180293
180310
180321
180338
180358
180368
180441
180480
180518
180559
180574
180616
180619
180979
181076
181126
181131
181187
181204
181427
181606
181707
181787
181848
182112
182127
182387
182391
182391
182448
182457
182480
182490
182493
182498
182506
182507
182517
182521
182524
182532
182559
182568
182572
182642
182757
182904
182923
182925
182934
182942
183020
183127
183129
183203
183361
183387
183407
183450
183481
183487
183931
183943
183944
183965
183972
183975
184003
184016
184020
184031
184034
184042
184088
184131
184148
184663
184702
184769
184771
184777
184814
184858
184904
184906
185473
185481
185505
185522
185532
185538
185545
185550
185581
185586
185610
185622
185637
185648
185677
185714
185787
185850
185866
185992
186001
186000
186000
186018
186038
186045
186084
186422
186651
186961
187020
187262
187475
187962
187990
188068
188072
188250
188261
188262
188327
188405
188520
188637
188665
188753
188782
188782
188904
189027
189134
189201
189536
189540
189606
189757
189771
189796
190176
190192
190205
190276
190302
190318
190507
190516
190548
190575
190648
190706
191039
191080
191194
191312
191338
191658
192272
192362
192588
192684
192701
192741
192753
192840
192873
192882
193010
194243
194287
194321
195760
195772
195775
195787
195790
195883
195934
196130
196233
196238
196255
196275
196305
196322
196378
196416
197223
197260
197311
197358
198100
199460
199736
199821
199829
199870
199897
199901
199916
199949
199957
199996
200416
200867
200883
201030
202010
202026
202089
202459
202613
202645
202659
202662
202718
202723
202770
202778
206014
206686
207093
208870
208933
209174
209387
209740
211237
211341
211681
212080
214964
215014
215071
216071
216080
216092
216107
216745
217444
217575
219117
219139
220194
220223
220247
220266
220281
220289
220291
220297
220309
220333
220349
220373
220375
220386
220405
220425
220451
220496
220508
220545
220620
221158
221677
221678
221691
221698
221746
221858
221870
221915
221997
222008
222009
222044
222080
222115
222119
222140
222141
222146
222161
222252
222275
222301
222317
222322
222323
222324
222353
222354
222355
222375
222436
222440
222496
222506
222513
222516
222584
222678
222701
222706
222715
222717
222840
222865
223006
223186
223211
223222
223223
223253
223255
223260
223272
223281
223290
223288
223321
223353
223401
223405
223408
223416
223418
223431
223456
223460
223463
223460
223516
223532
223541
223537
223556
223565
223574
223653
223951
225709
225715
225719
225742
226088
226498
226510
226514
226518
226519
226537
226538
226543
226551
226553
226561
226576
226578
226587
226605
226607
226615
226623
226625
226626
226634
226636
226637
226639
226690
226693
226739
226743
226755
228099
228145
228155
228164
228169
228175
228184
228209
228212
228215
228217
228235
228245
228263
228270
228271
228283
228293
228310
228317
228333
228336
228344
228349
228354
229123
229529
229686
229988
229990
230013
230027
230028
230029
230036
230042
230062
230063
230066
230101
230145
230148
230474
230487
230520
230532
230532
230536
230537
230542
230545
230546
230551
230552
230567
230569
230569
230573
230577
230581
230585
230642
230654
230667
230671
230675
230675
230678
230690
230710
230711
230763
230772
230773
231191
232393
232622
232631
232636
232645
232646
232656
232669
232708
233478
233519
233588
235790
235809
235819
235820
235823
235834
235841
235843
235848
235854
235867
235873
235874
235877
235888
235914
235925
235939
235940
235941
235958
235968
236167
236160
236162
236245
236254
236255
236261
236267
236274
236293
236296
236293
236306
236299
236330
236345
236347
236343
236372
236362
237353
237433
237437
237466
237490
237500
237506
237534
237540
237548
237551
237552
237558
237582
237596
237599
237611
237647
237650
237668
237672
237683
237768
237788
237813
237972
237976
238190
238581
238606
238612
238620
238656
239375
239402
239412
239434
239441
239444
239448
239456
239459
239478
239481
239482
239485
239489
239493
239495
239497
239501
239503
239509
239513
239514
239530
239532
239535
239541
239543
239546
239547
239549
239558
239559
239560
239567
239571
239573
239578
239581
239587
239619
239646
239658
239660
239663
239672
239682
239688
239690
239696
239696
239699
239717
239718
239719
239720
239784
239785
239797
239802
240095
240112
240556
240642
241287
241310
241794
241835
245954
245961
245968
245968
245974
246005
246009
246021
246022
246025
246040
246048
246064
246090
246097
246108
246126
246166
246229
246893
246910
246917
246930
246938
246958
246978
247284
247286
247294
247312
247316
247337
247344
247349
247354
247358
247358
247613
247617
247618
247620
247622
247626
247632
247634
247635
247637
247640
247650
247656
247664
247671
247679
247685
247686
247687
247696
247697
247700
247702
247704
247705
247712
247715
247728
247730
247733
247737
247738
247739
247741
247745
247750
247755
247756
247758
247760
247762
247765
247769
247893
248327
248401
248412
248421
248425
248433
248966
248988
248992
249063
249065
249072
249092
249095
249097
249118
249141
249144
249167
249188
249189
249192
249211
249257
249266
249331
249366
249457
250233
250465
250803
250871
250894
250904
250905
251714
251734
251763
251775
252191
252220
252262
252291
252320
252364
252396
252503
252516
252531
252539
252541
252598
252603
252625
252628
252645
252647
252647
252648
252655
252658
252665
252666
252683
252686
252689
252697
252712
252734
252739
252755
252769
252771
252775
252785
252798
252803
252813
253958
254415
254711
254742
254867
254908
255477
256309
256557
256607
256845
256900
256980
257011
257054
257841
258728
258850
258882
258889
258901
258906
258910
258953
259016
259030
259313
259435
259440
259454
259508
259520
259553
259557
259561
259569
259571
259609
259618
259623
259629
259629
259633
259644
259646
259660
259669
259682
259684
259685
259718
259722
259731
260233
260242
260260
260315
260353
260444
260565
260591
260699
261662
261692
261749
261754
261763
261773
261774
261780
261788
261816
263431
263835
263847
263851
263854
263884
263907
263912
264019
264372
264401
264405
264432
264441
264446
264455
264477
264487
264506
264542
264543
264672
264685
264687
264742
264800
264874
264878
264890
264909
264948
264970
265171
265173
265238
265272
265342
265384
265460
265470
265519
265614
265636
265660
265696
265740
265743
265752
265756
265760
265763
265768
265768
265775
265779
265779
265785
265783
265786
265794
265795
265798
265802
265806
265808
265828
265827
265831
265844
265873
265886
265889
265907
265909
265945
265997
266002
266018
266019
266045
266078
266646
266697
266716
266849
266858
266864
266885
266901
266957
266975
266982
266989
267007
267014
267015
267017
267019
267022
267029
267034
267301
267316
267321
267310
267323
267333
267343
267359
267376
267381
267382
267388
267411
267415
267432
267449
267480
267496
267500
267510
267526
267549
267575
267594
267597
267610
267624
267642
267650
267657
267685
267711
267717
267729
267738
267759
267793
267795
267807
267822
267847
267874
267876
267889
267895
267900
267906
267912
267921
267922
267924
267933
267938
267947
267955
267952
267957
267961
267962
267964
267968
267974
267985
267988
267990
268025
268027
268041
268052
268056
268058
268066
268076
268087
268091
268103
268116
268138
268146
268147
268149
268156
268168
268177
268179
268182
268186
268209
268211
268217
268220
268223
268226
268233
268248
268255
268272
268292
268302
268314
268324
268328
268335
268337
268341
268345
268348
268380
268417
268460
268462
268466
268482
268481
268488
268507
268513
268518
268525
268521
268536
268541
268544
268575
268591
268580
268595
268608
268613
268627
268650
268687
268680
268724
268753
268749
268767
268785
268782
268797
268814
268833
268844
268848
268869
268884
268902
268890
268897
268903
268918
268923
268932
268967
268954
269048
269065
269111
269169
269182
269210
269221
269228
269265
269349
269354
269440
269458
269490
269496
269511
269522
269538
269570
269595
269598
269601
269648
269652
269665
269671
269676
269685
269688
269704
269714
269727
269746
269744
269757
269759
269766
269770
269773
270006
270033
270078
270142
270155
270146
270168
270186
270197
270199
270216
270219
270223
270226
270259
270284
270287
270305
270334
270340
270467
270639
270665
270677
270690
270725
270730
270751
270755
270799
270815
271035
271058
271156
271241
271298
271558
271568
271582
271606
271613
271629
271646
271650
271666
271693
271737
271812
271812
271845
271856
271896
271902
271973
272013
272027
272029
272035
272090
272110
272116
272121
272125
272126
272140
272146
272163
272167
272156
272166
272187
272228
272217
272241
272245
272246
272266
272259
272281
272293
272330
272335
272351
272362
272398
272385
272389
272391
272409
272425
272430
272433
272436
272440
272431
272447
272452
272463
272472
272459
272476
272466
272471
272476
272495
272482
272511
272504
272506
272508
272525
272543
272551
272553
272568
272559
272562
272569
272590
272586
272609
272612
272598
272603
272624
272644
272647
272635
272637
272638
272642
272682
272695
272704
272709
272723
272719
272729
272733
272743
272740
272758
272763
272776
272780
272790
272795
272814
272822
272828
272837
272865
272869
272888
272975
273038
273087
273394
273426
273468
274054
274497
274507
274525
274534
274623
274655
274689
274743
274846
274963
275021
275070
275099
275118
275127
275138
275147
275156
275175
275183
275185
275188
275195
275206
275210
275215
275232
275245
275255
275262
275463
275529
275556
275559
275576
275584
275575
275592
275595
275602
275608
275614
275639
275671
275658
275700
275713
275723
275730
275744
275772
275794
275809
275818
275873
275887
275998
276055
276078
276118
276184
276201
276310
276399
276550
276570
276838
276896
276926
276978
276985
276989
277012
277261
277306
277316
277338
277358
277374
277448
277502
277503
277521
277832
277966
278182
278271
278292
278310
278593
278617
278634
278623
278632
278648
278673
278675
278680
278694
278694
278699
278713
278732
278764
278765
278795
278799
278804
278792
278819
278824
278819
278836
278843
278866
278855
278862
278876
278878
278881
278886
278875
278896
278886
278901
278895
278908
278916
279036
279038
279062
279073
279063
279078
279092
279095
279102
279103
279106
279113
279117
279121
279111
279130
279141
279151
279154
279167
279177
279179
279185
279193
279196
279213
279226
279229
279253
279290
279298
279297
279316
279317
279375
279431
279454
279543
279566
279584
279689
279702
279727
279732
279742
279758
279773
279781
280051
280203
280211
280213
280238
280240
280253
280259
280266
280307
280309
280335
280543
280575
280663
280688
280721
280770
280972
281002
281017
281022
281044
281083
281101
281103
281118
281125
281124
281152
281191
281193
281195
281214
281217
281234
281259
281273
281282
281328
281355
281381
281388
281430
281618
281631
281650
281701
281753
281761
281770
281783
281790
281790
281802
281805
281829
281833
281840
281853
281877
281886
281911
281940
281968
281985
282004
282008
282012
282017
282034
282080
282081
282171
282453
282469
282495
282504
282539
282575
282583
282612
282633
282637
282673
282678
282752
282761
282829
282839
282868
282901
283253
283473
283517
283524
283525
283533
283588
283623
283979
284046
284159
284162
284177
284230
284238
284306
285763
285813
285922
285934
285957
285959
285971
285974
285980
285985
285990
285992
285999
286019
286057
286114
286142
286175
286175
286241
286336
286459
286472
286492
286512
286514
286521
286521
286526
286538
286534
286562
286563
286562
286574
286580
286581
286578
286581
286592
286594
286590
286600
286604
286610
286613
286609
286621
286620
286629
286649
286661
286660
286663
286672
286677
286681
286689
286708
286706
286713
286717
286723
286734
286740
286746
286748
286748
286765
286756
286771
286762
286781
286774
286777
286797
286788
286805
286798
286831
286842
286848
286849
286849
286891
286898
286908
286915
286919
286936
286969
287400
287491
287505
287518
287522
287537
287541
287550
287581
287618
287898
287919
287934
288230
288555
288560
288577
288581
288592
288599
288603
288609
288618
288625
288627
288634
288637
288638
288642
288654
288661
288672
288688
288710
288713
289098
289165
289192
289303
289312
289316
289324
289327
289331
289332
289340
289368
289370
289443
289457
289464
289491
289495
289498
289505
289527
289662
289700
289727
289729
289731
289734
289735
289737
289742
289752
289768
289772
289775
289777
289778
289780
289787
289790
289792
289799
289799
289807
289808
289811
289810
289812
289814
289835
289838
289857
289866
289890
289946
289962
290084
290083
290119
290131
290151
290166
290164
290274
290278
290280
290282
290316
290351
290377
290392
290403
290464
290485
290503
290509
290515
290514
290525
290570
290583
290594
290610
290652
290694
290753
290778
290780
290782
290795
290815
290853
291124
291157
291167
291175
291186
291195
291216
291225
291240
291241
291242
291244
291251
291255
291258
291270
291275
291299
291316
291323
291341
291348
291370
291386
291447
291959
292031
292108
292118
292171
292249
292251
292255
292263
292277
292292
292350
292354
292367
292388
292393
292412
292416
292420
292431
292436
292460
292473
292482
292515
292519
292530
292545
292546
292550
292559
292575
292589
292600
292607
292620
292629
292679
292695
292745
292747
292759
292779
292812
292853
292867
292885
292910
293237
293281
293295
293357
293367
293506
293524
293543
293549
293625
293638
293677
293685
293804
293812
293836
293898
293979
294004
294144
294197
294215
294226
294228
294244
294295
294317
294326
294344
294363
294366
294373
294386
294401
294403
294414
294439
294437
294446
294455
294451
294487
294483
294486
294516
294542
294554
294568
294756
294760
294769
294770
294789
294796
294799
294805
294845
294877
294884
294887
294893
294912
294929
294927
294931
294934
294935
294948
294950
294951
294953
294955
294961
294966
294974
294976
295009
295014
295028
295064
295094
295098
295122
295128
295145
295148
295157
295161
295163
295183
295192
295200
295206
295203
295212
295216
295229
295233
295241
295258
295284
295304
295316
295335
295341
295346
295361
295354
295363
295373
295380
295382
295433
295441
295479
295500
295502
295516
295553
296038
297139
297169
297385
298140
298176
298238
298269
298267
298327
298341
298364
298397
298430
298730
299028
299036
299067
299160
299515
299575
299623
299630
299636
299646
299737
299763
299814
299893
299929
299980
300241
300247
300254
300257
300263
300271
300287
300282
300306
300301
300325
300352
300346
300374
300398
300410
300425
300426
300435
300489
300525
300514
300563
300604
300619
300643
300660
300703
300718
300720
300742
300755
300767
300863
300885
300887
300888
300890
300890
300891
300904
300906
300910
300930
300941
300943
301021
301025
301066
301178
301353
301367
301373
301632
301670
301718
301737
301740
301744
301767
302926
303099
303131
303199
303278
303291
303317
303667
303804
306025
306288
306346
306364
306399
306436
306453
306502
306527
306667
306693
306739
306878
306886
306928
306996
307000
307015
307117
307122
307127
307155
307169
307181
307189
307218
307219
307221
307237
307249
307263
307268
307270
307289
307297
307299
307306
307341
307346
307370
307388
307423
307669
307679
307702
307706
307710
307714
307742
308218
308238
308256
308259
308265
308267
308270
308292
308298
308319
308324
308333
308336
308340
308366
308546
308673
308681
308706
308709
308755
308781
308790
308917
309229
309261
309267
309288
309293
309295
309297
309722
309733
309918
309964
309975
310017
310029
310051
310064
310085
310116
310130
310124
310124
310138
310163
310184
310299
310342
310348
310422
310443
310463
310451
310493
310503
310538
310589
310596
310780
310841
311029
311053
311076
311100
311135
311203
311218
311221
311272
311322
311328
311407
311435
311437
311470
311498
311501
311542
311556
311560
311587
311675
311957
311956
312184
312215
312221
312237
312261
312291
312304
312308
312313
312329
312331
312339
312353
312360
312365
312386
312436
312488
312492
312507
313066
313115
314102
314264
314658
314687
314693
314716
314737
314779
314810
314822
314839
314867
314889
314905
314909
314929
314930
314941
314947
314953
314956
314967
315009
315019
315023
315705
316575
316588
316834
316912
316986
316991
316998
317047
317085
317163
317209
317255
317276
317277
317277
317291
317330
317510
317595
317858
317873
317920
318287
319022
319596
319621
319712
319979
320016
320032
320069
320115
320127
320129
320139
320216
320224
320254
320257
320266
320437
320490
320575
320609
320628
320710
320820
320939
321066
321066
321163
321166
321189
321211
321234
321250
321324
321330
321332
321338
321362
321377
321385
321392
321396
321402
321580
321646
321652
321655
321721
321732
321894
322296
322375
322617
322642
322692
322988
323659
323678
323687
323690
323704
323723
323741
323770
323775
323785
323798
323953
323968
324005
324012
324042
324027
324051
324040
324064
324056
324067
324078
324085
324109
324127
324155
324169
324208
324219
324360
324561
324641
324652
324721
324730
324766
324800
324798
324814
324822
324826
324831
324887
324891
324894
324896
324907
324927
324947
324961
324948
324950
324960
324998
325010
324998
325026
325029
325044
325031
325063
325047
325070
325072
325213
325261
325286
325350
325523
325531
325539
325545
325558
325563
325567
325597
325612
325849
325872
326328
326346
326356
326359
326409
326454
326467
326479
326488
326501
326527
326536
326544
326546
326576
326651
327003
327012
327053
327072
327237
327314
327390
327411
327393
327431
327450
327476
327504
327762
327990
328019
328001
328026
328024
328235
328295
328393
328413
328524
328720
329245
329298
329335
329385
329417
329463
329620
329695
330207
330385
330398
330524
330591
330597
330607
330608
330622
330681
331098
331220
331808
331865
331886
331944
332138
332218
332273
332281
332289
332355
332361
332366
332394
332410
332528
332581
332630
332655
332719
332861
332969
332989
333052
333124
333116
333145
333256
333257
333526
333631
334106
334125
334186
334219
334229
334240
334276
334384
334451
334513
334532
334675
334812
334848
334882
334887
334903
334920
334939
334992
335001
335027
335033
335314
335348
335359
335394
335423
335453
335537
335919
336062
336074
336108
336110
336114
336474
336497
336510
336515
336796
337986
338022
338036
338139
338250
338256
338277
338398
338468
338500
338532
338538
338547
338718
339180
340002
340250
340302
340354
340401
340416
340432
340439
340446
340464
340471
340522
340535
340563
340583
340566
340571
340592
340599
340604
340625
340663
340691
340717
340728
340734
340724
340728
340778
340771
340773
340834
340843
340882
340858
340941
340946
340992
341039
341068
341064
341084
341089
341131
341160
341231
342236
342271
342456
342589
343247
343585
343751
343787
343809
343845
343849
343850
343853
343860
343862
343865
343870
343878
343891
343894
343900
346638
346644
347164
347244
347903
347961
348342
353546
353740
353763
353891
354162
354178
354793
354853
354919
356683
361146
361266
361907
364428
369320
370030
370196
371017
371228
371261
371268
371281
371331
371361
371374
371390
371422
371441
371449
371492
371484
371507
371514
371517
371530
371540
372899
372987
373010
373038
373041
373058
373081
373088
373104
373106
373375
373397
373566
373781
373842
373902
373921
374140
374175
374228
374284
374607
374651
374869
374925
374987
375233
375324
375416
375618
375719
376419
376437
376497
376504
376707
376726
377614
377635
377806
378594
378736
378743
378792
378799
378812
378831
378850
378865
378883
381144
381449
381567
381580
381622
381658
381723
381739
381755
381767
381833
381839
381847
381853
381855
381861
381864
381870
381892
381899
381908
381925
381943
381951
383121
383296
383359
383387
383390
383396
383405
383445
383444
383453
383517
383525
383566
383573
383578
383595
383616
383624
383631
383639
383648
383659
383679
383694
383705
383699
383715
383713
383728
383726
383735
383737
383747
383740
383744
383754
383769
383773
383789
383792
383818
383832
383866
383885
383907
383950
383969
384011
384059
384156
384585
384597
384598
384609
384616
384625
384629
384651
384653
384671
384687
384706
384717
384725
384750
384756
384778
384797
384804
384890
384895
384951
385153
385162
385188
385239
386120
386147
386165
386169
386195
386202
386211
386218
386227
386240
386244
386257
386296
386303
386301
386331
386369
386448
386539
386563
386670
386729
386737
386770
386805
386824
386828
386836
386818
386840
386847
386867
386860
386893
386895
386899
386903
386908
386915
386935
386933
386940
386949
386962
386972
386979
386976
386991
387007
387011
387013
387008
387010
387013
387031
387037
387034
387048
387051
387061
387071
387075
387084
388091
388156
388169
388203
388213
388236
388857
388886
388915
388967
388985
389001
389029
389031
389042
389069
389259
389336
389515
389513
389530
389525
389592
389597
389600
389603
389604
389608
389616
389621
389634
389645
389660
389666
389670
389680
389678
389726
389738
389747
389763
389795
390111
390291
390296
390313
390340
390410
390952
390992
391452
391463
391459
391470
391472
391477
391472
391536
391551
391557
391570
391581
391587
391592
391595
391600
391607
391617
391625
391638
391674
392131
392205
392222
392247
392405
392409
392547
392556
392734
393099
393160
393171
393221
393227
393237
393245
393277
393427
393478
393486
393511
393551
393563
393613
393911
394038
394087
394137
394163
394178
394190
394184
394193
394203
394224
394234
394244
394245
394252
394256
394281
394287
394308
394468
394582
394631
394665
394670
394678
394683
394699
394703
394715
394716
394739
394754
394757
394760
394762
394957
395089
395605
398291
398405
398455
398467
398483
398514
398520
399077
401458
401469
401492
401497
401501
401502
401506
401514
401515
401531
401540
401555
401564
401575
401606
401644
401863
401869
401902
401937
402009
402014
402076
402474
402502
405221
405952
407824
407937
407975
408019
408083
408107
408166
408183
409487
409500
409510
409511
409517
409520
409523
409544
409550
409561
409577
410069
410075
410095
410112
410116
410125
410126
410150
410156
410165
410184
410196
410209
410216
410227
410239
410249
410254
410265
410273
410279
410288
410351
410368
410384
410389
410462
410468
410532
410604
410653
410666
411244
414425
415224
415364
415530
415538
415581
416142
416155
416162
416166
416223
416455
416459
416577
416635
416652
416850
419272
419697
419788
419845
420155
420275
420374
420461
420505
420544
420561
420989
421003
421044
421092
421120
421343
421389
421533
421660
421720
421750
421963
422114
422706
423114
423132
423166
423215
423309
423322
423818
423850
423856
423913
424132
424142
424281
424319
424336
424342
424345
424382
424403
424422
424428
424472
424483
424489
424490
424519
424522
424530
424558
424582
424634
424882
424988
424999
425020
425023
425026
425326
425394
425433
425435
425445
425472
425480
425486
425495
425512
425522
425527
425535
425544
425559
425561
425713
425736
425756
425861
425869
425884
425886
425887
425926
425977
426000
426015
426022
426052
426079
426531
426536
426540
426549
426553
426559
426564
426569
426579
426591
426625
426629
426657
426681
426684
426691
426694
426702
426749
426769
426774
426795
426811
426832
426855
428939
430303
430405
432125
432701
432702
432726
432729
432734
432740
432872
434770
434822
434906
434914
435722
435816
435824
435841
435846
435928
437089
437176
437986
438836
438854
438925
439043
439432
439440
439451
439486
439493
439495
439517
439586
439869
439892
439895
439910
439918
440017
440297
440323
440349
440487
440511
440602
440630
440697
440705
440925
441053
441055
441092
441098
441177
441288
441325
441356
441417
441456
441487
441558
441610
441619
441648
441792
441843
441879
441897
441931
442270
442274
442361
442383
442403
442410
442464
442798
443049
443067
443099
443220
443237
443249
443292
443426
444040
444816
444851
445055
445096
445162
445170
445176
445189
445194
445211
445290
445323
445337
445387
445391
445410
445410
445424
445443
445451
445456
445467
445472
445668
445702
445773
446067
446078
446091
446103
446331
446599
446608
446809
446850
446983
447012
447061
447080
447083
447099
447103
447303
447315
447328
447391
447492
447500
447515
449040
449937
450094
450083
450128
450128
450137
450144
450147
450161
450153
450164
450168
450190
450242
450233
450323
450333
450352
450365
450373
450388
450394
450477
450760
450815
450817
450856
450860
450856
450892
450909
450913
450927
450928
450940
450945
451166
451168
451191
451198
451193
451203
451237
451246
451325
451365
451407
451444
451445
451463
451450
451459
451496
451483
451504
451517
451567
451569
451563
451578
451772
451838
451869
451870
451876
451891
451921
452035
452050
452653
452749
452928
452962
453010
453034
453047
453098
453107
453139
453146
453180
453190
453201
453204
453220
453231
453236
453238
453240
453250
453256
453260
453269
453273
453290
453296
453298
453303
453307
453311
453314
453347
453348
453353
453359
453380
453387
453395
453668
453703
453958
453980
454034
454433
454445
454458
454478
454490
454493
454509
454522
454524
454531
454552
454556
454564
454582
454588
454590
454611
454615
454646
454654
454793
454824
454847
454856
454914
454919
454931
454952
454954
454941
454969
454979
454965
454990
454976
455006
455015
455122
455256
455309
455286
455306
455331
455381
455362
455392
455393
455413
455423
455432
455450
455426
455685
455702
455804
455890
455903
455907
455923
456066
457276
457436
457471
457574
457584
458082
458094
458102
458104
458110
458117
458119
458126
458127
458130
458139
458144
458149
458152
458154
458161
458166
458171
458173
458179
458189
458196
458198
458201
458216
458227
458230
458241
458320
458390
458398
458412
458418
458432
458450
458912
459033
459079
459187
459779
459861
459922
459941
459980
460004
460006
460021
460218
460332
460334
460336
460338
460340
460345
460348
460350
460360
460361
460364
460374
460376
460377
460379
460389
460395
460405
460409
460410
460413
460415
460417
460421
460425
460430
460435
460438
460445
460450
460458
460460
460462
460495
460508
460513
460514
460519
460521
460530
460545
460582
460593
460641
460709
460774
460809
460818
460863
460983
461004
461000
461008
461010
461011
461016
461020
461027
461043
461043
461044
461046
461047
461074
461078
461079
461091
461101
461122
461156
461155
461162
461164
461183
461186
461203
461208
461241
461235
461236
461248
461249
461257
461259
461261
461270
461272
461281
461284
461308
461321
461340
461345
461406
461432
461451
461451
461639
461737
462000
462010
462014
462048
462058
462062
462063
462064
462069
462077
462079
462107
462139
462211
462236
462241
463590
463719
463981
463994
463994
464004
464007
464011
464011
464020
464024
464030
464037
464040
464039
464041
464042
464065
464055
464055
464059
464075
464065
464069
464094
464081
464098
464122
464110
464115
464118
464121
464121
464141
464132
464137
464138
464145
464146
464148
464152
464155
464157
464157
464173
464162
464163
464170
464171
464173
464175
464182
464185
464188
464192
464192
464216
464202
464212
464220
464243
464245
464245
464248
464249
464257
464260
464261
464262
464267
464277
464282
464286
464287
464289
464291
464297
464298
464304
464306
464308
464311
464311
464313
464326
464326
464329
464331
464333
464343
464350
464355
464356
464369
464373
464391
464392
464400
464406
464409
464410
464414
464422
464437
464441
464454
464463
464472
464475
464495
464485
464495
464531
464534
464518
464521
464525
464549
464828
464841
464844
464850
464869
464876
464889
464934
464935
464953
465027
465044
465080
465097
465118
465254
465293
465320
465325
465339
465320
465386
465460
465483
465632
465644
465647
465647
465650
465652
465653
465660
465664
465670
465675
465688
465691
465691
465698
465701
465711
465714
465726
465730
465736
465737
465752
465757
465764
465796
465853
465938
465967
465974
465978
465984
466004
466017
466017
466018
466024
466026
466028
466028
466030
466059
466044
466074
466075
466078
466060
466091
466111
466112
466116
466119
466131
466135
466142
466143
466150
466153
466161
466164
466168
466160
466171
466175
466176
466181
466183
466186
466189
466204
466204
466220
466225
466228
466231
466232
466250
466265
466280
466281
466271
466304
466311
466314
466320
466328
466339
466344
466354
466358
466370
466381
466383
466394
466426
466437
466442
466456
466479
466482
466504
466504
466506
466529
466532
466536
466540
466532
466539
466549
466551
466562
466567
466581
466596
466680
466685
466686
466688
466698
466699
466712
466717
466718
466718
466719
466736
466739
466742
466747
466748
466751
466769
466784
466801
466813
466818
466823
466839
466841
466845
466847
466849
466858
466864
466869
466872
466873
466874
466875
466879
466883
466862
466878
466903
466905
466906
466913
466918
466923
466905
466928
466931
466935
466938
466945
466954
466957
466961
466967
466973
466980
466994
467011
467020
467022
467018
467020
467021
467044
467050
467030
467068
467077
467080
467084
467069
467093
467072
467073
467100
467107
467100
467133
467146
467149
467128
467151
467137
467163
467142
467145
467172
467185
467203
467208
467215
467221
467226
467233
467234
467250
467253
467256
467267
467270
467275
467277
467281
467290
467293
467299
467305
467307
467308
467331
467312
467357
467920
468041
468311
468393
469459
469505
470217
470252
470285
470325
470349
470373
470377
470390
470394
470406
470415
470420
470427
470434
470431
470483
470485
470504
470507
470508
470522
470529
470538
470545
470546
470541
470548
470544
470625
470712
470826
470925
470988
471064
471070
471085
471137
471237
471272
471290
471291
471295
471297
471303
471304
471307
471325
471339
471343
471347
471343
471358
471373
471383
471427
471431
471435
471438
471462
471474
471495
471498
471527
472006
472009
472599
472690
472778
472794
472802
472803
472961
473001
473561
473653
473657
473666
473668
473692
473691
473715
473724
473727
473733
473758
473791
473801
473808
473878
473879
473894
473902
473904
473907
473918
473910
473948
473951
473954
473957
473969
473992
473996
474024
474074
474075
474086
474159
474177
474244
474530
474537
474549
474558
474563
474567
474590
474593
474597
474609
474631
474649
474683
474689
474692
474698
474721
474738
474750
474831
474840
474845
474848
474853
474855
474861
474882
474942
474953
474957
474974
474975
474978
474989
475081
475089
475116
475135
475157
475158
475191
475246
475267
475287
475299
475858
476144
476162
476620
476656
476673
476679
476691
476704
476734
476722
476727
476746
476757
476775
476787
476921
477530
477798
477799
477803
477808
477836
477854
477856
477858
477900
477915
477969
477972
478046
478391
478404
478412
478453
478506
479199
479407
479410
479504
479944
480118
480467
480474
480533
480541
480814
480858
480859
480868
480870
480875
480904
480909
480943
480949
480964
480972
480976
480989
481018
481027
481039
481042
481065
481205
481518
481532
481567
481575
481618
481620
481632
481646
481654
481660
481661
481677
481683
481699
481700
481705
481715
481716
481716
481726
481728
481729
481747
481759
482366
482371
482377
482422
482742
483397
483399
483466
483484
483499
483566
483586
484002
484311
484315
484322
484324
484342
484343
484380
484550
484790
484968
484955
485097
485272
485330
485340
485455
485458
485501
485909
485919
485924
485928
485943
486414
486465
486498
486591
487297
488187
488241
488246
488319
488400
488401
488440
488708
489068
489082
489253
490161
490211
490225
490316
490364
490375
490449
490490
490493
492626
492706
493347
493371
493473
493485
493487
493489
493553
493575
493805
493821
493888
494089
496010
496066
496100
496103
496153
496307
496360
496392
496432
496453
496486
496493
496505
496515
496532
496539
496544
496553
496557
496589
496590
496605
496614
496637
496645
496662
496697
496720
497158
497177
497380
497602
498560
498596
498624
498648
498705
498714
498723
498904
498921
498931
498966
499010
499064
499067
499105
499142
499351
499357
499363
499368
499490
499598
499620
499656
499666
499667
499676
499683
499687
499692
499696
499709
499710
499708
499717
499715
499729
499730
499737
499755
499759
499768
499777
499782
499797
499836
499885
499886
499929
499938
499979
500003
500011
500021
500037
500041
500056
500062
500081
500083
500118
500164
500187
500194
500197
500277
500281
500285
500289
500316
500317
500321
500365
500408
500436
500438
500446
500449
500451
500511
500569
500710
500715
500834
500840
501309
501965
501973
501997
502130
502204
502834
502858
503223
503234
503235
503242
503264
503286
503323
503333
503356
503364
503420
503489
503537
503615
504204
504457
504472
504493
504738
504770
504775
504779
504784
504803
504806
504806
504844
504873
504934
505151
505165
506396
506943
507062
507651
508273
508334
508385
508403
508430
508433
508447
508459
508497
508545
508623
508726
508899
509126
509132
509142
512150
512658
512660
512684
512822
513993
514068
514097
514099
514118
514173
514452
516923
517407
518500
518508
518519
518533
518577
520195
520634
520636
520718
521200
521348
521360
521388
521407
521425
521433
521436
521439
521446
521464
521465
521468
521479
521486
521569
521756
522041
522278
522545
522575
522590
522613
522623
522648
522652
522662
523004
523045
523076
523078
523212
523246
523258
523287
523294
523308
524760
525090
525114
525328
525356
525359
525365
525369
525399
525419
526839
527081
527121
529454
531856
531930
531935
532161
532302
532317
532340
532354
532634
532665
532702
532774
532802
532809
532812
532822
532833
533572
533598
533620
533633
533636
533641
533653
533674
533676
533681
533683
533690
533695
533700
533703
533710
533711
533741
533745
533803
533936
533944
533967
533982
533998
533999
534100
534148
534172
534208
534288
534313
534320
534421
534491
534568
534594
534603
535028
535801
535855
535857
535917
536192
536214
536220
536223
536224
536252
536284
536429
536444
536487
536508
536513
536521
536545
536551
536547
536570
536576
536624
536690
536754
536760
536884
536888
536921
536933
536944
536972
536994
537020
537015
537024
537027
537022
537046
537045
537050
537070
537070
537075
537076
537088
537086
537090
537115
537155
537198
537469
537936
537982
538056
538071
538217
538222
538272
538280
538290
538336
538338
538483
539240
540002
540070
540124
540139
540488
540999
541077
541082
541091
541093
541121
541145
541190
541248
541256
541271
541273
541284
541290
541302
541321
541723
541868
541892
541900
541926
541935
541957
541969
541969
541971
541976
541976
541980
541982
541990
541991
542001
542007
542008
542015
542018
542026
542033
542051
542074
542968
543060
543460
543569
543728
543830
544063
544070
544090
544105
544119
544136
544136
545136
545162
545430
545441
545442
545446
545461
545481
545494
545499
545500
545516
545534
545541
545545
545554
545560
545563
545575
545601
545603
545605
545616
545618
545667
545679
545684
545696
545701
545711
545729
545736
545743
545759
545767
545777
545792
545794
545850
545835
545861
545867
545906
545954
545954
545966
546057
546058
546064
546079
546081
546109
546119
546122
546147
546152
546164
546169
546177
546210
546228
546248
546280
546286
546287
546336
546347
546348
546351
546359
546372
546396
546408
546407
546418
546420
546428
546434
546463
546478
546487
546497
546510
546552
546557
546580
546623
546627
546642
546661
546678
546740
546825
546853
546908
547028
547031
547046
547068
547075
547078
547080
547093
547095
547098
547107
547122
547133
547140
547145
547176
547163
547167
547185
547193
547179
547202
547210
547216
547256
547510
547807
547812
547834
547838
550526
550800
550824
550889
550895
550923
550932
550946
550980
551001
551004
551006
551305
551990
552029
552047
552058
552058
552059
552083
552101
552265
552267
552299
552385
552387
552428
552454
552480
552504
552561
552637
552646
552647
552658
552669
552673
552716
552738
552741
552843
552881
552886
552898
552911
553096
553127
553132
553139
553149
553150
553153
553155
553171
553183
553210
553252
553256
553266
553278
553280
553319
553310
553315
553317
553324
553325
553356
553350
553372
553365
553391
553395
553427
553434
553437
553476
553516
553532
553563
553612
553616
553600
553621
553605
553625
553617
553654
553685
553700
553711
553734
553761
553830
554956
554966
554975
554981
554988
554991
555001
555003
555006
555014
555020
555037
555044
555051
555874
555879
556186
556249
556281
556752
557191
557350
557352
557386
557468
558054
558184
558238
558265
558295
558606
559851
559873
559890
559894
559898
559912
559914
559919
559929
559935
559947
559950
559970
560217
561246
561307
561351
561352
561471
561502
561530
561558
561604
561662
561672
561675
561698
562163
562556
562909
564095
564125
564157
564166
564207
564220
564224
564234
564250
564267
564268
564393
564399
564451
564651
564665
564678
564741
564765
564769
564771
564775
564781
564821
564867
565230
565361
565717
566206
566235
566242
566297
566345
566367
566757
571576
571620
571621
571662
571673
571677
571718
571723
571732
571745
571753
571759
571764
571781
571785
571786
571794
571833
571853
572104
572484
572639
572668
573377
573381
573387
573389
573392
573399
573445
573454
573455
573467
573471
573472
573477
573495
573546
573565
573618
573690
573713
573772
573801
573828
573937
574736
578787
579178
579188
579193
579281
579735
579736
579776
579780
579784
579790
579808
579813
579827
579829
579835
579840
579874
579885
579886
579888
579890
579902
579915
580002
580027
580032
580039
580027
580053
580072
580079
580117
580130
580136
580138
580146
580154
580144
580159
580181
580213
580210
580240
580245
580273
580352
580472
580636
580648
580686
580709
580778
581545
581581
581635
581661
581672
581683
581690
581745
582679
582738
582748
583623
583630
583695
583701
583718
583728
583734
583770
583781
583784
583797
583810
583815
583851
583880
583902
583956
584513
584518
584562
584579
584781
584829
584890
584967
584975
585126
585283
585285
585321
585354
585355
585358
585361
585377
585381
585391
585396
585400
585404
585415
585438
585446
585453
585458
585459
585461
585479
585468
585470
585473
585484
585497
585504
585522
585540
585541
585534
585547
585548
585549
585557
585559
585563
585564
585579
585568
585572
585575
585583
585586
585588
585593
585595
585599
585611
585616
585620
585636
585643
585645
585664
585666
585684
585686
585690
585693
585695
585702
585705
585708
585716
585721
585724
585729
585730
585739
585748
585754
585764
585771
585779
585781
585784
585800
585801
585808
585809
585811
585812
585814
585817
585818
585825
585826
585830
585835
585838
585846
585874
585877
585903
585945
585938
585939
585998
586004
586024
586037
586049
586061
586062
586081
586073
586107
586114
586125
586125
586130
586153
586166
586170
586179
586189
586192
586199
586205
586209
586213
586221
586228
586231
586253
586255
586271
586278
586285
586429
586760
586813
586904
587736
587752
587761
587777
587779
587805
587820
587908
587910
587940
587944
588100
588128
588137
588126
588155
588180
588165
588183
588189
588192
588211
588194
588213
588220
588226
588221
588246
588249
588244
588246
588276
588259
588266
588292
588277
588279
588300
588305
588324
588310
588320
588332
588347
588365
588368
588390
588375
588385
588416
588408
588436
588439
588514
588526
588575
588595
588587
588636
588695
588703
588725
588747
588776
588803
588812
588836
588848
588858
588864
588876
588881
588883
588888
588895
588922
588929
588944
588952
588958
588966
588971
588977
589007
589077
589479
589647
589657
589840
589842
589858
589861
589866
589881
589911
589912
589908
589910
589914
589932
589951
589943
589949
589975
589969
589986
589979
589985
590003
590062
590093
590111
590113
590114
590120
590122
590124
590129
590134
590136
590142
590133
590144
590152
590162
590216
590252
590264
590329
590360
590371
590391
590401
590401
590405
591027
591485
591490
591613
592321
592321
592325
592333
592335
592341
592348
592349
592351
592355
592370
592374
592377
592379
592381
592392
592394
592397
592410
592410
592420
592420
592434
592435
592439
592457
592461
592465
592466
592471
592486
592490
592511
592514
592531
592532
592541
592553
592558
592559
592564
592736
592800
592827
592840
592895
592897
592900
592905
592919
592926
592928
592960
592970
592986
593002
593012
593049
593050
593209
593225
593242
593407
593418
593484
593497
593500
593508
593509
593743
593766
593774
593796
593799
594077
594105
594162
594173
594226
594237
594315
594316
594323
594334
594342
594374
594401
594392
594410
594407
594419
594449
594450
594491
594474
594487
594497
594533
594537
594549
594569
594576
594584
594598
594605
594631
594644
594650
594654
594682
594668
594720
594771
594807
594817
594840
594879
594882
594900
594908
594908
594922
594928
594947
594944
594948
594948
594952
594954
594958
594970
594997
595138
595157
595179
595174
595187
595180
595194
595250
595253
595260
595259
595286
595259
595290
595268
595283
595328
595299
595317
595335
595361
595333
595339
595355
595364
595369
595398
595370
595397
595427
595446
595418
595423
595445
595462
595445
595490
595496
595497
595517
595528
595514
595521
595534
595553
595544
595552
595552
595581
595572
595559
595561
595565
595597
595612
595600
595609
595628
595622
595648
595644
595651
595655
595679
595680
595677
595712
595737
595759
595850
595870
595893
595894
595897
595930
595943
595948
595964
595973
595983
596001
596003
596005
596030
596084
596095
596129
596173
596204
596245
596247
596326
596350
596336
596364
596367
596368
596385
596388
596395
596412
596415
596422
596434
596446
596442
596475
596471
596555
596562
596594
596608
596628
596645
596646
596676
596665
596658
596683
596704
596725
596739
596727
596730
596763
596733
596769
596746
596767
596753
596787
596798
596788
596798
596800
596812
596856
596843
596860
596890
596890
596901
596925
596906
596921
596924
596938
596945
596951
596965
596986
596989
596976
597018
597043
597050
597055
597090
597093
597141
597163
597173
597178
597166
597196
597212
597196
597200
597202
597211
597237
597252
597279
597283
597312
597327
597318
597347
597367
597393
597420
597439
597518
597549
597613
597874
598023
598087
598117
598229
598550
598692
598701
598706
598724
598751
598764
598783
598805
598811
598817
598840
599664
599688
600863
601010
601055
601308
601479
601496
601565
601949
602667
603632
603633
603717
603766
604339
605261
605420
605498
605597
605718
606190
606538
606629
606904
606913
606934
606970
607035
607048
607273
607416
607482
607491
608126
608141
608190
608204
608961
609076
609330
609651
612049
612058
612065
612120
612129
613292
613297
613384
613462
613485
613496
613509
613536
613566
613568
613587
613736
613738
613883
613918
616022
616222
616857
616880
617062
617073
617204
617537
617593
617625
617791
617814
617831
617840
618020
618584
618642
618723
620440
620760
622060
622299
622499
622626
622671
622689
623258
623543
623574
623611
623653
623709
623754
623743
623746
625240
625256
625289
625783
626355
626758
627075
629353
629870
629948
629991
629992
630009
630034
630039
630047
630051
630053
630074
630142
630623
630852
630925
632375
632706
632707
633037
633096
633479
633488
633523
633528
633533
633545
633550
633565
633572
633790
633813
633846
633927
634539
634585
634628
634651
634658
634657
634693
634792
635370
635390
635395
635403
635420
635531
635565
635651
635654
635802
635876
636981
637024
637176
637220
637238
637347
642751
643003
644243
646579
648543
648561
648578
648590
648614
648684
648712
648714
648722
648788
649747
649774
649817
649847
649952
649965
649989
649993
650017
650035
650039
650044
650055
650064
650087
650113
650129
650188
650235
650239
650291
650294
650302
651929
652413
652459
652477
652482
652663
652664
652670
653759
653764
653766
653818
654715
654739
654767
654820
654932
654973
654998
655050
655061
655083
655073
655095
655109
655125
655219
655354
655952
655985
656000
656017
656052
656066
656088
656093
656105
656148
656167
656185
656192
656208
656217
656236
656264
656271
656295
656357
656386
656427
656453
656458
656461
656487
656492
656495
656500
656511
656543
656549
656858
656915
656957
657034
657348
657648
657655
657666
657672
657694
657728
657738
657799
657856
657863
657997
658045
658431
658455
658459
658460
658487
661273
662146
662247
662814
662927
663050
664411
664473
664520
664523
664562
664597
664611
664615
664656
664970
665305
666904
666920
666933
666950
666968
666978
667011
667013
667036
667049
667774
667787
667802
667807
667812
667814
667846
667908
667929
669557
671609
672579
672846
672953
672957
672992
673008
673012
673025
673032
673047
673371
673384
673394
673401
673424
673426
673447
673798
673807
673834
673921
673925
673931
673942
673953
673978
675477
675479
675508
675856
675870
675892
676363
676558
676602
676993
677038
677041
677061
677284
677305
677330
677355
677379
677388
677431
677479
677549
677568
677583
677615
677862
678545
678711
678787
678812
678898
678908
678946
678991
679023
679031
679054
679056
679130
679468
679485
679509
679532
679523
679540
679545
679572
679574
679616
679785
679876
679881
679890
679891
679916
679919
681223
681258
681362
681379
681383
681424
681438
681440
681463
681486
681495
681504
681509
681532
681534
681562
681636
682274
683770
683794
683952
683984
683986
684028
684208
684217
684326
684494
684504
684521
684543
684548
684571
684587
684590
684629
684638
684734
684746
684756
685685
685814
686907
686946
687911
687924
687936
687946
688500
688734
688763
689748
692109
692165
692261
692826
692890
692911
692918
692965
692975
693006
693035
693288
693631
693709
693751
693935
693987
694013
694132
694320
694656
694658
694693
694723
694763
694774
694786
694828
695213
695520
696149
696188
696210
696244
696259
696281
696459
702572
702815
703269
703300
703362
706537
706757
707193
707817
709164
709347
709919
710016
711544
711600
711617
711623
711702
712095
712100
712169
712209
712210
712262
712561
712902
713757
713778
713874
713878
713897
713911
713944
714021
714040
714331
714362
714402
714525
714654
714793
714820
714827
714842
714878
714885
714972
714978
715222
715241
715432
715566
715822
715856
715917
716063
716096
716121
716137
716406
716967
716971
717003
717028
717120
717123
717194
717243
717291
717289
717429
717508
717535
717542
717616
717623
717670
717858
718181
718510
718799
718946
719003
719745
719987
720047
720061
720098
720260
720898
722302
723168
724541
724542
724731
724761
724798
732339
732392
732711
732969
732988
732994
733011
733022
733022
733030
733032
733043
733044
733063
733071
733072
733100
733143
734768
737138
737158
737252
737290
737327
737374
737376
737387
737402
738038
738053
738529
738700
742179
743252
743299
743329
743808
743824
744099
744233
744751
745238
745420
745455
745713
745742
745782
745819
745843
745947
745983
745988
746000
746270
746283
746286
746331
746337
746609
746613
746663
750170
750184
750185
750409
750433
750442
750459
750472
750477
750555
750586
750815
751053
751440
751476
751939
751954
751965
752064
752130
752438
752574
752583
752599
752603
752614
752653
752805
752839
752885
752910
752924
752982
753005
753033
753116
753176
756442
756534
756917
756938
757315
757324
757373
757427
757673
758030
758035
758073
758296
758376
758921
759155
759526
759546
759614
759700
759752
759755
759880
760469
760532
760550
760587
760787
760838
761126
762056
762095
762128
769110
769150
770828
771018
771043
771081
771130
771173
771180
771174
771188
771199
771198
771208
771223
771271
771304
771306
771335
771339
771346
771415
771425
771457
771481
771472
771497
771498
771629
772161
772168
772524
772532
772823
772874
772894
773019
773478
773495
773501
773532
773553
773886
774279
774285
774368
774368
774370
774384
774474
778006
778029
778084
778099
778183
778215
778219
778398
778729
778900
778955
778996
779067
779083
779106
779112
779114
779122
779130
779174
779183
779186
779195
779210
779215
779234
779359
780297
780806
782066
782142
782245
782527
782622
782650
782672
783519
783563
783726
783736
783771
783768
783796
783830
783842
783911
783933
783974
784001
784008
784033
784047
784089
784562
784576
784603
784716
784740
784761
784810
785056
785075
785112
785200
785363
785382
785402
785446
785619
785644
785695
785697
785700
785775
785785
785835
785857
785895
785920
786005
786016
786109
786149
786176
786181
786230
786214
786224
786227
786254
786278
786306
786321
786328
786320
786333
786339
786362
786742
786751
786773
786772
786772
786792
786821
786832
786909
786923
786929
786967
787160
787177
787190
787191
787212
787197
787223
787234
787263
787266
787380
787390
787562
787581
787627
787647
787714
787734
789067
789202
789430
789490
789506
789531
789588
789626
789635
789676
789681
789686
789688
789704
789759
789768
789770
789782
789783
789790
789806
789824
789825
789849
789850
789865
789876
789884
789896
789902
789903
789920
789946
789961
789966
789973
789991
790048
790064
790112
790114
790127
790131
790142
790188
790191
790198
790216
790217
790256
790281
790300
790313
790322
790349
790380
790412
790439
790619
790685
790889
790934
790992
791539
791928
791939
792094
792113
792123
792130
792245
792291
792348
792362
792370
792393
793418
794215
794256
794269
794307
794303
794311
794336
794336
794340
794479
794653
794915
794996
795138
795156
795163
795165
795187
795173
795190
795200
795215
795250
795238
795248
795259
795271
795276
795357
795609
799195
799887
799895
799953
799957
799967
799969
799998
800013
800014
800027
800073
800304
800327
800387
800511
800538
800560
800566
801313
801325
801384
801418
801416
801442
801457
801500
801650
801671
801694
801704
801709
801733
801739
801750
801752
801768
802501
802529
802755
802793
802810
802826
802850
802879
802929
802932
802960
802965
802980
803013
803029
803065
803075
803087
803090
803430
803508
803522
803509
803536
803559
803557
803602
803728
803839
803864
803899
803990
803996
804008
804148
804892
805047
805048
805065
805086
805118
805127
805172
806340
806342
806344
806358
806371
806429
806454
806828
806894
806934
807047
807037
807046
807059
807101
807095
807124
807126
807123
807129
807139
807154
807155
807157
807162
807169
807191
807198
807237
807238
807248
807250
807234
807244
807262
807276
807323
807330
807341
807401
807639
807661
807738
807742
807791
807797
807800
807792
807793
807793
807803
807818
807822
807845
807859
807865
807885
807903
807913
807916
807924
807934
807946
807941
807952
807957
807960
807965
807977
807978
807987
807991
808035
808014
808017
808019
808049
808054
808039
808045
808076
808101
808113
808114
808124
808133
808135
808141
808144
808148
808180
808181
808185
808187
808190
808191
808195
808200
808201
808202
808211
808220
808226
808233
808241
808254
808271
808282
808284
808305
808353
808362
808390
808394
808416
808418
808426
808442
808447
808456
808462
808488
808534
808540
808541
808554
808558
808574
808608
808677
808797
808799
808820
809069
809092
809105
809114
809117
809134
809144
809147
809166
809168
809173
809173
809184
809185
809203
809217
809227
809256
809262
809317
809369
809380
809396
809390
809482
809537
809663
809871
809897
809961
810065
810085
810725
810732
810763
810924
810923
810941
810935
810941
810973
810975
810977
810990
810996
811014
811016
811029
811026
811040
811042
811046
811056
811058
811059
811060
811061
811067
811077
811085
811099
811095
811095
811113
811103
811106
811120
811122
811128
811152
811152
811153
811178
811184
811192
811217
811288
811340
811384
811411
811432
811470
811473
811477
811485
811490
811514
811495
811521
811526
811534
811535
811541
811565
811587
811589
811595
811604
811629
811629
811643
811650
811659
811662
811664
811669
811671
811673
811675
811675
811679
811685
811688
811697
811701
811705
811709
811712
811727
811736
811740
811731
811743
811753
811758
811762
811767
811769
811773
811832
811906
811919
811922
811930
811937
811939
811945
811947
811952
812018
812022
812035
812039
812045
812049
812065
812057
812064
812064
812085
812076
812081
812089
812093
812095
812104
812119
812122
812113
812121
812124
812127
812129
812145
812147
812149
812168
812173
812184
812193
812184
812210
812214
812218
812207
812209
812224
812215
812230
812219
812221
812225
812231
812250
812238
812239
812245
812249
812251
812270
812288
812279
812284
812290
812294
812308
812305
812326
812335
812350
812359
812364
812379
812533
812637
812652
812665
812670
812678
812681
812695
812683
812688
812690
812705
812693
812694
812695
812696
812701
812704
812705
812720
812723
812712
812717
812719
812727
812728
812731
812744
812746
812750
812758
812760
812764
812771
812764
812782
812770
812784
812774
812791
812786
812799
812799
812788
812790
812810
812810
812813
812824
812825
812815
812835
812838
812839
812843
812846
812873
812877
812878
812891
812892
812894
812897
812899
812901
812902
812904
812907
812911
812914
812916
812920
812929
812917
812938
812965
812988
812983
812989
813015
813021
813023
813028
813031
813046
813052
813060
813071
813077
813081
813083
813093
813098
813098
813112
813113
813119
813120
813133
813135
813138
813139
813136
813144
813147
813154
813157
813157
813161
813164
813169
813171
813174
813175
813179
813183
813185
813183
813191
813197
813194
813198
813201
813200
813205
813202
813209
813209
813211
813218
813225
813227
813223
813230
813232
813233
813239
813252
813262
813264
813268
813275
813270
813275
813294
813317
813366
813374
813376
813378
813384
813388
813404
813440
813441
813472
813531
813617
813629
813636
813643
813657
813677
813682
813695
813703
813710
813713
813716
813719
813753
813754
813755
813760
813763
813770
813774
813781
813787
813788
813815
813821
813827
813840
813857
813866
813868
813875
813884
813886
813899
813901
813913
813916
813926
813945
813951
813953
813956
813964
813970
813973
813976
813988
813985
813988
814030
814070
814074
814088
814098
814142
814170
814148
814173
814205
814193
814211
814215
814217
814247
814319
814330
814333
814342
814349
814353
814359
814367
814371
814374
814380
814390
814394
814410
814425
814477
814490
814530
814536
814546
814561
814548
814591
814610
814636
814647
814654
814669
814729
814845
814849
814882
814917
814920
814934
814941
814965
814950
814964
814964
814968
814969
814970
814970
814975
814978
814979
814984
814985
814986
814992
814994
815004
815011
815012
815015
815056
815064
815071
815107
815109
815127
815426
815448
815508
815537
815563
815577
815591
815599
815603
815606
815591
815621
815600
815611
815612
815615
815619
815625
815782
815834
815848
815852
815854
815869
815873
815883
815884
816450
816459
816581
816587
816589
816597
816620
816622
816666
816707
816729
816781
816818
816835
816847
816848
816852
816956
817081
817085
817104
817117
817120
817128
817140
817148
817152
817163
817164
817163
817169
817172
817187
817194
817195
817205
817217
817216
817217
817222
817222
817231
817232
817219
817236
817239
817240
817244
817243
817247
817240
817264
817271
817282
817288
817297
817307
817302
817334
817345
817413
817449
817483
817504
817512
817515
817673
817726
817806
817850
817835
817864
817850
817875
817881
817855
817882
817886
817860
817891
817868
817866
817870
817901
817910
817897
817904
817906
817932
817912
817922
817931
817936
817954
817964
817970
818023
818043
818045
818089
818094
818098
818100
818102
818105
818109
818121
818146
818135
818157
818136
818167
818171
818149
818152
818181
818161
818188
818189
818190
818191
818170
818195
818215
818217
818220
818235
818349
818358
818384
818391
818399
818407
818414
818417
818431
818439
818448
818451
818466
818480
818493
818499
818509
818513
818520
818527
818531
818532
818919
818919
818931
818955
818977
819006
819045
819054
819058
819080
819109
819113
819117
819124
819125
819174
819761
819763
819765
819775
819779
819780
819785
819789
819799
819802
819807
819812
819813
819821
819829
819830
819832
819836
819837
819846
819851
819861
819867
819878
819881
819897
819902
819906
819911
819916
820077
820129
820151
820163
820166
820200
820211
820214
820220
820235
820238
820244
820258
820263
820248
820267
820267
820269
820274
820278
820283
820285
820286
820290
820294
820296
820300
820303
820305
820308
820311
820316
820316
820322
820327
820331
820335
820340
820346
820355
820490
820566
820636
820678
820697
821278
821302
821653
821663
821667
821682
821709
821745
821751
822696
822738
822805
822819
822830
822849
822853
822864
822848
822876
822882
822901
822912
822920
822923
822928
822939
822969
822976
822980
822985
822998
823014
823045
823057
823076
823081
823087
823115
823133
823156
823160
823170
823171
823190
823192
823197
823206
823221
823229
823247
823252
823289
823297
823303
823309
823323
823399
823371
823402
823374
823405
823407
823413
823414
823423
823426
823431
823465
823525
823527
823558
823570
823575
823606
824006
824028
824225
824241
824262
824268
824268
824273
824276
824278
824283
824285
824290
824295
824300
824301
824303
824305
824316
824319
824323
824340
824294
824375
824378
824381
824382
824390
824418
824427
824430
824440
824442
824462
824470
824478
824486
824488
824491
824498
824499
824504
824511
824516
824523
824596
824605
824627
825128
825222
825228
825244
825305
825313
825271
825334
825291
825355
825365
825416
825785
825788
825804
825856
825866
825870
825871
825892
825893
825894
825895
825898
825903
825910
825916
825920
825923
825930
825956
825962
825965
826003
826200
826196
826200
826259
826265
826268
826280
826293
826299
826310
826321
826333
826337
826346
826354
826355
826359
826372
826406
826421
826428
826473
826503
826511
826521
826838
826884
826907
826945
826947
826988
828683
828741
828975
828992
828998
829016
829028
829135
829314
829327
829557
829700
829710
829712
829717
829721
829727
829730
829732
829734
829757
829773
829774
829797
829804
829807
829810
829816
829825
829828
829835
829844
829845
830019
830021
830032
830034
830038
830050
830057
830062
830063
830066
830074
830077
830078
830079
830082
830105
830397
830406
830431
830465
830470
830475
830479
830486
830491
830493
830494
830498
830541
830545
830547
830553
830536
830555
830559
830561
830564
830566
830578
830600
830604
830607
830610
830615
830617
830627
830622
830641
830637
830640
830647
830658
830662
830665
830671
830676
830684
830691
830694
830708
830710
830729
830731
830748
830762
830787
830823
830847
830905
830919
830931
830945
830949
830960
830954
830969
830974
831074
831314
831327
831359
831498
831531
831557
831602
831603
831621
832028
832798
832815
833181
833774
833959
834101
834153
834176
834193
834262
834316
834318
834601
834653
834716
834807
834817
834843
834847
834872
835307
835310
835317
835321
835324
835330
835336
835340
835354
835555
835567
835615
835616
835650
835703
835708
835717
835731
835737
835749
835757
835764
835777
835797
835805
835810
835812
835829
835852
835864
835866
835872
835879
835887
835904
835928
835930
835934
835943
835958
835973
835986
835994
836002
836041
836043
836078
836166
836480
836484
836494
836502
836517
836521
836526
836529
836754
836836
839175
839231
839268
839286
839304
839307
839335
839347
839348
839363
839405
839409
839420
839439
839445
839448
839453
839467
839476
839486
839488
839503
839508
839523
839555
839568
839784
839836
839853
839877
839912
839942
841585
842333
842350
842357
842362
843229
843430
843491
843807
843822
843831
843844
843866
843910
843919
843975
845065
845431
845906
845943
845926
845946
845933
846028
846030
846040
846053
846105
846119
846145
846146
846158
846184
846225
846285
846347
846663
846718
846720
846739
846785
847761
847857
847858
847876
847910
847911
847946
847948
847952
847956
847967
847973
847981
847983
847985
847992
847993
848004
847994
848001
848006
848011
848016
848021
848036
848043
848082
848166
848640
848649
848653
848694
848707
849239
849249
849252
849260
849267
849285
849293
849555
849633
849637
849667
849681
849705
849877
849915
849955
850397
850416
851170
851598
851605
851638
852100
852120
852351
852355
852372
852377
852379
852382
852390
852418
852421
852433
852449
852446
852465
852467
852459
852467
852488
852539
852559
852612
852628
852630
852642
852710
852723
852736
852739
852748
852766
852778
852779
852783
852793
852796
852802
852821
852834
852851
852852
852862
852870
852864
852876
852878
852888
852889
852888
852906
852941
852945
852957
852965
852968
852970
852977
852986
853005
853164
853145
853178
853418
853496
853505
853518
853520
853523
854090
854365
854366
854383
854386
854428
854430
854432
854450
854464
854474
854479
854482
854490
854509
854511
854512
854539
854543
854545
854546
854552
854555
854561
854566
854575
854580
854583
854607
854617
854624
854642
854938
854950
854972
854983
855021
855028
855029
855035
855039
855043
855062
855093
855095
855114
855128
855131
855132
855149
855154
855155
855183
855202
855217
855230
855231
855253
855271
855278
855308
855315
855351
855372
855379
855397
855438
855478
855482
855493
855547
855554
855568
855576
855566
855568
855571
855573
855581
855593
855591
855604
855614
855617
855639
855649
855642
855654
855645
855648
855650
855652
855669
855664
855666
855678
855681
855715
855731
855748
855754
855757
855764
855803
855816
855824
855825
855878
855886
856011
856013
856054
856059
856172
856226
856274
856275
856284
856299
856297
856303
856309
856315
856313
856323
856333
856335
856373
856390
856399
856405
856413
856418
856423
856427
856432
856428
856442
856449
856454
856466
856470
856477
856480
856481
856483
856487
856497
856499
856508
856509
856514
856516
856514
856521
856524
856527
856531
856538
856536
856553
856579
856583
856621
856605
856622
856625
856637
856640
856636
856645
856649
856654
856662
856682
856683
856703
856709
856733
856772
856836
856901
856950
856967
857027
857030
857098
857101
857106
857114
857124
857136
857219
857212
857217
857265
857299
857320
857968
858045
858366
858582
858625
858710
858714
858715
858717
858722
858725
858729
858739
858746
858754
858758
858773
858785
858794
858811
858814
858970
859171
859186
859193
859272
859365
859381
859410
859422
859424
859463
859469
859495
859529
859556
859848
859852
859877
859894
859922
859961
859979
860002
860016
860084
860104
860140
860148
860161
860195
860215
860217
860222
860229
860239
860243
860244
860250
860254
860262
860271
860287
860277
860282
860305
860309
860299
860306
860311
860359
860348
860353
860364
860374
860386
860398
860414
860415
860423
860429
860430
860443
860446
860453
860564
860603
860620
860631
860637
860640
860648
860664
860674
860677
860690
860897
860970
860991
860998
861030
861046
861069
861065
861066
861082
861093
861133
861148
861159
861284
861304
861310
861328
861418
861420
861469
861470
861483
861490
861497
861506
861518
861601
861612
861624
861627
861632
861646
861655
861666
861670
861681
861689
861691
861696
861679
861702
861686
861711
861716
861729
861741
861775
861784
861785
861795
861798
861800
861841
861845
862207
862227
862262
862304
862307
862277
862312
862350
862374
862389
862382
862386
862392
862393
862399
862407
862412
862414
862421
862475
862533
862557
862587
862619
862638
862665
862681
862688
862695
862699
862704
862714
862715
862718
862725
862730
862736
862744
862745
862757
862769
862775
862779
862779
862796
862808
862800
862813
862819
862841
862907
862949
862974
862979
862995
863030
863038
863046
863074
863107
863109
863126
863131
863127
863144
863142
863149
863147
863162
863165
863170
863184
863205
863220
863224
863244
863274
863369
863563
863600
863614
863632
863651
863666
863899
863911
864014
864046
864093
864124
864131
864145
864193
864235
864271
864296
864323
864331
864342
864350
864351
864367
864374
864379
864386
864397
864398
864410
864427
864434
864448
864445
864456
864468
864483
864493
864520
864566
864575
864719
865154
865165
865175
865188
865206
865232
865245
865247
865284
865298
865304
865353
865463
866589
866912
866922
866976
866984
867007
867009
867010
867012
867015
867028
867035
867036
867037
867044
867058
867082
867089
867115
867760
867879
867952
867967
867970
867976
868585
868612
868757
869796
869818
869836
869859
869883
869974
870223
870409
870425
870452
870471
870495
870511
870555
870668
870671
870683
870707
870744
870750
870767
870876
870903
870917
870963
870978
870979
871015
871410
871417
871418
871424
871431
871575
871630
871638
872299
874227
874240
874268
874294
874359
875101
875134
875191
875200
875243
875294
875559
875564
875583
875588
875594
875601
875610
875634
875648
875660
875690
875699
875715
875717
875721
875723
875725
875728
875731
875925
875991
876096
876166
876167
876186
876173
876186
876174
876182
876183
876189
876209
876216
876221
876248
877096
877134
877263
877280
877343
877403
877460
877469
877496
877517
877588
877591
877616
877617
877617
877620
877626
877639
877640
877642
877645
877646
877647
877648
877653
877658
877662
877666
877669
877673
877675
877679
877689
877711
877718
877735
877738
877742
877746
877747
877748
877748
877749
877751
877752
877754
877755
877757
877761
877764
877767
877769
877774
877778
877781
877783
877797
877799
877830
877839
877842
877846
877851
877861
877861
878211
878250
878259
878296
878305
878313
878316
878321
878325
878326
878337
878340
878350
878357
878370
878374
878379
878387
878388
878401
878403
878411
878399
878416
878419
878424
878422
878448
878452
878469
878483
878489
878502
878504
878507
878509
878532
878549
878538
878557
878558
878548
878577
878586
878606
878631
878620
878633
878658
878663
878653
878677
878663
878688
878690
878695
878698
878701
878746
878747
878753
878756
878772
878780
878782
878783
878784
878797
878799
878814
878816
878821
878826
878827
879726
879837
880113
880139
880161
880173
880206
880276
880348
880359
880383
880401
880451
880485
882116
882133
882157
882159
882162
882162
882163
882165
882167
882186
882229
882237
882238
882266
884685
884697
884701
884707
884718
884730
884738
884749
884752
884763
884764
884768
884776
884781
884783
884816
884822
884829
884835
884845
884853
884866
884884
884899
885001
885045
885049
885057
885065
885075
885099
885113
885127
885727
886289
886427
886476
886620
886624
886723
886724
886728
886732
886848
886849
886851
886856
886859
886859
886864
886870
886872
886875
886878
886887
886888
886893
886895
886900
886904
886912
886914
886917
886921
886924
886928
886930
886932
886936
886946
886948
886957
886970
886970
886975
886980
887011
887017
887023
887030
887049
887077
887083
887091
887096
887101
887115
887132
887138
887146
887150
887169
887190
887196
887207
887208
887215
887223
887227
887229
887237
887246
887247
887254
887262
887263
887264
887275
887280
887283
887285
887289
887291
887293
887304
887315
887316
887318
887321
887327
887330
887333
887336
887343
887353
887356
887362
887365
887386
887392
887424
887430
887435
887451
887454
887460
887463
887467
887473
887478
887462
887492
887494
887498
887522
887530
887536
887567
887569
887571
887575
887574
887585
887590
887602
887624
887640
887654
887662
887707
887709
887732
887730
887739
887755
887767
887957
887960
887993
888039
888053
888088
888130
888135
888166
888192
888206
888382
888968
889094
889236
889292
889300
889328
889336
889360
889377
889384
889395
889423
889444
889451
889468
889542
889544
889551
889756
889911
889927
889957
889986
890312
890341
890383
890421
890458
890487
890677
890702
890733
890764
890766
890856
890876
890892
890909
890936
890939
890942
890950
890966
890972
890959
890989
891004
891049
891048
891057
891142
891161
891172
891181
891195
891212
891217
891226
891237
891247
891256
891271
891281
891288
891296
891307
891311
891335
891342
891350
891362
891377
891398
891395
891403
891410
891449
891455
891583
891593
891599
891610
891621
891965
892039
892065
892081
892128
892136
892146
892153
892157
892169
892202
892206
892212
892233
892224
892248
892252
892263
892271
892293
892297
892320
892354
892502
892526
892573
892583
892597
892617
892604
892610
892625
892630
892656
892658
892663
892670
892683
892691
892700
892708
892713
892726
892737
892739
892755
892769
892803
893479
893636
893848
893938
894203
894209
894215
894219
894228
894245
894275
894305
894317
894334
894340
894352
894363
894381
894559
894620
894598
894607
894663
894634
894638
894681
894647
894652
894693
894657
894664
894676
894678
894717
894718
894685
894724
894687
894688
894687
894692
894692
894693
894750
894760
894770
894771
894748
894818
894822
894832
894834
894838
894859
894863
894875
894878
894879
894890
894919
894967
894981
894985
895005
895058
895068
895037
895117
895122
895087
895124
895133
895140
895152
895133
895172
895180
895187
895174
895226
895254
895271
895285
895363
895366
895433
895454
895482
895509
895529
895570
895587
895600
895669
895665
895715
895749
895820
895827
895841
895857
895872
895885
895906
895909
895917
895923
895929
895935
895938
895940
895946
895947
895957
895958
895960
895962
895964
895972
895979
895990
896007
896023
896040
896029
896041
896048
896061
896062
896063
896085
896078
896082
896112
896151
896167
896331
896346
896394
896442
896451
896461
896470
896477
896481
896487
896490
896493
896499
896532
896536
896543
896547
896554
896590
896607
896618
896632
896701
896711
896713
896704
896705
896714
896723
896743
896786
896756
896780
896794
896775
896794
896829
896810
896839
896817
896839
896846
896881
896894
896898
896897
896880
896916
896925
896926
896931
896937
896970
896971
896989
897008
897001
897024
897031
897021
897040
897046
897071
897161
897278
897310
897312
897347
897368
897375
897378
897386
897444
897413
897468
897474
897494
897470
897492
897528
897495
897498
897510
897513
897515
897663
897704
897695
897703
897714
897735
897772
897803
897825
897835
897843
897848
897849
897851
897855
897920
897940
897955
897960
897971
897981
897987
898009
898016
898032
898046
898135
898166
898239
898265
898282
898286
898298
898314
898328
898331
898333
898347
898357
898361
898370
898379
898383
898393
898394
898402
898410
898411
898415
898421
898448
898450
898504
898537
898542
898583
898589
898664
898673
898690
898706
898716
898742
898755
898757
898760
898768
898789
898842
898845
898850
898867
898870
898932
898938
899221
899237
899252
899280
899281
899282
899293
899293
899306
899339
899340
899358
899389
899393
899429
899434
899462
899509
899524
899548
899609
899630
899652
899658
899663
899670
899676
899682
899699
899703
899705
899711
899713
899719
899723
899732
899739
899746
899757
899769
899774
899785
899790
899801
899804
899812
900591
900673
900755
900907
900913
900927
901940
901994
902048
902051
902082
902089
902234
902236
902265
902290
902624
902737
902790
903079
903733
904817
905056
905283
905353
905425
905789
905782
905823
905840
905874
905913
905915
905925
905933
905943
905951
905972
906014
906118
906156
906255
906264
906486
906894
907155
907255
907333
907401
907370
907466
907481
907489
907493
907579
907593
907601
907607
907611
907616
907619
907626
907636
907650
907694
907701
907725
907811
907825
907827
907840
907912
908008
907981
908181
908254
908273
908281
908290
908302
908396
908452
908470
908451
908455
908462
908519
908506
908535
908546
908548
908568
908578
908596
908607
908612
908614
908623
908631
908639
908628
908649
908656
908664
908655
908672
908685
908711
908716
908738
908787
908827
908834
908841
908934
908927
909138
909246
909341
909358
909558
909561
909568
909570
909624
909631
909641
909651
909653
909692
909695
909734
909736
910112
910164
910209
910194
910271
910349
910438
910508
910520
910532
910545
910568
910610
910614
910632
910659
910688
910832
911106
911115
911148
911169
911170
911167
911195
911190
911192
911225
911270
911298
911304
911307
911315
911307
911329
911344
911366
911381
911391
911402
911437
911530
911604
911786
911795
911859
913059
913088
913353
913434
913482
913533
913667
913745
913768
913779
913778
913823
913876
913875
913894
913914
913945
914106
914154
914367
914516
914827
914976
914977
915010
915034
915081
915199
915201
915211
915230
916144
916289
916369
916388
916424
916461
916467
916487
916492
916498
916501
916526
916532
916539
916542
916588
916605
916606
916619
916629
916637
916644
916646
916659
916663
916670
916684
916686
916700
916687
916714
916739
916752
916774
916777
916804
916806
916824
916855
916883
916897
918061
918208
918405
918408
918413
918433
918445
918447
918455
918457
918465
918479
918503
918598
918601
918628
918642
918648
918666
918676
918901
918909
918937
918947
918953
918971
919157
919179
919189
919213
919251
919294
919319
919334
919341
919369
919371
919437
919439
919476
919499
920140
920171
920416
920446
920428
920460
920487
920655
920777
920804
920813
920815
920818
920833
920986
921027
921030
921195
921228
921243
921246
921256
921278
921293
921301
921308
921312
921366
921521
921565
921584
921606
921652
922990
923175
923229
923243
923255
923292
923309
923334
923903
924025
924148
924135
924185
924231
924275
924279
924340
924432
924493
924498
924506
924509
924579
924612
924664
924697
924802
924898
924899
924907
924917
924920
924927
924929
924933
924943
925005
925023
925032
925083
925097
925130
925165
925220
925948
926076
926127
926151
926165
926201
926212
926251
926257
926267
926270
926597
926676
926680
926692
926698
926752
926814
926831
926846
926848
926867
926873
926874
926881
926885
926926
926898
926940
926920
926924
926968
926948
926949
926954
926963
927003
927061
927048
927070
927077
927107
927132
927172
927364
927421
927431
927442
927467
927485
927481
927498
927518
927530
927533
927548
927561
927606
927610
927618
927679
927649
927691
927693
927716
927840
927838
927862
927878
927880
927893
927914
927975
928067
928090
928127
928102
928131
928140
928166
928176
928201
928196
928224
928264
928267
928283
928291
928335
928353
928363
928368
928376
928383
928396
928416
928591
931023
931068
931151
931189
931311
931495
931536
931761
931770
931873
932329
932418
932453
932525
932573
932583
932584
932610
932647
932665
932673
932680
932709
932758
932790
932796
932806
932824
932835
932844
932917
932937
932962
933356
933375
933492
933840
933865
933889
933905
933911
933914
933922
933959
933965
933984
933985
933988
933990
934012
934026
934031
934062
934074
934088
934237
934294
934564
934617
934853
934889
934915
935007
935016
935017
935026
935029
935030
935034
935047
935050
935081
935090
935093
935101
935081
935120
935127
935129
935213
935245
935252
935265
935344
935383
935411
935806
938803
938941
938965
938976
938997
939026
939055
939178
939188
939199
939208
939209
939217
939218
939227
939239
939249
939277
939282
939295
939323
939338
939339
939355
939348
939351
939355
939360
939363
939375
939387
939394
939422
939419
939458
939466
939505
939530
939584
939595
939693
939753
939830
940663
940719
940737
940761
940768
940784
940808
940812
940825
940885
940904
940914
940914
940934
940938
940943
940944
940954
940973
940990
941037
941067
941103
941169
941214
941225
941243
941254
941256
941268
941277
941283
941284
941290
941294
941319
941328
941375
941389
941417
942266
942312
942751
944852
944854
944884
944887
944896
944900
944910
944911
944912
944914
944916
944923
944928
944929
944937
944952
944968
944987
944989
944995
944997
945010
945028
945042
945064
945079
945446
945460
945493
945501
945591
945852
945885
945909
945981
945989
946000
946098
946103
946105
946432
946495
946513
946532
946857
946880
946896
947020
948021
948093
948290
948642
948652
948668
948670
948694
948718
949136
949220
949265
949291
949403
949444
950122
950150
950157
950148
950149
950151
950176
950203
950207
950228
950232
950235
950247
950250
950251
950255
950351
950353
950354
950361
950366
950371
950377
950390
950396
950408
950410
950413
950422
950431
950472
950475
950476
950482
950488
950489
950509
950524
950900
950902
950968
950994
951019
951035
951070
951095
951103
951115
951116
951119
951123
951125
951136
951138
951168
951171
951268
951297
951322
951327
951330
951341
951392
951417
951422
951493
951495
951507
951520
951524
951534
951536
951541
951542
951559
951564
951573
951583
951607
951613
951626
951628
951633
951638
951639
951650
951674
951688
951715
952199
952230
952253
952430
952569
952572
952579
952596
952605
952608
952628
952716
952740
952748
952759
952764
952766
952775
952780
952781
952791
952795
952806
952808
952825
952846
952851
952994
953796
956071
956400
956439
956449
956505
956511
956538
956544
956648
956672
956703
956710
958797
959405
959521
959558
960336
961373
961365
961436
961471
961478
961500
961539
961548
964691
965908
965906
965945
965976
966097
966150
966951
967253
967416
967489
967512
967529
967633
967664
967673
967691
967758
967896
967999
968026
968068
968421
968533
968512
968541
968613
968636
968641
968620
968664
968668
968693
968696
968732
969499
969712
970201
970458
970887
971658
972224
972374
972380
972386
972391
972403
972431
972462
972474
972582
972672
972890
974869
974901
974909
974997
975023
975779
975781
976162
976177
976229
976220
976236
976275
976299
976872
976943
977083
978813
978833
978847
978872
980258
980734
980819
980782
981021
982008
981967
982048
982449
983143
983176
983213
983266
983343
983354
983440
983431
983468
983492
983500
983511
983521
983530
983540
983550
983568
983584
983610
983618
983633
983650
983652
983682
983684
983690
983696
983885
984640
985232
985521
985796
987001
987054
987114
987208
987771
987898
987958
987967
987978
988062
988226
989203
989210
989520
989532
989708
989852
990184
990303
990306
990472
990482
990677
990681
990720
991504
991903
991949
991959
992073
992093
992108
992121
992945
992979
992985
993325
994069
997412
998118
998130
998147
