691.64
6467.82
8972.09
9295.48
14791.5
21871.3
39573.6
40960.9
41257.5
41594.7
41976.2
44778.5
46753.5
52646.5
60835.8
61800.1
62545.5
62932.2
63339.2
70336.9
70744.1
77594.2
77963.4
77995
79457
79558.3
79968.7
80087.1
80299.6
80680.6
80796.5
81239.2
81397.3
81758.1
84018
85937.5
86268.5
87172
87842.3
89216.3
89417.2
89635.7
91311.7
91385.4
91592
94903.5
95273.7
95564.5
95753.4
96011.7
96788.7
98009
98195.4
99596.5
102275
103019
104136
104722
115650
116022
124226
124305
124826
125273
128891
131919
133588
135856
138596
138926
140948
141305
141825
142307
143058
143544
143617
144200
145273
145495
148518
149896
154048
154797
155125
155365
156489
163469
164324
165173
165534
174910
175791
177466
179014
180877
181753
182137
182271
183652
185139
195410
195608
198042
