4644.41
5016.77
5930.38
6153.98
6849.51
7743.22
7752.5
9988.08
10096.8
10321.6
10816
13093
13282.6
14206.5
14459.7
14749.7
15240.3
15761.9
16903.7
17789.3
20403.2
20482.8
21064.3
22315.9
22507.2
23343
23935.4
26051.2
26493.5
27089.2
27187.2
27284.5
28203.7
30256.9
32187.2
33009
35619.3
36365.7
36429.6
36457.2
36771.2
39572.8
42065.8
42568.9
42928.8
43066.9
44405.2
44843.2
45036.5
45987.6
46655.7
46841.3
47137.3
47633.4
49438.7
50011.8
50641.6
51013.5
51851.1
51951.1
53208.5
55014.1
56356.2
56736.7
58285.8
58594.4
58807
59328.5
59408.2
59776.5
59815.9
60080.5
60715.3
60733.5
61090.6
61808.6
62882.7
63077.1
63863.9
64726.2
65066.6
65557.9
66897.8
68495.4
70297.5
75693.3
75699
76265.5
78245.4
78341.5
78649.6
79399.9
79511.9
79861.8
79910.2
80425.3
81356.2
83071.3
83402.4
84491.1
85968.7
86469.1
87888.8
88236.3
88740.7
88891.4
89823.1
90498.8
90740.2
91203.9
91731.5
92038.4
95579.3
96400.7
96814.3
97171.6
98309.7
99642.9
100221
100311
100622
100934
101662
102492
102799
102967
103549
103752
106710
106736
108679
109561
111249
111969
112545
113412
113804
115739
115849
115929
116613
117269
118101
118437
118864
120506
120719
121557
122562
122596
122773
123361
124259
124638
124983
126789
126902
127683
128695
129141
129847
130054
130496
130824
132616
132910
133442
133609
133623
134105
134814
136024
136082
136444
136531
139949
140975
141172
141677
142016
142172
142593
143447
143582
144597
145097
145422
145482
146666
146895
147221
148689
149068
150184
150896
152133
153440
153510
153967
153992
155131
155604
157926
159113
159453
159646
160142
160280
160565
161203
162395
162865
163865
164196
164753
165200
166820
167581
168447
168884
169112
170032
172713
173452
174272
174800
176401
177938
177994
178298
178409
179988
180948
182308
182644
182930
183938
184292
185804
189044
189366
189487
189621
189815
190948
195179
195674
197213
197818
198284
199417
199526
