768.63
1265.99
1552.73
1785.39
4187.39
4298.76
4723.41
5956.26
7060.43
7303.73
7422.35
7575.26
8891.13
9487.56
9562.93
9701.33
9874.86
10259.4
10396.3
10449.4
10887.6
11371.6
11668.1
12536.8
13197.7
13861.9
14082.8
14514
14542.8
15146.4
15652.4
16505.8
17639.8
17921.5
19479.8
19567.2
20133.6
20314.6
21998.9
22009
22055.9
22252.7
22480
22586.6
22978.4
24852.7
25939.2
26837.9
27404.4
27792
28052.5
28936.3
29507.9
29794.8
30097.7
30635.8
30883.6
31489.9
32714.3
33646.5
34154.5
34263.7
35131.4
35868.2
35895.6
36006.3
36119.8
36539.1
36862.3
37191.3
37974
38135
38659.3
40729.1
40839.9
40972
41291.3
41531.3
41691.2
42068.4
42386
42581.9
42748.9
42792.2
43684.2
44639.8
44739.4
45145.1
45152.1
45453.9
46050.7
46122.5
46671.9
47461.5
47493.2
49341
49707.3
49939.2
50837.1
50960.5
51793
52355
52516.8
53301.3
53367.7
53894.2
53957.3
54167.2
54520.6
54598.3
54771.8
54882.3
55524.3
55970.1
56835
57089.8
57563.9
58130.3
58333.9
58722.4
59077.5
59633.3
59699.3
59740
60320.3
60341.6
60353.2
60964.2
60973.5
61667.5
61684
62041.8
62439.9
62721.7
62792.5
62922.4
64174.4
64456.7
65235.5
65779.1
67546.8
68765.1
69780
70258.9
72780.5
73163.5
74187.2
74657.8
75477
75583.9
75616.2
75915.7
77425.7
77572.6
78267.6
78388.3
78551.7
78868.6
79152.7
79250.1
79652
79662.2
79894
79929.8
81160.2
82692.6
82865.2
83018.1
83199.2
84070.8
85278.3
86892.8
86914.1
87344.1
87748.9
88353.4
88543.9
89063.6
89968.3
90060.3
90348.8
90590.8
90698.4
91139.3
91600.2
91850.2
94417.5
94586.7
95423.6
95765
95927.8
96319.3
96725.8
97229.2
99118
99170.5
99799.9
100073
100265
101016
101137
101372
101816
102577
102636
102730
103302
103343
103363
105488
105488
105651
106241
108304
109019
110910
111663
111883
112248
112410
113257
114172
114601
115304
115760
115773
116332
116836
118110
118972
119146
119314
119433
119972
120160
121009
121746
121873
122373
122676
124126
124502
124893
125656
128342
128697
128802
128929
129368
129623
130461
130732
131054
131751
132381
132558
132716
133096
133327
133454
133456
133491
134870
134882
135376
135787
136132
136318
136335
136369
137056
137101
137235
137639
139430
139626
139625
141470
141687
142367
143066
144292
144434
144632
144756
144775
145128
145203
146102
146490
146775
147082
147784
147912
148584
149677
150315
150709
151387
151394
152011
152001
152545
153035
153535
153641
153827
153934
154085
154182
154412
154453
154963
155262
155752
155972
156273
156503
156817
157191
157593
157634
157951
157993
158402
158755
159204
159460
159724
159963
160137
160698
161076
161314
161992
162108
162236
163181
163570
164531
165464
166797
167049
167276
167279
168699
168778
169280
169604
169835
169874
171590
172418
172812
173680
173722
173935
174110
174925
176283
177310
177943
178651
179327
179632
181674
181768
182035
182224
184073
184582
185167
185371
186058
186580
188895
189028
189167
189203
189255
189332
189782
190669
190811
191368
195883
195992
196252
196257
196687
196738
197084
197299
197686
199474
199947
