7591.7
8811.16
9965.01
10472.4
10930.2
11104.9
11129.9
11577.8
13635.7
16379.1
17334.8
20826.4
21098.9
23928.3
24652.5
25109.2
25358.5
25837.1
26181.3
28518.3
35623.3
35824.1
36697.5
37610.3
37927.7
38797.8
41151.3
48902.2
49752.5
51905.4
52724
53617.4
53851.9
54788.1
55672.8
57047.4
57522.6
58050
59022.2
59535
59578.7
59684.8
64151.1
65706
65769
71888.6
77237.8
84357.2
87669.8
87717.2
89085.7
89248
90519.8
92083.2
92987.6
96258.9
98569.3
98996
99510.8
99848.7
101153
101381
102239
102505
102607
103060
103371
105215
105706
108374
108397
108782
109172
109901
110223
110499
111912
113911
116024
117050
118121
143925
144016
144540
144769
144808
145156
145761
146448
146759
148029
148463
148765
149980
151674
152045
153023
156087
157220
160426
161404
162386
162464
163494
164152
164952
165045
165543
166957
172484
178806
178986
179571
179926
180259
180461
180943
181233
184654
185752
186526
186933
188213
192766
193292
193977
194500
195081
195581
