1859.68
2673.42
3150.24
4732.24
5270.64
6308.5
6740.51
7679.7
7901.7
8194.28
12596.4
17202
17409.7
18653.6
19550.9
23368.1
25998
26423.2
26438.5
26731.7
26899.9
27482.6
27787
28188.6
29910.1
30238.2
31636.7
34009.7
35316.1
36789.8
37836.2
38836.3
40097.5
40915
41070.5
43498.3
48855.1
49164.7
50995.8
53488.5
54701.2
55029.6
55443.7
55722.3
56146.1
56273.5
57554
57830.3
64559.5
65140.8
65970.8
70349.7
71201.7
71740.9
72908.2
73818.5
80165
84261.9
84705.4
85045.4
85875.1
86163.6
86939
89714.3
94538.1
95306
95483.7
95652.2
96109.2
97327.7
98715.9
100581
103720
106706
106929
111770
112973
113879
114557
121022
121574
122003
122456
125005
125259
130325
130867
131930
144723
145186
146358
147191
147479
148523
159332
160640
162141
162578
162935
165045
165830
166642
170380
180837
182954
185139
185380
186210
186613
187254
187393
187946
190265
192858
193124
194854
195264
195526
196382
196843
197410
197505
197530
198179
198192
198187
199460
199642
