204.89
2590.35
4001.58
4001.96
4017.7
5429.23
5432.83
6329.34
6925.97
8164.62
8896.91
8989.62
9299.83
13671.4
14095.2
15799.1
16609.6
18029.3
18836
20189.6
20431.6
21239.6
21891.3
23240.4
23430.5
24226.6
24513.3
24679.1
24712.6
25586.2
25624.6
27558.5
29317
29412.8
29883.2
30907.9
31271.4
31408
31791.7
32830.7
33458.6
34205.4
35491
36247.1
37880.9
38042.7
38402.3
38667.3
40468.3
41069.2
41076.8
41238.9
41654.9
42032.2
44188.7
44668.5
45245.9
45567.7
46974.4
47128.3
47380.7
47529
48833.8
49019.5
51146.4
52416.3
52470.7
53166.7
53533.7
53935
54237.9
55938.3
56064.5
56083.3
56121.7
56212.5
58540.5
58582.4
59377.6
59481.8
60003.9
60073.1
60080.1
60569.2
60804.6
63564.8
67082.3
67146.1
67716.1
68359.4
68934.3
71281.5
72008.2
72628.7
72632.3
72960.2
74232.1
74732.6
75091.7
75125
75430.7
76008.5
76303.2
81236.1
81426.8
82870.1
83046.9
85035.3
85439.4
88007.6
88240
88510.2
88979.4
89217.9
89726.2
90413.3
90730.2
90938.9
90983.1
91305.4
93325
93577.8
94173
94964.5
95827.3
97304.8
97939.6
98206.6
99616.7
100179
100884
101769
103065
104198
104583
104978
105019
105802
106062
106363
107465
109198
109779
110266
111352
111354
112106
113249
113931
113973
114555
115032
117139
118609
119353
119675
119960
119966
121058
121676
122093
123029
123500
126675
126771
128789
129647
129714
130034
132124
133100
133414
134078
136046
136910
139417
139432
139726
140167
141291
141584
142251
142305
143660
143668
143801
144416
144606
144890
145070
146820
149560
150229
150378
150798
150980
157531
160526
161495
162722
162954
163193
163243
164094
164872
164884
165108
165329
166128
167031
167835
168277
168396
169138
170156
171687
172962
173057
173177
173946
175416
176152
177014
177070
177468
177522
177949
179624
181426
181756
181921
182097
182550
183982
185705
186873
187333
187524
192340
192742
193188
193503
193591
194444
194506
196755
198530
198927
199860
