910.74
1639.07
1735.88
2359.95
2415.76
3110.97
3414.25
3661.97
3722.35
3745.47
3814.42
3975.17
4457.35
4696.96
4853.01
5061.5
5177.9
5365.39
6017.12
6115.63
6654.77
7681.76
7870
8181.39
8711.73
8731.82
8787.55
9495.8
9653.01
9850.33
10135
10831.4
10983.6
11182.9
12072.1
12228.7
12962.8
13237.1
13490.3
13810.8
14970.5
15290.8
15506.2
16097.9
16128.2
16865.2
16941.2
17802.1
18208.6
18310.3
19042.9
19150
19439.6
19450.3
19705.7
19925.4
20105.1
20150.4
20505.9
20859.1
21001.9
21562.5
21866.6
22816.4
23344.2
23652.2
23848.5
23941.9
24588.8
24824.1
24991.8
25179.2
26345.4
26391.2
27167.9
27293.6
27599.3
27708.1
28816.6
29135
29154.2
29260.7
29648.3
30263.2
30516.2
30561.9
31069.3
31516.6
32501.4
33067.6
33342.9
33704.4
33764.1
34273.1
34389.4
34518.8
35252.8
35410.8
35618.3
35835.1
35989.7
36115.5
36289
37241.3
37647.6
37946
37958.9
38380.3
38421.6
38488.1
38733.3
39032.5
39288
39382.5
40101.4
40258.6
40887.6
42214.9
42856.3
43304.5
43625
44083.8
44519.8
44642.6
44965.3
45222.4
46251.2
46827.7
46856.1
47046.4
47051.1
47236.2
47506.7
47802.2
47855
48578.3
49449.9
50277.3
50636.3
50842.4
51322.6
51420.8
51849.6
52216.4
52633
53044.8
53232
53238.9
53475.4
53754
54020.7
54406.2
54776.1
55319.7
55542.7
55653.1
55716.8
57243.4
57323.3
57772.5
58293.8
58298.4
58548.3
59871.9
59913.8
60384.7
60629
61002.6
61989.8
62209
62260.9
63247.2
63356.5
64599
66719.8
66972.8
67228.1
67290.9
67498.5
68009
68746.7
69454.3
70967.5
71127.6
71217.1
71513.9
71694.6
71945.1
72287.2
72725.7
72937.8
73468.3
73878.8
73949.5
74123.3
74565.5
74953.5
74992.8
75180.7
75628
76495.5
77430.8
78693.9
78933
80279.9
80807.4
81121.7
82343.8
82713.4
83003.8
83491.6
84655.5
84909.9
85104.3
85619.7
85979.8
86446
86676.4
87591.2
87782
88005.8
88180
88243.3
88242.9
88635.6
88816
88952.1
88978.1
89033.7
89094.2
89823.7
90235.5
90283.5
90542
90696.1
90748.6
90861.7
91024.1
91139.3
92421
92621.5
92839.5
93004.6
93042.7
93104.2
93489.9
93956.1
93959.9
94455.7
95607.4
96017.5
96874.3
97001.9
97658.5
97755.4
97865.8
97980.3
98004.5
98919.3
99561.4
99906.7
100152
100168
100689
102941
102943
103888
104125
104325
104722
104805
105414
105444
105831
106122
106693
106750
107083
107825
107992
108195
108346
108658
108958
109073
109289
109435
109558
109589
110080
110953
111056
111598
112931
113012
113521
113687
114335
114487
114750
115516
116552
117277
117384
117835
117931
118189
118285
118300
118962
119704
119777
119848
119867
120138
120557
120938
121227
121992
122609
122708
124455
124579
124762
124902
125746
125783
125875
126130
126723
126970
127104
127239
127696
128175
128559
129333
129512
129557
129739
130049
130519
130841
131232
131856
132644
132894
133139
134383
135108
135545
135890
135945
136525
136599
137350
137735
138828
139233
139268
139548
141136
141484
141624
141805
142026
142109
142678
143215
143363
143594
143992
144308
144318
144399
144386
144769
145325
146105
147742
149044
149301
150194
150206
150529
150742
151387
151649
152066
152303
152414
152602
153625
153741
154503
157325
157642
158334
159192
159265
160016
160162
160213
160373
160643
160775
161221
161249
161438
161734
162450
162709
162975
163063
163246
163269
163831
163936
164643
164707
166210
166611
166901
167392
168120
168211
168234
168456
168474
168715
168923
169166
169555
169925
169968
170070
170370
170890
171158
171586
171832
171987
172386
172668
172732
172821
172874
173295
173683
173771
174404
174811
175142
175455
175926
176027
176290
176793
176879
177337
177757
178048
178704
179095
179285
180779
181174
181361
181413
181436
181747
181943
181995
182287
182362
183114
183185
183365
183489
183664
183750
183787
184721
184847
187289
187459
187791
188148
188439
188624
189338
189901
190281
192578
193052
193344
193604
193641
193645
194201
194222
194391
195049
196181
196632
196793
197564
197923
198357
198532
198740
198881
199143
199544
199695
