1996.33
8005.58
8040.73
9491.37
13907.4
14458.1
14705.8
15676.6
16881.8
17281.8
17598.4
25434.5
27391
28006.5
30318.2
30721.3
33049.7
33550.3
33919.9
35770.6
39578.9
39831.6
43992.6
44792.2
46156.7
46243.5
46427
46653.1
48019.9
50864.8
51984.4
54487.1
54861.1
55089
57622.1
60393.2
62153.6
65383
76945.5
77167.4
78870.6
79147.6
79490.2
83343.5
86413
88469.6
88508.2
89194.1
93116.1
93728.7
95635.9
99212
99965.2
99997.1
100015
100302
100892
100898
101344
101835
102041
102137
103718
104010
107515
108409
110297
111045
112299
112508
112616
112834
113459
114507
114541
114830
114843
115347
115400
115652
116193
116324
116366
116912
117353
117694
118313
118339
119552
120710
122059
122982
123291
123562
123953
123985
124435
125181
125210
125781
125833
125985
127927
130088
130279
131135
132380
133466
133950
135238
136573
136906
138817
139866
140308
140698
145360
146267
148072
149290
150031
151092
152309
152767
152971
153232
156554
156994
157011
157409
158805
159380
160016
161174
163262
163627
163878
164754
165885
166493
173848
176258
178343
181004
181867
182768
183444
185818
186407
187106
187388
187955
188801
189530
189811
192868
193662
193969
194306
194755
195198
195396
195935
197101
198015
198163
198383
