414.33
655.62
1784.5
2323.28
3260.14
3831.12
3832.54
4648.32
5117.46
6355.13
6451.54
6832.58
10453.7
10671.6
12839.9
17151.1
18211.7
18578.4
21484
23305.4
24089.4
25043.8
25817.7
27706.8
28017.1
33720.1
34587.2
36087.3
36742.1
37167.5
37244.9
37758.9
41404.9
42186.2
42980.6
44910.7
45517.9
46559.4
46921.1
48033.6
48354.7
49257.6
49616.1
50166.7
50599.1
51379.6
52862.4
52915.3
52994.6
55834.8
56548.4
57356.1
57905.7
57927.1
58224.6
59089.8
59690.4
59805.8
60076.3
60301.3
60720.4
61961.3
62687.4
63907.2
69319.6
69510
70435.9
72947.5
73005.6
75393
75512.9
76171.7
77350.9
79743.9
82119.9
83437
84942.4
85128.2
85727.7
86559.6
90802.9
91700.7
91966.4
92053.2
93722.1
95072
95153.5
96511.6
97590.6
100763
100909
101762
103351
104827
104895
106177
107134
107766
108302
108417
109537
110048
111432
111659
112397
113272
114576
115570
117045
117067
118399
119765
120077
122851
124413
124634
124746
126441
126612
127097
128606
128996
130798
132759
133370
133920
134996
140030
141662
141716
143302
143481
145622
145788
147057
147345
149761
150356
152123
152414
153775
155906
157087
157230
158336
160568
162455
162584
167542
170320
170762
171392
171798
171892
172698
172941
172937
173622
175359
175873
176085
176443
176707
178742
179174
180555
180723
180922
181134
181842
181871
181911
182582
184323
184878
186429
187797
188157
188652
188676
188764
189466
194107
195837
197217
