245.28
1317.05
4529.47
5849.11
6267.77
6633.44
6976.21
7887.15
8813.28
10376.9
11014.6
11932.1
13145.2
15534.8
16155.2
16623.7
18520.3
19339.8
19601.7
19815.6
20104.8
20638.2
21041.2
21519.6
22213.7
23094
23130.8
23355.3
24375.9
25687.3
28575
28710.6
30739.3
30995.8
32613.4
33119.7
33657.8
35329.7
37921.9
39328.6
42073
42506.9
42741.6
45297
46663
54124.6
56959.2
58697.7
59486.1
64476.9
64804.1
65972.2
66343.9
70407.2
70487.5
70648.6
70972.3
71605.2
71893.3
72249
73565.5
74277.1
74930.2
75833.6
76836.6
78803
78886.6
79475.2
80339.6
83241.2
83370.3
86013.3
88938.5
91152.2
91680
93338
94537.5
94823.5
96890.3
98239.3
98311.1
101588
103325
103823
105099
105395
105742
107702
108243
109433
109747
110195
111688
112214
114008
114707
116064
116288
117543
118586
121765
124077
124248
124542
127295
127921
128272
129576
130104
131856
132107
132372
133324
134150
134929
137303
137501
137721
138430
138793
139905
140049
141020
142949
143355
143607
144002
144311
148977
149164
149573
149772
150782
152276
153146
154790
157463
158232
160894
162048
163186
164227
166925
169128
169391
170247
171732
173909
176541
178429
180157
180759
181502
181690
181750
182491
185509
186838
187652
187655
189308
191288
192066
192937
194889
195179
195279
195747
195893
196555
196794
198624
198908
199030
199425
199478
