119.98
851.99
1185.82
1480.96
3665.13
6014.82
6375.13
6823.53
6992.34
7552.98
7629.5
7688.95
7905.85
9015.88
9545.8
9604.04
9832.17
10355.3
10647.5
10806.1
12025.4
12416.8
12738.5
13004.6
13495.6
15272.4
15594.9
16005.5
16281.2
16486.3
16681.7
16749.5
17005.3
17102.1
17731.5
18628.8
18650.3
19068.7
19200.2
19312.2
19891.4
19951
20503.4
20833.1
20845.5
20856
21356.7
21416.4
21472.2
21576.6
21964.5
22076.8
22471.6
22854.9
22896
23058.6
23186.9
24059.2
24780.1
25342.3
25595.5
25962.1
26337.5
26972.7
28286.4
28605.4
29198.4
29595.8
29957
30181.9
30434.1
30838.3
30879.2
32030.2
32060.5
32249.9
32468.9
32759.6
33017.7
33058
33199.1
33299
33355.6
34064.7
35003
35156.4
35462.6
35865.1
36707.6
37079.9
37704.7
38835.4
40688.8
41030.7
41133.9
41379.2
41449.3
41758.4
42397.5
42423.9
42890
43014
43705.7
43778.5
45084.5
46136.6
46346.6
46780.7
48465
48818.6
49527.1
49853.7
49986.8
50187.8
50351.6
50765
50939.8
50969.8
51015.8
51202.4
51764.5
52156.9
53002.8
53169.1
53388.9
53459.9
54019.1
54531.7
55002.5
56070.8
56802.1
56846.5
57332.7
57394.4
58201.1
59231.1
59350.8
59581.3
60466.5
60852.2
61324.4
61452.4
62255.9
62481.9
62627.2
63851.3
63898.1
64420.6
64841.1
64855.4
65061.5
65641.5
65748.1
65919.7
66207
66257.1
66264.8
66642.7
68575.8
68984.1
69378.3
70258
70336.6
70480.7
70503.1
70722.9
70856.7
71458.4
71508.7
71670
71738.4
71998.2
72290.6
72545.7
73087.9
73559.2
73920.7
74777.2
75135.1
75945.4
76148.3
76418.7
76468.5
76603.2
78198.3
78601.9
78784.6
79186.1
79367.1
80121.8
81066.8
81585.7
81599.5
82411.2
82995.1
84455.5
85833.3
85894.1
86438.2
86467.2
86736.5
87089.4
87423.6
87501
87632.6
88118.9
88470.6
89716.8
90087.4
91417.4
93122.8
93153.4
93178.1
93706.8
94190.2
94246.4
94325.7
94462
95643.3
95740
95991.9
96420.8
96603.4
96636.3
96848
97156.1
97954.5
98049.3
98188.6
98237.9
98282.2
98418.8
98561.9
99244.5
99874.9
100381
100383
100553
101368
102415
102784
102978
103156
103234
103315
103731
103846
103902
104183
104181
104184
104202
104587
104833
105252
105366
105843
105952
106403
107357
107895
108950
109364
109474
109503
109503
109530
109594
110118
110811
111385
111528
111579
111980
112036
112485
113039
113160
113619
114482
114552
115279
115360
115931
116307
116578
117182
117343
117706
117765
118188
118302
118680
119351
120559
121135
122136
123580
123692
123766
123900
124406
124861
125936
126884
127235
127329
127740
127768
128547
129535
129998
130294
130572
130612
130887
131521
131810
131955
132230
132668
132747
133652
134140
134218
134579
134640
134828
135000
135281
135479
136544
136665
136952
137211
137492
137531
137591
138330
138641
138986
139221
139542
139562
139602
140001
140173
140510
140728
140810
141129
141146
141971
142448
142691
142802
142870
143005
143498
143814
143903
144074
144183
145249
145771
146387
146911
147828
147909
148898
149076
149327
149591
149994
150650
150888
150882
150912
151110
151447
151484
151821
151940
152028
152115
152154
152813
152964
153910
154358
154722
155051
155372
155400
156054
156879
157474
158166
158674
159968
159989
160983
161084
161391
161496
161545
161706
161924
161992
162559
162789
162890
163203
164764
164926
165187
165246
165737
166735
166859
167362
167979
168384
168401
169038
169059
169304
169586
169707
169768
170043
170164
170638
170693
170692
171005
171261
171325
172482
173856
174162
175349
175408
175561
175662
175672
175983
177050
177344
178122
178313
178691
179016
179687
179716
179943
179974
180345
181179
181534
181991
182032
182201
182685
183420
184657
185216
186443
187170
187598
187754
187789
187980
188025
188145
188244
188380
188448
188953
190167
190274
190503
190769
191130
191158
191461
191612
191734
191825
192640
192655
193494
194200
194501
194540
194840
194881
195152
195454
195465
195649
195978
196037
196078
196210
196316
196340
197185
197714
197864
198103
198462
198530
198614
198776
198824
199087
199189
199928
