223.46
252.36
1253.41
1620.76
3077.16
4064.08
4291.57
4343.06
5015.69
6002.07
6486.12
6760.79
6770.39
7027.51
7235.93
7853.35
8357.25
8445.36
9039.24
9335.22
9842.06
10189.4
10273.1
10555.1
11922.3
12123.7
13010.6
13278.8
13407.7
14002.6
14257.8
14286.3
14552
14901.1
15481.5
15681.2
16126.9
16164.6
16993.7
17610.2
17625.4
17951.6
19142.7
19887.1
20626.4
21071.3
22108
23307.1
24344.4
24350.8
24926
25174
25675.9
25782.6
26489.4
27501.7
27508.8
27598.6
27817.1
28026.4
28367.3
28393.4
28673.9
28746.9
28839.8
29613.3
30044.4
31375.1
31618.2
31984.4
35095.7
35102.5
35634.7
35738.2
35769.5
35827.2
36422
36748.6
38018.7
38317.2
40068.1
40363.3
40672.1
40740.8
40838.1
42654.6
44229.1
45069.9
45269.4
50035.2
50384.1
51178
51503.6
52093.6
53144
53249.1
53418.9
53673
53784.7
53808
54535
55424.7
55462.8
55864.6
56935.5
57410.8
57635.8
57898.9
58187.2
58194.2
58569.1
59921.2
60331.1
60366.6
61230.8
62211.5
62676.6
63175.4
63539.2
66386.1
67042.2
67443
68272.9
68596.9
68635.1
68722.3
69576.7
72822.1
73003.6
73208.1
74110.4
74229.2
74766.1
75486.1
75895.5
75955.8
76256.1
76555.6
78319
79265.8
79577.3
80012.8
80420.9
80961.1
82519.6
82551.9
82944.1
83427.7
83691.2
84089.1
84405.6
84464.3
85036
85760.3
86912.8
86980
87163.1
87240
87432.2
87754.5
87964.9
88416.4
89622.1
89998.5
91910.6
92229.8
94397.8
97021.3
97183.9
99461.3
99995.6
100884
100991
102044
102123
103232
104933
105156
105625
106047
106455
106862
107034
107410
108107
108573
109575
110401
110611
110617
111243
111457
112546
113290
115253
115336
117217
117554
120376
120661
120794
120791
121010
121116
121827
125071
125142
125421
125980
126231
126883
127613
129399
133172
135474
137629
137639
138264
142757
142903
143188
143848
144980
145652
145936
145950
146290
146785
147250
148015
148075
148488
148514
149670
149791
149993
150273
150658
150733
153085
153561
153589
153647
154595
157660
157889
157935
158777
159170
159198
159420
159816
159971
161198
162180
163620
164139
164306
165069
165145
165165
165247
165287
166074
166301
168109
169198
170776
171296
171431
172573
173183
173480
174247
174573
174832
175350
177857
178525
178980
180979
182070
182741
183631
184053
184254
184578
184718
187499
188494
189593
189945
190415
190407
190628
191428
191689
193384
193391
193857
196065
196100
197374
