1200.23
2718.9
4008.2
5288.89
5907.84
12464.5
12615
15693.8
16531.5
18285.5
19953.6
20898.4
22008.4
22054
31336.3
31548.4
32647.3
32946.3
34414.5
34535
36763.9
38056.5
39474.2
41650.1
44249.5
44459.7
48178.3
49224.2
55568.6
55788.9
58316.1
68466.5
72137.7
72210.3
72510
73458.4
73673.2
74038.8
75120.8
80259.3
81079.7
82504.4
83275.6
86799.8
87659.8
87765.7
89217.1
94529.8
97416.5
101067
102714
108987
109256
109267
110718
112658
118212
118587
120016
120377
120479
121556
123376
125746
126695
126994
132731
133459
134052
135900
137411
138438
140092
142843
144897
145459
146319
146982
151568
152575
155142
155139
158624
159271
159941
164653
167588
167602
167841
171641
172483
173886
174282
174392
176915
183058
183597
185726
186335
191590
195100
197502
198459
199381
