690.19
732.64
1098.07
1539.76
1659.95
2313.51
2417.61
2828.4
2959.53
2962.98
4002.9
4066
4305.32
4385.75
4845.5
4904.17
5459.09
5470.04
5472.67
5921.47
6355.98
6579.78
7066.24
7277.51
7359.84
7826.91
7831.76
7938.5
8158.19
8286.79
8712.64
8914.09
8950.66
9019.18
9545.49
9713.25
10134.6
10604.7
11340.4
11417.3
11674.3
12239.9
12815.8
13645.6
13758.7
14763.3
15138.3
15614.7
15755.7
15932.9
16372.3
16963
18215
19112.1
19293.5
19626
19650.3
19720.9
20141.3
20174.4
20525.2
21198.3
21220.7
21283.7
21359.3
22861.3
23749.2
24700.8
25225.4
25582.8
25721.4
25882.9
26279.9
26530.2
26582.6
26655.3
27032.1
28604.6
28806.4
29057.8
29371
30579.7
31735.6
32128.1
32601.8
33889.9
34091.1
36652.4
37754.5
38107.4
38272.8
38554.2
38700.5
38976.3
39670.4
40128.1
40377.6
41848.3
41978
43449.7
43785.1
44331.9
44926.7
45091.5
45328
45454
45653.5
46019.7
46545.8
46599.8
46696.3
46697.6
46856.1
47412.3
47451.7
47784.6
47925.3
48247.1
49150.5
49285.1
49376.4
52229.3
52432.3
52692.9
52971.2
53717.8
54507.5
54933.5
55233.5
55281.7
55732.6
56060.8
57605.9
57669.4
58055.6
60057.6
61120.1
61621.5
61890.7
62971.8
63304.4
63544.6
63900.5
64004.5
64902
64980.5
65259.2
65317.3
66033.4
66768.2
66904.3
67146.2
67841.7
69654.9
70628.7
70637.3
71310
72054.7
72587.4
73440.4
73496.1
74440.7
75420
75706
76195.6
76786.1
77421.8
77743.3
78033.9
78483.5
79499.5
79775.8
79986.3
80786.3
81228.9
83247.3
83560.3
83801.4
83933.1
84995.5
85382.5
85532.8
85847.3
85937.5
86252.2
86576.5
86751.7
87392.5
87651.7
87782.5
90375.7
90809.2
91716.5
92447
92877.9
93580.6
93693.2
93742.9
95047.5
95049.7
95491.2
95581.5
95922.8
96905.6
96948.2
97131.6
98312.2
98847.7
99202.3
99519
99538.2
100386
100786
101284
101438
102006
102135
102981
103127
103271
103862
104387
105826
106361
107114
107849
108588
108872
110085
110104
111122
111215
111656
112258
112620
114009
116866
117042
117242
117451
117502
117783
117822
118522
119447
120174
120281
120526
120809
122266
122827
123039
123103
124548
124824
124965
125837
126305
126455
126554
126738
127357
128497
128853
128856
129112
129333
129381
130699
131160
131647
132664
132729
133446
133485
133485
133764
133795
134473
134690
134720
134943
135623
136528
136752
137506
138601
138635
138840
139092
139101
139343
140065
140123
140454
140513
140659
141096
141642
141902
142286
142398
142515
142748
142903
143640
143996
144103
144918
145016
145868
146122
146602
146696
147295
147411
148544
148718
148843
149359
149594
150632
151085
151208
151547
151613
152240
152818
153656
154073
154166
154433
154532
154613
154674
155403
155698
155741
159070
159912
160161
161034
161462
162496
162599
162753
162807
163246
163655
165357
166849
166976
167164
167341
168316
168720
168906
169376
169779
172283
172305
173099
173626
173671
173988
174430
174589
175759
176139
179524
179591
179732
179939
180367
180531
180686
181639
181693
182328
182452
184029
184162
184714
185625
186305
186799
186865
187240
188400
188922
189540
189699
190006
190506
190876
191401
192631
192682
193317
193423
193726
194309
194379
194908
195040
195380
195869
196679
196957
197859
198217
