4217.63
4220.91
14091.4
22991.9
23172.2
27635.6
32459
35870.1
40425.3
47653.5
50199.5
50360.8
52938.9
53997.7
55394.8
59217.6
59728.1
62422.4
62941.3
63182.2
65984.4
69824.5
70131.6
71828.7
75021.4
75784.3
76810.2
77869.6
82885.8
91100.1
91476.8
95241
96167.2
97183
99045.7
100084
101253
103681
104973
107787
110913
113146
114235
117314
117940
120744
122185
123075
124717
127118
128984
132305
133454
135890
136080
136130
138874
141598
143079
145184
146425
148344
149780
152027
152553
153950
156893
158845
161946
165043
166340
167465
171974
172393
175500
180039
181980
187045
188260
188596
191730
194794
198295
198579
