224.99
362.5
615.55
1068.78
1216.26
1234.39
2181.58
2444.98
2697.74
2886.76
3227.7
3992.01
4330.33
5316.68
6049.81
6179.26
6632.27
7005.4
7475.62
7606.49
7922.31
7930.64
8532.44
9564.92
10086.6
10662.7
10707
11233.1
11529.8
12079.2
12918.1
12987.2
14513.4
16077.9
16235.7
17325.1
17991.5
18276.4
18439.7
18652.7
18998.9
19096.2
19138.1
19315.5
19446.2
19581.7
20604.4
20687.4
21169.5
21675.9
22861.3
23555.7
23627.8
24348
24478.3
24776.4
24951.4
25375.6
25395.7
25441.3
25593.9
26614.5
26868.8
27527.5
27593.8
28823.9
29263.6
29689.5
30017.4
30117.7
30792.4
30794.2
30829.4
31471.5
32339.1
32818.5
34521
34789.5
34803.8
35751.8
36264.6
36854.3
36861
38459.8
38705.3
38850.1
38873.8
39237.9
40967.5
41336.1
41619.7
41808.7
43539.1
44024.9
44859.9
45445
46419.1
47154
47531.9
47799.8
48277.2
48715.3
49840
50045.1
50584.4
50816.3
51357.7
51596.7
51607
51716.7
52795.2
53217.7
54511.6
55589.9
57500.2
57901.9
58033.8
59138.6
59164.4
59280.7
59644.6
60542.5
60810.1
61604.3
62027.8
62284.9
62471.5
63138.9
64099.4
64839.9
66144.5
66860.7
67630.7
67797.1
68312.2
68365.8
68889.1
69210.2
69270.8
69667.7
70287.2
70894.6
71534.5
71687.3
72028.1
72401.3
72408.2
72879.5
74333.1
75731.1
75960.3
76060.2
76315.4
76510
77314.6
77509.4
78144.1
78488
78883.7
79082.1
82024.5
82443.4
82540
82604.4
83099.9
83263.1
83621.2
83908.3
85211.1
85576.7
86596.9
86852
87120.8
87400.8
87667.2
87874.8
88411.8
88566
88820.4
89166.9
89360.5
89797.8
90231.1
90909
90930.7
91044.1
91149.5
91566.6
92489.1
94469.4
94936.4
95012.4
95346.9
96399.5
97154.7
97210
98329.2
98701.9
99211.7
100128
100179
101656
101966
102475
102489
102753
103276
103920
104892
104984
105641
106124
106628
108060
108769
109041
109240
109941
110326
112193
113184
113266
114210
114393
115208
116485
117370
118097
118143
120109
122098
122170
122461
122960
123610
124406
124467
124599
124993
125129
125336
125386
125977
126749
127460
127883
129178
129497
130051
130781
130870
131393
131787
132299
133709
133830
134575
134580
134636
134837
135347
136947
137681
138169
138914
139581
140660
141400
142139
142808
143139
143632
143708
144844
145888
148238
148502
149411
149702
151731
152100
152649
153017
153230
154931
155811
156024
156415
157486
158218
158332
158421
158521
159391
160030
161928
162524
162997
163234
163746
164150
165918
166599
166740
167435
167757
167916
168073
169102
169159
169272
169790
169901
170840
170978
171704
173222
174333
174421
175556
175968
175993
176337
177325
177330
177450
177691
178106
178687
179066
179636
179665
180645
180804
181145
181478
181774
181783
181968
183393
183794
183964
184603
185172
185526
186733
187513
187565
187807
187976
189353
190975
191323
191742
191909
192689
193589
193847
194274
194607
194786
194907
195464
196002
196421
196820
197406
198147
198183
198745
198903
