1035.17
1236.68
1471.79
1759.36
1968.62
2463.43
2616.33
3037.92
3312.4
4789.02
4830.14
5160.66
5209.49
6256.97
6379.02
6516.9
6563.56
6684.66
7381.83
8448.18
8516.46
8913.31
9203.55
9277.87
9441.04
10416.6
11702.1
12055.3
12086.6
12832.6
14471.6
14867.8
14955.5
17039
18015.8
18469
19119.4
19912.1
20559.6
21014.4
21063.2
21216.4
21511
21629.2
21911.1
22603
22790.2
23535.5
23753.9
24005.9
24056.1
25372.8
25400.4
28650.4
29098.6
30370.6
30762.4
31325.5
31394.4
31488.2
31880.1
32475.1
32490.8
34338.9
34800.9
35261.6
36687.5
37620.5
38290.4
39439.2
40303
40872.2
41119.8
41264.2
41528.4
41897.2
42743.6
43053.6
43352.4
43430.4
43724.3
43814.5
43959.1
44283.7
44801.5
45649.5
45833.5
48082.4
48472.3
49598.1
49768
50252.9
51718.8
52842.7
52876.7
53956.5
55479.4
55630
55925.5
58005.2
58568
61114.8
63469.3
64184.3
64226.9
65790.6
67134.1
67150.6
67570.4
67864.6
67900
68806.7
69007.6
69021
69054.2
69927.5
71076
71123
71582.6
72181.4
72854.6
73345.2
77328.2
77884.9
78051.1
78150.8
78720
78864
79142.1
79668.4
81506.8
81713
81836.5
83649.6
84038.5
85394.2
85397.9
85457.3
85617.9
86099.6
86466.7
87696.9
89549.1
90642.1
91352
91889.4
92215.2
93412.4
94019.2
95651.9
96562
97400.8
97765.4
98057.3
99587.9
99949.7
100655
100756
100984
102541
102587
102821
102928
103302
104954
104961
104988
105101
105459
105706
105767
107378
107650
109265
109327
109409
109604
110080
110596
112172
112307
113669
114730
114757
114780
114916
115080
115395
116181
116942
117865
118124
119784
121500
122297
123432
123549
125301
127592
128239
128457
128978
129904
130084
130698
130720
131194
131516
131545
132041
132291
132354
132784
133095
133394
134297
134348
134582
135632
135960
136767
136782
137977
138144
138394
138479
139018
140510
140792
141255
142146
142921
146791
146825
146989
147630
148323
149403
150205
150486
150738
152062
152275
152437
153246
153415
153660
154337
154627
154700
156018
156418
156998
158839
158893
160223
160977
161820
163924
164052
164140
164531
167225
167878
169284
169586
171564
171559
173626
174407
174496
175717
175939
177112
177262
177940
179083
180348
180591
180796
181280
181577
181827
184109
184944
185381
186119
187106
187993
188194
188343
188960
189442
190352
190536
190845
190914
191132
191693
192090
192176
194793
195127
196315
196634
197057
197701
197684
198520
198867
199074
199166
