608.54
1770.45
2300.71
3370.29
3432.7
3795.56
4154.53
4453.57
4557.68
4607.45
4828.77
4853.12
5111.3
6283.62
7275.43
7580.68
8016.13
8245.09
8387.92
8648.83
8774.36
9012.99
9329.3
10222.5
10442.2
10759
11188.7
11357.8
11424
11455.8
11488.4
11836.5
12033.8
12332.8
12396
13107.8
13427.4
13684.4
14254.5
14837.2
14943.4
15723.6
15853.5
16717.6
19365.7
20103.2
20198.9
20916.5
21297.9
22221.7
22894.3
22892.3
23719.1
24713.3
24822.5
25342.9
25450.2
25859.9
25903
26001.5
26070.2
26857.5
26956.2
27247.4
27841.2
28394.7
29547.8
30189.3
30256.5
30696.1
31112.6
31861.5
32201.6
32923.8
33027.1
33301.8
33583.8
36264.4
36474.4
36984.1
37212.6
37937.4
38236.9
39603.3
41797.7
41930
42762.6
43318.5
43422.3
44976
45753
45760.4
45979.6
46444.2
46653.3
47446
47464.6
47585.5
47849.6
48543.3
48771.1
49140.5
49924.3
50382.5
50757.3
50866
50882.1
51259.9
53662.6
53685.9
53937.8
54623
55062.1
56389.6
57157.9
57764.9
60487.3
60959.2
61024.9
61997.7
62188.7
63004.1
63410.8
63670.7
64184.8
65050.4
65071.5
65986.8
66447
66628.6
68757.1
68955.5
69609.4
69853.4
69886.7
70345.9
70633.8
70789.5
70939
71951.5
72328.7
73385.7
73543.3
74485.9
75068.6
75205.9
75215.4
75336.9
75678.9
75773.4
76129.4
76823.2
77190.4
77812.7
78235.6
79235.6
79842.8
80392.9
80431.3
81418.6
81459.9
81790.9
82028.1
82594.5
83110.9
83852.7
84014.2
84308.5
84367.6
85378.4
87666.4
88445.8
89016.4
89189.1
89532.1
91147.7
91264
92109.7
92133.5
92394.3
92609.6
93102.7
93326.2
93763.5
93881.7
94322.2
94885.9
95036
96269.1
97333.1
97336.1
97879
98347.6
98650.3
99217.2
100106
101044
101088
101866
101932
102507
102544
102920
103456
103602
103718
105575
105952
106106
106184
106633
106876
107266
107465
108144
108287
111114
111901
111908
112124
113092
113294
113411
113559
114230
115786
116877
117353
118359
119166
119452
119637
119956
120346
121283
121647
121694
122228
122556
123252
123337
123965
123981
124799
126523
127763
128274
128583
128986
129733
129970
130222
130300
130961
131076
131289
131969
131988
132619
133104
133527
135618
135714
136045
136668
136795
138067
138658
139586
139665
139899
139925
140798
141252
141534
141905
142239
142504
143533
143605
143611
144017
144603
145041
145081
145463
145809
145961
148298
150025
150473
150686
151208
151695
151810
152199
152826
152873
153477
154149
154676
154787
155843
156625
156713
156789
157026
158161
158567
158771
158920
159473
159499
159961
160134
160789
160902
161167
161259
161440
161989
162087
162115
162823
163203
164063
166820
167178
168975
169245
170927
170938
171337
171401
171513
172819
172990
173333
173351
173967
174108
174404
174951
175050
175237
175483
175899
176239
176848
178806
179358
179782
179823
180102
180331
180483
180743
180988
181089
181485
181954
183002
183140
183560
183997
184588
184641
184926
185028
185237
185516
185666
186213
186453
186482
186713
187265
187615
188048
188493
188640
189640
189689
189953
190254
190714
190976
191291
191406
192170
192892
193715
193875
194769
195161
195319
195518
195983
197391
197592
198324
198337
198562
198772
198931
199889
199894
