4452.23
4705.45
4826.37
5350.78
5381.1
5497.54
5861.76
6634.05
9014.16
9859.39
11571.3
11713.6
12019.1
12724.7
17786.9
17903.2
18395.1
22366.4
22583.2
22754.5
25010.4
26230.3
27540.4
29682.1
32542.7
32636.5
36070.2
37281.7
38462.1
43589.9
43909.7
44453
46048.4
46403.9
47321.9
48223.8
48902
49608.1
50882.2
52502.1
52898.4
54821.8
56516.8
60227.9
61125.8
61343.7
61927.2
63439.5
64240.7
67091.7
67608
67617.7
68509.9
69480.3
70514.5
74328.6
75978.9
76059.7
76557.3
78212.6
78969.8
80606.7
83985.5
85267.4
85660
88105.5
88757
89503.2
91790.6
92149.5
92197.6
95604.6
97398.6
99938.1
101260
101422
101554
104499
105679
107232
109853
112669
113534
113959
114373
114424
114857
114887
115555
116274
118018
118960
119924
120080
120157
121328
121417
124090
125255
125797
125971
126270
126708
127061
128721
132323
135393
136277
138496
141497
142582
143370
143525
143895
144092
147528
150274
151150
151243
151271
154716
157048
157380
158905
159587
166508
166911
166945
168008
168626
173288
174924
175816
176103
177159
177667
177871
178114
182864
183104
184980
185228
185562
186700
188284
189018
190768
191814
192612
192917
193280
194873
196850
197701
198657
