203.46
786.77
863.66
1281.06
2865.48
3498.12
3596.36
4271.93
4577.31
5287.6
5295.52
5861.65
6301.07
6778.42
7350.06
7700.58
8419.01
8563.58
8695.18
9166.79
9542.6
9594.52
9942.5
10208
10914.5
11159.8
11465.1
11855.7
12513.5
12540.6
12677
12760.7
13410.5
13538.8
13845.1
14106.8
14223
14262.7
14341.3
14989.4
15080.2
15317.9
15890.6
16735.6
17737.1
18071.4
18133.1
19191.4
19222.7
19664.2
20117.1
21368.2
21720.6
21748.5
22103.5
22498.5
24124.7
24292
24441.8
24530
24598.4
24874.9
25747.6
26209.6
26362.8
26807.9
27124.2
28653.1
28868.9
29015.2
29124.1
29131.4
29441.5
29585.8
30098.5
30276.8
30471.2
30657.5
30676.3
31241.1
31489.1
31845.4
32467.5
34258
34365.1
34786.2
34962.4
35360.5
35380.3
35587
35815.6
35935
36130.7
36509.7
37107.6
37942.8
38061.7
38085.9
38205.8
38223.3
38638.1
39658.7
39740
39997.4
40434.4
42484.8
42518.2
42610
42836.8
42949
44840.5
45088.3
45711.9
45853.7
46094.7
46323.2
46366.5
47623.6
48015.4
48361.3
48971
50558.9
51376.2
51762.9
51869.2
51963.4
52560.5
53322.7
53405.9
54211.9
55054.4
55980.2
56391.5
57556.1
57639.4
58002.2
58023.3
59553.5
59579.2
59909.9
60026.3
60436.6
60594.2
60797.9
61853.6
62910.1
63731.1
64542.6
66655.9
67512.7
67914.2
68304
68497.5
68675.1
68843.3
69182.6
70910.5
71485.3
73193.2
73273
74156.6
74563.5
74848.3
75090.4
75339.3
75343.3
75698.4
76063.7
76774.3
77399.2
77691.3
77845.7
78173.4
78178.4
78969.5
79556.7
79940.7
80276.4
80318.1
81644.5
81770.5
81902.4
82254.3
82735.5
82783.2
83129.7
83449.2
83737.6
83869.7
84570.5
85127
86822.1
87318.7
87741.8
87892.6
88412.8
88929.2
90058.4
90222.2
90952.5
91094.5
91273.5
91645.4
91723.5
91812.8
91814.5
92424.8
92489.7
93598.4
94001.5
94253.7
95154.7
95947.3
96888.7
97604.7
98411.8
98561.8
98844.2
98921.2
99422
99801
101123
101182
101404
101485
101905
102061
104825
104934
105937
106354
106545
106833
107008
107391
107559
108092
108281
109384
110065
110458
110607
111130
111697
112062
112279
112504
112939
113703
114176
114638
114693
115341
115927
116124
116413
116971
117301
117345
117361
117667
117919
118040
118204
118784
119115
119912
120645
120888
121017
121074
121307
123910
124628
124706
125588
125619
126817
128128
128465
128729
129456
129749
130031
130340
130912
132336
134365
134840
135027
135892
137785
137895
138161
138179
139141
141278
141957
142396
142447
142904
143377
143435
144480
145096
146867
146984
146978
147248
147501
148266
149452
149962
150095
150928
150966
151587
152923
153168
153234
153916
154540
157190
157319
157536
158516
158684
159932
160170
160433
163133
163492
163617
163770
163787
164723
165154
165358
165465
165632
166505
167713
168343
168951
170049
170344
170641
171346
171445
171609
171782
173199
174087
175379
176567
176606
176821
177691
180677
180728
180953
181129
181857
182944
183006
184253
184278
184639
184951
185346
187106
187694
188097
188598
188620
189576
190010
190100
190671
191656
191826
192394
192760
192772
193579
193658
196328
196777
197237
197930
198772
198932
