154.71
305.4
425
430.31
455.57
517.18
552.73
555.51
566.01
771.18
1120.87
1197.08
1313.44
1343.37
1354.74
1460.59
1476.72
1670.38
1743.33
1798.2
1865.08
1869.6
1921.34
2097.63
2105.51
2276.67
2545.61
2569.73
2723.29
2788.1
2879.44
3013.5
3020.97
3039.61
3074.46
3138.15
3242.18
3288.01
3453.12
3453.44
3477.53
3494.33
3532.91
3598.22
3602.64
3677.17
3717.54
3801.04
3893.71
3900.78
3900.92
3953.18
3972.48
4100.57
4311.09
4368.48
4408.03
4576.19
4599.9
4602.45
4655.05
4654.39
4700.4
4731.55
4805.25
4895.67
4941.39
5184.89
5194.38
5306.65
5419.81
5567.25
5689.22
5730.01
5784.77
5991.96
6029.93
6287.76
6344.42
6421.55
6433.31
6538.41
6581.14
6589.75
6741.96
6897
6910.52
6936.06
7145.5
7218.54
7272.4
7301.49
7378.76
7389.02
7555.25
7571.55
7579
7645
7678.68
7733.9
7842.78
7846.51
7936.58
8033.11
8082.23
8082.29
8160.03
8254.39
8275.32
8345.32
8433
8453.56
8477.75
8503.43
8646.91
8733.09
8809.14
8893.07
8949.17
9100.53
9300.19
9402.44
9409.7
9438.87
9551.22
9674.24
9773.28
9839.56
9967.43
10138.9
10256.9
10277.1
10389.7
10430.4
10436.3
10480
10556.3
10573.4
10670.5
10678.3
10740.3
10838.3
10945.4
11090.1
11128.2
11455.7
11523.6
11744.7
11751.3
11924.8
12032.3
12033.6
12127.2
12153.3
12218.6
12345.2
12405.5
12471.5
12682.7
12739.6
12775.8
12891.2
12895.6
13020
13037.1
13038.2
13093.4
13183.3
13185.2
13381.6
13609.2
13638.3
13754
13909.7
14021.5
14160.5
14268.6
14338.5
14361.6
14420.5
14497.3
14627.3
14690.7
14735.5
14786.5
14831.5
15051.8
15230.4
15353
15546.8
15589
15659.9
15749.8
15858.5
15911.9
16274.9
16336.4
16400.2
16423.6
16523.5
16605.9
16632.6
16692.7
16690.4
16705.4
16846.8
17198.5
17257.1
17309.4
17321.7
17356.6
17464.2
17521.3
17701.6
17762.8
17820.4
17871.7
17982.3
17995.8
18262.4
18326.9
18441.9
18531
18530.7
18565.7
18720.9
18735
18848.1
18878.3
19006.1
19181.8
19245.8
19413.5
19467.6
19471.1
19516.8
19575.1
19585.3
19707.7
19734.1
19736.4
19869
20170.9
20194.3
20241.1
20269.8
20530.4
20608.9
20708
20741.5
20741.4
20850.5
20920.9
21034.4
21260.7
21299.3
21321.7
21358.5
21505.6
21596.8
21645.7
21658.3
21671.4
21696.3
21777.8
21841
22046.8
22051.5
22160.7
22210.8
22230.5
22531.7
22573.8
22746.9
22760.6
22914.6
22976.3
22986.3
23133.6
23167.9
23242.7
23332.1
23343.8
23433.9
23563.2
23966.1
24074.5
24181.3
24299.2
24358.4
24489.6
24518.5
24665.3
24695
24731.9
24815.3
24851.3
24869.6
25126.8
25148.6
25193.7
25207.7
25247.5
25380.8
25496.5
25516.4
25739.8
25970.5
26055.4
26103.7
26135
26263
26334.8
26363.7
26555.4
26786.8
26843.2
26857.3
26892.1
26934
26976.3
27244.7
27288.9
27416.2
27590.4
27648.5
27855.8
28053.8
28127.1
28143.9
28149.1
28197.4
28331
28338.8
28543.8
28661.5
28727.4
28741.2
28751.5
28941.5
29006.7
29261.2
29257.4
29362.6
29410
29479.1
29545.2
29560.1
29890.3
30028.6
30040.5
30186.8
30289.1
30592
30796.7
30970.3
31078
31183.2
31335.9
31351.9
31364.4
31572.1
31676
31700.4
31734.6
31847
31891.1
31907.6
32089.7
32160
32371.9
32390.5
32513.4
32563.3
32723.8
32767.4
32774.1
33025.5
33047.5
33106.8
33152.9
33163.2
33217.3
33228.7
33327
33353.7
33429.5
33629.1
33684.7
33734.8
33824.8
33876.3
34114.9
34170.4
34184.9
34276
34411.8
34415.1
34463.5
34490.8
34659.5
34684.9
34692.6
34693.6
34705.1
34807.2
34854.8
34917.9
34989.2
35068.1
35214.8
35331.9
35479.1
35485.3
35698
35778.3
35808.9
35823.9
35891.6
36156.6
36305.3
36322
36352.1
36400.9
36542.5
36605.4
36665.7
36774.5
36846.3
36849.8
37003.4
37023.4
37149.5
37169.3
37392.2
37414.4
37424.9
37565.1
37600.5
37606.4
37786.7
37889.1
37989.7
38031.4
38093
38340.8
38405.7
38683.9
38742.1
38891.4
38896.6
38981.7
39094.4
39176.7
39209.1
39288.5
39319.5
39327.3
39345.8
39350.2
39645.8
39722.4
39811.2
39833.6
40029.5
40100
40417.1
40524.4
40727.7
40810.3
40852.9
40928.6
40950.2
41052.5
41059.7
41240.5
41306.5
41735.1
41757.8
41806.7
41873.5
41898.1
41979.9
42187.5
42258.8
42272.1
42305.1
42436.1
42449.5
42898.3
42924.8
43079
43154.1
43162.7
43166.5
43260.7
43337
43443.3
43714.8
43835.1
44050
44079.9
44107
44135.6
44343.2
44427.6
44527.8
44767.9
44789.4
45043.6
45071
45123.1
45289.8
45361.5
45418.6
45460.9
45544.3
45596.8
45618.5
45679.6
45744
45821.1
45839.8
45864.8
45962.9
46316.8
46483
46640.5
46650.8
46709
46737
46867.4
46914.2
46917.2
47008.2
47186.4
47268.1
47283.8
47569.4
47665.7
47796.9
47856
47867.1
47930.4
47949.5
48002.9
48151.2
48291.9
48295.5
48360.6
48374.9
48537.3
48546.2
48560
48662.9
48719.5
48737.7
48750.2
48807.6
48893.7
48963.2
49055.5
49170.4
49168
49182.2
49184.8
49195.4
49369.2
49521.6
49727.1
49997.8
50054.6
50222.4
50428.9
50499.7
50576
50598.5
50609.3
50658.1
50737
50739.7
50858.2
50920.5
50940.9
51088.4
51211.7
51239.8
51372.5
51588.7
51613.7
51733.2
51985.4
51989
52249.1
52336.3
52342.3
52592.4
52609.4
52666.4
52685.4
52882
52945.6
53095.1
53254.2
53268.7
53322.5
53389.2
53770.7
53915.2
53964.2
53987.4
54014.2
54015.8
54024.5
54185.7
54311.6
54327.7
54449.1
54454.8
54528.9
54563.8
54600.9
54662.3
54718.7
54760.4
54843.9
55012.7
55059.3
55049.5
55145.9
55162.4
55289.6
55351.1
55475.6
55522.6
55552.3
55684.6
55737.8
55878.1
55992.2
56348.8
56431
56442.4
56541.4
56694
56735.3
56821.5
56819.6
57010.8
57034.5
57100.2
57309.4
57355.4
57382.4
57807.8
57833.7
57853.6
57851.9
57905.4
57982.9
58133.6
58275
58393.7
58452
58446.3
58545
58709.5
58806.8
58828.2
58832.5
58890.1
59336.7
59354.1
59359.2
59435.1
59526.5
59635.7
59664.6
59721.5
59721.2
59732.8
59823
60308.9
60357.9
60444.7
60462.8
60668.6
60677.6
60807.7
60857.1
60954
60957.9
61020.2
61072.9
61545.6
61542.1
61984.6
62002.5
62141.9
62159.4
62254.6
62352.3
62341.3
62386.3
62427.8
62446.5
62803.2
62876.8
62957.6
62974.2
63060.4
63082.8
63188.3
63393.5
63407.2
63637.6
63681.4
63715
63723.3
63871
63886.1
63980.1
64099.7
64135.9
64257.6
64334.7
64606.5
64686.4
64711
64712.3
64894.7
64945.6
65158.4
65163.5
65307
65491.2
65724.1
65774.2
65846
65981.9
65993.8
66067.2
66081.1
66268.2
66349.2
66440.8
66553.5
66752.3
66789.6
66831.9
67376.4
67437.2
67718
67859.2
67978.5
68112.9
68113.4
68260
68342.2
68476.2
68495.6
68553.9
68553.1
68579.6
68687.6
68724.2
68822.9
68846.1
68864.7
68953.7
68962.1
69154.6
69250.8
69307.4
69344.3
69347.4
69551.7
69685.5
69777.6
69810
69816.8
69961.9
70090
70144.5
70140.6
70146.6
70226.5
70346.4
70477.2
70684
70862.4
70860.7
70985.3
71004.1
71041.4
71050.2
71106.7
71283.5
71334.7
71402.7
71446
71518.5
71645.7
71772.4
71801.5
72081.8
72258.5
72386.2
72577.2
72635.4
72685
72696
72810.7
72810.7
72872.9
72881.8
73018.1
73043.4
73185.3
73227.8
73236.7
73377.7
73388
73696.2
73827.2
73860.3
73865.2
74056.7
74113.6
74170.2
74177.8
74184.8
74264.4
74291.2
74338.8
74348.7
74559.1
74583.3
74703.9
74748.1
74750.6
74871.4
75004.8
75059.6
75154.5
75271.1
75356.9
75409.2
75462.7
75609.6
75663.8
75927.5
75958.2
76060.6
76159.3
76231.6
76244.1
76349.7
76374
76372.1
76587.5
76620.8
76865.7
76871.3
77020.8
77087.1
77208.9
77227.1
77283.3
77307.5
77349.7
77370.3
77476.3
77529.8
77571.8
77590.6
77603.4
77614.9
77625.5
77637.9
77785.2
77840.4
77887.8
77965.3
78012.4
78119.4
78194
78210.8
78235.8
78431.1
78571.3
78652.1
78720.7
78791.5
78860.8
78873.5
78884.8
78985.8
79031
79051.3
79085.3
79221
79332.9
79481.3
79589
79619
79620.5
79786.2
79860.7
79870.2
80023.8
80047.5
80238.5
80241
80253.8
80331.8
80332.8
80469.9
80550.3
80578.3
80567.6
80630.4
80743.3
80890.8
80925
80973.9
80993.8
81115.5
81121.3
81232
81361.6
81358.8
81399.5
81448.3
81634.3
81913.5
82036.5
82268.5
82382.4
82489.2
82548.8
82587.5
82578
82609.9
82760.6
82840.3
83041.8
83057.8
83136.1
83170.9
83238.7
83300.1
83423.4
83550.9
83735.9
83766.9
83800.1
83826.1
83837.5
83958.5
84093.3
84101.5
84120.6
84171
84224.9
84237
84564
84686.8
84732.5
84789.9
84906.3
84980.5
85006.1
85184.6
85181.2
85263.3
85265.4
85277.3
85593.1
85657
85742
85827.2
85964.6
86046.5
86137.5
86177.4
86210
86274.5
86324.5
86369.3
86540.1
86718.4
86723.1
86846.3
86856.7
86900.1
86912.8
87102.3
87266.8
87287.9
87322.1
87345
87357.2
87401.6
87551.3
87625
87787.7
87888.5
87964.7
88138.8
88141.9
88213.5
88298.7
88326.8
88489.1
88513.5
88521.5
88565.7
88581
88630.9
88640.8
88872.9
88972.1
89045.9
89054.6
89101.4
89129.1
89287.6
89358.9
89559.5
89609.3
89687
89772.2
89811.3
90049.1
90105.5
90131.1
90162.4
90159
90189.1
90318.1
90323.9
90350.4
90430.7
90701.5
90811.8
90844.1
90890
90913.6
91023.2
91082.4
91247.8
91256.4
91411.3
91438.3
91466
91593.3
91774.8
91834.2
91942.5
92125.5
92138.1
92185.6
92177.9
92303.8
92483.7
92475.4
92549.6
92636.9
92748.8
92762
92828
92970.6
93114.1
93140.5
93292.5
93329.4
93560.2
93656.2
93676.2
93719.3
93804.3
93832.5
93933.5
94110.8
94387.1
94415.9
94425.1
94566.2
94676.5
94726.5
94796
94888.2
94922.3
94980
95083.9
95150.5
95148
95164.5
95210.2
95372.3
95514.5
95579.8
95725.4
95924.6
95939.3
95939.7
95967.6
96009.5
96374.7
96403.8
96433.9
96777.7
96801.3
96825.3
96916.4
97080.2
97142.7
97290.1
97418.5
97484
97551.2
97557.2
97730.5
98220.5
98243.7
98312.1
98336.1
98350.6
98437.9
98565.4
98658.6
98682.8
98734.5
98747.6
98754.4
98832.6
98881.9
99176.4
99452.1
99467.7
99509.8
99753
99806.4
99925
100012
100139
100151
100385
100448
100459
100524
100702
100945
100981
101068
101116
101150
101219
101354
101515
101580
101578
101666
101708
101785
101886
102056
102050
102065
102182
102231
102796
102839
102883
102919
103148
103148
103207
103292
103381
103405
103424
103450
103633
103646
103715
103802
103864
103942
103944
104011
104084
104107
104225
104229
104294
104314
104356
104680
104845
104979
105160
105245
105306
105358
105472
105791
105876
106000
106159
106214
106369
106477
106638
106652
106877
106993
107003
107009
107037
107109
107167
107296
107326
107569
107687
107749
107883
107929
108199
108214
108290
108296
108409
108453
108594
108619
108619
108718
108790
108837
108848
108871
108868
109013
109124
109224
109313
109386
109393
109401
109413
109573
109696
109749
109869
110122
110149
110397
110433
110466
110526
110576
110576
110619
110701
110819
110825
110876
110885
111106
111127
111139
111221
111484
111508
111638
111681
111775
112067
112095
112402
112420
112505
112643
112643
112694
112762
112879
112900
112917
113000
113040
113078
113101
113103
113175
113205
113269
113330
113443
113469
113547
113632
113800
113854
113957
113987
114114
114245
114331
114347
114458
114622
114757
114984
115034
115073
115094
115406
115454
115467
115493
115507
115551
115579
115630
115668
115855
115895
116075
116118
116221
116281
116617
116662
116661
116775
116813
116847
117008
117029
117102
117106
117237
117242
117250
117421
117514
117749
117769
117779
118162
118222
118351
118414
118429
118488
118596
118643
118687
118708
118915
119132
119172
119181
119196
119208
119331
119494
119589
119635
119623
119628
119728
119797
119818
119884
120006
120189
120257
120293
120295
120305
120354
120421
120479
120560
120827
120817
120929
120956
121100
121109
121304
121417
121454
121479
121578
121595
121614
121636
121741
121865
122004
122045
122076
122087
122202
122241
122297
122572
122590
122638
122646
122684
122919
122989
122999
123078
123085
123100
123298
123302
123639
124017
124047
124094
124122
124112
124150
124232
124482
124539
124741
124785
124839
124869
124908
124904
125092
125254
125269
125410
125406
125464
125500
125601
125708
125866
125859
125953
126018
126168
126327
126537
126597
126849
126875
127037
127060
127338
127521
127562
127608
127624
127817
127843
127851
128007
128075
128187
128235
128308
128542
128548
128602
128608
128681
128683
128739
128772
128775
128792
128862
128952
129098
129161
129186
129263
129435
129533
129532
129537
129566
129815
129830
129875
129904
130035
130101
130137
130315
130420
130566
130593
130636
130666
130769
130804
130945
130991
130982
131086
131232
131255
131432
131462
131461
131602
131888
131930
132109
132216
132463
132528
132615
132643
132686
132724
132794
132989
133086
133171
133207
133266
133273
133315
133481
133556
133629
133688
133708
133750
133889
133944
133991
134024
134170
134207
134224
134253
134295
134495
134562
134573
134829
134877
134890
134914
134959
135206
135240
135281
135298
135374
135447
135490
135589
135624
135682
135863
135910
136042
136139
136150
136145
136208
136231
136401
136503
136533
136588
136671
136845
136924
136965
137063
137139
137201
137184
137445
137475
137525
137546
137728
137731
137833
137941
137964
137975
138235
138436
138454
138588
138681
138785
138798
138919
138982
139102
139097
139287
139314
139325
139440
139477
139527
139590
139587
139655
139941
139953
140022
140037
140109
140163
140222
140291
140489
140480
140521
140545
140619
140671
140701
140793
140916
140967
141000
141015
141009
141169
141266
141382
141494
141539
141633
141783
142014
142090
142090
142108
142256
142557
142554
142677
142860
142933
142932
143001
143074
143228
143352
143377
143526
143638
143727
143726
143918
143934
143964
144089
144119
144167
144211
144384
144388
144464
144555
144829
144834
145228
145249
145405
145481
145537
145557
145663
145692
145717
145973
146054
146074
146207
146233
146304
146314
146445
146613
146653
146665
146739
146758
146773
146831
146820
146908
147005
147168
147156
147209
147361
147452
147457
147495
147517
147633
147723
147830
147949
147991
148067
148073
148246
148275
148290
148317
148451
148648
148699
148715
148756
148829
148893
149077
149152
149204
149457
149466
149465
149605
149665
149674
149685
150097
150225
150225
150372
150387
150394
150408
150598
150674
150726
150780
150805
150821
151033
151195
151244
151377
151474
151541
151554
151646
151864
151913
151933
151993
152142
152265
152317
152353
152404
152492
152686
152849
152895
152936
153077
153250
153280
153385
153406
153457
153664
153712
153754
153749
153827
153890
154134
154272
154370
154403
154393
154489
154533
154523
154599
154625
154808
155050
155050
155075
155362
155386
155480
155617
155877
155987
155994
156000
156079
156111
156444
156441
156483
156761
156865
157022
157191
157194
157198
157400
157506
157558
157619
157700
157749
157821
157841
158010
158058
158050
158052
158075
158084
158197
158304
158405
158429
158512
158748
158869
159006
159036
159225
159247
159369
159375
159501
159695
159762
159942
160045
160109
160260
160447
160710
160725
160744
160826
160955
161062
161138
161142
161186
161221
161274
161311
161410
161432
161534
161743
161770
161889
161993
162056
162057
162291
162310
162328
162379
162588
162686
162707
162882
162942
163030
163255
163276
163406
163492
163615
163637
163679
163816
163840
163905
163987
164037
164189
164244
164256
164593
164592
164621
164788
164997
164998
165034
165249
165312
165349
165354
165471
165528
165644
165666
165693
165854
165879
166077
166096
166110
166167
166386
166425
166475
166560
166594
166758
167022
167030
167181
167229
167345
167334
167387
167457
167660
167695
167749
167740
167752
168171
168239
168293
168292
168297
168418
168770
168819
168945
169077
169090
169151
169201
169589
169730
169750
169753
169936
169966
170192
170410
170438
170527
170588
170587
170618
170630
170729
170782
170874
170893
170996
170991
171112
171168
171350
171526
171612
171688
171782
171981
172168
172191
172198
172371
172384
172589
172607
172738
172754
172757
172842
172936
172954
172986
173023
173111
173187
173348
173368
173373
173380
173400
173403
173428
173445
173591
173733
173755
174055
174183
174373
174416
174516
174543
174844
174947
175120
175140
175187
175346
175626
175733
175829
175934
176026
176023
176480
176493
176525
176793
176818
177011
177152
177217
177301
177525
177615
177706
177705
177708
177959
177965
178008
178040
178077
178156
178174
178249
178317
178333
178394
178536
178634
178665
178671
178707
178745
178974
178980
179084
179131
179361
179398
179476
179468
179492
179708
179734
179740
179862
180151
180159
180293
180332
180545
180569
180739
180914
180993
181103
181216
181450
181642
181653
181736
181889
181884
182098
182098
182129
182230
182300
182324
182352
182480
182498
182587
182786
182813
182837
182863
182890
182969
183130
183117
183301
183385
183558
183590
183608
183598
183743
183764
183791
183806
183871
184080
184115
184183
184216
184610
184805
184866
185097
185251
185320
185683
185673
185882
185924
186040
186149
186263
186515
186516
186639
186728
186858
187120
187225
187378
187425
187540
187546
187719
187745
187736
187768
188054
188139
188134
188156
188275
188397
188417
188467
188530
188644
188679
188713
188758
188889
188933
188984
189011
189088
189310
189406
189526
189534
189600
189723
189781
189806
189846
189899
189964
189971
190017
190058
190203
190345
190382
190586
190617
190675
190733
190953
191019
191221
191282
191326
191323
191357
191601
191758
191972
191993
192033
192042
192082
192192
192334
192438
192477
192501
192618
192650
192916
192920
192960
193056
193134
193323
193588
193726
193780
193800
193815
193922
193921
193948
194009
194038
194347
194352
194383
194394
194503
194565
194569
194621
194646
194670
194785
194854
194862
194955
194952
195067
195194
195232
195234
195271
195303
195383
195407
195618
195619
195979
196012
196050
196079
196201
196524
196556
196583
196618
196644
196775
196796
196886
196899
197103
197227
197373
197543
197676
197742
197934
197944
197973
198031
198121
198459
198495
198531
198539
198533
198589
198894
198997
199022
199106
199162
199223
199334
199427
199510
199503
199745
199784
199796
199867
199915
