1328.71
1870.33
2157
3014.9
5047.49
5425.17
5662.52
5948.04
6230.26
6295.21
6707.23
7026.66
7699.71
8084.29
8154.47
8260.64
8870.42
8952.07
9082.35
9083.38
9174.59
9667.39
9877.47
9901.42
10809.7
11489.5
12137.1
12457.1
12487.7
12670.3
12886.9
13154.8
13649.3
14003.4
14843.6
14896.7
15665.5
15986.8
16422.8
16440.2
16743.5
18131
18451.2
18865
19134.4
19512.1
20107.3
22079.2
23006.6
23476.5
23605.2
24094.8
24273.2
24646.4
25778.8
26461.1
26733.9
26817.3
27867.7
27882.6
28153.5
28950.1
31395.7
31740.4
31910.4
32903.4
34052.8
34944.2
35365
35486.3
35643.8
35750
36589.7
36775.1
37205.7
38728.4
38805.6
38886.1
39257.5
39788
40142.7
40435.7
40922.3
41722.5
43063.8
43150.8
44509.8
44739.9
44765.2
45335.1
45788.3
46172.8
46422.5
46452.5
47425.1
47674.6
48014.3
48088.4
48404.2
48692.1
49046.9
49462.8
50020.8
51873.6
52492.8
53446.9
54008.6
55141.9
55234.5
55849.8
55978.6
56634.2
57068.2
57248.5
57460.2
58305.4
59193.1
59671.3
59810.7
60285
60908.7
62445.6
62950.3
63582.7
64063.7
64119.9
64271.6
64640.8
64745.3
64887
66137.2
67243.2
67659.5
67743.6
69771.8
70291.3
70532
71154.9
71460.7
71650
71757.9
72307.1
74032.8
74127.8
74219.5
74330.3
74407.7
75002
75747.8
76272.5
76443.1
76465.8
76969.1
77661.1
77958.4
77976.1
78423.6
78462.3
78544.2
78770.6
79114.9
79473.9
79519.7
79638.6
79666.4
80321.6
80541.5
81952.1
82188
82371.2
82511.6
82929
83307.2
83638.8
84278.1
84341
84610.1
85424.3
86130.7
86357.5
86464.5
87481.2
88063
90374.5
90494.3
90858.6
91456.5
92144.6
93189.4
93292.3
93500.9
93498.8
94321.9
94469.8
94597.5
95556.1
95738.1
97145
97518.5
97793.5
97995.4
98324.1
100058
101049
101235
101233
101266
102123
102159
102221
102296
102422
102459
102683
102762
103131
103221
103222
103230
103348
103365
103460
103668
103824
103856
103935
104276
104292
104543
104746
104843
105143
105389
105560
105973
106388
106426
106462
107115
107347
107827
108623
108732
109510
109856
110032
110751
111636
111733
112208
112673
112829
114289
115802
116359
116517
116691
116825
116999
118562
122272
122632
122878
124000
124498
128402
128604
129165
131024
131252
131958
132585
132832
133431
133450
133657
133694
134283
135153
135628
135767
136611
136804
137126
137609
137795
138012
138574
138932
139140
139267
139428
140279
141524
142640
142765
143748
144104
144274
144804
145222
145327
145545
145626
146638
146690
147242
147806
148396
148665
148706
148970
149155
149402
149498
149946
150054
150312
150699
150741
151065
151342
151498
151619
151889
152459
154065
154263
154467
154640
154907
154982
155285
155460
155510
155974
156399
157276
157480
158955
159415
159835
160051
160054
161572
161661
162012
162652
163008
163111
163627
163641
163837
164006
164280
164743
165022
165851
165860
166473
167628
168051
168410
168585
168856
168904
169938
170107
173475
173662
173804
173841
174047
174149
174277
174546
175898
177859
177946
178302
178810
178870
180154
180177
180704
181020
181036
181242
181648
181984
181987
182325
182884
183136
183148
183394
184632
184790
185603
185763
185980
186844
187085
187738
187789
189163
190094
190160
190316
190730
191236
192514
193116
193361
193479
193536
193578
193625
193645
193827
193900
193976
194832
195011
195218
195450
195840
196404
198191
198426
198696
198751
198802
199148
199844
199872
