2892.26
3282.95
5020.83
5748.32
6309.31
17983.6
18505.6
23267.5
34746.5
37068.5
38301.8
41254.7
42633.7
43175.8
43692
48725.7
49079.9
49931
51857.1
54282.1
54933
55298
55845.8
57030.2
57202.5
57573.6
61450.7
64827.5
65815
68513.7
71140.3
74611.4
75660.2
79657.2
80671.8
81607.6
83681
84212.1
84360
84499
86076.3
86865.7
89375.2
89419.9
90383
90762.6
91298
91406.3
91948.1
92191.9
92386.9
92555
93512.1
96210.6
96631.5
97463.5
102545
103208
103908
103909
104783
106864
108595
108831
112180
113325
113953
114633
115442
120473
125162
125412
130489
130922
133906
138241
140625
141310
143457
144926
146064
146417
146708
147037
147414
148022
148018
148303
150189
153084
154179
154446
154695
154828
156695
157517
159714
161080
161266
161799
162482
162657
163970
165390
166169
166724
167144
168892
169310
173452
174141
175818
180371
180725
182011
187123
187700
188924
190840
192459
192505
192888
194631
195609
196661
196921
197758
198566
199001
199601
