4336.41
9351.04
12266.8
12706.1
13705.1
16759.8
17249.6
18458.8
19774.8
21316.5
27635.3
29502
36842.9
42498.1
45425.9
49664.6
49910.9
56013.5
56752.9
56809.9
60359.6
61123.6
61375.4
65754.9
67564.4
68780.3
69329.9
70871.4
73865
75017.9
92422.5
101001
101658
110982
113312
114355
114863
124934
126466
130393
131177
131572
135302
142226
144913
146159
151279
151579
153776
154185
157233
159028
159258
159399
162930
165754
166899
167635
170129
170869
171509
172550
174143
179762
181015
186931
192792
194771
