1121.06
7045.76
7360.45
8198.74
9457.95
10999.2
13083.5
14676.4
14951.3
15153.3
15749.7
16348.1
16670.8
16735.7
17325.3
17914.6
19909.7
20827.7
23812.8
24076.4
24798.1
25641.9
26592.5
30347.3
30575.9
35946.5
41089.9
43226.3
43741
45992.2
47960.8
50442.7
51246
51538.8
53200.4
53488.9
53948.5
54076.5
54473.2
57026.5
57036.4
58383
58996.4
59150.3
59765.1
59887.6
60471.8
60697.2
61334.2
61586.3
62258.2
62564.7
62693.4
63959.3
64168.5
64498.3
65529.3
67073.6
67475.6
73317
73663.3
74102
74851.5
74947.1
75331.5
75456.7
75634.5
76121.5
76288.4
76538.5
76573.9
78859.5
79126.4
80256.9
83742.5
85264.1
90147.4
92666.6
92989.2
93448
95313.9
96396.3
96572.1
97253.2
97367.1
97444.8
97447.4
98325.1
98455.5
98505.7
98611.2
98867.6
99086.3
99083.9
99505.2
100119
100207
100533
101278
101716
101949
102569
104257
105032
107199
107608
108488
114119
114421
115323
118637
119308
119815
120341
120469
121127
121338
122690
122944
123768
124615
129041
129467
129486
129933
130502
131256
131941
132746
133315
133785
134211
134545
134698
134993
135438
135734
136083
136107
136305
136678
136772
136924
137298
138639
138871
140253
141264
144168
145468
147116
147227
147423
151787
151948
152078
152152
152654
153310
153532
154543
156030
157034
159162
160370
160722
161672
162864
164099
164395
166444
166595
166891
167831
168832
169156
169306
169680
169895
170245
170456
171289
171584
172426
172902
173591
173952
174274
175083
175453
176057
177661
178839
179040
179589
180444
181569
182435
182479
183011
184274
185643
187017
187020
187460
187750
188475
191480
192229
194185
194341
194499
194902
195000
195252
195596
196571
197236
199022
199906
