662.56
1370.16
1732.35
2191.16
2877.46
4681.88
5364.14
5597.56
5961.43
6969.53
7120.08
8287.95
8766.12
10359.7
10375.4
10728.8
11511.4
11945.5
13985
14604.5
16055.9
16831.4
19011.4
19061.4
19455
19784.5
20791.9
21144.6
22639.8
23881.5
24830.6
25084.4
25162.8
26012.4
26604.5
26702
27642.8
28161.9
28747.3
29178.6
30168.7
31469.6
32907.8
32986.7
34457.6
34550.5
35141.3
36946.9
37104.2
37484.2
37730.5
39628.3
41916.1
43163.8
44580.1
46831.8
47978.4
48024.6
48791.7
50469.5
50968.5
51429.9
52226.6
53107.9
55064
55612
56555.7
57483.8
58712.3
60000.1
60208.7
61151.7
61194.2
63102.8
63605.5
63993.4
64287.2
64885.2
66627.6
70769.3
70813.9
75238.2
75533.6
77621.4
77821.1
82551.4
82901.8
83305.1
84279.4
84663.1
84667.5
85441.4
87269.4
87300
88641.9
89418.5
90908.2
91525.9
91915.2
92064.8
92940.9
95843.6
96464.5
96824.4
97554.2
97626.2
99369.1
100663
101257
101515
102108
102428
102885
103410
103811
104188
104581
104690
105352
105552
106116
106451
106975
110543
110583
110667
111942
112612
114443
116912
116981
117301
118936
119326
119399
120959
121708
121943
122223
122343
123713
123780
124436
124590
125239
126025
126847
127309
127939
128692
129039
129680
130050
130451
130574
130586
131018
131877
132010
134347
134477
134629
134760
134978
137335
138515
139084
139783
141497
143889
144400
146321
146431
148936
149214
149385
150433
150548
150634
150660
151039
151030
152640
155098
155923
157974
160257
160450
161836
161909
162002
162489
162565
163029
163691
164445
165003
165489
166055
166218
166707
167908
172311
172915
174446
174639
175949
176361
176467
176739
177628
177802
178434
179445
179951
180298
180643
181516
182853
185242
185701
185957
186328
186466
186500
187809
188714
189545
189708
190464
192484
193111
193779
195148
195408
195441
196643
196694
197169
198552
198791
