145.11
362.19
549.76
871.54
1220.76
1812.07
2065.51
2668.17
2819.49
3036.93
3186.34
4761.01
4786.43
5189.02
5202.5
5329.57
5371.93
5601.82
5696.07
5839.54
6135.91
6420.04
6464.88
6737.7
6839.28
7645.25
7901.34
8503.11
9171.89
9401.39
9927.27
10160.7
11307.3
11558.2
12312.6
12662.1
12988.2
13477
13527.9
14395.3
14404.1
14943.6
15436.2
16555.1
17030.8
18255.7
18470.7
18902
19069.6
19376.6
20062.2
20439.6
20491.1
20591
20758.3
20844.4
21165.2
21747.7
21777.5
21898.4
22004.6
22822.1
23015.7
23578.1
23973.2
24604.6
24678.7
24703.8
24860
24988.8
25355
25425.9
26026.3
26442.1
26465.4
27362.6
27559.5
27793.4
27873.3
28435.7
28461
28765.4
28911.5
29148.6
29253.1
29608.1
30329.8
30665.3
30976
31311.8
31656.3
31986.2
32805.7
33379
33779.6
33959.6
34048.8
34136.7
34254.1
34355.2
34829
35324.7
36498.3
36691.1
36767.6
36849.9
36944.6
37015.2
37407.6
37484.2
37860.1
39483.1
40039.4
40913.7
41068.8
41249.7
41583.2
41658.7
43890.9
44314.9
44616.2
45830.2
46036.2
46195.7
46428.5
46688.5
46916.5
47522.4
47571.2
47860.2
48090.4
48952.1
49203.2
49365.9
50270.1
51043.6
51045.1
52019.1
52272.9
53769
54432.3
54747
55029.8
55131.4
55446.1
55506.4
55869.5
56108.5
56222.5
56470.2
56506.4
56756.4
56948.1
57276
57538.2
57698.7
58484.7
58986.5
59676.4
59738.3
59848.6
60989.6
61014.2
61048.5
61431.5
61769.4
62045.7
62256.3
62314.4
63398.3
63812.6
63914.4
65112.1
65946.2
66363.8
66759
67216.9
67544.8
67992.1
68203.7
68852
68969
69384.4
69692.4
69873.7
69883.9
70389
70527
71597.9
72248.7
73214.9
73817.9
73950.1
74096.8
74136.5
74320.7
74470.5
74975.7
75105.8
75249.5
75357.1
75549.5
76292.2
76646.1
77079.6
77250.4
77666
79035.1
79539.4
80051.7
80378.2
80725.2
81016.4
81022.5
81213.2
81361.8
81453.1
81477.5
82082.6
82154.9
82167.6
82182.7
82414.4
82499.4
82717.2
82750.3
83428.5
83509.7
83582.1
83894.6
84405.7
85170.6
85439.4
85514.3
85515.4
86436.9
86640.1
87127.8
88926.6
89173.4
89260.1
89859.9
90431.1
90622
90621.5
90824.9
91133.2
91845.8
92689.1
93057.4
93722.1
93939.2
94509
95350.8
95390.5
96657
97186.1
97720.5
98040.8
98488.3
98797.1
99105.1
99389.8
99403.5
100701
101054
101091
101117
101410
101566
101729
101810
101941
102285
102691
102696
102745
102901
103161
103558
103660
103786
104184
104307
104442
104743
105078
105184
105578
105932
106414
106730
108209
108400
108692
109251
110215
110213
110389
110661
110680
111592
112685
112708
113503
113768
114521
114656
115816
116408
116646
116727
117136
117309
117442
117552
118243
118271
118273
118361
118887
119036
119159
119437
119710
119943
120257
120273
121165
121251
121553
121665
121976
122216
122240
123162
123252
123560
124173
124201
124317
124681
124929
124937
124991
125429
125974
126180
126558
126564
126686
126916
127181
128088
128185
128729
128786
129492
129879
130116
130395
130486
130881
130920
131473
131896
132943
133638
133716
133876
134261
134376
134634
134870
136060
136518
136544
137035
137253
137718
137905
138070
138166
138254
138491
139207
139731
139985
140187
140330
140398
141267
141621
142631
142971
143132
143751
145058
145259
145346
145402
145875
146122
146234
146256
146614
147010
148522
148560
148707
148807
148929
149046
149229
149544
149684
150027
150261
150385
150381
150566
150823
150834
151262
151394
151481
152468
152624
153320
153335
154184
154739
154862
155758
156044
156160
156306
156649
156930
157705
157715
157862
158254
158261
158558
160057
160314
160536
160633
160784
160782
161551
161652
161697
161734
161761
162079
162209
162339
162520
162851
163318
163473
163568
163806
164048
164120
164246
164561
164947
165080
165108
165142
165633
165731
166171
166491
167149
167392
167821
168155
169292
169377
169439
169750
170382
172235
172580
172597
174040
174049
174136
174420
174799
174896
175561
175563
175603
176130
176154
176353
176530
177106
177137
177210
177351
177670
178189
178805
178985
179237
179385
179730
180138
181034
181296
182522
182954
183324
183768
183971
184183
184273
184576
185227
185407
185457
185835
185946
186078
186298
186395
186706
187383
187615
188172
188520
188682
188933
189089
189565
189677
190250
190476
190630
190735
191056
192078
192114
192207
192866
193580
194160
194210
194743
194755
194872
195173
195472
195729
196291
196509
196615
196764
196816
197355
197567
197817
198145
198313
198517
198538
199190
199210
199796
