99.92
468.83
491.66
558.43
1493.78
1614.18
1831.09
2065.21
2372.88
2426.15
2663.49
3192.95
3195.83
3392.34
3427.87
3800.94
3831.03
3933.76
3965.94
4044.69
4185.86
4377.11
5139.82
5500.27
6091.07
6130.37
6376.21
6724.99
7004.92
7492.4
8012.8
8332.53
8966.91
9186.3
9797.74
9956.5
10707.3
11088.2
11145.8
11401.8
11424.5
11549.6
11722
11792.2
11817.1
11930.2
12014.1
12042.8
12286.2
12550.1
12629.8
12655.3
13045.1
13216.3
13813.6
14136.5
14720.1
14890.1
15128.7
15245
15591.2
15832.5
16272
16325.5
16921.1
16948.5
16969.9
17075.4
17077.2
17118
17261.1
17323.3
17584.5
17867.8
17957.6
18052.7
18300.7
18890.2
19434
19477.4
19832.6
19971.6
20040.9
20040.1
20432.8
21129.2
22089.8
22106.2
22267.2
22407
22645
22876.5
23076.2
23180.4
23426
23467.2
23577.4
23744.9
23748
23871.4
24088.4
24330
24335.7
24692.6
25804.9
25892.5
25946.4
26188.4
26219
26239.6
26550.2
26583.7
26635
26665.8
26813
26968.2
27024.3
27158.7
27213.3
27304.3
27538
27566.6
27573.6
27664.6
27795.8
27836.9
27957.7
27986.2
28042
28066.4
28133.4
28311.6
28342.3
28596
28592.3
28902.5
28914.2
29064.8
29092.3
29313.9
29837.3
30083.1
30188.6
30399.1
30695.8
30759.3
31605.5
31673.7
32194
32387.2
32609
32759.3
32765.8
33000.8
33016.7
33236.5
33433.2
33608.6
33631.9
34040.2
34076.3
34357.2
34989
35038.5
35111.4
35674.5
36022.8
36105.7
36382.4
36500.2
36661.2
36764.7
37149.5
37407.3
37448.1
37615.6
37627.1
37821.5
38523.3
38753.8
39236.8
39527.2
39826.8
39974.9
40027.8
40215.1
40367.3
40710.4
40847.6
40997
41071.9
41361.8
41452
41463.3
41543.4
41711.4
42051.7
42283.1
42431.3
42661
42864
42967.4
42970.2
43259.7
43347
43469.3
43627.2
43631.5
44126.2
44477
44648.5
44964.8
45006.8
45024.6
45171.2
45348.7
45345.4
45523.4
45676.6
45704.1
45841
45915.6
46113.8
46235.5
46267
46274.5
46462.5
46578.5
46578
46741.5
46873.5
47179.7
47446.7
47547.2
47900.1
48043.5
48075.2
48196.7
48461
48563.2
48710.8
48832.8
48955.1
49020.5
49179.6
49533.9
49572.2
49574.2
49582.9
49925.4
50330.6
50485.1
50568.1
50900.7
50917.5
51212.7
51349.1
51965.4
52187.5
52411.4
52493.5
52651.2
52672.5
53038.2
53153.4
53312.9
53728.3
54082.3
54649.3
55126.1
55166.4
55238.1
55273.6
55348.5
55415.2
55617.5
55723.1
55885.6
55951.5
55989.5
56188.2
56319.3
56530.5
56652.1
57024.3
57046.5
57103.5
57280.1
57588.8
57689.1
58055.4
58599
58648.4
58781.2
59613.4
59786.4
60062.3
60118.8
60460.9
60506.1
60728
60791.6
60922.4
61035.4
61039.5
61247.3
61280.7
61580
61695.6
62205.3
62471.8
63119.5
63296.4
63399.6
63762.7
63821.9
63889.8
64093.8
64343.6
64620.8
64767.4
64986.9
65078.7
65161.7
65206.5
65691.4
65746.2
65792.3
65842.7
66280.1
66390
66388.8
66685.7
67250.3
67337.9
67517.5
67684.5
67835.2
67851.4
67880.4
68067.9
68422.5
68698.9
68920
68992
69398
69450.4
69780.7
69943.8
70288.8
70921.1
71158.9
71198.7
71581
71917.7
72427.8
72570
72874.5
73361.1
73460.8
74059.4
74111.8
74345.5
74469.7
74498.5
74570.8
74706.8
74770.8
74804.9
74867.2
74912.2
74948.2
74996.3
75099.9
75131.9
75347.3
75416.1
75427.8
75448.7
75530.7
76129.2
76520.1
76617.9
76751.4
77170.7
77235.7
77437.6
77778.1
78006.8
78337.8
78534.5
78636
79214.9
79976.7
80109.2
80483.6
80497
80966.8
81347
81763.7
82110.1
82337
82699.9
82861.4
82957.1
83052.3
83136.1
83395.5
83737
84046.4
84412.1
84716.2
84977
85065.3
85124.6
85245.3
85274.2
85441.9
85774.4
86155.1
86224
86784.2
87197.4
87255.2
87552
87688.6
87824.5
88205.4
88346.4
89048.1
89314.2
89383.5
90147.6
90360.8
91124.2
91184.3
91198.5
91335.6
91522.3
91700.3
91933.6
92143
92223.9
92494.5
92656.7
93187.3
93370.2
93766.1
93771.2
93936.7
93969.1
94399.2
94693.8
94992.1
95352.5
95482.6
95576.4
95796.7
96028
96183.7
96270.9
96304.8
96582
96606.2
96622.6
96693.4
96788
96985.7
97169.2
97324.3
97335.2
97348.4
97406.3
97451.8
97560.6
97809.9
97871.5
97874.6
98427.4
98459.7
99160.6
99206.4
99299.6
99835.9
100613
100633
100973
101414
101456
101811
101985
102140
102158
102283
103184
103243
103478
103491
103939
104089
104104
104317
104577
105022
105281
105326
105406
105505
105672
105683
105995
106028
106049
106360
106493
106558
106670
106823
106828
107019
107101
107238
107492
107920
108181
108320
108453
109436
109516
109559
109588
109804
110217
110303
110407
110461
110471
110496
110635
110999
111116
111119
111134
111210
111293
111324
111505
111743
111819
111859
112153
112282
112428
112833
113183
113519
114296
114317
114841
115020
116124
116475
116683
117160
117225
117228
117248
117369
117407
117487
117509
117707
117716
117806
117908
118216
118589
118661
118770
119122
119221
119242
119471
119583
119776
119821
119843
120051
120099
120227
120233
120310
120455
120548
120583
120978
122162
122514
122612
122833
122943
123128
123152
123588
123600
123741
123738
123880
123961
123986
124091
124135
124260
124580
124858
124938
124991
125017
125157
125236
125408
125428
125447
125586
125705
125822
125883
125931
126349
126546
126675
126760
127024
127083
127112
127209
127258
127512
127653
127723
128176
128211
128231
128444
128461
128552
128576
128935
129219
129825
129970
130018
130375
130437
130485
130543
131857
132051
132164
132286
132482
132665
133196
133359
133489
133689
133735
133755
133925
134206
134315
134371
134663
135025
135103
135165
135698
135997
136561
136677
136828
137246
137438
137496
137667
138232
138337
138502
138639
138757
139059
139190
139208
139234
139489
139748
139758
139788
140023
140181
140327
140366
140533
140568
140634
140885
140976
141200
141225
141283
141416
141538
141573
141798
142064
142099
142155
142514
142635
142742
142915
142966
143076
143230
143899
143915
143934
143966
144333
144460
144816
144903
144975
145143
145569
145635
145854
145881
146234
146265
146755
147301
147570
147953
148165
148750
149118
149165
149185
149360
149424
149557
149699
149785
149966
150036
150396
150568
150659
150881
150941
150953
151043
151084
151126
151188
151233
151466
151850
151994
152106
152173
152340
152768
153405
153585
153659
154266
154305
154559
155754
156138
156135
156426
156626
156742
156773
157162
157209
157586
157825
159273
159387
159499
159917
160250
160278
160304
160476
160595
161116
161752
161830
162532
162949
163001
163297
163689
163829
163856
163920
164071
164072
164083
164255
164349
164623
165108
165141
165244
165433
165600
166330
166403
166675
167103
167381
168040
168115
168159
168386
168471
168499
168717
168760
168752
168893
168967
168981
169116
169449
169592
169638
169658
169901
169919
170233
170705
170819
170996
170994
171350
172062
172067
172375
172546
173533
173622
174030
174220
174402
174628
175840
176065
176156
176410
176593
176865
177105
177811
178251
178946
179205
179434
179538
179593
179661
179764
180123
180208
180230
180344
180632
180670
181141
181155
181383
181475
181725
181819
182060
182232
182319
182391
182433
182519
182799
183080
183495
184451
184667
184722
184989
185036
185141
185211
185262
185501
185764
186227
186604
187115
187266
188128
188695
189054
189122
189215
189582
189791
190142
190590
190941
191233
191406
191547
191862
192109
192238
192514
192764
192988
193155
193227
193508
193521
193593
193846
193949
194000
194055
194210
194366
194535
194893
195064
195272
195339
195425
195432
196776
196927
197292
197425
197536
197599
197894
198137
198472
198946
199913
