5832.42
6741.41
9765.43
11031.4
11900.8
21957.4
26182.5
26209
30401.4
31146.2
35402.7
35885.7
36938.7
42077.7
42132.2
44450
45698.7
45892.7
45965.1
48367.8
48965.3
51604.5
53993.8
57378.3
58838.4
63707.9
64321.9
72308.4
72667.4
80615.4
83115.2
83705.5
89780.3
91158.6
92825.1
95695.5
102039
105364
106147
107627
108829
110357
110484
111178
111221
116622
116891
117457
119078
120221
120943
124317
128822
133235
135429
137878
138242
142658
144049
146504
146570
155728
158974
161437
163127
164213
165020
165088
165970
166842
171602
171626
175119
175682
178154
183635
183812
185685
187294
189592
190029
190834
191232
194056
197435
