287.78
1250.52
1487.64
1982.58
2214.98
2621.18
2670.34
3687.07
3717.51
3967.19
4000.59
4472.42
4554.38
4665.68
4789.46
5037.46
5053.84
6057.65
6067.71
6402.78
6479.61
6777.6
7420.49
7859.06
7957.7
8313.96
8476.36
8783.77
9095.21
9225.92
9542.91
9623.55
9710.37
9822.47
9896.76
10567.2
10803.4
10974.1
11087.6
11218.8
12048.8
12109.2
12168.9
12458.2
12873.1
13020.2
13150.6
13332.6
14090
14107.5
14249.3
14411.6
15086.4
15133.8
15508.7
15547.7
15679.2
15714.5
15989.3
16309.8
16639.8
16917.7
16949.9
17355
17396.4
17476.7
17807.7
17915
18088.5
18343.3
18679.7
19376
19773.2
19831.2
20034.3
20116
20125.9
20428.9
20461.4
20741.2
20864.6
20992.8
21050.1
21344.2
21839.5
22006.1
22021.5
22215.8
22606.1
22623.5
22662.1
22684.9
22778.9
22862
23445.3
24106.8
24151.8
24308.2
24567.3
24585
24959.7
25252.4
25297.5
25430.4
25444.7
26261.1
26480.4
27122.3
27436.2
27635.5
27653.8
27983.7
28205.2
28270.6
28368.5
28488.4
28837.3
29097.6
29261.6
29340.6
29836
29940.3
29988.3
30282
30566.9
30605.8
31110.8
31312.9
31327.1
31390.2
32001.8
32041.4
32338.1
32345.6
32340.7
33673.9
34389.5
34984.7
34982.8
35246.5
35486.3
35553.3
35697.6
36146.8
36409.4
36486.9
36538.5
36792.4
36939.9
37300.3
37315.5
37506.4
37647.7
37918.5
38018.7
38359.7
38406.6
39122
39132.8
39456.9
39484.7
40682.3
40810.4
40904.9
41385.2
41515.9
41534.9
41581.7
42078.2
42128.9
42689.9
42842.4
43326.6
43394.9
43574.4
44206.3
44536.9
44791.8
44823.4
45195.7
45614.2
45690.5
46278.5
46521.6
47339.8
47501.9
47693.3
47773.6
48441.8
48500.7
48984.1
49291.6
49400
49519
49599.6
49613.4
49691.6
49972.4
50124.1
50450.6
50946.3
51133.4
51292.3
51367.5
52152.2
52342.2
52438.8
52508.4
52586.6
53034.2
53222
53328.4
53676.5
53864
53954.9
54234.8
55341
55519
55720.9
55982.1
56235.6
56615.4
56953.7
57420.8
57637.7
58060.5
58238.9
58403.2
58690.6
59065.8
59092.6
59102.6
59164.4
59188.8
59466.5
59932
59960.5
60109
60490.2
60760.6
60875.4
61527.9
61595.9
62099.7
62985.2
63103.6
63593.9
63614.5
64148.9
64207.6
64378.1
64486.8
65167.6
65194.1
65366
65375
65569.1
65622.7
65708.6
65866.4
66188.8
66673.1
66803.8
67358.9
67975.6
68029.6
68096.1
68292.2
68496.7
68757.9
68911
69157
70773
70858.4
70894.6
71349
71561.8
71607.2
71720.6
72459.2
73265.4
74102.8
74112.9
74135.8
74823.1
75455.8
75612.8
75661.3
75739.7
76787.1
77080.7
77087.1
77446.4
78188
78515.3
78555.3
78874.5
79389.9
79428.3
79502.8
79752.4
79811.7
80066.1
80253.1
80462.6
80551.3
80962.1
81283.8
81412.6
81421.8
81791.3
82010
83221.8
83725
83820.4
83901.4
84223.4
84365.9
85122.7
85562.8
86560.9
86997.4
87185.3
87414.6
87796.2
87838.8
88154.6
88217.8
88276.6
88317.1
88338.2
88574.1
88980.7
89004
89368.1
89872.4
90021.7
90403.5
91008.3
91073.2
91147.3
91706.3
91724
91897.2
92189.6
92280.8
92294.3
92319.1
93731.2
93866.5
94142.7
94245.6
94358.7
94358.7
94399.4
94963.1
95084.7
95322.8
95807.5
95880.9
95888.5
96029.3
96302.3
96504.5
96748.3
97248.4
97492.8
97909.7
98354.6
98415.5
98692.6
99011.5
99068
100803
101487
101547
101919
101965
102084
102587
102584
102640
102799
103006
103281
103310
103591
103924
104752
104825
105221
105869
105938
106259
106260
107183
107240
107939
108693
109025
109546
109879
110016
110091
110280
110298
110430
110770
111052
111098
111573
111913
111994
112207
112248
112730
112817
112866
113048
113376
113541
114036
114446
114890
114912
114913
115827
116225
116306
116906
116948
117385
117843
118076
118522
119032
119255
119445
119625
119820
119988
120209
120560
121133
121182
121501
121528
121719
121768
121969
122084
122149
122413
122410
122592
122691
122782
122858
123351
123630
123654
123671
123983
124013
125072
125444
125459
125572
125794
125828
126397
126907
127508
128010
128968
129430
129620
129640
129861
129992
130298
130306
130862
131968
132094
132202
132696
132778
133286
133467
133817
134103
134148
134295
134756
135192
135725
136445
136501
136648
136681
136696
136803
137125
137411
137672
137784
138047
138082
138591
139390
139426
139491
139894
139906
140389
141837
141904
142175
142400
142453
142661
142857
142925
143461
143531
144166
144186
144278
144342
144381
144495
144647
144906
145125
145327
145397
145453
145725
145950
146616
146819
146992
147095
147419
147443
148886
149051
149136
149395
149593
150022
150050
150256
150990
151147
151351
151665
151810
152222
152251
152646
152883
153000
153159
153406
153625
153819
153863
154316
154373
154600
154963
155409
155550
156050
156081
156498
156655
157234
157528
158514
158628
158672
158676
158970
159307
159739
159819
160264
160934
161218
161474
161595
161631
161731
161763
161779
161861
162328
162603
163025
164396
164462
164769
165156
165212
165293
165326
165475
165579
165656
166035
166359
166601
166615
166888
167005
167127
167575
167747
167749
168053
168552
168923
168996
169470
169630
169712
169741
170023
170101
170353
170416
170659
171018
171021
171044
171182
171272
171373
172089
172216
172541
173012
173046
173070
173459
173854
174134
174288
174390
174460
174677
175100
175411
176393
176602
176881
177038
177230
177294
177543
177752
177875
177895
178239
178626
178821
179205
179546
180350
180880
181064
181453
181846
182057
183014
183129
183372
183534
183846
183889
183943
184217
184238
184379
184409
184477
184708
185083
185112
185312
185553
185558
186020
186142
186380
186743
187660
187694
187688
187983
188015
188322
188536
188555
188667
189225
189430
189865
190020
190562
190565
190636
190721
191542
191593
192194
192296
192954
193242
193413
193697
194205
194567
194656
195695
195770
196448
196679
197021
197091
197465
197647
197815
197819
198056
198212
198332
198714
199359
199915
199976
