904.82
1259.44
1603.71
2091.23
2990.3
3023.58
3043.48
4679.68
5230.85
6711.65
6711.91
7052.23
9243.11
9375.84
11229.3
11740.2
12613.4
13143.5
13799.6
14135.9
14689.9
14713
15934
16629
16845.6
17120.1
17476.3
17596.1
18296.6
18829.5
19461.7
20349.7
20716.5
21172.5
21320.1
22207.2
22736.5
23434.4
23678.5
23915.6
24111.2
25272.7
25785.3
26901
27286.4
28325
28552.8
29001.8
30208.2
30288.3
30523.3
30806.5
31069
31072.4
31263.9
32388.7
32852.8
33191.1
33237.6
33412.2
34262.9
34460.3
35436.5
36711.5
36850.4
37020.1
37097.8
37461
38625.2
39416.2
39547.9
39927.1
40037.9
40371.6
41190.5
41314.5
42314.6
42436
42566.4
43111.7
43295.6
43986.4
44394.9
44595
44915.4
45252.5
45303.4
45714.2
45946.3
45944.1
47208.9
47759.1
48185.5
48250.5
48359.9
49949.1
50294
50288.2
50962.4
51783.8
53206.5
54566.5
55577
56000.7
58115
58271.1
58616
58908.9
60118.4
60612.6
60678
61110.5
61401.1
61977.6
62299.6
64286
64861.1
66180
66549.1
66624.2
66827.3
67005.2
67222.2
67295.2
68949.2
68977.3
69603.5
71077.3
71263.8
71871.5
71895.3
71947.1
72299.4
72672.9
72790.3
72852.6
73042.7
73456.2
73820.9
73838.2
74360.6
75444.1
75694.7
75932.6
77235.5
77477.2
78000.4
78200.9
78407.9
78419.6
78455.1
78917.3
79647.6
80105
80628.1
81117.7
81278.5
81410.4
82655.7
82899.9
83296.4
83812.4
84759.6
85064.2
85237.8
85424.7
85541.1
85719.3
86708.4
87894.8
88686
89446.8
90629.9
90925.7
91368.6
92383.7
92480.4
92636
93165.1
93743.6
93959.8
95103.3
95218.1
95331.1
95971.6
96116.7
96571.5
96913.5
96956.7
97509.6
97804.9
98265.3
98873.4
98949.3
99522.7
101096
102070
102124
102241
102307
102613
103073
103262
103403
103485
103945
104007
104131
104804
105159
105870
106806
107123
107840
108724
111236
111436
114573
114768
116304
116697
116804
117044
117406
117770
118755
119334
119472
119611
119873
119898
120285
120464
120657
121166
121599
122391
123309
123690
125176
125259
125396
126018
126603
127011
127253
127413
128018
128134
129277
129544
130063
130155
130255
130855
131465
131499
131982
132798
133779
134035
134251
134491
135079
135539
136310
136669
136981
137872
138102
138298
138604
139936
140325
140916
141105
141727
142851
143483
144050
144200
144798
145077
145473
147488
147496
147492
148976
149103
149479
150100
150266
150375
150800
151337
152739
152757
153705
154483
154544
154819
155004
155108
156072
157332
158485
158790
159020
159684
159908
160339
160727
162716
163992
164557
165290
165371
165507
165504
165760
167030
167363
167801
167844
171338
171993
172055
173267
174205
174270
174728
175517
175560
175585
177394
177580
177849
178070
178089
178549
178603
179128
179656
180062
180771
182839
186358
186357
186492
186965
187014
187170
187361
187472
187733
189133
189765
190169
190786
191022
191440
191709
192021
192413
193298
193990
194562
194921
195169
195382
195647
196168
196703
196831
198607
199081
199222
199890
