615.63
1179.83
1245.17
1755.15
2207.57
3451.81
3470.34
3520.8
3731.09
3961.22
4631.88
4900.56
5608.95
7093.24
7560.19
8279.37
8644.25
8747.23
9353.55
9706.83
10454.5
10515.3
12524.6
13727.4
13962.1
14346.2
14576.2
14939.3
15094.5
15690.5
16204.8
17265
18342.2
18458.4
18738.2
18891.2
20721.7
22680.7
23495.3
24941
25108.3
25133.6
25348.8
25956
26577.2
29307.6
29848.1
30044.6
30797.1
30800.9
31154.3
32095.4
32370.5
33223.7
33558.9
35034.8
35222
35759.4
36803.8
37078.2
37295.1
38476.3
39073
39386.5
39470.5
39558.7
39824.4
39939.1
40340.1
41452.1
41680.7
41768.3
42223.7
43001.4
44110.4
45186.4
45198.5
47904.1
49052
49525.2
50931.7
51089.9
52335.2
52742.2
55795.1
56169.5
56195.9
57998.5
58656.8
59227.9
59775.2
60313
60926.5
61368.4
62606
63144.4
64492.9
64637.7
64859.5
64883.1
65594.7
65605.3
67003.2
68455.6
69046.3
71464.9
71790.3
72312.7
72800.6
73311.4
73641.3
74324.7
74376.5
74518.9
74526.1
75687.3
76030.8
76257.8
76945.2
77288.2
78521.4
80767.1
81090.2
82008
83203.4
83636
83677.4
83743
83988.8
84716.3
85712
86179.3
86255.6
86305.6
86943.9
87198
87334.1
87393.4
88106.3
88451
89462
89641.1
90272.7
91163.5
91410.2
91877.8
92324.8
92502
93087.8
93473.8
93755.6
93862.1
93935.9
95426.2
96157.7
96751.3
96765.3
97076.4
97420.2
98113.1
98535
98920.4
99325.8
99435.4
101078
101538
102038
103873
104911
105227
106585
107022
107301
107641
108948
109424
109758
110093
110128
110627
110937
111556
112419
112950
113136
113548
115589
115817
116406
117584
117818
119525
120338
120520
121071
121403
124220
124722
125129
126269
126544
126746
127548
127567
127731
128605
129213
129866
130732
130796
131302
131301
131380
133184
133465
133838
133978
134258
134395
134639
135038
136271
136565
137578
138187
139018
139389
139464
140790
141075
141621
142719
143512
146526
146913
148621
149253
150239
150516
153386
154235
155357
155476
155485
155801
156011
156679
159231
159314
160241
160368
161541
161750
162002
162887
163178
163600
164356
164636
164794
165209
165867
166082
166097
166716
167158
167187
168297
170350
170879
171212
171395
172035
172784
173197
173338
173407
173497
174631
176424
177722
178714
179072
179837
180450
180689
181336
181856
182196
183459
183629
184358
184498
185236
187430
187875
188142
189212
190109
191297
191324
191736
192573
193087
193629
193801
194154
194257
194700
194703
194738
196602
198288
198546
