108.73
180.36
279.52
435.15
638.97
681.69
695.38
954.29
1574.22
1888.23
1918.28
1921.61
1967.47
2119.17
2335.21
2465.49
2727.36
2982.12
3065.19
3064.58
3129.92
3195.96
3675.69
3873.58
4027.57
4101.65
4200.31
4313.04
4351.16
4441.55
4581.38
4742.96
4797.81
4923.58
5065.01
5369.41
5464.4
5527.52
5574.02
5834.32
6172.93
6753.3
6901.79
7539.37
7894.9
8207.17
8218.64
8493.16
8623.92
8687.14
8716.94
8825.84
8939.89
9196.41
9283.1
9606.87
9737.31
9798.35
9822.03
9965.27
9986.25
10216.5
10217
10226.3
10414.2
10418.4
10450.7
10702.2
11051.6
11357.2
11367.4
11376.4
11689.8
11839.9
11869.8
12132.1
12230.7
12282.6
12570.9
12678.2
12912.4
13022.5
13087.7
13362.1
13547.3
13583.2
13703.8
13914.2
14067.2
14390.4
14520.4
15006.3
15150.2
15494.3
15637.4
15915.5
16445.7
16513.2
16567.9
17029.2
17128.1
17227.5
17319.8
17396.4
17455
17524.5
17554.3
17704.3
17725.1
17785.2
17890.3
17968.3
17999.5
18107.5
18370.9
18579.3
18660.4
18711.9
18998.9
19212.7
19272.9
19496.8
19809.9
20129.8
20199.1
20278.8
20304
20470.4
20757.1
20897.3
20968.8
21098.4
21213.5
21392.6
21756.1
21979.2
22040.6
22116.6
22259.3
22649.6
23326.1
23425.2
23498.7
23908.4
24018.9
24244.7
24643.3
24947.4
24970.8
25052.1
25519.1
25754.2
25795.3
25890.2
26226.4
26230.9
26339.3
26384.4
26520.6
26610.7
26753.1
26823.8
26881.7
26919.1
26935.1
27028.4
27155.6
27196.9
27408.1
27485.3
27530.5
27894.1
28013.8
28053.7
28084
28215
28343.9
28408.9
28628.2
28672.8
28810
29077
29299.5
29341.7
29375.8
29393.3
29601.8
29667.8
29799.3
29852.1
30002.4
30048
30130.9
30299.3
30738.7
31065.2
31091.5
31352.7
31937.6
32338.6
32603.2
32630
32747.8
32965
32991.5
33270.1
33299.1
33604.9
33924.8
33924.8
33986.6
34293.3
34463
34492.2
34615
34669.7
34906.9
35048.4
35202.6
35271.6
35535.3
35668.5
35870.8
36129.7
36396.5
36451.4
36470
36824
36843.5
37279.2
37746.2
38000.3
38092.8
38887.8
38906.3
39491.8
39510.9
39734.9
39800.2
40200.4
40393.3
40498.2
40766
41039.3
41068.9
41662.6
42026.2
42056.2
42317
42476.8
42941
43152.8
43243.5
43293.4
43451.6
43579.5
43620.7
43927.1
44176.7
44328.9
45055.8
45152.4
45415.6
45422.2
45739.1
45962.3
46108.7
46167.4
46536.3
46593.7
46606.8
47024.7
47087.8
47278.8
47457.3
47652.4
47666.7
47748.4
47777.6
47920.3
48003.7
48081.3
48354.5
48377.2
48441
48607.3
48898.7
49538.7
49770.5
49911.5
50202.8
50491.5
50774.2
51423.1
51496.6
51877.9
51980.8
52391.9
52430.5
52490.6
52515.9
52665.5
52793.1
52821.3
53635.3
53965.4
54192.6
54263.2
54497.3
54571.6
54616
54776
55143.9
55142.4
55209.5
55405.4
55634.2
55657.3
56201
56220.3
56486.5
57193.7
57451.1
57634.3
57714.6
57752.4
57856
58093.6
58102.8
58517.9
59072.8
59199.6
59508.4
59690.7
60059.1
60611.6
60794.6
60884.5
61039.5
61093.8
61128.5
61507.3
61509.9
61538.4
61821.7
62118.9
62143.7
62400.3
62560.3
62776.8
62887.4
63115.4
63129.2
63375.5
63371.6
63417.4
63608.4
63869.6
63881.3
63949.7
64261
64488.6
64648.6
64722.3
64835
64929.4
64958.7
65410.6
65445.6
65520
65583.7
65634.7
66129.6
66321.4
66453.2
66528.4
66635.9
67066.9
67145.3
67229.2
67718.5
67991.9
68170.9
68335.7
68630.3
68732.3
68748.5
69003.8
69426.1
69485.7
69625.7
69623.9
69990.6
71193.5
71295.7
71514.1
71801.2
72448.8
72878.8
73007.4
73449.1
73473.3
73828.2
73986.6
74510.3
74944.1
75088.3
75386.3
75406.2
75720.6
75808.2
75874.8
76508.8
76965.5
77175.5
77373.8
77425.1
77423.1
77536.5
77815.6
77833
78014
78163.8
78214.2
78307.7
78377
78734.2
79033.6
79393.3
79965.9
79987.7
80080.9
80116
80120
81100.5
81223.5
81780.4
82120.2
82535.9
82628.5
82922.5
83232.9
83658.5
84317.5
84497.8
84580.4
84596.4
84792.9
84786.9
84936.2
85002.2
85239
85313.5
85317.1
85438.4
86017.3
86007.1
86332.6
86605.2
86800.6
86877.9
87270.8
87298
87576.2
87625.1
87807.3
88044
88245.1
88427.1
89208.1
89427.4
89811.3
90092.3
90187.5
90451.8
90503.8
90536.8
90635.6
90751.4
90803.8
90847.6
90950.4
91105.4
91123.7
91150.8
91297
91376
91441.9
91508.3
91846.4
92027.9
92092.5
92333.2
92428.1
92442
92494.7
92630.4
93014.9
93150.8
93624.8
93665.4
94176.1
94495.4
94501.7
94778.2
95114.1
95130.3
95508.9
95546.8
96071.1
96518.2
96529.6
96666.6
96741.3
96769.4
96825.2
96890
97105.8
97266.1
97834.1
98334.6
98418.6
98603.4
98628.8
98727
99053.3
99155.6
99417.6
99586.7
99739.7
99884.2
99982.1
100116
100250
100521
100538
100564
101045
101131
101224
101691
101794
102276
102418
102543
102590
102737
102904
102995
103172
103286
103307
103408
103459
103506
103749
104077
104685
105159
105619
105784
105902
106210
107070
107387
107426
108023
108133
108178
108343
108400
108409
108940
109029
109182
109301
109568
109596
109800
109982
110356
110852
111523
111540
111687
111738
111760
111941
112039
112155
112148
112267
112599
113158
113476
113509
113638
113653
113698
113731
113878
114136
114536
114605
114839
114917
115014
115278
115276
115380
115418
115785
115901
116200
116507
116625
116796
116830
116825
117091
117150
117209
117211
117594
117662
117971
118019
118023
118329
118415
118986
119281
119449
119666
119894
120172
120226
120529
120709
120860
121156
121464
121552
121662
121734
121837
122186
122259
122342
122524
122693
123346
123668
123781
124193
124455
124775
124863
125344
125494
126349
126821
127072
127213
127462
127507
127666
127767
127952
128199
128253
128269
128616
128628
128806
128835
128846
129111
129115
129289
129488
130461
130885
131184
131579
131636
131731
131773
132040
132627
132660
132733
132840
132896
132959
133478
133594
133640
133663
133715
133823
134153
134177
134304
134617
134968
135216
135307
135413
135517
135546
135697
135893
135969
136059
136096
136185
136247
136245
136434
136746
136783
136788
136916
137131
137254
137408
137696
137729
138283
138369
138406
138500
138658
138692
139061
139150
139278
139414
140170
140276
140383
140429
140489
140662
140731
140774
141052
141069
141188
141794
141877
142184
142393
142835
143198
143209
143202
143909
144231
144436
144473
144879
144977
145027
145107
145587
145604
145929
146188
146188
146448
146455
146757
147027
147897
148225
149068
149110
149108
149165
149373
149413
149530
149578
149826
150052
150194
150295
150671
150704
150943
151267
151275
152100
152133
152226
152470
152743
152953
153074
153259
153307
153313
153960
154486
154618
154802
154858
154887
154945
155105
155545
155992
156045
156072
156098
156273
156291
156315
156512
156516
157003
157279
157421
157426
157437
157450
157685
157704
158105
158505
158705
159098
159350
159604
161065
161623
162670
163302
163540
163628
163647
163697
163931
164109
164117
164148
164314
164485
164569
164631
164960
164984
165301
165512
165536
165605
165990
166109
166971
167087
167128
167362
167520
167546
167593
167831
168148
168991
169022
169369
169581
169790
169864
170065
170191
170285
170448
170513
170810
171166
171274
171515
171666
172072
172312
172607
172816
173064
173255
173470
173635
173778
173879
174170
174300
174550
174647
174809
174970
175236
175407
175709
176420
176907
177031
177345
177449
177689
178018
178079
178237
178746
178787
178931
179113
179119
179384
179633
179718
180218
180439
180552
180905
181182
181449
181701
181853
182191
182432
182618
182649
182739
182780
182945
183097
183164
183248
183262
183379
183407
183699
183708
184278
184350
184424
184563
184998
185550
185608
185972
186613
187355
187714
187752
187789
188565
188688
188917
189190
189191
189672
189844
190030
190090
190261
190543
190598
190618
190889
191284
191482
191698
191988
192181
192463
192815
193384
193584
193792
193919
194083
194243
194430
194452
194481
194638
194882
195094
195531
195796
195802
196147
196222
196262
196326
197007
197225
197377
197461
197489
197492
197650
198118
198383
198393
198500
198647
198723
199137
199717
199924
