208.41
744.29
772.53
896.78
905.5
1053.35
1176.74
1283.97
1541.55
1573.46
1864.34
1881.95
1934.5
2052.5
2116.45
2195.6
2361.55
2596.24
2656.44
2669.75
3278.05
3485.09
3919.94
3956.51
4592.06
4680.63
4918.36
5048.04
5135.79
5254.98
5281.63
5352.16
5423.38
5574.58
5578.79
5753.47
5841.52
6167.59
6378.34
6876.2
6924.97
7486.04
7546.25
7622.92
8015.41
8535.91
8587.55
8879.46
9173.43
9181.41
9247.33
9281.13
9366.26
9537.18
10039.4
10120.3
10311.6
10599.7
10614.4
10774.4
10834.2
10832.4
10985.7
11193.8
11200.3
11422.7
11517.6
11740.9
12283.6
12376.4
12621
13040.7
13152.2
13192.5
13404.5
13453.4
13660
13733.4
13980.3
14174.2
14206.3
14530.6
14594.8
14866.6
14918.2
15126.1
15166.6
15342.1
15399.1
15509.2
15598.9
15734
15890.5
16109
16259.1
16432.2
16508.1
16540.6
17284.1
17307.5
17523.7
17551.6
17549.5
17830.1
17863.9
17976.3
18094.7
18214.6
18362
18428.8
18538.5
18601.5
18775.4
18958.6
19260.6
19453.9
19839
20203.9
20465.8
20818.8
20899.4
21185
21243.5
21481.8
21647.6
21661.9
21931.3
21986.6
22314.1
22369.8
22402.7
23036.5
23068.6
23113.7
23617.3
23781.5
23789.7
23941
24116
24172.8
24206.2
24386
24651.4
24769
24997.7
25062.2
25293.4
25432.6
25672.4
25989
26210.2
26300
26304.4
26526.4
26936.1
27306.8
27307.9
27509.5
27755.2
27760.2
27819.5
27934.4
28099.2
28115.2
28532.7
28748.3
28862.4
29156.8
29290.8
29385.2
29788.1
29792.5
30014.3
30160
30292.5
30354.1
30380.1
30418.4
30612.4
30728.1
30887.4
30922.2
31021.2
31088.8
31315.7
31353.4
31646.9
31942.1
31960.3
32490.8
32863.5
33334.5
34090.9
34110.4
34236.8
34384.2
34460.2
34635.2
34656.3
34772.1
34785.7
34954.5
35079.8
35234.2
35390.1
35976.3
36047
36098.7
36214.1
36663.8
37039.9
37214.6
37245
37249
37656.5
37746.4
38117.7
38185.4
38188.6
38325.2
38488.9
38741.7
38810.9
39056.1
39305.7
39379.6
39736.8
39745.5
40036
40269.3
40332.8
40415.5
41103.3
41330.7
41621.2
42092.4
42259.4
42305.9
42473.3
42542.6
42654.5
42660.9
42674
42726
43091.7
43298.1
43392.7
44169.7
44423.1
44476.4
44536.8
44820.2
44880.5
44943
45222.8
45241.5
45318.7
45332.3
45488.4
45578.1
45788.6
45914.1
45926.3
45979.3
46022.2
46126.1
46342.5
46397.8
46523.5
46595.5
46609.9
46630
47077.9
47200.7
47355.3
47393.5
47417.7
47746.7
47911
48066.2
48162.3
48975.9
49101.4
49149.9
49254.2
49301.8
49459.5
49793
49995.2
50223.8
50338.9
50617.4
50783.9
51468.8
51504.3
51668.8
51838.7
52373.7
52410
54014.7
54262
54307.6
54543
54761.7
54918
55260
55339.2
55393.1
55637.9
55914.2
56000
56859.1
56970.9
57191.8
58218.6
59309.6
59384.3
59391.4
59583.6
59799.4
59942.8
60213.2
60798.7
61130.3
61153
61583
61585.9
61854.5
61985
61989
62003.2
62207.4
62428.3
62711
63384.5
63433.6
63448
63475.5
63725.5
63821.7
63828.6
63852
63927
63975.8
64142.9
64243.3
64270.6
64387.2
64505.6
64570.1
64790.6
64818.3
65302.1
65433.2
65486
65755.8
65932.3
65986.8
66213.7
66336.3
66777.9
66856.7
66875.8
66922.7
67116.1
67156.3
67235.7
67230.8
67235
67238.3
67331.5
67394.1
67739.7
67893.9
68122.4
68150.8
68186.3
68362.5
68383.8
68451.6
68493
68652.9
69015.3
69021.7
69162
69185.4
69448.5
69752.7
69989.2
70253
70345.5
70412.9
70602.8
70753.2
70772.5
70790.3
71202.7
71204.1
71229.6
71252.5
71371.4
71785
71944.2
71979.5
72421.4
72749.8
72966.1
73092.7
73098.8
73319.5
73329.2
73333.8
73540
73646.2
73688.2
74337.8
74376.9
74891.4
74962.4
75148.2
75231.8
75591.2
75605.2
75651.8
75706.9
75846
75953.9
76081.9
76536.1
76641.4
76918.7
77022.2
77252.7
77470.3
77622.6
77685.3
77741.9
77831.1
77856.1
77887.1
77975.4
77977.8
78065.2
78400.1
78496.2
78701.2
78710.3
78779.2
78781.1
79226.1
79255.7
79403.5
79424.5
79560.2
79668.9
79715.6
79801.2
80045.8
80139.6
80149.8
80243.8
80478
80759.4
81022.5
81054
81155.1
81557.8
81758.1
81875.2
81877.2
81886.9
82091.7
82438.3
82484.6
82504.3
83023.2
83347.9
83356.7
83391
83458
83462.6
83959.1
84197.7
84232.4
84334.3
84459.2
84715.8
84763.3
84783.6
84961.1
85023.7
85038.8
85652.7
85818.6
86100.7
86322.5
86409.4
86649.6
86725.2
86946.8
87251.7
87519.5
87559.1
88082.6
88080.4
88157.6
88716
88715.9
88792.1
89021.1
89068.6
89186.7
89224.7
89456.9
89571.3
89638.3
89685.3
89830.8
89925.3
90070.5
90491.4
90648.9
90767.4
90855.1
90985.2
90988.4
91465.2
91493.1
91711.1
92087.1
92315.9
92364.7
92680.5
92707
93155.3
93291.8
93499.2
93625.7
93648.7
94059.6
94067.8
94102.2
94274.1
94446.6
94565.2
94731.6
94733.6
95441.2
95792.5
95848.2
96422.1
96672.1
97095.6
97374.1
97468.4
97721.5
98143.8
98165.3
98311.9
98388.6
98538.8
98534.1
98630.6
98651.6
98697.3
98825.1
98995.7
99202.9
99231
99285.4
99460.1
99542.2
99554.1
99565.4
99935.3
100006
100081
100247
100259
100357
100441
100512
100580
100890
100893
101115
101400
101400
101693
101742
101956
102057
102140
102272
102720
103086
103161
103401
103522
103678
103750
104315
104508
104524
104675
104680
104762
105086
105198
105212
105259
105413
105561
105689
105795
105796
105904
106083
106359
106685
106709
106731
106747
107074
107326
107856
107887
107941
108436
108823
108875
109180
109271
109303
109691
109818
109968
110079
110353
110398
110758
110915
111007
111113
111309
111447
111525
111729
111961
112016
112106
112174
112352
112423
112533
112933
112929
113184
113428
113526
113592
113614
113987
114381
114432
114449
114560
114565
114761
114846
115112
115192
115509
115547
115843
115873
116067
116147
116295
116637
116726
117063
117276
117319
117390
117769
118494
118616
118964
119294
119392
119722
119931
119940
120796
120851
121019
121081
121296
121375
121389
121397
121461
121715
121771
121919
122111
122191
122686
122752
122830
122972
123002
123191
123313
123397
123398
123743
123770
123970
125730
125892
126035
126096
126203
126417
126471
126537
126540
127022
127075
127497
127560
128232
128482
128600
128806
129142
129198
129642
129798
130008
130049
130073
130245
130492
130925
131022
131571
131589
131854
131908
132237
132303
132337
132346
132801
134086
134474
134514
134719
134794
135213
135294
135575
135678
136170
136486
136877
137093
137300
137586
137890
137968
138042
138209
138780
138799
138844
139008
139224
139247
139265
139469
140578
140619
140814
140892
140927
141584
141842
141909
141961
142214
142242
142400
143306
143805
144056
144074
144093
144140
144330
144407
144891
145229
145362
145733
145888
146274
146409
146734
146747
147261
147405
147422
147962
148093
149229
149377
149509
149511
149791
150232
150262
150254
150440
150682
151024
151226
151364
151844
152216
152366
152759
152785
152968
153056
153352
153363
153500
153748
153988
154088
154126
154223
154323
154393
154465
154502
154696
154783
155010
155227
155259
155306
155725
156145
156244
156243
156260
156438
156592
156713
156914
156943
157001
157206
157259
157425
157545
157615
157665
157772
157950
157999
158134
158275
158357
158349
158489
158784
159213
159226
159478
159504
159565
159840
159858
159982
160037
160093
160145
160381
160531
160884
161376
161406
161565
161565
161600
161674
161849
162149
162235
162266
162392
162410
162468
162829
162869
163012
163221
163250
163261
163394
163406
163589
163946
164216
165255
165602
165735
165758
165793
165818
165829
165959
166143
166397
166586
166894
166957
167253
167337
167491
167928
168261
168308
168548
168744
168834
169053
169083
169117
169570
169573
169846
169910
170076
170132
170308
170299
170801
170884
171124
171396
171782
171923
172232
172322
172320
172471
172494
172603
172859
172988
173430
173461
173487
173551
173970
174125
174213
174313
174610
174758
174930
175034
175072
175396
175405
175795
175954
176419
176764
176867
176946
177167
177364
177498
178369
178537
178603
178622
178711
178918
179337
179401
179823
179952
180160
180562
180868
180861
181069
181215
181269
181494
181556
181563
181627
181705
181939
182088
182280
182313
182568
182709
182899
182905
183260
183326
183940
184468
184587
184722
184737
184847
185023
185048
185085
185293
185510
185526
185763
185827
186157
186282
186300
186498
186643
186676
186899
186949
187210
187343
187599
187844
188395
188822
189125
189239
189253
189272
189437
189546
189570
189707
189705
189955
189982
190238
190959
191909
191964
192011
192024
192340
192651
192700
193053
193158
193241
193243
193375
193627
193836
194027
194109
194268
194332
194771
194803
195150
196402
196599
196828
196895
196953
197482
197522
197931
198118
198356
198633
198685
198843
199000
199484
199932
