942.67
2348.12
2419.75
2652.95
3670.71
5404.06
5525.28
5842.75
6514.01
6802.22
7416.42
8113.09
9983.47
10673.3
10769.5
11316.6
15136.9
16252.3
16261.1
16900.9
17362.4
17794.5
18257.3
18847.3
19338
20873.3
21048.8
22045.1
22643.8
24795.5
25029.2
25955.2
27344.2
27895.2
28248.3
28302.4
30041.7
30659.5
30757.1
33386.6
34433.9
34856.3
35166.8
36697.2
37843.4
41156.9
41272.1
41341.3
41534.1
41997.4
43736.9
44088.4
44170.7
45129.2
45185.9
45373.3
47294
47534.9
48361.9
49101.8
51375.2
56004.8
57345.7
57628.6
57638.4
57697.4
58070.9
59676.8
59690.3
59794.3
61927.4
62112.8
62264.2
63940.7
64305.6
64393.6
65823.7
67150.9
68239.3
68255.9
68305.4
68540.1
69820.6
69978
71500.8
72692.1
73763.2
75028.5
76477.5
76737.8
77015.5
77329.5
77829.4
78642.9
80262.7
80470.9
80599
80901.4
81709.6
82374.5
83536.6
85523.2
85865.9
86670.5
86832.5
87263.7
87778.1
87827.7
89109.7
89579.5
91109.7
91715.2
92478.7
92891.2
93061.9
96757.9
97608.5
97722.8
98450.4
98998.5
99098.6
100144
101131
101507
101557
102019
102240
104474
104679
104690
105125
105876
106065
106366
106468
107725
108789
109045
109364
110219
110377
111293
113344
115106
116130
116472
116855
117355
117913
118318
118869
118905
119285
119359
120192
120458
120698
124499
125436
127169
127533
128077
128748
129560
130478
131091
131650
131750
131996
132450
132731
134017
134422
135866
136656
136910
137424
138856
138979
139288
141756
142916
143246
145832
146579
147532
147830
148733
149464
149937
150848
151036
151093
154028
154056
154297
154339
155080
155380
155679
158977
159722
160360
160400
161269
161705
161795
161993
162594
163602
164279
164740
165263
165516
167022
167496
167572
168371
168558
169645
172597
173491
174985
175757
176976
177241
178302
178446
178592
179341
179817
180666
181273
181926
182765
185077
187269
187338
187862
188243
188346
188984
189480
189857
190204
190235
191017
192020
192245
195362
195842
196546
197062
198186
199093
199554
