476.63
990.66
1104.62
2388.82
3681.29
3958.58
4159.64
4173.69
4694.79
5491.84
5864.36
5891.19
6911.82
8502.16
10498.4
10561.6
11073.2
11244.1
11526.3
11948.1
12107.3
12632.9
12892.9
13057.8
13163.8
13534.7
13734.9
14594.1
14700
14783.8
15575
15693.5
15976.1
16195.4
16780.3
17777.3
17956
18186.9
18801.8
19152.1
19172.5
19172.2
20303
21129.1
21279.3
21778
22040
22237.7
22742.3
23154.5
23179.5
23716.5
23941.1
24707.5
25320.7
26022.9
26123.6
26317
26392.3
28187.4
29089.3
29331.8
30944.5
31273.8
31422.9
33163.8
33213.3
33762.5
34951
36099.6
37200.3
38445.9
38900.8
39137.6
40581.1
40711.3
41043
41201.5
41961.9
42910.6
43175.1
43419.9
43847.7
44550
44731.8
44810.1
45344
46196.1
46601.5
46925.2
47078.4
47383.3
47862.6
48388.5
49104.8
49331.2
50361.2
50359.6
50731.2
50749.8
51377.8
52280.7
52673.2
52685.8
52991.1
53343.6
53711.7
54745.6
55144.5
55606.3
57604.9
57923.1
58249.6
58659.9
59689
59805.3
59984.6
60244.1
60498.2
61239.1
61287.4
61490.1
61763.7
61800.2
63101.4
63557.4
63759
64240.7
64916.5
65290.4
65675
65922.7
66380.3
66561.8
67496.1
68054.3
68409.9
69132.7
70085.7
70349.1
70384.2
71392.3
71863.5
72318.2
72371.1
72895.1
73512.5
74136.1
74919.8
75426.1
76678.2
76904.9
76960.1
77897.7
78324.7
79268.6
80610.4
80659.5
81877
82717.6
82966.9
83419.1
83481
84377.1
84955.9
84975.4
85185.3
85325.2
85853.5
85937.9
86354
86603.4
87658
87661.1
87941.9
88116.4
88245.2
89031
89190.8
89190.4
89742.6
90056.2
90361.8
90461.6
90503.4
90625.2
90868
91467
91591.6
92252
92286.1
95773.9
96109
96880.6
97755.2
97949.1
98106.9
98378.5
99564.5
99839.2
100370
100442
100583
100658
100992
101131
101899
101989
102272
102347
102406
102793
103084
103670
103812
104262
104355
104918
105121
105587
105598
106719
107119
107193
108188
108937
109125
110054
110151
111246
111270
111538
113007
113134
113168
113955
116189
116608
116904
117388
117899
119241
120729
121302
121499
122201
122261
123456
123954
124539
124601
124834
125714
125780
125951
126057
126816
126891
126935
127444
128435
129012
129577
129655
129987
130769
132369
132477
132687
132703
133083
133246
133543
133616
134336
134442
134476
134622
135878
136516
138193
138261
138449
138794
139221
139457
140304
140701
141743
142401
142414
142873
143028
143066
143278
143800
144606
144815
145149
145800
146967
147261
147453
147483
147553
148505
148512
148596
149027
149234
149488
149773
150063
150413
150478
150719
150933
150939
151093
151116
151428
152411
152658
153065
153788
154056
155058
155608
156526
157152
157330
157563
157619
158695
159123
159178
159541
160430
161434
162280
162655
162978
163081
163092
163618
163835
164067
164151
165522
165879
166329
166894
166964
167511
167870
168154
169444
169468
169521
169906
170841
171307
171641
172099
172585
173137
173217
173579
173589
173587
173884
174493
175013
176210
176304
176313
176360
176615
176762
177422
177901
178000
178356
178436
178664
178689
179415
180764
181810
182365
182693
182808
182898
183394
183520
184620
184724
184959
185329
185547
185803
186074
186704
186910
187239
187412
188154
188330
188894
190321
191426
192402
192873
192990
193435
193457
194726
196362
197039
197731
198064
198074
198998
199531
199549
199653
