307.4
308.45
704.08
932.8
933.81
1114.65
1338.26
1778.38
1909.43
2133.09
2628.99
2698.26
2917.98
2979.2
3025.03
3024.79
3137.6
3442.46
3821.67
4359.93
4391.11
4669.64
5454.49
5647.83
5724.51
5877.77
6524.81
6854.77
6925.68
7011.15
7128.19
7451.54
7528.92
7537.77
7976.32
8155.45
8326.09
8383.31
9049.53
9528.13
9559.64
9807.24
10360.9
10376
10397.5
10504.4
10790.1
11269.1
11574.1
11766.8
12324.1
12793.3
12877.6
13098.5
13310.4
14754.4
14771.4
14962.3
15048.2
15191
15516.9
15703.4
16097.1
16205.5
16398.3
16919.2
17078.9
18036.9
18360.8
18556.3
18555.5
18712.7
19034.3
19194.4
19716
20037.9
20161.2
20480.5
20714
20797
20908.8
20961.3
21173.9
21727.5
22009.4
22619.1
22950.3
23222.7
23290.6
23544.7
23744.6
23835.3
24145.6
24220.3
24351
24591.1
24789.5
24964
25285.5
25342.1
25589.8
26020
26252.6
26280.7
26400.4
26707.1
26905.1
27475.7
27988.3
28329
28364.1
28462.9
28622.5
29255.5
29558.7
29737.4
30027.1
30059.1
30302.1
30581.9
30729.1
31101.9
31359.2
31374.6
31928.3
32426.9
32783
33501.8
33629.1
34353.3
35040.5
35418.6
35486.3
35858.5
36314.3
36689.6
37782
38355.7
39718.9
39814.1
39876.7
40070.1
40379.4
40714.5
41461.7
41507.5
42464.9
42885.6
43106.4
43495
43632.1
43800.1
44593
45091.6
45856.4
46056.6
46098.1
46276.5
46896.9
46982.2
46986.7
47407.9
47443.4
47650.5
47837.8
48050.7
48332.9
48349.8
48446.8
48802.3
48883.4
49129.1
49160.2
49250.1
49297.4
49327.6
49839.6
50010.8
50229.5
51231.5
51369.3
51692.8
51744
52035.6
52487.4
52996.8
53072.1
53526.7
53700.9
53764.9
53906.3
54064.2
54078.3
54639.5
55100.4
55185.5
55523.4
56044.7
56132.4
56430.4
56684.6
57024.7
57036.5
57199.7
57401.6
57869.1
57917.4
57968.4
58484.1
58571.8
58593.5
58691
58740
59545.4
59749.1
60802.4
61416.4
61474.9
61481.5
61888
62026.6
62039.7
63078.5
63088.8
64045.7
64101.7
64109.1
64579.9
64826.1
65223.9
65301.2
65586.3
66041
66747.4
67289.2
67392.8
67542.5
67882.7
68045.5
68092.8
68174.2
68198.1
68443.3
68767.1
69019.2
69304.3
69332.8
70220
70243.2
70483.7
70515.7
71036.2
71303.2
71342.9
71355.2
71714.2
71785.2
72057.7
72312.3
72590.1
73293
73432.7
73482.8
73559.1
73870.8
74285.8
75221.8
75984.5
76129.5
76489
76927.8
76989.2
77188.7
77408
77759.8
78498.8
79174.6
79267.9
79775.7
80299.3
80466.8
80600.2
80632.5
80960.7
81146
81691.9
82377.2
82394.5
82403.7
82598.9
82803.6
82882.1
83202
83423.3
83547.8
83683
83857.1
84423.4
84868.6
85295.4
85445.8
85546.3
85589.4
85935.5
86103.8
86126.1
86445.7
86491.8
86822.7
87097.5
87274.1
87628
88380
88483.4
88834.2
89152
90085.7
90466.4
90742.7
91617.4
92102.8
92224.9
92585.4
93014.1
93387.7
93414.8
93437.4
93881.1
94138.1
94181.9
94574.4
94649.6
95111.8
95341.4
95511.5
96156.9
96203.4
96231.3
96261.4
96612
97395.8
97400.4
97426.4
97498.2
97642.4
97883.4
97917.8
98116.9
98334.5
98826
98865.7
99141.5
99264.9
99299.4
99394.5
99903.8
100503
100578
100741
101208
101367
101648
101993
102527
103076
103608
103882
104558
105289
105477
106092
106341
106673
106778
106822
106885
107050
107081
107409
107740
107867
107892
107896
108078
108085
108820
108946
108983
109550
110002
110046
110203
110878
111337
111620
111639
111764
112112
112104
112966
113094
113168
113869
113991
113993
114302
114742
114974
115031
115535
115597
115834
116220
116247
116280
116648
116696
116772
116814
117230
117860
117907
117999
118613
118925
119074
119106
119309
119506
119626
120455
120668
120937
121084
121488
121820
122429
122908
122912
122973
123586
123687
123835
124085
124601
124613
124952
125279
125530
125610
125824
125870
126225
126305
126680
126709
127019
127294
127318
127448
127567
127864
127955
128114
128376
128938
129030
129544
129598
129868
130012
130068
130597
131759
131847
131867
133185
133771
133865
133886
134225
134668
134830
135209
135386
135444
135944
136165
136495
137122
137148
137331
137389
137497
137980
138071
138255
138312
138631
139444
140213
140384
140442
140691
140801
140915
141806
141964
142215
142252
142828
143038
143051
143330
143738
144023
144236
144239
144318
144498
144556
145304
146826
147001
147729
147886
148264
148596
148901
149410
149512
149678
149820
150193
150341
150487
151002
151125
151364
151501
151539
152052
153248
153412
153692
154049
154092
154668
154888
154913
155149
155246
155727
155837
156062
156301
156398
156660
157187
157331
157397
157781
157868
157901
157974
158150
158435
158865
159312
159351
159666
159911
160705
161242
161420
161594
162084
162703
162711
163217
163928
164000
164299
164527
164853
164938
165326
165382
165404
165875
167425
167720
167978
168112
168188
169183
169228
169292
169611
169675
170005
170146
170419
170502
170942
171794
171861
172170
172504
172826
173397
173685
173846
174237
174278
174432
174460
174885
175124
175241
175293
175518
175720
175887
175925
176702
176864
176961
177082
177347
177492
177871
177889
178241
178424
178588
178930
179141
179405
179463
179592
179801
179798
179886
179966
180463
180684
181136
181166
181215
181950
182208
182458
182499
182899
183240
183791
184082
185061
185310
186261
186693
186744
186897
186931
187251
187254
187282
187475
187650
187882
188434
189369
189682
189755
189925
190000
191151
191646
192277
193623
193867
194407
194644
194725
195078
195574
195676
195726
195756
195952
196110
196326
197260
197380
197552
197859
197874
197998
198224
198487
198575
199040
199198
199246
199582
199954
