129.8
289.84
409.34
559.12
1288.46
1462.39
1673.48
1837.53
1866.33
2436.17
2629.26
2849.87
2889.77
2934.01
3278.62
3578.46
3711.74
3790.34
3905.31
4613.64
4728.74
4738.86
5027.51
5192.05
5525.22
5603.3
5696.44
6001.71
6113.54
6128.35
6205.02
6314.66
6599.96
6828.39
6968.67
7216.89
7231.38
7601.1
7992.23
8133.21
8458.84
8908.9
9023.57
9034.34
9034.6
9232.46
9279.27
9420.72
9995.23
10017.7
10132.2
10211.6
10439.6
10579.3
11007.2
11082.9
11642.9
11653.1
11659
11926.2
11931.6
11986.5
12116.5
12497.1
12788.5
12905
13151.3
13206.8
13652.7
14163.8
14372
14648.1
14652.6
14932.9
14945
15061.5
15173.5
15257.2
15560
15931.9
15955.4
16525.4
17216.8
17363.2
17844.7
18153.6
18200.3
18325.1
18394
18739.8
18909
19168.4
19177.9
19324.1
19529.1
19756.9
20582.6
20690.8
20689.7
21095.3
21190.8
21356.6
21688.3
21789
21837.1
22023.2
22553.6
22725.5
22766
23060.1
23387.8
23567
23767.1
23889
24041.3
24226.3
24288.1
24377.5
24545.1
24822.4
25476.2
25479.7
25495.9
25537.9
25719.1
25889.5
25942.2
26028.4
26273.7
26568.3
26663.4
27122.6
27336.2
27545
27753.3
27905.6
27943
28035.3
28201.2
28239.3
28460.6
28522.4
28588
28783.5
28942.5
28948.8
29110.5
29167.6
29170.9
29214.4
29655.4
29812.9
30064.8
30321.8
30348.6
30435
30441.1
30998.9
31055.6
31124.1
31386.5
32322.1
32341.5
32558.8
32613
32752.3
32989.8
33091.2
33150.9
33438.6
33473.5
33490.6
33579.8
33960.1
34126.4
34468.2
34579.2
34803.8
35275.7
35371.3
35892.9
36143.3
36154.9
36276.7
37040
37248.6
37604.7
37664.7
37885.4
37939.8
37944
38112.6
38417.7
39105.1
39165.9
39332.6
39636
39665.4
39755
39882.4
40083.8
40268.8
40320.6
40389.8
40454.6
40560.9
41080.3
41301.9
42427.4
42695.5
42752.8
42880.1
43099.4
43275.1
43470.8
44004.2
44341.7
44787.5
44869.7
45033.1
45132.4
45600
45756.8
45852.4
46888.3
46932.4
47214.8
47247.1
47882.8
48039.6
48194.4
48263.1
48260
48434.1
48655.4
48737.8
48826.2
48927.4
49003.7
49480.5
49860.3
50060.4
50432.8
51006.7
51142.6
51531.1
51685.4
51704.4
51790.2
52124.5
52371.3
52375
52698
52715.8
53251.7
53366.9
53703.6
53704.8
53780.5
53906
54216.3
54367.7
54765.3
54815.5
55091.2
55750.7
55875
56781.4
56882.1
56905.8
57002.6
57147.8
57315.5
57569.4
57790.1
58240.9
58279.4
58383
58443.2
58607.6
58934.7
58960
59326.2
59393
59650.3
59901.9
60307.1
60972.5
61002.1
61032.8
61583.1
61994.4
62028.8
62030.4
62214
62354.4
62530.9
62542.2
62863.7
62954.6
63304.4
63374.8
63595.7
63608.2
63695.9
63904.4
64032.6
64458.6
64802.1
64965.2
65301.7
65832.6
66060.3
66791
66830.7
67251.4
67345.3
67521.6
67899.3
67957.4
68065.4
68223.6
68293.5
68535.2
68813.2
68937
69003
69136.8
69157.4
69149.8
69423.2
69966.3
70068.8
70108
70280.7
70351.7
70434.8
70796.7
70921.9
70978
71453.1
71490.6
71807.2
72097.3
72329.6
72365.7
72368.6
72548.7
72582.2
72606
72919.8
73460.8
73700.3
73778.9
73877.2
74023.5
74072.7
74366
74415.4
75056.8
75080.4
75268.5
75565.3
75694.5
75736.5
75918.6
76051.9
76306.3
76808.2
76828.8
76994.3
77073.1
77488.2
77720.8
78087.6
78313.9
78608.5
78790.6
78940.6
79881.2
79900.5
79946.1
80056.3
80419.8
80500.7
80507.8
80705.6
81098.7
81394.9
81447.3
81691.7
82018.6
82017.4
82287.6
82305.7
82476.8
82480.2
82613.5
82931.2
83391.3
83562.9
84085.7
84424.4
84449.1
84460.9
84519.3
84675.3
84805.1
85178.8
85213.9
85277.8
85381.6
85609.9
85665.6
85694
85998
86370.7
86598
86720.5
87020.2
87206.1
87248
87521.6
87927.4
88266.5
88305.6
88340.1
88691
88761.3
88833.3
88926.1
89041.4
89219.9
90607.6
90680.1
90756.1
91090.9
91441.7
91520.7
91828.5
91953.1
92010
92182.1
92569.4
92885.9
93070.4
93137.5
93153
93462.2
93494.2
93519
93960.8
94127.5
94359.1
94449.4
94678.7
94843.4
95185.2
95211.2
95441.8
95634
95672.8
95891.1
95943.7
96240.1
96862.5
96883.8
97241.8
97286.3
97324.3
97341
97674.7
98008
98334.4
98495.4
98678
98783.9
99017.7
99520.7
99714.2
99743.3
100268
100281
100375
100972
101012
101061
101063
101239
101503
101719
102151
102147
102193
102473
102607
102899
102955
103418
103509
103593
103724
103811
104171
104219
104460
104653
105125
105219
105295
105723
105841
106102
106184
106382
106396
106488
106509
106602
107047
107245
107364
107749
107999
108213
108417
108580
108604
108937
109261
109475
109815
109950
110029
110269
110449
110619
110739
110879
111174
111300
111333
111417
111524
111708
111943
111990
112037
112593
112890
113643
113756
114300
114689
114993
115111
115344
115618
115664
115901
116004
116038
116060
116144
116386
116446
116521
116885
117046
117571
117614
117687
117783
118191
118322
118482
118764
118836
119141
119660
119707
119889
119921
120354
120572
120569
121762
121920
121972
121995
122726
122996
123438
123776
123921
124004
124140
124365
124436
124697
124921
125144
125353
125372
125598
125670
125974
126415
126553
126824
126835
126939
127084
127579
127630
128154
128251
128459
128622
128743
129751
130362
130394
130437
130713
130805
131226
131427
131603
131774
132266
132494
132614
132824
132988
133061
133152
133337
134117
134318
134741
134997
134992
135053
135282
135459
135536
135831
135956
136150
136613
136814
136866
137517
137696
138472
138486
138990
139671
139788
139831
140638
140667
140770
140891
141081
141100
141206
141427
142152
142359
142480
142685
142769
143042
143503
143888
144139
144488
144762
145106
145140
145387
145594
145908
145924
146259
146651
146966
147144
147394
147405
147797
148291
148760
148973
149155
149208
149295
149376
149488
149595
149857
150081
150204
150550
150644
150657
150773
150913
151003
151003
151053
151211
151238
151299
151633
152411
152441
152572
152935
153068
153197
153319
153603
154518
154641
154802
154995
155146
155188
155390
155428
155677
155804
156045
156157
156597
156653
156986
157041
157223
157361
157372
157522
158330
158351
158425
158617
158704
158856
159094
159738
159800
159834
159930
160214
160417
160734
160968
161426
161995
162394
162990
163114
163347
163392
163475
163768
163793
163795
163969
164302
164431
164751
165031
165069
165201
165463
165652
165693
166489
166769
166849
167097
167470
167549
167635
167737
167862
167905
168056
168334
168396
168646
168707
168802
168918
168990
169392
169924
170399
170412
170767
170853
170928
171362
171388
171577
171606
171740
171839
172057
172131
172304
172716
172767
173104
173337
173645
173771
173893
174595
174853
174976
175398
175708
175848
175998
176115
176156
176534
176779
176883
176930
177061
177348
177365
177462
177633
177656
177779
178134
178179
178358
178474
178877
178965
179103
179114
179153
179201
179402
179684
179682
179842
180315
180543
180785
180835
180863
180960
180987
181287
181567
181620
181964
182376
183101
183091
183531
183798
184078
184458
184734
184789
184828
185449
185543
185931
186003
186168
186364
186608
186998
187094
187101
187316
187471
187784
187835
187917
188177
188529
189048
189223
189398
189510
189675
189798
190441
190605
191112
191266
191538
191734
191824
191821
192088
192890
193258
193377
193389
193576
193672
193725
193860
193963
193985
194016
194130
194288
194474
195247
195266
195283
195406
195590
196091
196429
196617
197087
197172
197190
197202
197441
197790
197824
198157
198338
198917
198951
198974
199374
199474
199492
199569
199715
199728
199783
