127.52
458.91
731.49
1698.87
3195.85
3660.29
4314.71
4778.82
5317.12
5629.37
6256.6
6668.67
6805.28
7016.72
7200.02
7210.63
7386.44
7612.07
7816.7
8207.99
8237.67
8525.04
8669.97
9038.97
9313.75
10442.4
10633.3
10693.2
11504.5
12157.1
12297.9
12576.5
12695.8
13708
14031.4
14223.8
14345.7
14369.4
14569.8
14750.1
15324.6
15875.3
16412.9
16616.2
17227.8
17251.8
17345
17430.1
17802.8
18145.4
18423.8
18435.2
18817.8
19265.7
20234.2
20809.6
21435.5
23444.5
24191.5
24437.7
24444.8
25469.1
25695.8
25716.2
25900.6
26013.8
26385.9
26959.5
27026.2
27892.8
28801.3
29881.3
29978.6
30376.8
30813.3
31005.3
31506.4
31768.6
32727.8
32898.3
33540.9
33572.9
34501.9
34603.7
35027.4
35039.3
35271.3
35522.3
37629.3
37850.9
38384.4
38449.6
38870.9
40164.4
40666
41268.8
41633.1
41722.1
41868.4
42285
42349.8
42793.1
43614.1
43851.1
43968.1
44076.5
44347.3
44628.8
44827.8
45013.6
45461.7
45622.3
46374.1
46544.9
46544
46887.3
47682.3
47815.8
47894.3
48375.7
48618.2
49742.3
49843
49927.8
50701.5
51056.6
51366.5
51663.1
53146.1
53940.3
54103.7
54626.4
54827.3
55232.3
55623
55723.1
55859.2
56087
56633.7
56846.2
57888.2
59654.6
59871.2
60371.5
60768.7
60797.5
61443.9
62243.2
62493.5
62693.2
62792.9
63475.5
63972.1
63975.8
64035.8
64077.2
64416.8
64430.9
64455.6
64544.4
65044.3
65415.5
65452.1
65915.8
66327.9
66443.3
66500
67072.4
67970.2
68669.2
69025.5
69226.6
69717.5
70405.2
70548.1
71156.6
71765.9
72242.2
72723.6
72925.8
73064.3
73441.1
73563.8
73761.4
74117.7
75148.6
75300.7
75714.3
75796.7
75810.6
76326
76706.1
76855.9
76941.4
77155.7
77256.2
77395.2
77517
77927.1
77932.2
78327.9
78399.3
78623
78843.8
79486
79529.4
80519.6
80676.2
80883.6
81214.5
81535.7
81597.5
82204.4
82835.8
83121
83219.2
83298.7
84068.4
84211.9
84258.6
84737.2
84743.8
84985.9
85088.9
85142.1
85330.9
85506.2
85583.6
85634.4
85703.7
86344.5
87935.6
88700.8
89746.2
90083.7
90421.1
90511.6
90711.9
91087.1
91394.5
91639.8
91653.8
91717.7
92584.4
92819
93469.6
94100
94905.9
95667.1
95706.6
96069.5
96740.5
97180.3
97416.6
97487.1
97586.8
97720
98466.3
98741.5
98817.5
99210.9
99551.5
100175
100452
100907
101085
101280
102434
103508
104167
104175
104307
104500
104615
104956
105406
106043
106582
107374
107836
107949
107968
109154
112051
112184
112490
112866
113097
113381
113594
113820
114147
114432
114491
114602
114997
116323
116466
119117
119258
120328
120466
120466
120874
121574
121895
121997
122058
122761
122830
122841
122912
123192
123219
123674
123744
123782
124040
124978
125043
125484
125887
125967
126500
127053
127191
127215
127276
128760
128787
128949
129169
129184
130490
130939
131373
131595
132034
132425
132898
132969
133219
133264
133327
134178
134177
134224
134291
135039
135096
135676
135699
136065
136154
136618
137057
137128
137664
138361
138518
138772
138992
140052
141593
141608
142074
142471
142552
143743
143868
143991
144358
145154
145685
145894
145978
146327
146713
147274
147911
147988
148753
149237
149578
151090
151526
151536
151597
151776
151816
152312
152384
152940
152955
153850
153887
153999
154723
155261
155391
155644
155829
156064
156379
157094
157262
157408
157582
157913
158627
159166
159774
160527
161249
162003
162485
162492
163175
163370
163712
163753
164076
164637
164909
165746
166401
166976
167054
167058
167463
167627
167697
167723
167736
167876
168041
168330
168388
168509
168632
169019
169039
169248
170269
170257
170413
170433
170866
171248
171629
171744
171818
171883
172113
172693
173050
173050
173304
174403
174901
175437
175559
175788
175932
176112
176393
176539
177641
178471
179310
179787
179948
180424
180927
181251
181297
181829
181842
184626
184743
184760
185283
186116
186473
186899
189274
189424
189547
189616
189699
190363
191453
191470
191906
192801
193466
193524
193695
193708
193745
193976
194209
194345
194384
194704
194886
194916
194947
195048
195195
195302
195802
195821
195830
196987
197063
197629
198017
199509
199634
199879
