796.58
1430.16
1702.79
2079.38
3070.69
3436.83
4286.68
4676.61
5042.59
5194.45
5285.69
5527.56
6356.43
7293.42
7432.38
9519.89
9875
10315.1
12087.6
13206.2
13276
13768.9
13901
13958.6
14020
14638.6
15238
15498.3
15616.2
16342.7
16525.2
16629.4
17202.7
17313.4
17960.2
18391.2
19109.3
19687
20964.5
21303.3
21823.3
22061.5
22132.3
22141.6
23447.7
24184.9
24263.5
24593.9
25181.5
25792.8
26190.2
26269.5
26281.5
26856
27292.2
27368.5
27736.8
27807.6
29816.2
30245.1
30949.4
31767.9
31851
32265.1
33041.1
33050.8
34439.8
34637.9
34963.2
35209.9
35865.3
36370.6
37049.6
37304.4
37308.8
37524.9
38171.7
38415.9
39436.4
39488.8
39825.6
40192.3
40206.5
40866.4
41090.7
41379.1
42120.2
42565.8
42634.3
42979.9
43499.4
43745.3
43759.7
44141.8
44634.2
44748.2
44832.4
45192.4
45737.5
45854.6
46014.8
46438.3
47490.1
47562.2
48629.7
48652.6
48802.1
49407.3
49749.8
50143.5
52976
54426.9
55659.1
56006.9
57552.2
57940.8
58074.2
58801.5
59684.9
60096.5
61272.9
61757
62763.6
63047
63907.8
65575
65775.3
66546.4
67300.6
67368.1
67879.6
68519.3
68657.9
68771.4
68915.6
68917
69302.9
69622.4
70023.8
70200.7
70632.1
70692.2
70898.1
72180.8
73944.4
74062.7
75109.8
76070
77031.2
77647.1
77933.1
78021.2
78405.6
79291
80944.8
81229.3
81493.7
81529.7
81621.9
82231.6
82894.8
83422.5
84293.2
84636.2
84938.9
85734.5
86658.4
87092.5
87982.6
88799.8
88983
89538.5
89868.5
90160.8
90625.7
90845.6
91282.6
91669.7
92237.3
92774.4
94232.4
95007.6
95991.4
97438.6
97754.1
97976
98294.1
98633.8
99145
99263.2
99266.1
99751.2
99814.7
