1497.1
2025.14
3095.31
5498.05
5794.32
6074.3
6515.22
7376.46
7968.53
8437.41
8942.6
10382
10880
11271.7
11605.2
12885.2
13190.7
14726.5
14761.9
17519.2
17536.8
17542.1
18097.3
18204.5
18537
19009.6
19082.9
20561.5
20584.6
21919.2
22255.2
22384.3
24858.6
25139.3
26140.4
26535.3
27472.9
29991.6
31598.4
31611.6
32369.2
32741
33941.9
34574.7
34909.7
35476.3
36031.2
36546.9
36853.4
38297.8
39072.1
40002.7
40006.3
40666.8
40820.8
42053.4
42678.4
43594.8
44097.5
45008.5
45876.8
46359.2
46504.6
47201.2
47252.5
47751.4
48775
49160.4
49338
50778.5
51763.8
52874.8
56185.4
57376
57741.5
58361.5
59347.7
59624.6
59814.2
61310
61322
61409.3
62931.4
63003.1
63572.2
63768.4
64581.8
66257.1
66584.8
66908
67726.7
67773.8
68264.8
68582.5
69090.9
69612.9
70197.3
70850.6
71585.3
71665.4
72228.6
72614
73095.9
73113.2
73264.1
73507.6
74263.1
74404.3
76700.7
76743.9
77472.2
77675.9
78566.3
81020.2
81134
81658.6
82177.3
82883.3
82959.6
83620.3
84932.3
85451.6
85747.9
86486
87210.9
89200.7
89818.6
90757.8
95018.8
95604.7
95641.9
95696.7
96071.7
97067.7
97344.2
97595.8
98518.8
98654
100514
100544
101589
102262
102458
102537
102760
103610
103931
104594
106864
108636
108753
109074
109529
112699
112742
113473
115027
120006
120614
120931
121361
121499
122071
122161
122940
122939
123692
124985
125660
127179
130046
130733
133808
135539
135687
136075
137342
137609
137684
138186
138225
138773
139657
139902
141260
142266
142915
145266
145880
147306
147516
148810
149348
149590
150864
151025
153908
154266
155413
155638
155961
156629
156984
158681
160261
162227
162484
163432
164602
164914
164959
165856
165870
166198
166319
168585
169734
170613
171906
172690
173281
174014
174703
174965
175812
176039
177115
178022
178377
178405
178883
179369
179826
181190
181853
182510
182660
183231
183267
183401
183432
184212
184902
185083
186087
187380
187962
188752
188824
189012
189322
189359
190386
190658
190970
191050
192482
194818
195182
195765
196187
196883
198840
198993
199439
199582
199700
