258.51
2217.64
2574.97
2845.77
3426.91
5712.03
8929.89
9381.77
9912.01
10328.2
10967.5
13174.5
15486.6
16546.1
18197.5
18592.7
19929.8
24768.7
25660
26770.2
26984.6
28711.6
28835.7
28879.6
29418.9
30142.6
30338.6
31075.3
31655
33352.1
33583.9
35198.8
35696.3
37689.2
39321.3
40287.7
44768.3
46322.8
46724.7
46865.5
47902.4
48555.6
49688.7
51331.9
51604.7
52202.4
53191
53365.5
53439.9
54082.5
54572.1
54594.2
55736.8
56113.1
56240.8
59313.4
59930
61013.9
62809.6
63690.3
65390.9
65483.6
66453.7
66570.7
67904.2
68584
68593.7
68683
70329.2
71103.8
71861.1
72958.1
74141
76219.2
76782.2
78019.1
80472.6
80827.8
82736.1
83474.4
83780.7
86150.5
86453.6
87394.7
87628.9
90888.7
91459.4
92933
93519.8
95273.8
98910.9
99310.3
