137
448.2
1639.72
1666.55
1985.76
2044.41
2148.75
2572.19
2602.94
2695.36
2866.38
3485.14
3675.31
3747.61
4307.8
4316.56
4326.49
4881.74
4950.2
5040.05
5076.18
5386.16
5513.42
5580.39
5640.09
6002.08
6142.43
6330.34
6503.91
6809.34
7100.64
7127.24
7345.62
7578.18
7674.35
7747.24
7795.35
8307.81
8950.27
9037.7
9937.99
10341.2
10819.4
11289.3
11315.8
11352.8
11443.8
11534.2
11563.8
11692.4
11867.4
11900.5
11970.3
12077.8
12094
12122.5
12342.6
12476.1
13710.6
13837.9
14309.6
14635.2
14895.4
15083.8
15253
15528.5
15795
15817.9
15849.5
15893.9
16219.6
16358.8
16527.8
16537.7
16649.2
16812.2
17101.9
17229.3
17298.5
17460.1
17701.3
17920.6
17958.2
18078.3
18102.1
19273.9
19320.8
19902.4
19972.8
20665.2
20975
21297.6
21476.1
21506.9
21863.5
21992.2
22523.9
22707.8
22915.7
23012.3
23243.5
23295.3
23344.1
23741.5
23764.6
24111.4
24149.6
24343.9
24495.8
24611.2
24814.8
25118.4
25237
25815.3
26092.4
26364.9
27198.7
28197.4
28736.4
29079.8
29175
29328.6
29557.1
29866.6
29978.3
30035.8
30812.6
31348
31802.1
33035.3
33206.3
33580.4
33859.6
34144.7
34544.9
34592
35350.8
35534.2
35621.8
35875.7
36253.6
36269.1
36463.9
36853.9
36856.3
37059.8
37595.7
37967.9
38006.7
38146.7
38478.1
38560.7
39008
39105.6
39306.1
39546
39686.2
39948.6
40153.9
40217.7
40312.8
40449.6
40719.7
40870.1
41746.6
41941.7
42277.7
42435.8
42463.8
42514.9
42737.3
42987
43085.9
43275.1
43293.2
43895.7
44314
44701.3
44881.1
45079.3
45122.2
45167
45272
45350.3
46157.6
46324.4
46667.7
46828
47013.3
47542.7
48271.4
49019.4
49186.2
49255.9
49472
50463
51394.7
51480.6
51824.4
51938.3
51991
52578.3
52754.4
52769.9
52984.5
53115.8
53542.8
53723.6
53806.4
53819.8
54055.1
54439.2
54559.8
54592.7
54726
54785.3
54812
55063.2
55090.9
55240.8
55403.2
55485.1
55844
55928
56339
56582.9
56997.6
57326.9
57404.5
57418.6
58355
58478.7
58620.3
58669.6
59005.1
59078.2
59617
59754.4
59830.1
60199.7
60292.3
60312.7
60709.3
60891.2
61097.7
61147.2
61219.5
61207.2
61368.9
61614.5
61788.2
62561.1
62639.5
62774.6
62920.6
62977.5
63181.1
63230.6
63476.8
63543.3
63748
63950.6
63992.4
64087.7
64218.7
64256.1
64398
64489
64776.6
64870.6
65145
65351.2
65404.8
65601.8
65824.8
66052.1
66069.4
66443.4
66920.8
67670.5
68300
68419.8
68654.5
68904.8
68954.1
68955
69170.6
69209.2
69370.6
69554.1
69655.4
70810.4
71463.2
71834.8
72808.4
73110.5
73584.9
73782.2
74371.2
74385.6
74685.3
74865.1
75423.2
75790.3
75973.1
76322.2
76332.7
76759.5
76785.3
77293.3
77315.3
77484.2
78079
78302.1
78441.5
78562.5
78628.2
79293.1
79527.6
80586.2
80659.1
81452.5
81902.2
82559
82705.3
83132
83207.5
83583.2
83592.1
84089.5
84151.9
84621.4
84871
84928.8
85223.6
85279.5
85306.6
85652.5
85696.4
85990.2
86191.1
86377.5
86690.8
86746.8
86935.5
87263.7
87332.8
87407.4
87601.9
87688.1
87691.7
87766.9
87844.1
88094.9
88131.6
88280.2
89134.4
89469.6
89728.2
90030
90208.6
90350.3
92064.2
92382.1
92520.2
92794.6
92812.3
92989
93200.4
93310.8
93761.6
93867.2
93898.7
94905.9
95208.4
95700.3
95718.2
96524.8
96864.2
97020
97472.7
97649.8
97719.3
97861.3
98190.6
98522.1
98996.1
99060
99397.5
99509.6
99580.8
99675
99930
99984.4
100094
100231
100851
100858
101166
101269
101574
101838
101931
102278
102308
102325
102379
102471
102799
102920
102985
103341
103378
103446
103758
104235
104426
104487
104586
104881
104986
105116
105272
105514
106630
106946
107094
107691
107929
108775
108947
108975
108978
109107
109113
109366
109480
109623
109734
109811
110786
110816
112023
112126
112467
112790
113001
113065
113280
113450
113531
113639
113684
113802
113975
113982
114461
115082
115168
115378
115934
116267
117714
117935
118378
119365
119661
120288
120671
120944
121022
121036
121225
121392
121474
121502
123117
123672
123839
124037
124974
125026
125240
125271
125395
125749
125879
126262
126693
126799
126835
127143
127140
127270
127278
127602
127892
128035
128104
128133
128405
128492
128495
128580
128868
129091
129113
129150
129168
129398
129600
129607
129893
130852
131361
131447
131588
131781
132175
132608
132729
133096
133244
133244
133292
133294
133300
133569
133637
133737
133926
134383
135715
136171
137066
137644
137864
137996
137994
138048
138122
138189
138260
138662
138722
139103
139225
139247
139435
139653
141096
141841
141871
142008
142616
142716
142741
143014
143064
143153
143160
143551
143805
143813
144833
145270
145681
146036
146858
146990
147121
147782
148122
148539
148729
149343
149572
149616
149684
149823
149837
150003
150148
150323
151467
152065
152393
152440
152621
152695
153035
153073
153154
153256
153316
153363
153636
154310
155322
156179
156670
157165
157826
158103
158452
158852
159126
159269
159328
159373
159616
160057
160344
160587
160640
161341
161372
161986
162049
162161
162444
162678
162941
163321
163725
163906
164016
164342
164355
164376
164416
164478
164480
164679
165312
165349
165346
165391
165456
165643
165770
166358
166517
166691
167167
167299
167323
167529
167737
168212
168352
168876
169105
169363
169444
169731
169751
169790
170082
170113
170124
170311
170441
170964
171637
171640
171642
171798
171940
171985
172401
172445
172453
172643
173326
173445
173486
173655
173992
174070
175731
175806
175921
176005
176064
176332
176333
176373
176422
176465
176472
176705
176832
177157
177352
177352
177389
177453
177777
177821
178073
178162
178347
178446
178996
179029
179849
179961
180269
181298
181513
181627
181653
182157
182519
182609
182610
182775
182804
182940
183097
183182
183289
183611
183686
183679
183842
183919
184116
184425
184477
184627
184797
184838
185022
185298
185610
185791
185935
185963
186034
186186
186389
186574
186709
186889
187130
187226
187372
187434
187567
187567
187678
188210
188362
188572
188621
188691
188828
188910
189096
189223
189827
189865
189931
190039
190204
190248
190278
190370
190439
190648
190652
191297
191721
192014
192065
192701
193110
193233
193323
193453
193678
193853
193862
193963
193988
194333
194369
194453
194716
194811
194992
195287
195337
195702
196061
196149
196316
196428
197061
197148
197766
197808
197916
198164
198358
198748
199072
199389
199691
199746
