233.14
764.48
925.76
1075.69
1198.85
1595.81
1598.19
1887.31
1952.78
1955.91
2217.24
2613.07
2717.53
3296.94
3515.39
3942.46
3977.68
4634.33
5075.46
5154.36
5292.95
5384.18
5440.82
5598.67
5857.85
6189.99
6401.49
6971.17
7508.85
7648.05
8031.48
8604.16
8927.11
9198.55
9297.28
9384.39
9548.89
10120.6
10632.9
10817
10847.7
10851.2
11006.5
11213.2
11216.1
11447.2
11553.4
11762.5
12305.5
12392.6
13191.9
13208.3
13429.6
13677.8
13758
14004.7
14199.1
14228.5
14557.6
14627
14893.6
14935.4
15164.6
15187.9
15369.3
15420.5
15533.1
15908.7
16129.6
16453.6
16525.5
16568.4
17314.7
17332.5
17569.8
17566.7
17856.7
18035.7
18226.9
18448.1
18562.8
18994
19286.8
19479
19856.1
20235.1
20489.2
20842.8
20924.8
21266
21496.4
21685.5
21688.8
22020.7
23064.6
23092.4
23132.8
23635.9
23799.7
23808.6
23957.7
24207.8
24224.5
24404.3
24670
24790
25019.7
25085.5
25763.2
26015.6
26245.8
26320.1
26566.2
26952.1
27340.3
27449.5
27547.8
27776.3
28554.3
28785.4
29172.6
29315.6
29418.2
29805.7
29815.9
30038.1
30306.8
30383.3
30397.8
30443.9
30641.7
30745.5
31058.4
31103.9
31335.6
31381.6
31666.1
31962.6
31991
33356.5
34254.6
34655.5
34802.3
34806.3
34971.6
35097.6
35251.4
35407.4
36004.4
36231.3
36684.9
37068.5
37268.8
37672.2
37781
38139.5
38202.2
38209.6
38349.7
38519.6
38765.3
38828.2
39341.2
39396.2
39759.2
39761.8
40055.9
40362.4
40444
41360.8
41642.4
42133.5
42274.1
42333.8
42498.2
42684.7
42694.5
43107.8
43318.2
44183.1
44502.2
44846
44900.3
44963.7
45333.5
45353.9
45526.6
45606
45805.7
45932.3
45951.5
46148.6
46371.4
46418.1
46557.7
46635.7
46649
47122.5
47221.4
47375.4
47411.6
47441.7
47769.9
47933.4
48103.4
48183.3
49173.4
49484.6
50028.6
50241.1
50355.8
50643.1
50800.2
51696.8
51861.4
52416.2
52452.9
54028.1
54563.3
54779.2
54949.8
55361
55443.7
55661.1
56042.1
56901.1
56997
57208.6
58254.9
59339.3
59401.3
59418
59599.6
59815.7
59977.7
60227.7
60843.4
61154.6
61187.4
61602
61636.1
61882.9
62004.3
62010.9
62236.2
62728.1
63482.6
63748.8
63853.9
63891
63994.4
64162
64295.7
64306
64402.1
64630.6
64806.6
64844.2
65351.6
65475.1
65501.7
65781.7
65947.6
66006.9
66241.4
66352.1
66797.2
66879.8
66912.6
67142.7
67192.2
67251.1
67261.3
67356.4
67425.5
67765.6
67923.4
68149.7
68190
68221.7
68384.3
68402.2
68470
68672.2
69049
69051.5
69178
69215
70021
70374.1
70431.9
70797.5
70809.1
70880.6
71219.1
71218.6
71252.5
71277.1
71399.4
71804.2
71963.9
72986
73118.7
73128
73355.5
73357.7
73569.8
73670.3
74376.5
74926.5
74990.9
75208.1
75256.7
75617.1
75631.7
75729.3
75867.1
76122.3
76659.8
76932.7
77041
77277.5
77486.3
77648.9
77722.9
77755.4
77872.8
77920.3
78099
78421.3
78516.3
78724.8
78731.6
78794.9
78807.2
79267.1
79418.7
79446.8
79690.7
79820.8
80067.2
80162.8
80168.5
80497
80775.2
81060.5
81084
81182.1
81594.1
81789.5
81893.6
81908.2
81909.3
82111.7
82464.7
82505.7
82524.4
83038.9
83387.5
83488.2
83491.6
84490.6
84739.8
84782.5
84999.1
85039.5
85836.9
86141.2
86352.5
86432.2
86668.4
86965.3
87269.3
87574.8
88158.2
88175.3
88733.4
88825.3
89048.6
89088.8
89675.2
89704.1
90784.8
90888.2
91008
91501.4
91739.8
92105.9
92349
92383.7
92702.3
92764
93315.7
93516.3
93647.8
93684.7
94080.4
94086.9
94136.7
94299.9
94585
94752.5
94760.4
95815.6
96691.3
97149.3
97741.9
98186.3
98176.1
98335.5
98409.4
98552
98649.7
98668
99011.6
99217.9
99249.5
99479.3
99572.4
99583.9
99585.7
100028
100100
100316
100373
100907
100919
101129
101449
101716
101762
102082
102164
103187
103437
103771
104350
104525
104694
104703
104779
105225
105275
105310
105430
105711
105819
106099
106401
106734
106771
107094
107343
107875
107910
107970
108453
108861
108901
109196
110000
110108
110371
110429
110791
110934
111352
111474
111545
111746
111975
112037
112123
112205
112370
112442
112564
112949
112946
113461
113554
113645
113748
114012
114398
114448
114476
114584
114588
114785
115129
115224
115529
115581
116087
116169
116314
117084
117311
117338
117424
118509
118636
118995
119316
119443
119947
120868
121058
121411
121419
121976
122152
122210
122706
122771
122995
123023
123429
123422
123761
123790
125920
126067
126449
126493
127094
127518
128257
128498
128623
128835
129169
129221
129656
129832
130037
130093
130518
130955
131038
131593
131614
132276
132368
132363
132823
134116
134490
134535
134754
134810
135247
135594
135703
136197
136586
137121
137323
137607
137907
137991
138062
138229
138810
138825
138864
139242
139271
139271
139494
140612
140636
140832
140912
140950
141601
141859
141942
141979
142237
142279
143331
143831
144127
144349
144422
144916
145244
145382
145739
145921
146297
146440
146756
146772
147418
147439
147996
148113
149245
149412
149532
149532
150253
150290
150456
151384
151870
152393
152777
152800
153077
153383
153385
153519
153771
154035
154105
154239
154412
154487
154527
154798
155027
155243
155279
155386
155759
156263
156616
156739
156957
157025
157250
157440
157635
157679
157803
157968
158022
158291
158376
158368
158817
159252
159520
159855
159880
160003
160052
160118
160172
160407
160563
160912
161408
161435
161593
161618
161876
162166
162257
162288
162421
162436
162491
163038
163257
163274
163286
163421
163969
165618
165782
165846
165847
166002
166166
166413
166613
166909
166985
167280
167357
167504
168326
168577
168766
168867
169073
169596
169868
170100
170152
170319
170828
171026
171154
171425
171809
171938
172251
172340
172627
172884
173006
173458
173491
173514
173589
174004
174142
174235
174364
174642
174948
175058
175092
175829
175999
176438
177001
177198
177514
178385
178624
178950
179354
179421
179849
179969
180180
180603
180891
180899
181076
181238
181290
181516
181574
181584
181649
182108
182304
182334
182747
182922
182926
183291
183958
184617
185054
185076
185316
185534
185787
185874
186304
186530
186657
186700
186918
186972
187239
187622
187863
188411
189145
189282
189291
189467
189570
189590
189727
190004
190255
191925
191984
192036
192060
192365
192678
192724
193213
193256
193395
193665
193866
194134
194300
194355
194792
194838
195178
196423
196971
197520
197544
198148
198375
198690
198710
199027
199503
199964
