681.17
1044.94
1549.24
1993.25
2486.14
2513.36
3335.4
3390.81
3747.93
3767.75
3926.56
3963.39
4127.86
4672.35
4683.53
4724.33
4810.88
5036.83
5525.7
5618.52
6208.26
6873.28
6930.03
7083.54
7130.83
7791.21
7851.63
7859.79
7874.02
7889.78
8371.08
8395.58
8455.23
8841.56
9192.24
9305.85
9590.06
9677.78
9881.95
9922.68
10018.4
10212.8
10283.8
10465.5
10479.7
10787.5
10842.8
11027.8
11094.2
11333.1
12884.3
12972.2
13390.4
13496.8
13714
13780
13885.3
15180.1
15375.9
16025.3
16542.6
16668.1
16955.4
17056.6
17058.5
17203.5
17662.6
17829.9
18075.6
18183.6
18366.1
18804.5
19219.4
19277.3
19285.6
19581.4
19606.6
19639.2
20052.4
20290
20436
21288.3
21835.7
22128.1
22582.2
22719.3
22895.5
23062
23259.7
23302.1
23393.7
23658.3
24189
24393.6
24471.9
24540
24899.3
25067.2
25597.3
25901.5
25969.7
26072
26211.8
26479
26591.4
26593.9
26941
26994.7
27502.9
28119.1
28289.8
28299.9
28331.9
28602
28696.4
28713.2
28773.4
28970
29017.6
29139.3
29197.2
29488.5
29569.5
29862
29866.9
30196.7
30808.3
31405.6
31645.6
31952.6
32535
32907.1
33060.2
33111.5
33116.7
33200
33549
33554.4
33987.1
34007.5
34202
34261.4
34405.9
34557.5
34767.7
34775.3
34769.4
34807.8
34943.8
35201.9
35209.2
35349.3
35401.5
35509.7
35508.7
35615.1
35627.6
35804.3
36328.1
36456.1
36707.9
37301.8
37675
37682.1
37729.5
38305.4
38397.2
40234.7
40597.7
40613.7
40921
41994.4
42168.1
42579
42873.8
43150.3
43394.8
43454.6
43527.7
43981.3
44297.6
44348.3
44458
44706.3
44735.6
45499.1
45574.9
45867.3
46324.6
47043.2
47975.1
48072.4
48113
48726.4
48780.4
48999.8
49139.2
49249.9
49612
50016.9
50153.7
50433.1
50817.7
51107.6
51494.4
51745.1
51899.3
51940.9
51974.8
51994.4
52113
52208.8
52234.7
52365.7
52386
52441.3
52815.6
52855.1
52927.9
53035.9
53077.8
53097.2
53219.7
53539.7
53931.4
54006.8
54230.5
54480
54776.5
55216.2
55561.7
55905.9
55915.4
55998
56410.4
57139
57466.3
57497.1
57536.4
57859.5
57977.3
58103
58516.4
58654.3
58711.6
59070.8
59359.2
59367
59580.5
59776.6
60311.1
60523.3
60883.6
61600
62521.5
62544.5
62895.5
63234.4
63611.6
64811.8
65364.8
65643.3
66021.7
66173.5
66447.1
66811.5
67078.5
67130.8
67432.2
67466
67750.3
68272.2
68644.5
69114.4
69909.6
69920.2
70391.1
70696.9
70790
70898.9
70939.7
71024.3
71259.4
71459.9
71840.6
72511.7
72541
72545.2
72615.9
72699
72792.2
73162.6
73679
74153.9
74188.7
74696.6
74800.4
74848.1
74888.6
76279.9
76538.4
76800.2
76886.2
77018.8
77737.1
78643.5
79090.5
79225.8
79237.1
79496.2
79537.9
79606
80322.5
81263.3
81272.4
81792.1
82115.8
82186.9
82261.8
82551.7
82650.3
82775.1
85022.2
85799.9
86360.7
86711.9
87111.1
87450.3
87725.7
87776.5
87853.6
87935.5
87938.1
88641.7
88751.7
89128.5
89156.7
89220.3
89327.2
89599
89753.6
89915.1
90370.8
90463.9
90683.7
90683.1
90932.7
91384.5
91679.8
91761.4
91929.3
91925.2
92094.9
92151.4
92492.8
92498.7
92899.3
92908.9
93010.4
93195
94134.3
95378.6
95537.2
95723.7
95972.4
95997.7
96094.1
96159.7
96552.3
96856.8
97253.3
97296.5
97325.4
97499.9
98127.6
98442
98514.3
98554.2
98644.4
98863.2
98950.7
99049.6
99307.5
99457.2
99536.2
99824.4
100672
100743
101216
101506
101606
102472
102524
102668
103031
103173
103356
103734
104497
105571
105725
105851
105938
106044
106433
106434
106439
106602
106839
107182
107332
107406
107563
107675
107977
108016
108172
108210
108822
109153
109515
110227
110286
111384
111405
111519
111743
112524
112822
113205
114220
114470
114509
114799
114835
115187
115603
115926
115998
116106
116292
116606
116671
116817
117123
117255
117435
117493
117677
117881
118078
118140
118406
118418
118544
118582
118945
118955
119330
119617
120029
120264
120565
120638
120762
120897
121019
121151
121228
121784
121865
122063
122173
122253
122358
122378
122439
122846
122982
123063
123517
124770
124794
124803
125226
125304
125518
125641
125812
126218
126655
126747
126833
126933
127140
127228
127395
127550
127657
127846
127878
127997
128108
128158
128472
128612
128675
128970
128965
129359
130532
131055
132143
132423
132486
132650
132841
132887
133010
133361
134687
134886
135292
135712
135884
136088
136222
137149
137163
137300
137675
137871
138161
138481
138604
138969
139127
139413
139473
139608
139706
140104
140190
140405
140623
141154
141279
141407
141481
141686
142125
142500
143266
143286
143450
143536
144601
144854
144895
145188
145300
145516
145554
145704
148589
149136
149262
149320
149467
149796
150351
150576
151025
151407
151577
152259
153061
153544
153590
153653
153782
154093
154120
155107
155744
155773
156099
156373
156744
156896
156959
157095
157181
157478
157569
157739
158392
159494
160025
160280
160350
160418
160558
160716
160722
160940
161070
161472
161576
161793
162027
162211
162252
162407
162785
163420
163443
163609
164066
164125
164435
164538
164615
164769
164890
165148
165171
165472
165833
166262
166530
166955
167228
167315
167744
167732
167800
167879
168087
168351
168402
168693
168821
168888
169313
169394
169381
169439
169542
169787
169830
169934
170259
170245
170758
170751
171025
171643
172149
172287
172581
172748
173287
173346
173528
173550
173948
173991
174801
175073
175705
176111
176139
176234
176274
176385
176523
176576
176856
177054
177426
177433
177659
177682
177724
177834
177869
177895
178339
178386
178483
178894
179147
179588
180198
180209
180297
180341
180464
180647
181046
181095
181142
181217
181568
181669
181875
182093
182242
182344
182616
182868
183035
183165
183238
183254
183582
183615
183642
183907
184598
184620
184768
185479
185667
186871
187455
187528
187905
188205
188440
188931
189417
189822
190255
190476
191231
191602
191924
192006
192165
192288
192585
192721
192787
192795
192968
193162
193231
193825
193890
193957
194083
194182
194502
194572
194892
195040
195204
195356
195447
195772
195988
196463
197080
198069
198096
198109
198211
198896
199887
