2210.76
2636.37
3425.11
4172.56
4823.06
5075.62
7175.96
7592.58
8980.67
10839.4
11509.1
13746.1
15756.3
16770.5
17133.7
18321.9
19487
21027.5
24078.6
24097.8
31454.6
31457.5
33465.6
33613.8
35244
36228.2
37224.8
38472.4
40459.5
40684.9
41229.4
42173.8
42501.4
43582.8
43659.7
43992.1
45329.1
45432.3
45433.7
45876.8
46319.2
46833.2
47252.2
48401.1
51749.3
53557.4
54340.3
54569.9
59013.4
59076.9
59146.2
60037.6
61146
61556.8
62062.8
62736.1
63200.8
64821.3
65391.6
65630
66835.5
69161.6
70347.7
70994.6
71376.1
71771.8
73247.6
73319.6
75923.2
76789.5
77162.9
77779.6
77912.7
78108.7
81129.2
83132.9
83301.9
84626.8
86855.7
86982.5
87575.8
87741
88057.3
88672.5
89717.7
90886.3
92473.6
93886
93914
95325.2
95553.2
95678
97076.4
97391.3
100070
100111
100411
101593
101628
102992
102991
104577
104859
106754
109333
110529
111380
113575
114627
115494
115893
116523
119541
119620
119804
120037
121541
121963
122914
123137
125261
127771
128002
129517
130690
130921
131235
131617
131822
132113
132248
132505
132594
132636
133003
133213
133549
133689
135119
136264
136315
136971
138174
138256
139055
140205
140802
141121
142409
142625
142673
142852
143859
144483
144637
145213
145506
146099
146373
146777
147125
148337
149630
149958
151877
152149
152464
152544
153135
154692
154845
156661
156902
158274
158661
159400
160076
161950
163514
164079
165252
166885
167752
168191
168585
168834
169560
169636
169811
169974
170841
171760
172875
172931
173185
173819
173858
177188
178041
178094
178760
178932
179893
180417
180798
181685
182209
185742
186887
187567
187710
188122
188555
193014
193575
194302
195123
196946
198297
198639
198779
199382
