230.56
241.22
648.5
1139.92
1471.06
2480.91
4231.11
4346.99
6623.82
7617.56
10185
10545.2
10990.2
11296.7
11438.8
13272.4
14547.8
14989.6
15568.4
16038.5
16324
16989.3
19080.4
19790
22718.4
23686.9
25126.9
25647.6
25892.8
28606.6
29091.8
29318.1
29657.2
30125.7
30208.5
30409
31274.6
31667.5
32468.1
32718.7
33025.6
33153.6
34613.1
34741.8
35538.3
36236.5
36679.7
37020.3
37237.3
38897.5
40033.5
40108.1
40139.8
42875
43293.9
43784.8
44096.5
44543.7
44874.6
44963.8
45467.7
45680.2
45689.3
46602.6
46697.9
47087.9
48188
48837.2
49893.1
50039
50845.1
51625.4
51961.3
52833
53416
53665.7
54855
55213.7
55725.7
57396.8
57680.1
58043
58747.5
58875.1
59461.8
60740.2
60982.9
61393.5
62177
62819.8
63883
64643
64771.6
64973.1
65002.9
67748.2
68121.6
68796.4
70045.7
70791.2
70820.2
71934.9
72756.5
72993.4
75076.5
76169
76501.6
77236.5
77928.6
79181
79286.6
79302.8
79817
79991.7
81878.7
83597.6
84461.6
84514.9
86832.3
87715.8
87754.7
89229.4
90324
92912.3
93145.9
93398.9
93530.1
94235.8
94710.5
94932.3
95998.9
96310.3
96839.5
97039.1
98195.7
98266.1
99579.6
100206
100737
100885
102335
102538
103323
103580
103797
104361
107250
108195
108994
109183
109668
109826
109912
111218
113408
114394
114612
114918
115080
116977
117510
118472
118969
119134
119525
119884
120611
121271
121668
124288
124572
125032
127554
127603
127813
128131
128266
128562
129140
129349
129796
130514
130650
131589
132014
132072
132090
132269
132313
132723
133095
133371
133873
136068
136673
137892
138757
139278
140806
141841
144088
144347
144456
144767
144830
145286
145857
146291
146385
147152
149375
150018
150433
151484
151495
151514
151517
151982
152552
152544
152948
153137
153240
153845
154584
155605
155948
156631
156805
156968
158217
158444
158484
159322
159411
159960
160352
160509
162029
162476
162756
163027
164403
164902
167409
167778
167801
168336
168821
169280
169868
172903
173692
175355
176876
177544
178524
179292
179606
179741
180278
181900
182153
182822
185317
185588
186732
187139
187311
188279
192553
193887
194083
194767
195401
196125
196667
196928
197619
198104
198101
199013
