167.1
1386.15
2879.7
3232.81
3886.54
5165.65
5982.2
6493.05
8299.15
8999.96
9630.95
9677.44
9685.46
10616.3
10767.1
10845.2
10854.9
11127.1
11859.4
11903.2
11993
12712.5
13179.7
14727.6
16663.9
17952.8
18078.2
18192.7
18803.1
21298
21414.2
21534.7
21962.1
23050.3
23156.3
23708.9
23714.4
24015
24619.1
25001.8
25049.3
25477.1
26121.4
26191.9
27863.2
28317.6
28568.5
29663.4
30048.9
31416.3
32344.7
33241.7
33318.6
34439
34588.7
34903.9
35073.7
35261
35554.4
36563.1
36603.3
37563.2
38363.1
39061.7
40373.5
41268.5
42174
42997.3
43037.1
43274.7
43293.8
44611.2
44887.3
45024
45275.4
46214.6
46793.6
46973.8
47262.4
47586.1
47888.2
48110
48128.1
48793
49423.4
49887.6
49938.7
50529.5
51072.7
51285.7
53411.5
53771.5
53978.1
55826.3
56065.3
56183.1
56544
56594.9
58035.6
58163.5
58859.2
59199
59546.3
59843.4
62875
63388.4
63432
64495
65007.5
65216.9
65423.2
65541.1
66435.7
67170.1
67261.1
69221.5
69398.3
70498.7
70693.2
71568
72412.7
73138.1
74449.5
75015.3
75463.3
75688.6
76072.9
76167.2
76769.7
76951.8
77369.2
78357.1
79809.6
79909.9
80623.1
80663.5
80878.1
82233.8
83049.6
83297.3
83639.5
84061.1
84593.3
85308
85926.6
85983.6
86259.7
87403.7
87521
87915.7
88637
89291.2
89665.6
90323.1
91021.7
91109.5
91107
91800
92052.9
92380.7
93242.2
93746
93816.7
93923
94904.1
95265.7
95586
96137.2
96442.9
97071.5
97512.7
98090.6
98250.7
99394.7
99756
99796.7
100164
100213
100572
100864
101407
101413
102066
102790
102962
103395
103451
103848
104335
104721
104866
105807
105904
105961
106143
106455
107137
109591
110324
111203
111626
111817
111964
112248
112860
112958
113771
114161
115912
116409
116700
117365
117923
118313
119278
119300
119929
120334
120577
120595
121326
121992
122064
122683
123422
125727
126990
126988
127490
128065
129056
130257
131956
132829
132832
133655
134399
134845
135086
135473
136490
137306
138685
138842
139064
139181
139374
139439
139693
139932
139963
140477
140835
141243
143647
144301
145965
146163
146631
147058
147479
147718
148790
148788
149211
150045
150069
150986
151914
152850
154310
154550
155081
155097
155578
155603
156292
156645
156747
159323
159362
159584
160322
160339
163021
163391
163817
164299
164393
166200
166627
167292
167586
167654
168776
169140
169148
169453
169599
170500
170981
170975
171619
171833
172125
173746
174973
175556
176060
176664
176678
177731
179101
179598
180151
180650
181208
181482
181933
182016
183097
185144
185549
186450
186603
186751
187280
187264
187307
187562
187748
187843
187859
188442
188451
188559
189524
189661
189893
190386
191280
192049
192136
192614
192974
193018
193358
193751
194321
194470
194469
194501
195123
195575
195905
195977
197242
197557
197917
198909
199805
