1943.78
3636.17
4167.05
6446.08
8439.86
14755
17351.3
17723.7
17982.3
23096.2
24057.4
24395.9
26299.9
26623.5
26703.5
27240.5
27284.8
27517.6
27690.2
27809.7
28530.1
28892.6
29077.1
29507.7
29703.7
30427.5
31213.9
32437.1
32659.4
32853.9
32894.7
35855.1
36664.7
38261
40127.8
40800.5
41632
44167.8
44637.2
45208.8
45900.5
46298.2
46676
47230.4
48170.7
48266.3
48605.6
48867.1
49009
49404.5
54391.4
54732.2
55665.9
55942.8
56496.5
58666.1
63369.9
65251.1
65907.6
66037
67140.4
68219.6
72068.9
77173.1
79517.4
87306.3
94680.2
97820
107564
109909
110396
111374
112562
113013
113371
120848
121221
129074
130838
131212
134311
137334
137949
139136
146523
157918
163742
164885
168756
169865
173487
173765
174111
174648
176175
177550
178332
178467
181559
185093
189930
190524
191165
192548
193862
194378
195033
195282
195494
195694
196451
196694
197330
197808
199754
