240.31
560.44
1938.87
4826.48
5547.32
5604.47
6505.15
6743.51
7706.92
8040.94
8180.32
8471.12
9146.04
9157.07
10187.3
12595.1
12998.1
13144.5
13774.2
13875.2
14829.2
15370.5
15491.4
16021
16032
18760.7
19504.6
19606.9
22500.4
24356.3
24541.8
24917.3
24979.7
25220.4
27201.6
28554.4
28596
29756.6
30550.6
31538.4
31879.9
32302.5
32972.4
33599.2
33953.3
34257.4
35670.1
36407
38079
38476.6
38521.1
38709.9
39548.9
39884.4
40517
40633.7
40745.8
40883.6
42072.7
42472.2
42875.1
42946.6
43315.8
43815.3
45382.3
47182.6
47634.3
49624.1
50039.1
50569.2
50745.8
51019.2
51899.6
52023.7
53126.7
53551.9
53617.8
53718.6
54700.6
55731.5
56095.2
56806.4
56875.7
57049.4
57445.2
57622
58678.9
59287.8
60577.4
61365.6
61403.5
62456.7
62607.6
62944
63324.8
63899.4
64238.1
64723.3
65248.2
65336.1
66639.6
66949.6
67085.7
67434.1
67799.3
68026.1
68299.3
69669.3
70214.9
70255
70384.8
70454
70749.5
71157.1
71857.5
72176.2
73086.3
73529.4
74616.3
75200.5
76429.5
76457
78784.3
79431
79829.1
80108.4
80419.2
80666.3
80688.9
81930.2
81972.4
82125.5
82639.6
82822.5
83291.1
83522.2
84288
84307.6
84604.6
85744.8
86754.9
86813
87203.6
87239.8
87255.2
87408.6
91014.3
91287.9
91733.4
94099.6
94510.8
95216.8
95455.5
96988.2
97195.3
99323.9
100294
100407
101555
101651
102431
102515
102873
103388
104303
104948
105016
105045
105934
105955
107128
107549
107638
108001
108105
108437
108811
108867
108918
108970
109487
109626
109727
109842
109891
110025
110243
112017
112299
114722
115384
118545
119083
119489
121108
121658
122770
123503
123602
123827
124193
125034
126208
127662
127891
129259
129829
130022
131447
132079
132339
132444
132686
132727
132976
133334
134863
135163
136782
137428
137445
138033
138653
140459
141050
142397
142864
143050
143579
145247
146097
147035
147374
147602
149074
149391
150216
151459
152281
152434
152700
152866
153035
153656
154978
155487
155508
155840
155908
156870
157674
157730
158015
158012
159564
159994
161139
161528
161632
162728
162960
163816
163912
165215
166154
166492
166844
167817
169228
169790
170452
170695
171207
171519
171935
172369
172426
172818
172970
173770
174495
174884
175033
175111
175620
175911
176011
176285
176677
177961
182616
182759
184873
185043
185236
185622
185881
186298
186348
187609
188176
188326
188591
188722
189112
189368
189462
189607
189838
190013
190164
190268
191557
191874
192950
193667
195636
195754
196638
197668
197827
199057
199102
199265
199597
199664
199703
