506.76
1799.83
2182.07
4024.26
4416.33
4752.17
4867.19
4936.7
4986.57
5250.41
5726.95
5767.5
6501.37
6649.46
7206.83
7382.5
7421.26
7623.98
7877.02
8070.05
8421.72
9448.84
9588.31
10320.7
10521.8
11575.6
12069
12186.3
12391.6
12445.3
12505.9
13073.9
13684.2
14379.6
15575
15653.1
18559.4
18893.2
19327.8
19556.1
19625.3
20200.1
21649.4
21720
21870.9
22085.1
22283.9
22943.2
23025.4
23217.9
24128.3
24545.5
24889.7
25235.5
25235.7
25277
25799.9
26883.5
28181.4
28982.4
29031
29308.4
31305.9
31382.5
31878.5
31950.3
32819.5
33364.7
34158.2
35737.9
35863
35927.9
36189.2
36440.1
37044.3
37204.4
37446.8
37830.4
38026.2
38440.8
39031.1
39365.6
39375.9
39376.8
40790.5
41902.6
42973.9
44814.5
45105.4
45315.5
45395.7
45503
46515.1
46680.1
47325.2
48053.7
50094.6
50654.4
50778.7
51258
52024.3
52288.8
52366.1
52654.8
52932.9
53413.7
53947.7
54021.1
54587.5
55100
55201.1
55338.5
56570.2
56871
57049.3
57348.5
57942.5
58418.8
58493.1
58871.6
59404.7
59535.3
60351
60714
60719.3
60834.6
60903.9
61624.1
62480
63714.1
64310.3
64397.6
64986.4
65205.1
66143.4
66839.3
67772
68617.2
69180.9
69604.8
69839.3
70131.9
70214.3
71083.5
71150.8
72631.3
73301.6
73415.7
73732.3
73889.9
74368.8
74398.8
74609.6
74798.1
74818.9
76198.8
76282.9
76896.2
77271.6
77345.6
77599.2
78476.6
78704.6
79507.1
79629.5
79908.2
79921.5
80275.2
80370.4
80399.5
80514.2
80662
81428.3
81939
82298.9
82633.7
83345.4
83830.8
83852.1
84274.8
84624.8
85716.7
85768.4
85871.8
86091.5
86324.6
87352.9
87916.5
88930.6
89171.9
89389.6
89641.3
90093.7
90211.4
90216.4
90464.7
91111.4
91830.4
91872.8
91965.5
92242.7
92855.2
93606.8
94425.3
95040.3
95425.4
95955.7
97453.7
97759.9
98275
98779.8
98898.4
99805.9
100499
100559
101119
102103
102876
103187
105286
107362
108343
108830
108908
108949
109153
109422
109431
109461
109602
110876
110934
112549
112678
112751
112928
113114
113129
113674
113898
114002
115118
115141
115542
115545
115649
117820
118260
119160
119713
119920
120249
120295
120338
120354
120378
120612
121914
122273
122325
122618
123128
124914
124949
125891
126211
127079
127378
127895
128363
128584
128739
128830
129307
129957
130476
132155
132646
132694
133348
133681
134259
134529
135541
135944
136446
136552
136957
137214
137490
137769
138545
138635
139015
139127
139474
139631
140152
141075
141420
143668
143946
143989
144004
144168
145253
145708
145749
146021
146171
146339
146950
147687
147888
148301
148691
148819
149290
150428
150446
150835
150834
153126
153410
153471
153875
154298
154422
154651
154663
155421
155646
156483
156522
157215
157656
157852
157881
158435
158562
159036
160474
161275
161586
162989
163453
164086
165568
165935
166152
166222
167062
169246
170035
170578
170627
170662
171031
171172
171574
173032
173053
173426
174906
176089
176528
176616
176848
178213
178346
178563
178669
179045
179495
179770
179899
180217
180335
181930
182129
182543
182851
182940
183177
183335
183842
185965
187435
187453
187809
188174
188430
188579
188783
188979
189045
189785
191012
191257
191350
191647
194398
194703
194820
195331
195446
195649
195668
196690
196832
197157
197397
197978
198019
198585
199067
199905
