1719.47
2346.65
2528.96
2826.7
3600.42
4248.58
4275.29
4691.91
5170.36
6357.71
6895
6906.59
7253.42
7408.08
7494.21
9647.11
10395.8
14624.3
16422.4
18403.8
18673
19922.4
20806.1
20947
21414.8
21795.6
22410
22541
23117.7
24420.9
25630.5
25676.3
25788.3
25911.5
27827
29509.6
29967.6
31078.2
31430.9
33968.6
34810.6
35372.1
35443.2
35861.2
36799.4
37065.5
42306.9
44122.8
45161.8
45192.7
46246
48060.2
48663.8
49815.4
50306.8
51037
52679.7
52829.1
53147
54798.2
58088.7
58202.8
58804.5
59107.8
59275.3
59780.8
61207.7
61709
63262.4
63908.8
64271.8
64486.5
66106
66732.6
66869.8
67487
68911.9
68975.1
71971.3
72394.5
74553
77200
80686.4
80986.6
81431.2
83614.7
84536.8
85197.2
86067.7
86528.9
87412
88704.8
88735.4
90756
92300.4
92770.8
93528.1
93807
93813.8
96234.7
96591.4
98138
100218
102374
103088
103171
103202
103774
104194
104855
105495
107577
108453
112483
112998
113471
114013
114352
114417
115738
115834
115940
116965
117214
118345
118362
118732
119055
120850
121721
122193
123673
126139
127699
127738
129107
130444
131862
131885
132625
133033
133069
133621
133654
133909
134227
135925
136811
137938
138961
139622
139816
141942
142681
143182
146172
146689
148714
148734
153761
155859
155990
157023
158483
158729
159031
159278
160159
160447
160505
161401
161742
162707
165217
165997
166186
166711
167819
169630
170059
170518
171273
171813
173261
173296
173365
173663
173818
174779
176267
178897
181022
181278
182615
182684
182857
183205
183435
183536
184174
184201
184221
184635
185874
186089
187759
188653
188852
191019
191164
192415
192836
193239
194145
194830
195159
195940
197375
199917
