399.54
461.65
1071.19
1333.71
1638.6
1772.54
2255.77
2974.13
3191.42
3271.45
3424.45
3612.87
3816.91
4048.86
4161.29
4329.17
5445.11
5506.21
5520.47
5797.14
6207
6483.72
7258.94
7429.5
7530.86
7772.95
7934.61
8117.22
8138.92
8417.47
8584.51
8970.74
9152.19
9202.72
9433.85
9503.81
9558.61
10058.3
10872.8
10936.4
11384.7
12750
13084.2
13216.2
13512.4
13633.2
14200.8
14514.6
14619
15029
15042.6
15107.9
15658.9
15700.5
15779.5
15984.2
16600.1
16645.8
17129.3
17735.7
17986
18545.3
18939.8
19007
19402
19589.8
20288.2
20292
20724.3
20873.6
21216.8
21838.1
22019.7
22665.3
23201.4
23936.1
24295.2
24496.8
24656.9
24775.3
25004
25130.1
25464.7
25479.9
25647
25706.4
26117
27293.5
27935.4
28745.1
29010.5
29354.5
29486
29845.8
30596.7
30631.9
30661.1
30806.1
31057.5
31288.9
32785.1
33719
34020.8
34021.5
35685.2
35864.2
35978.2
36103.2
36191.2
36731.8
36830
37412
37802.6
37903.8
37997.8
38005
38138.9
38228.5
38265.3
38321.1
38367
38558.3
38609.7
38827.2
39011.3
39054.7
39060.4
39115.4
39215.1
39251.2
39646.3
39696.4
40174.5
40234.7
40313.8
40646
40662.1
40865.4
41019.1
41036.2
41158.2
41340.4
41450.5
41488.3
42054.2
42071.6
42179.5
42259.6
42651.6
42671.3
43046.8
43646.8
44143.2
44182
45207.1
45480.9
45727.8
45841.4
45844.5
46209.6
46305.1
46433.7
46564.4
46681.4
46797.6
47158.7
47218.2
47393.5
47434.9
47512.1
47696
47745.1
47765.2
47886.4
48214.5
48475.8
48706.5
48809.3
49018.4
49129.8
49729.6
50245.5
50396
50409.9
50825.2
50941.3
50969
50984.6
51420.9
51539.5
51630.1
51670.4
51690.4
52099.2
52393.9
53048.6
53386.9
53500.1
53505.1
53642.5
53731.7
53770.3
53863.7
54321.8
54828.1
55080.7
55178.1
55634.2
55721.8
55799.2
55910.9
56009.1
56031.4
56201.4
56266.8
56463.1
56874.7
57954.7
58410
58508.1
58851.9
58933.3
59588.9
60036.8
60167.1
60318.2
60537.6
60640.1
60775
61055.1
61485.4
61696.8
62296.5
62428.2
62762.2
63091.4
63340.7
63542.7
64080.6
64349.1
64414.5
64758.8
64981
65514.4
65708.3
65741.7
65748.8
65870.3
66198.8
66392.6
66748.8
66802.6
66863.7
66941.3
67131.6
67136.2
67229.7
67468.2
67617.5
67723.3
68963.4
69661.5
70020.4
70124.7
70234.9
70637.2
70729.5
70798.4
70918.3
71282.5
71545.7
71555.5
71594
71913.4
72133.5
73035.9
73229.4
73261.2
73350.5
73778.9
73917.6
73975.1
74270.3
74670.4
74661.4
74841.1
75031.4
75062.8
75169
75287.1
75376.1
75785.2
75894
76179.5
76211.2
76253
76781.1
77641.9
78061.6
78497.7
78562.4
78652.2
79021.5
79852.3
79883.8
80238.9
80365.1
80513.8
80598.2
80986.8
81168.4
81868.3
82156.3
82439.5
82734.2
82949.5
82961.2
83018.3
83236.6
83307.6
83361.6
83727.6
83812.3
84142.7
84214.4
84251.5
84384.9
84501.7
84518.4
84564.1
84736.9
85122.6
85918.1
86619.2
86621.8
86881.4
87072
87324.6
87549.2
87584
87731.8
87816.1
88193
88296.8
88849.8
88922.1
88910
89042.2
89169.1
89493.9
89699.2
89944.9
90378.3
90398.2
90829
90881.2
90987.5
91010.2
91011.7
91246.5
91513.2
91591
92562.6
92620.3
92700.4
92796.7
93293.5
93365.8
93409.7
93450.8
93756.3
93896.6
93979.7
94280.7
94454.7
95237.2
95377.4
95638.4
96041.2
96174.7
96991.6
97152
97415.7
97730.3
97843.8
97891.9
98038.8
98701.4
99020.3
99309
99738
100129
100156
100185
100248
101253
101414
101762
101820
102987
103400
103645
103777
103838
103925
103971
104516
104531
104950
105156
105222
105551
106237
106565
106607
106817
107367
107559
107788
107800
107911
108563
108586
108588
108598
108930
109056
109179
109677
109784
109912
109986
110120
110199
110257
110410
110438
110605
110596
110877
110984
111124
111313
111327
112101
112541
112566
112608
112936
113153
113248
113392
113832
113878
113997
114046
114229
116419
116510
116788
117361
117458
118056
118729
119461
119625
119641
119679
119938
119944
119995
120102
120168
120226
120267
120735
120847
121031
121332
121449
121827
123461
123660
123801
124198
124201
124256
124399
124706
124865
125758
125881
126321
126803
127405
127504
128360
128524
128761
128797
128865
129077
129098
129680
129889
129902
130174
130463
130779
131433
131540
131617
132043
132309
132597
132712
132906
133908
134090
134205
134666
135023
135019
135180
135581
135618
135642
135870
136103
136834
137040
137291
137609
137620
137831
137841
137900
138508
138933
139649
139773
139786
140134
140189
140411
140653
140674
140713
140858
141319
141521
141558
142181
142252
142316
142512
142612
142841
142859
143056
143660
143753
143859
144067
144103
144385
144474
144633
144712
145744
145930
146311
146372
148023
148059
148639
148764
149231
149536
149559
149807
150015
150415
150437
150862
150916
151014
151045
151250
151476
151529
151548
151741
152010
152221
152617
152685
152878
152951
153042
154098
154623
155141
155490
155526
155649
155961
156535
156620
156651
157007
157054
157464
157812
158481
158607
158883
159042
159203
159277
159459
159723
159953
160153
160257
160405
160527
160601
160681
160932
161271
161303
161332
161392
161465
161652
161732
161846
162056
162055
162535
162663
162778
162957
163486
163796
164349
164859
165089
165449
165653
165692
165787
166568
166666
167403
167768
168030
168288
168326
168331
168499
168778
168830
168860
169098
169413
169763
169757
169890
169915
170163
170221
170411
170492
170657
170699
170882
170896
171025
171363
171412
171634
171700
171817
171975
172244
172580
172655
173015
173058
173213
174166
174710
174937
175183
175248
175384
175454
175727
175785
175880
176105
176248
176587
176944
178647
179138
179328
179321
179500
179906
180185
180902
181025
181138
181233
181392
181780
181872
182037
182054
182141
182157
182226
182270
182517
182530
182874
182976
183225
183533
183552
183756
183918
184133
184235
184339
184704
184889
185005
185049
185274
185365
185532
185721
186932
188095
188343
188473
188891
188925
189163
189324
189372
189532
189565
189702
189780
190043
190229
190325
190465
191960
192479
192870
193179
193291
194076
194072
194423
194441
194525
194604
194771
194945
195419
195878
195981
196089
196350
196752
197020
197271
197352
197723
197815
198082
198215
198353
198546
198748
198762
198967
199297
199305
199442
199474
199522
199726
199777
199906
