233.14
923.12
1075.69
1198.85
1584.85
1596.01
1895.68
1948.89
1961.29
2217.24
2619.85
2725.58
3297.07
3515.39
3945.15
3980.29
4643.56
5082.07
5159.18
5297.6
5392.06
5442.94
5601.01
5864.91
6195.93
6408.43
6971.17
7514.57
7650.63
8038.67
8927.11
9202.86
9301.34
9391.92
10651
10826
10854.1
10858.1
11011.7
11218
11219.9
11452.8
11565.4
11764.8
12307.7
12399.8
13194.5
13214.2
13435.1
13679.9
13764.4
14007.4
14202
14231
14630.5
14903.8
14937.4
15184.7
15190.4
15379.4
15422.8
15916.6
16132.1
16456
16527.8
16571.2
17318.3
17344.4
17549.7
17568.5
17862.7
18040.3
18455.7
18574.2
18997.1
19287
19479.1
19863.4
20235.3
20489.4
20843
20934.6
21277.9
21504.2
21685.7
21688.9
22025.3
23068.1
23134.9
23637.8
23807.4
23816.2
23964.6
24207.8
24232.7
24406.4
24672.1
24792.5
25085.5
26026.6
26250.9
26329.6
26566.2
26954
27344.5
27452.5
27551.9
27783.3
28790.8
29179.4
29318.5
29813.7
29816
30316.1
30383.4
30404.7
30447
30643.7
30753.5
31058.5
31110.1
31335.8
31395.1
31666.1
31971
31991.1
33365.7
34253.6
34664.7
34816
34816.2
34973.4
35104.6
35253.5
35414.5
36007.7
36693.8
37068.6
37277
37673.9
37785.3
38142.1
38204.2
38212
38352.6
38522.6
38767.8
39345.7
39403
39761.8
39763.6
40058.2
40446.7
41644.7
42133.5
42280.2
42333.8
42498.2
42687.4
42696.7
42742.6
43109.6
43320.6
44188.8
44505.9
44858.2
44902.5
44966.2
45335.2
45356.3
45609
45807.6
45934.4
45964.7
46158.4
46381.9
46420.2
46561.2
46640
46651.1
47121.5
47383.2
47419.1
47451.6
47770.1
47933.6
48087.1
48192.6
49182.5
49484.8
50248.1
50357.6
50646.6
50806.9
51696.8
51861.5
52416.3
52453.1
54033.8
54781.3
54950
55371.1
55453.5
55661.2
56045.9
56900
57007.1
57215.6
58258.1
59356.9
59408.6
59420.5
59601.5
59822.6
60229.2
60850.6
61164.3
61187.5
61603.7
61640.1
61888.2
62006.5
62019.7
62246.7
62730
63495.5
63748
63853.9
63891.1
64002.6
64171
64307.9
64340.7
64408.6
64812.8
64847
65363.8
65481
65508.8
65785.2
65949.4
66015
66244.6
66358.9
66804.5
66882.3
66917.2
67253
67264.2
67358.2
67425.6
67777.9
67926.6
68152.5
68190
68409.4
68472.1
68681.2
69049.2
69051.5
69179.8
69217.7
70028
70377.2
70439.4
70803.5
70813.7
70887.3
71220.9
71255
71289
71402.7
71806.3
71963.9
72988.1
73127.9
73358.1
73361
73569.8
73672.9
74376.6
74929.9
74994.7
75221.1
75259.8
75635.8
75729.2
75867.1
76122.5
76659.9
76938.8
77041.1
77492.9
77647.9
77723.1
77760.9
77880.4
77920.3
78099.2
78423.7
78526.2
78735.4
78741.3
78796.8
78807.3
79456.8
79699.2
79829.3
80067.2
80168.7
80173.9
80497.1
80782.3
81070.3
81088.4
81192.4
81597.4
81895.7
81910.6
81917.8
82113.8
82471.4
82508
82529.4
83040.7
83382
83488.4
83495.3
84784.6
84999.2
85045
85836.9
86141.3
86351.5
86432.4
86974
87271.3
87576.6
88158.4
88182.6
88740.1
88824.2
89052.3
89094.4
89680.4
89708.8
90786.8
90893
91010.6
92106.1
92355.7
92388.6
92704.6
92782.4
93318.3
93523.4
93647.8
93684.7
94088.6
94095.1
94152.4
94303
94594.4
94755
94763
96691.5
97162.3
97744.5
98194.4
98335.5
98417.5
98558.9
98560
98657.6
98674.7
99018.5
99224.2
99257.1
99481.6
99572.6
99584
99585.8
100038
100102
100321
100374
100914
100923
101136
101449
101717
101762
102094
102164
103187
103437
103780
104364
104527
104696
104712
104781
105228
105282
105310
105431
105713
105834
106101
106408
106736
106773
107096
107350
107884
107910
107971
108455
108865
109202
110111
110373
110429
110791
110942
111377
111477
111553
111754
111977
112046
112129
112370
112450
112568
112955
112954
113556
113646
113768
114022
114398
114455
114488
114588
114593
114786
115136
115238
115529
115585
115895
116089
116179
116322
117084
117338
117425
118511
118638
119007
119316
119953
120868
121057
121419
121416
122156
122219
122714
122773
122998
123025
123429
123424
123769
123792
126067
127096
127520
128257
128504
128625
128835
129169
129230
129662
129832
130038
130101
130518
130956
131045
131596
131624
132367
132378
132823
134492
134538
134817
135251
135602
135703
136200
136589
137131
137333
137616
137991
138072
138230
138814
138835
138873
139244
139274
139282
139497
140615
140638
140840
140918
140953
141603
141863
141950
141984
142243
142284
143331
144357
144428
144916
145251
145384
145924
146313
146446
146767
146775
147424
147441
148011
149253
149535
149534
150255
150291
150463
151393
151873
152395
152784
153077
153384
153385
153527
154036
154105
154246
154420
154496
154527
154803
155247
155278
155762
156266
156970
157036
157257
157447
157635
157684
157803
157976
158022
158298
158371
158385
158829
159251
159527
159857
160012
160058
160121
160175
160410
160567
160915
161411
161454
161596
161619
161876
162168
162259
162297
162424
162438
162494
163041
163265
163276
163288
163428
163976
165625
165784
165864
166017
166169
166419
166616
166911
166988
167283
167360
167510
168333
168577
168775
168867
169075
169598
169870
170103
170155
170328
170828
171028
171154
171429
171812
171940
172260
172342
172630
172887
173007
173458
173490
173514
173589
174024
174149
174235
174364
174650
174956
175058
175100
175829
176022
176446
177516
178389
178624
178950
179359
179426
179849
179977
180188
180606
180893
181238
181290
181525
181584
181594
181657
182109
182312
182334
182746
182925
182928
183291
183960
184621
185054
185076
185322
185534
185793
185874
186313
186530
186662
186700
186972
187239
187624
187865
188418
189153
189285
189300
189573
189592
189729
190010
190257
191928
191993
192038
192065
192368
192692
192724
193262
193397
193671
193870
194134
194365
194792
194838
195178
196423
196978
197519
197553
198151
198383
198689
199027
199503
