352.81
2056.47
3467.26
5720.65
5971.97
6922.43
7516.69
10653.1
11479.5
11873.5
12473.8
12658.2
12693.6
13872
14975.1
15039.9
15738.8
16671.5
16743
16796.4
17881.7
18938.3
19209.9
19429.5
19522.6
20461
21900.1
22531.7
23059.7
26121.2
26204.1
26877.4
27367.2
27918.3
28152
28448.8
28894.4
30579.8
31354.8
31779.1
32108.2
32424.9
32427.8
32882.1
33350.8
33493.3
33875.1
34148.3
34177.9
36087.8
36968.7
37026.5
38448.7
38714.2
39383.6
39633.9
40313.2
40862.1
41761.8
41891.1
43717.3
44785.8
48686.4
50113.7
50508.6
52641.5
52865.7
55064
55176.7
55406.4
56899.7
57645.5
58679.1
59657.1
61311.7
61437.6
61843.4
62576.8
62718.5
63069.8
63487.9
64003.7
64283.1
64386.4
64521
64711.3
65157.6
65274
66235
68227.3
68744
68842.9
69782
69805.1
70014.9
70196.8
70384.4
72181.4
73932.9
74117
74290.5
75274.7
75576.1
75624.4
75703.8
75813.5
77268.5
79609.8
80786.5
81273.7
81427.3
82871.7
83238.4
83269.9
83603.9
83936.8
84019.2
84719
84995.5
85468.6
86617.5
86935.8
87297.4
87551.1
89884.7
91042.2
92393.5
93298
93687.1
94180.2
95053.4
95786.7
96258.5
98832.9
100424
100943
101378
101916
101995
102048
103604
103673
103956
104277
104361
104668
104774
105555
106401
106498
107669
108470
109204
110967
111851
112060
113101
113179
113426
113881
115750
116103
116879
116967
117250
117740
117885
118045
119430
119976
121170
122344
124090
124160
124527
125017
125168
125181
125254
126566
127101
127661
128492
129555
130391
130816
131169
133514
134713
135188
135236
135350
135959
136349
136372
142640
144445
145532
146024
147223
147623
147634
148980
149211
150803
152185
153633
153840
154627
154855
155186
155259
155454
155511
156319
156775
156957
159758
159876
162415
162876
163658
164517
165449
165539
166153
167381
168871
170392
172923
174346
174797
174802
175302
175295
177953
178630
180052
180772
181073
183026
183315
184507
185047
185199
186018
186405
186726
186728
187283
188352
190677
191414
191659
193921
194156
194501
194871
195440
195838
197029
197395
199966
