735.47
1655.51
2342.94
2873.92
3369.6
3718.77
3912.04
4249.97
4932.39
4998.49
5739.51
5809.95
6480.69
6659.72
7041.48
7144.37
7265.88
7920.76
8990.07
9016.84
9377.66
9643.91
11440.2
12700.2
13792.9
13860.8
14778.8
15484.4
16657.1
17668.8
18250.2
18423.8
18721.2
19224
22179.8
23117.5
24553.2
26463.3
26897.4
27404.6
28612.3
28796.8
28977.7
29052.5
29171.2
29665
30566.3
31412.7
32275.2
33365.2
34418.1
34554.3
34872.2
35230.2
35431.9
36173
36460.1
38301.4
38486.4
38667.8
38763.1
40251.5
42159.6
43638.4
45400.9
45669.1
45818.4
46189.1
47157.6
47250.5
47451.8
47564.3
47646.8
48267.9
48822.9
48984.3
49008.5
49971.7
50918.6
51418.2
51737.3
51977.7
52401.4
52604.3
52623
52766.7
53544.5
53700.4
53778
54272.4
54344
54371.8
54920.1
58330.3
58682
61265.9
61665.7
63427.7
64951.4
65751
65807.6
65996.5
67597.1
67876.5
68215.7
68365.3
69313.6
69338.6
69612.8
69987.5
70757.2
71248.3
71614.7
72926.1
74211.8
74397.7
74604.8
74989.1
75687.7
75817.7
76857.8
78348.9
78559.1
79553.6
80121.3
80858
81249
81321.4
82414.8
82612.7
83279.5
84471
85251.2
85416.3
85438.6
86452.3
86856
86900.6
87249.2
88874.4
88930
88948.8
90219.1
90519.7
92809.9
93559.1
93581.4
94204.5
97004.2
97391.8
97412.1
97421
98110.1
98625.1
99325.9
99693.2
100071
100085
100138
100600
100677
101162
101254
101465
101671
102631
102665
102791
103427
104046
104958
105922
106536
106590
106932
107083
107351
109082
110366
110647
111373
112782
112827
113103
113580
114071
114393
114477
114648
115227
115695
119315
119573
120151
121031
121829
122553
122622
126460
126499
127448
129176
130829
131116
131614
131909
132076
132998
134790
135242
136753
136827
137557
138257
138329
138478
139852
140622
142155
142310
142876
143066
143193
143244
143688
143853
145947
147532
147767
147862
148631
148794
149978
150339
150584
150598
152888
152945
153893
154859
156002
156184
156327
157791
158085
158662
159662
159811
160021
162586
163331
163333
164104
164307
164401
168687
168948
171032
171352
172514
172887
173201
173273
174611
175266
175918
176110
176511
176570
176992
179143
179570
181127
181398
181546
181650
181904
182162
182776
182864
184247
185397
185553
185861
186299
186647
187283
187467
187520
187675
187783
187877
188198
189034
190883
192080
192700
192822
193236
193861
194215
197206
197879
198295
198559
199092
199116
