908.09
1645.06
1733.33
2357.32
2415.79
3104.6
3411.65
3660.14
3720.05
3748.1
3809.9
3975.17
4460.71
4694.96
4854.77
5056.54
5173.76
5359.26
6011.82
6105.24
6654.8
7683.84
7697.24
7863.96
7871.76
8175
8428.98
8706.6
8724.5
8779.28
9032.08
9495.83
9653.04
9845.35
10776.5
10979.3
11173.6
12068.9
12225.9
12955.9
13222.8
13487.6
13810.8
14968.1
15284
15498.7
16100.2
16120.6
16865.2
16938.5
17804.8
18210.4
18307
19040.2
19147.8
19435.8
19444
19698.3
19917.6
20102.1
20148.2
20508.6
20861.4
21004.6
21558.6
21864.2
22812
23338.3
23644.5
23841.2
23935.2
24506.2
24580.8
24818.7
24991.9
25179.2
25846
26214.2
26347.2
26387.6
27163.3
27595.8
27697.9
28720.5
28813.3
29150.8
29257.7
29643.8
30254.6
30506.3
30559.1
31067.5
31518.9
32497
33064.3
33341
33695.9
33758.4
34265.8
34380.1
34516.6
34726.8
35247.7
35407.3
35613.2
35986.4
36118.1
36282.6
37243.3
37545.2
37650.9
37948.3
37953.8
38376.5
38424
38489.8
38726.5
39034.3
39283.6
39384.5
40106.2
40260.7
40890.1
41053
42214.9
42276.3
42852
43290.2
43611.4
44083.9
44522.6
44631.4
44962
45217.4
46251.2
46827.8
46856.1
47046.4
47049.1
47233.7
47343.1
47511.5
47804.3
47860.7
48578.3
49446.8
50277.4
50628.7
50840.2
51322.7
51423.7
51845.4
52211
52620.9
53038.7
53226.8
53234
53468.2
53756.9
54016.5
54400
54771.1
55315.5
55540.7
55650.5
55710.9
57245.9
57320.3
57768
58072.5
58230.8
58288.4
58296.1
58551.3
59867
59909.8
60384.8
60624
61005.3
61613.8
61985.1
62210.8
62258.2
63236.9
63351.3
64594.5
64729.5
66711.7
66974.8
67220.7
67283.8
67498.5
68009
68743.2
69446.7
70952.6
71127.6
71212.2
71510
71947.8
72282.5
72722.2
72929.2
72956.8
73470.6
73874.1
73953.3
74125.7
74559.6
74957.9
74988.9
75173.3
75628
76495.6
77425
78691.4
78928.8
80163.1
80279.9
80797.1
81123.8
82332.2
82706.5
82998.4
83494
84350.4
84658.2
84914
85097.3
85617.5
85970.5
86443.6
86668.7
86854.5
87589.3
87782.1
88001.2
88167.4
88231.9
88243.3
88583.2
88624.6
88810.3
88937.2
88972.6
88980.1
89035.7
89089.5
89815.2
90229.2
90273.8
90537.8
90693.8
90742.2
90863.6
91019.9
91143.2
92418.8
92617.5
92832.6
92998.6
93044.7
93100.2
93483.5
93956.1
93960
94455.8
94677.4
95605
96011.6
96874.4
96997.9
97652.3
97750
97865.8
97980.3
98004.5
98895.1
98919.6
99479.7
99535.5
99555.8
99902.7
100152
100164
100692
102930
102938
103884
104127
104320
104725
104827
105414
105444
105831
105897
106060
106115
106220
106537
106685
106743
107076
107989
108191
108344
108653
108954
109065
109283
109431
109561
109585
110075
110953
111056
111593
112923
113004
113521
113683
113740
114332
114487
114741
115511
116548
117268
117376
117824
117929
118184
118266
118292
118349
118948
119265
119702
119770
119851
119872
120142
120557
120931
121220
121287
121674
121984
122322
122602
122703
123190
124457
124581
124765
124896
125742
125754
125778
126123
126430
126720
126968
127097
127236
127696
128163
128554
129326
129507
129553
129736
130051
130519
130837
131232
131706
131856
132642
132896
133130
134383
135103
135540
135894
135947
136516
136592
137352
137730
138823
139235
139264
139543
141129
141486
141614
141807
142020
142104
142678
142867
143221
143359
143599
143988
144311
144321
144403
144388
144765
145320
146107
147739
149044
149297
149770
150190
150208
150523
150740
151389
151651
152067
152293
152408
152597
153621
153725
154500
157325
157636
158330
159193
159259
160012
160165
160207
160369
160617
160769
161215
161213
161249
161433
161730
162448
162711
162978
163059
163268
163248
163823
163939
164365
164639
164701
164958
166208
166602
166905
167502
168115
168203
168229
168458
168476
168715
168920
169164
169550
169925
169962
170070
170363
170890
171160
171590
171826
171990
172378
172661
172728
172823
172869
173298
173676
173760
174408
174804
175134
175441
175927
176029
176292
176788
176879
177330
177755
178045
178697
179097
179280
179441
179918
180773
181176
181355
181428
181417
181755
181940
181991
182287
182356
183108
183180
183368
183661
183754
183784
184024
184713
184836
185288
186509
186813
187287
187438
187780
187850
188143
188442
188619
189202
189330
189899
190278
192108
192573
193053
193340
193601
193635
193642
194198
194224
194386
195051
196184
196629
196783
197579
197924
198360
198526
198742
198884
199137
199535
199695
