269.9
1239.39
2174.2
2746
3214.31
3363.27
3471.4
3606.23
3811.21
3936.74
4474
4631.37
4756.19
5359.83
6010.61
6301.49
7216.33
7371.59
8531.97
8850.81
9299.34
9764.34
9811.44
10297.2
10400.6
10825.1
11304.7
11714.1
11861.9
11949.7
12354.3
12556.4
12781
13400.8
13414.5
13654.3
14201.6
14607.1
15113.8
15184.2
15500.7
15562.2
15730.5
15924.5
15945.9
16113.1
16143.4
16183
16875.4
17360.7
17716.5
17845.1
18005.7
18347
18375.3
18654.9
18758.9
19419.6
20360.3
20782.5
21663.4
21779.9
22191.9
22379.9
22514.5
22558.8
22824.7
22902.1
22928.2
23327.4
23677.9
23684.5
24007
24571.3
24839.4
24858.5
25082.1
25255.6
25363
25587.9
26672.9
27149.5
27541.6
27602.2
27770.6
28007.4
28927.7
29174.7
29226.7
29348.3
29399.1
29770.8
30080.3
30433.6
31148.8
31195.1
31635.8
31924.2
32406.3
32435
32727.8
33089.3
33326.2
33328.7
33683.5
33775.3
34622.3
34918.6
35377.4
35651.8
35699.3
35744.1
36302.8
36928.1
38211.9
38653.9
38750.6
39208.2
39297.4
39487.5
39848.3
40169.6
40232.9
40432.9
40552.4
40908.8
41277
41323
41511
41739.3
41891.5
42224.9
42588.9
42719.2
42800.6
43647.4
43690.6
45132.6
45406.1
45626.4
46264.4
46517.2
46540.5
46705.4
47114.9
47240.8
47435.4
48485.3
48915.4
49320.8
49929.1
49961.8
50861.8
51229.8
51676.8
51695.4
51801.6
51974.7
52139.2
52263.6
52308.3
52345.9
52596.5
52720.2
52995.9
53357.7
53419.2
53476.3
53732.5
54046.1
54151.3
55058.7
55549.1
55570.8
56129.1
56356.5
56373.8
56500.1
56665.6
57899.3
58381.8
58523.2
58531.7
59395.8
59421.9
60180.5
60256.9
60978.6
61050.6
61621.8
61675
62068.8
62266.4
63419
63427.3
63444.1
64195.2
64209.4
64523.3
64695.5
65072
66053.9
66065.6
66137.3
66313
67077.9
67239.1
67396.9
67473.7
67888.8
67923.1
68055.3
68390.1
68537.5
68615.7
68743.9
68950
68994.9
69073.1
69683.2
70014.3
70092.4
70216.4
70766.2
70835.2
70983.2
71218
71361.9
71520.7
71539.1
71784
71996.9
72136.9
72154.3
72308.4
72363.6
72491.7
72498.4
72518.4
72714.9
73101.1
73327.4
73447.1
73964.7
74106.9
74748.1
74757.1
74805.8
75055.1
75676.7
76015.1
76024
76247
76352.5
76677
76920.2
77312.2
77857.9
78125.9
78138.7
78281.5
78321
78432.9
78977.4
79803.6
80485.8
82266.7
82704.6
82772.6
83200.2
83316.7
83428.6
83533.5
83777.2
83899.1
83925.3
84469.4
84680
84713.3
84794.8
84915.9
84927.2
85065.4
85185.9
85478.3
85762.3
86784.4
87326.7
87329.8
87544.3
87685.4
87781.9
87859.1
88307.9
88603.4
89141
89408.3
90114.2
90406.5
90471.9
90793.5
91454.8
91578.2
91799.3
92222.4
92510.2
93337.2
93367.3
93564.7
93597.2
94040.9
94110.3
94213.4
94336
94430.5
94775
94816.1
95261.7
95319.4
95376.1
95783.4
96083.5
96144.5
97900.7
97900.4
98299.4
98871.2
99033.1
99318.9
99818.4
99824.4
99977
100550
100625
100727
100837
102054
102058
102276
102497
102723
102826
103122
103284
103945
104114
104367
104492
104847
105040
105404
106484
106505
106838
106995
107501
107628
107763
108936
109519
109834
109863
110088
110139
110570
111194
111543
111676
111958
111964
112221
112479
112858
112938
113133
113430
113810
113831
113948
114197
114214
114607
114646
115167
115278
115437
115679
115795
115831
115901
116132
116213
117305
117358
118011
118045
118138
118781
119415
120712
120826
122120
122842
122899
123278
123765
123822
124519
124678
125309
125708
125771
125905
126166
126369
126885
127286
127425
127566
127616
127850
128065
128128
128191
128513
129335
129676
129765
130442
130903
130916
131197
131395
131431
131578
131688
131739
131785
131857
132120
132481
132558
132788
133038
133380
133596
133669
134415
134910
135077
135212
135316
135364
135656
135780
135824
136580
136587
136752
137183
137638
137668
137862
138369
138676
138817
138995
139496
139539
139778
139911
140354
140376
140435
140518
140869
141033
141061
141294
141792
141862
141886
142061
142086
142386
142496
142756
142839
142881
142944
143044
143957
144488
145045
145203
145211
145324
145729
145789
145852
146134
146266
146463
147027
147151
147296
147452
147567
147855
148065
148264
148717
148907
149124
149732
150146
150825
150840
151373
151644
151847
152227
152228
152241
152436
152615
153036
153176
153530
153615
153912
154617
155155
155222
156489
156803
156901
157579
158286
158427
159392
159501
159610
159650
159737
160097
160455
160455
160687
161318
161807
162017
162121
163199
164667
165433
165584
166460
166466
166800
166810
166967
167058
167086
167282
167382
167485
167594
167695
167839
167933
167967
168277
168371
168431
168743
168932
169108
169146
169163
169552
169711
169924
170261
170455
170787
170802
171064
171093
171215
171244
171302
171335
171634
171918
171925
172026
172281
172768
173615
173763
174208
174234
174267
174985
176275
176672
176686
177488
177901
177922
177991
178461
178493
178610
178626
178771
178819
178878
179085
179150
179863
179971
180251
180550
181089
181335
182018
182474
184261
184322
184473
184697
185185
185459
185844
186440
186463
186466
186939
186964
186992
187184
187237
187295
187424
187510
187844
187905
188231
188242
188344
188576
188748
188839
189768
189830
190845
191090
191546
191904
192224
192391
192728
192788
192831
193257
193314
193337
193478
193779
193924
194480
194551
194683
194908
195292
195658
197285
197486
197661
197752
198520
198597
198782
198952
199146
