1144.8
1521.94
3475.49
3523.12
3886.46
7116.2
7241.6
8072.95
8109.98
8507.5
8989.78
11837.7
12919.9
14759.7
15915.2
22580.8
24680.8
36704.3
38056.9
39132.5
39199
39848.5
40444.1
42322.1
43104.8
43882.4
44138.6
48388.8
49147.1
54479.6
56383.3
56927.9
58296.4
59321
62450.2
63082.1
65555.8
71702.5
71826.8
72886.4
74198.1
74265.3
76638.7
77147.2
77562.9
79257.4
79704.7
79929.3
81402.1
83696
84117
84209.8
85994.4
91594
92770.9
94820.1
95191.4
95964.5
97178.8
97298
97566.2
101377
103230
104266
110183
110604
115550
117053
122110
122244
122668
122677
125883
126177
129615
130133
133154
134981
135274
138234
139975
141053
143377
143752
145694
146684
147341
147414
148725
151848
151925
152353
153692
154388
154396
155094
158792
162737
163937
165761
167839
168770
169194
179425
182386
182391
185213
186250
187601
187775
188713
188879
190235
192471
193752
195580
196637
199476
199903
