495.88
885.14
1153
1327.54
1733.11
1821.83
1931.05
2591.36
2720.03
3121.22
3346.78
3434.93
3539.95
3564.64
3749.25
3805.63
3810.71
4305.43
4370.4
5521.63
5519.87
6050.37
6062.18
6240.68
6460.77
6769.01
6772.52
7068.4
7294.96
7347.72
7841.68
7842.87
7977.73
8162.78
8213.38
8289.81
8466.32
8783.32
8824.3
9057.8
9404.55
9584.41
10172
10688.6
10850.7
11005.4
11043.8
11251.1
11440.9
11461.7
11624.2
11855.7
12082.9
12296.2
12458.5
12476.4
13495.5
13533.1
13689.2
14130.3
14460.8
14643.1
14743.8
15280
15488.5
15765.7
16789.6
17300.9
17947.7
18440
18880
19787.5
20339.1
21144.3
21509.8
22448.9
22502.1
22666.2
23009.7
23081.5
23744.3
23995.1
23998.2
24287.9
24430.1
24490.1
24839.8
24849.4
26036.7
26144.7
26508.4
28013.7
29209.7
29519.7
29741.2
29862.1
30047.7
30226.2
30360.1
30538.6
31769.6
31793.6
32118.8
32189.1
32542
32630.6
32738
33145.6
33253.8
33347.7
33608.3
33728.8
33987.2
33999.4
34160.4
34652.9
34882
36112
36160.6
36351.9
37244.9
37360.4
37888.8
37894.6
38393.3
38853.1
38901.6
39015.6
39472.1
39599.8
39783.7
40018.2
40135.7
40264.1
40665.6
40664.7
41338
41860.5
42025.9
42082
42496.4
42844.6
42958.7
43230.9
43398.7
43537.5
43718.8
43915.2
43970.5
44051.4
44135.5
44944.1
44947.9
45029.6
45941.2
46190.1
46426.8
46480.7
46797.9
46876.6
47812
47937.1
48115.5
48148.5
48258.5
48418.6
48690.8
48833
48870.5
48971.5
49095.8
49140.9
49162.1
49355
49541.3
49609.4
49855
50909.3
51183.3
51510.5
51750.5
52195.9
52319.9
52579.9
52664.9
53361.5
53368.4
53379.9
54137
54270.7
54407.9
54843.3
54906.5
55378
55687.8
56173.3
56497.7
56574.1
56792.6
57338.3
57985.3
58210.3
58731.9
58917.1
59178.3
59394.5
59455.8
59466
59611.6
59836.9
60289.6
60394.6
60624.6
60912.8
61692.5
62215.8
62254.4
62408.2
62987.2
63797.8
63902
64019.2
64489.1
65110.3
65149
65375.5
65469.1
65541.2
66708.2
67169.9
67359.9
67382.6
67513.1
67685.4
68076.5
68569.4
69441
69934.4
70064.8
70244.4
70473.5
70644.3
70864.6
71292.2
71387.9
71515
71714.7
71756.3
72214.4
72447.7
72468.8
72667.8
72687.4
72734.6
73351.8
73575.3
73892.9
73905
73965.3
74471.1
74471.9
74850.4
74882.9
75524.5
76028.8
76217.6
76524.3
76539.7
76604
76757.8
76841.6
77130.7
77182.6
77615
78126.8
78267.6
78287.6
78595.6
78625.3
78624.5
78688.2
79227.4
79568.1
79679.1
79853.9
80291.2
80496.7
80517.2
81165.7
81276.9
81289.9
81519.3
81670.2
81961.6
82467
82687.3
83223.4
83303.6
83574
83864.9
83961.1
84202.6
84290.8
84542.9
84724.7
85001.2
85764.1
86283.3
86370.1
86475.9
86910.1
87550
88116.1
88229
88322.5
88526.3
88660.5
89397.2
89644.1
89928.9
90087.2
90441
90575.2
90586.2
91174
91591.2
92181.6
92535
92994.3
93070
93090.8
93190.4
93362.3
93633.5
94109.7
94741.1
95154.2
95232.5
95294.5
95350.9
95769.5
95981.3
95981.8
96213
96243.5
96348.8
96729.9
97051.7
97092
97404.7
97416.3
97472.1
97753.1
98318.6
98326.6
98491.8
98638.6
99687.1
99722.7
100133
100739
100890
100906
101020
101124
101613
101816
102146
102287
103063
103461
103558
103593
103623
103794
103834
104040
104035
104064
104119
104141
104480
104579
104589
104794
104942
104990
105084
105083
105484
105726
105906
105999
106029
106124
106324
106335
106373
106682
106745
106794
106992
107806
107939
107951
108013
109058
109169
109710
109877
109961
110370
110757
110771
110836
111063
111137
111203
111377
112269
112353
112640
112678
112813
112888
112971
114236
114587
115128
115212
115410
116012
116968
117352
117550
117888
119295
119308
119576
119598
119786
119810
120136
120197
120552
120817
120940
121454
121671
121824
122078
122428
122432
122465
122471
122468
122794
122815
122906
123003
123397
123395
123701
123829
123857
124181
124331
124350
124564
124589
125397
125719
125743
125905
125994
126148
126326
126373
126504
126522
126550
126666
126673
126702
126979
127234
127278
127274
127652
127930
128300
128483
128579
128665
128989
128995
128999
129142
129206
129346
129762
129783
129868
129989
130881
130919
130990
131070
132124
132668
133084
133117
133368
134510
134660
134677
134849
136294
137034
137345
137762
137969
138460
138909
139222
139603
139819
140693
140927
141172
141709
141879
141991
142116
142160
142505
142932
143163
143205
143280
143337
143555
143921
144357
144481
144536
145014
145075
145285
145346
145826
145899
146565
146788
146935
146937
147012
147119
147366
147527
147563
147756
148209
148241
148386
148528
148640
148744
148877
149450
150438
150832
151000
151016
151216
151231
151264
151306
151479
151617
151647
151751
152157
152181
152507
152754
153205
153210
153471
153605
153805
154130
154502
154701
156025
156324
156767
158023
158202
158226
158264
158484
158516
158609
158960
159137
159149
159477
159829
159975
160202
160534
160810
161732
161721
161765
161839
161998
162081
162173
162671
162919
163752
163856
163948
164017
164629
164670
164902
165058
165121
165160
165829
166007
166442
166519
166665
166811
167012
167472
168100
168421
168432
168478
168713
169001
169414
170101
170361
170401
170777
171192
171455
171526
172136
172442
172534
172619
173159
173179
173313
173536
173572
173607
173798
174059
174053
174601
174621
174808
174832
175340
175352
175668
175831
175847
175982
176035
176413
176497
176545
177434
177458
178056
178191
178197
178717
178777
178804
178974
179407
179540
179901
180198
180492
180531
180652
180927
180935
181208
181292
181553
181633
181724
181936
182018
182234
182689
183914
183958
184198
184512
184582
185023
185069
185270
185586
185678
185979
186187
186324
186389
186539
186943
187173
187417
187611
187802
188115
188228
188226
188359
188409
188537
188663
188836
189137
189477
190130
190249
190581
190700
191376
191368
191460
191825
191884
192315
192357
192392
192726
192832
192957
193103
193469
193520
193808
193932
195205
195271
195463
195493
195508
196191
196199
196412
196466
196642
196820
196843
197101
197641
197947
198190
198247
198383
198505
198607
198876
198926
198975
199075
199552
199662
