2163.07
2996.18
3917.85
4189.12
5057.52
6053.83
6377.99
6794.46
7119.74
7583.53
8198.77
8922.21
9350.95
10122.6
10364.6
11037.6
11663
11847.9
12052.4
12175.5
12518
12552.3
13579.2
14572.1
15331.7
15694.9
15903.6
15940
16101.9
16462.9
16588.6
17075.6
17810.3
18083.8
18533.3
18920.5
19299.3
19487.8
20271.3
20539.7
20612.2
21119
21329.7
21970.2
22718.3
23506.3
23712.5
24806.3
26662.4
27009.4
27157.8
27876.5
27983.7
28118.7
28495
28822.9
29020.4
29282.4
29588.1
29796
30615.8
32001
32802.4
32988.1
34054.3
34412.2
34489.3
34865
34990.2
35352.2
35773.6
36401.1
36648.2
36832.4
37483.1
37862
39118.3
39347.4
39348.3
39828.1
40859.2
41082.2
41135.3
41383.3
41681.7
41753.6
42381.4
42958.5
44178.6
44546.1
45846.8
45919.1
46224.3
46760.2
47165.7
48643.9
49173.6
51429.1
53096.8
54292.7
55310.6
55794.8
56299.7
56555.8
56772.3
56780.8
57097.9
57239.2
57286
57388.9
57920.5
57940.9
58405.1
58792.8
59173.2
59270.4
60203.1
60449.7
60581.4
60593.6
60766.6
60931.2
61456.3
62367.5
62917
63466
63567
65027.4
65598.4
65854.3
66761.3
68400.6
69181.5
70071.5
70417.1
72315.5
74904.9
75460.1
77475.8
78167.7
79316.4
80361.5
82061.2
83111.2
84217.8
84518.6
84840.2
84854.7
84937.5
85491.9
85965.3
86506.1
86561.6
86823.8
87172.8
88080.8
89454.2
89864.6
90100.2
90572.8
90895.4
91131.6
91298.2
91528.4
92414.8
93308
95011.7
96238
96934.5
97349.8
97403
98284.4
103605
104561
104618
104987
105987
106273
107668
107714
108037
108383
109796
112002
112091
112781
113027
113071
113125
113405
114432
114483
116093
116624
117138
117227
117763
119478
120220
120670
120918
121296
121310
121473
121620
122115
122409
122586
122628
123911
125679
125682
126869
128507
130761
133142
136301
136398
136489
137665
138026
139267
140045
140293
141839
142855
143104
143205
143593
144738
145231
145742
146293
147550
147722
148837
148995
149436
149707
150012
150413
150664
150901
151040
151357
152573
152893
153683
154191
154756
155589
155797
155935
156356
156592
156701
157435
157657
157773
158060
158365
158752
159495
159793
160250
160276
160269
160427
161020
161251
161880
163037
163158
163584
163615
163640
163900
164015
164310
164737
164839
165061
165127
165865
165989
166345
166851
167180
167761
168776
168837
169589
169603
170512
172758
172787
172870
173493
173885
173972
174284
174494
174783
174961
174993
176307
176807
176950
177139
177621
178897
179915
180607
180873
181051
183049
183444
183855
184395
184568
185013
185369
185575
185755
186416
186719
186850
187429
187434
188526
191143
191181
191572
191618
191626
192004
192483
192603
193230
193972
193977
195113
195794
195998
196010
196475
196837
197174
198670
199284
