213.67
345.51
602.36
602.4
687.01
1053.94
1182.99
1216.77
2170.73
2434.9
2690.08
2807.51
2868.27
3087.4
3217.83
3401.8
3742.28
3901.37
3980.81
3991.78
4315.5
5189.18
5297.82
6037.62
6130.2
6620.07
6983.69
7051.44
7061.2
7459.5
7590.67
7913.67
7921.38
8520.7
8645.51
9096.58
9171.14
9546.99
10065.1
10437.5
10636.2
10688.2
11227
11510.1
11582
12059
12148.4
12435.2
12908.4
12949.1
13899.2
14506.9
15185.7
15747.5
16063.2
16226.3
16627.6
17316.8
17548
17977.6
17982.4
18254
18424.7
18633.2
18985.8
19080
19116.1
19306.3
19430.1
19564.5
20592.2
20676.3
21153.4
21668.6
22849.6
23541.4
23611.4
23812.3
24326.8
24366.2
24425
24470.6
24734.1
24759.3
24936.1
25366.9
25391.8
25389.1
25435.5
25585.4
26118.5
26604.9
26857.3
27278.4
27515.8
27582.3
28312
28793.2
29242.7
29673.2
30008.6
30109.9
30780.4
30785.4
30821.8
31001.5
31466.1
32098.5
32330.8
32429.5
32812.1
33455.1
33638.7
34103.3
34507.8
34780.9
34796.7
35036.5
35373.3
35476.7
35732.7
35967.9
36252.7
36841.5
36855.2
38186.4
38441.6
38684
38840.2
38856.6
39217.5
39445.4
39657.8
39713.3
40952.1
41323.9
41600.2
41795
42490.4
43523.1
43921.5
44004.2
44849.7
45420.6
46404.4
47142.1
47519
47714.1
47794.3
48267.1
48290
48680.9
49014.2
49824.9
50026.5
50558.6
50576.4
50733.9
50802.8
51345.8
51588.3
51588.7
51702.9
52770
52774.3
53201.8
53638.9
53937
54503.2
55574
56944
57482.3
57896.1
58002.9
58007.4
58020.4
59126.1
59144.6
59270.4
59631.4
60290.5
60518.7
60794
60906.9
61261.8
61587.6
61914.8
61997.7
62263.9
62326.5
62452.4
62904
62913.4
63122.7
64033.8
64080.1
64831.1
66128.8
66660
66766.8
66788.3
66829.1
66861.2
67110.8
67621.9
67774.6
68300.9
68355.5
68874.4
69193.8
69257.8
69651.5
70270.4
70284.5
70714
70877.3
71146.1
71528.3
71666.9
72020.4
72380.5
72395.7
72472.1
72766.4
72859.1
74324.1
75084.9
75724.7
75847.1
75943.9
76048.4
76214.9
76303.7
76494.3
76959.3
77079.8
77301.2
77496.8
78135
78468.6
78867.7
79073.4
79248.8
81083.6
82014.2
82436.2
82517
82599.8
83091.8
83248.9
83605.6
83671.8
83892.1
84505.5
84576.2
85196.5
85572.7
86584.6
86845
87105.4
87261.9
87390.3
87662.6
87868.3
88026
88390.9
88421.6
88543.6
88737.8
88799.3
88838.5
89152.9
89332.3
89596.1
89790.5
90218
90292.8
90900
90922.1
91026.5
91142
91203
91558.2
91612.8
91877.5
92433.6
92479.7
93029.6
94081.9
94456.9
94921.3
94987.4
95332.5
95705.9
96385.3
97136.8
97189.2
97398.2
97487.7
98323
98680.9
99189.4
99359.8
99532.3
99740.5
99936.1
100118
100164
100196
101650
101957
101961
102455
102474
102745
103014
103268
103898
104584
104875
104970
104982
105037
105623
106107
106619
106613
106853
107720
108048
108162
108419
108711
108758
109029
109229
109728
109927
110287
110350
111539
112177
113169
113260
113552
113853
114174
114194
114375
114603
115200
115551
116146
116471
117352
118084
118122
119257
120078
121514
122090
122153
122355
122444
122938
123396
123420
123592
123637
123899
124387
124462
124454
124587
124984
125113
125327
125371
125957
126732
127332
127445
127866
128940
129172
129318
129485
129803
130031
130137
130762
131382
131771
132292
132350
132770
133146
133313
133695
133803
134396
134558
134560
134625
134798
134818
135336
136036
136042
136380
136942
137481
137653
137670
137949
138145
138288
138867
139566
139747
140628
140968
141382
141531
142125
142555
142788
143125
143347
143619
143679
144178
144203
144832
145874
146165
146195
146221
146421
146676
146891
148176
148229
148489
148998
149399
149492
149689
150677
151521
151720
151936
152008
152077
152632
152984
153209
154914
155794
156009
156407
157460
158206
158325
158412
158507
159098
159254
159384
160025
160689
161920
162310
162516
162990
163227
163740
164091
165907
166573
166719
167418
167737
167907
168064
169093
169144
169208
169262
169776
169887
170518
170821
170959
171687
171841
172378
172436
172777
172967
173216
173539
174318
174405
174711
174998
175551
175962
175986
176322
176348
177318
177320
177348
177438
177674
177922
178094
178663
178697
178983
179036
179627
179652
180621
180787
181138
181471
181764
181761
181874
181960
182774
182870
183222
183378
183780
183795
183955
184355
184497
184589
184802
185166
185509
186726
187492
187552
187793
187969
189348
189972
190097
190677
190746
190963
191314
191730
191878
191897
192234
192679
192916
193577
193626
193836
194255
194595
194772
194891
194963
195320
195449
195988
196408
196804
197227
197400
197845
198134
198173
198739
198780
198885
199127
199337
199475
199599
199980
