499.41
579.7
638.75
1106.55
1110.8
1360.68
1690.64
1781.96
2405.66
2687.67
2899.2
2938.17
3162.85
3206.18
3331.15
3823.98
5599.55
5739.29
6778.38
7418.65
7428.85
7607.67
7971.58
8482.01
8649.4
8991.89
9090.91
9444.67
9668.9
10206.3
10246.8
10250.7
10471.7
11164.6
11201.1
12296.1
12429.4
12606.3
12820.8
12853.2
13326.1
13441.1
13548.5
13591.1
13715
14155.5
14242.7
14270.9
14677.1
14993.9
15225
15405.3
15560.3
15676.5
15998.9
16745.9
16942
16990.9
17281.9
17688.3
19323.3
19345
19909.5
20450.6
20457.6
21117.3
21625.4
21647.1
21743.2
22053.6
22092.8
22336.3
22707
22910
23121.4
23209.8
23760.4
24185.8
24319.4
25065.5
25140.2
25296.3
25452.6
25505.7
26098.6
26198.3
26262.5
26386.8
26697.5
26798.2
27256.8
27705
28599.6
28652.3
29354.8
29379.4
29694.3
29858.5
30373.5
31199.5
31291.3
32053.7
32431.2
32538.3
33279.3
33436.5
33687.4
34122.5
34778.6
35130.7
35364.8
35509.4
35887.2
36159.8
36460.7
36550.8
36655
36822.4
36999.6
38343.6
38355.9
38712.5
38730.1
38783.3
38812.5
38902.6
39506.9
39687.6
39900.6
39954.9
40641.2
41128.9
44915.5
45011.8
45408
45484.8
45690.4
45778.8
46021.1
46678.7
46866.8
47304.4
47475.1
48367
49838.1
50012.1
50346.1
50391.6
50756.6
51562.3
51707.1
51784.5
52028.1
52881.6
52961.1
53104.5
53972.3
53993.5
54140.9
54237.2
54484.6
54497.7
54714.8
54732.1
55686.2
55740.9
56128.7
56522.6
56552.4
57081.5
57265.2
57585.4
57749.7
57942.2
58169.2
58455
58677.8
58894.5
59191.7
59576.1
59685.2
60004.4
60366.2
60574.2
60585.3
61006.3
61127.3
61799.2
61822.1
61979.6
62154.4
62224.7
62374.9
62883.1
63328.4
63426.8
63507.6
64029.3
64365.2
64607.2
64819.8
64916.3
65539.9
65854.3
67779.9
67848.6
68161.1
69164.8
69526.3
70098.5
70536.7
70795
72223.3
73030.1
73305.3
73867
74317.4
74341.7
74555
74602.9
74991.4
75763.9
75772.4
76086.9
76236.1
76563.1
77255.6
77779
77786.4
78037.3
78447.8
78641
79921.3
80063.4
80335.9
80341.6
80843.8
81004.4
81186.9
81692.9
81777.5
82017.9
82182.6
82491.6
82737.6
83136.6
83349.6
83623.9
84186.7
84251
85248.6
85305.1
85511.6
85905.9
86039
86162.6
86299.2
87312.2
87543.2
87734.5
87734.5
87811.2
88185.8
88408.7
88443.6
89049.2
89265.6
89824.9
90266.6
90441
90567.5
90587.4
90752.2
91005.2
91122
91461.9
91569.5
91563.1
91796
91879.9
91903.9
92385.5
92399.5
93133.4
93272.3
93611.7
93911.4
94024.3
94105.1
94207.2
94505.5
94994.5
95368.1
95386.2
95390.5
95989.3
96367
96518.2
96904.8
97821.4
97855.7
97944.5
98763.9
99306.2
