648.78
2793.8
2968.31
3405.86
4954.05
5668.71
6717.75
6944.53
7207.34
8151.45
8228.31
8390.75
8758.1
9272.52
10207.8
10504.2
10627.8
11206.3
11261
11851.1
13074.1
13649.1
15294.5
15352
15955.7
16253.9
18181.4
18321.4
19000.2
19510.4
19983.3
20312.8
20611.2
20643.7
21045.5
21250.3
21399.5
21585.4
22168.3
22691.7
23596.1
23744.3
24198.3
24551.5
24985
25373.6
26086.8
27001
27427.9
28736.6
29410.6
30489.3
30861.8
33228
34982.8
35455.7
37209.7
37619.1
37697.6
38661.5
38868.4
39503.3
41182.4
43048
45189.2
45229.5
46757.3
48087.9
48995
49105
49465.9
50165.9
50349
50732
51271.5
51614.4
52478.2
53538.2
53638.1
54041.8
54168.4
54232.9
54691.6
56001
56693.1
57341.6
57892.6
58796.4
60757.9
61552.2
61715.8
63223.4
63758.7
63873.7
66227.4
67539.2
70572.3
71906.1
72040
72289.7
72978.2
73005.4
73733.7
74744.7
75226.6
75716.2
76470.9
76522.8
76584.4
77222.8
78104.2
78699.5
79040
79370.9
80401.2
82112.7
82139.4
83176.1
83620.7
83639.9
83982.6
85081
85610.9
85826.4
87458.4
88320.4
89010
89780.3
89924.4
90807.3
91011.4
91561.1
92158.7
94429.4
97649.3
98358
99341.1
99698
