245.28
403.05
428.86
906.87
1061.25
1075.78
1227.9
1254.82
1446.24
1608.19
1663.26
1758.54
1858.95
1892.45
1895.02
2072.04
2075.74
2101.88
2147.94
2378.53
2528.85
2633.01
2671.54
2955.85
3021.23
3062.31
3161.59
3196.27
3394.52
3699.56
3762.56
3859.13
3992.31
4049.58
4168.6
4240.73
4362.33
4480.05
4560.4
4583.48
4671.31
4902.71
5006.48
5035
5148.87
5339.87
5539.96
5559.36
5674.38
5803.33
5933.33
6101.28
6309.77
6350.62
6457.74
6697.21
6813.81
6873.57
6892.89
7172.13
7205.86
7208.73
7412.81
7504.34
7542.66
7568.63
7683.51
7757.47
7818.47
7968.53
8022.94
8121.9
8136.42
8460.17
8460.34
8486.91
8577.37
8683.31
8902.33
8915.59
8960.41
9141.07
9155.97
9213.28
9231.82
9454.28
9620.4
9765.55
9782.01
9914.79
9934.11
10284.2
10372.8
10514.7
10609.1
10624.7
10817.3
10884.5
11043.7
11156.9
11318.3
11315.2
11541.8
11638
11787.9
11798.3
11946.9
11961.9
12367.1
12383.6
12385.9
12848.8
12883.1
13123
13151
13372.5
13469.3
13488.8
13516
13553.2
13554.4
13894.4
14027.6
14248.1
14308.6
14550.4
14629.3
14667.7
14966.7
15112.7
15121.2
15326.4
15361
15448.4
15500.5
15596.8
15795.5
15796.8
15817.3
16065.7
16150.8
16249.4
16593.2
16861.6
16922.9
16932.8
17089.1
17109.5
17171
17216.9
17229.2
17440.8
17500.5
17862.3
17988.5
18426
18727.7
18958
19295.5
19335.8
19352.8
19395.8
19497.9
19527.4
19774.4
19824.4
19836.6
19925.3
19961.5
19991.8
20032.6
20292.2
20397.1
20489.7
20570
20611.7
20772.8
21129.2
21335.3
21366.9
21425.7
21498.9
21504
21574.3
21713.1
21719.4
21974.5
22128.1
22219.3
22235.1
22301.8
22401.7
22736.8
22774.3
22938.9
23022.4
23147.4
23419
23449.2
23554.8
23605.7
23926.4
24127.9
24136.9
24237.1
24256.1
24360
24368.8
24493.8
24527.8
24556.3
24795
24945.6
24954
25007
25085
25103.8
25258.2
25260.2
25409.9
25616
25681.9
25694
25745.6
25834.8
25962.1
26117.4
26319
26435.4
26522.9
26554.2
26667.8
26693.2
26700.2
27163.9
27186.9
27341.6
27714
28127.4
28181.8
28222.8
28294.7
28670.2
28856.3
29050.5
29086.8
29119.7
29153.4
29173.8
29506.8
29532.2
29563.1
30133.4
30157
30302.6
30312.2
30701.7
30755.7
30774.7
30817
31006.8
31164.8
31186.3
31267.6
31694.9
31735.6
31794.2
31941.2
32161.8
32207.6
32218.9
32466.8
32473
32758.7
32789.7
33255
33271.2
33334.4
33392.4
33419.1
33432.7
33859.3
33874.5
34061.7
34068.1
34153.2
34331.8
34431.7
34566.9
34745.6
34759
35009.3
35228
35358.4
35434.4
35444.1
35644.5
35997
36352.6
36479.1
36544.1
36950.4
37299.4
37309.7
37389.4
37445.6
37693
37878.3
38000.5
38196.6
38481.9
38535.6
38575.9
38789
38843.7
38911.5
38946.5
39118.5
39181.3
39195.8
39299.3
39580.3
39647.6
39666
39851.3
39932.8
39970.4
40286.4
40682.9
40918.4
40967.7
41106.9
41149.8
41198.9
41339
41379.8
41565.2
41672.3
41805.5
41871.7
41923.1
42040.6
42171.9
42179.5
42467.4
42493.1
42910.6
42955.6
43009.5
43080.2
43459.5
43686.2
43724.5
44154.4
44188.6
44196.5
44218
44388.2
44655
44757.6
44774.2
45133
45191.4
45263.7
45297.2
45358
45419.4
45465.4
45480
45680.9
45900.7
46132.7
46263
46284.5
46540.1
46684.4
46849.6
46858.5
46952.4
47009.7
47106.2
47158.1
47173
47399.2
47604.9
47662.4
47791.5
48039.1
48196.5
48203.9
48206.2
48346
48426.3
48475.5
48668
48861.2
48965.8
49002.3
49005.5
49079.6
49224.8
49298.7
49368.8
49440.4
49504.4
49655.5
49777.5
50182.4
50230
50365.7
50716.2
50860.3
50939.4
51084.9
51182.4
51573.8
51705.1
51813.2
51845.5
51852.6
51875.1
52084.5
52159.5
52189.5
52338.6
52437.8
52526.9
52687
52681.4
52910.8
53098.4
53135.4
53158.1
53736.1
53739.1
53842.5
53942.6
54054.6
54079.4
54378.3
54537.8
54706.3
55272
55373
55510.3
55612
55683.2
55701.3
55770.5
56009.9
56044.2
56168.1
56325.6
56373.4
56434.5
56792
57016.2
57040.7
57331.9
57404.8
57671.7
57852.7
58384.1
58511.6
58620.9
58850.5
59044
59101.8
59144
59155.3
59259.6
59310.9
59570.1
59573.9
59810.1
59866.9
59884.1
60093
60220.1
60318.6
60422
60458.4
60653.8
60895.9
60917.2
60932.7
60940.4
61006.8
61072.5
61201.2
61244.2
61362.4
61587.9
61750.6
61787.1
61941.5
61973.6
62017.5
62326.8
62474.3
62529
62603.2
62730.2
62848.7
63083.6
63107.1
63188
63191
63396
63399.9
63488.1
63557.9
63768.3
63772.4
64007.5
64235.6
64314.2
64562.5
64713.2
65069.6
65155.7
65328.9
65434.4
65444.8
65571.8
65740.8
65809.8
65852.6
65983.1
65991.2
65986.6
66303.8
66463.2
66500.8
66753.5
66873.6
66923.9
66955.7
67299.8
67572.3
67620.5
67661.1
67667.1
67951.9
67974.6
68059.6
68074.8
68425.6
68459
68462.8
68843.5
68875.3
68940
69169.6
69207.5
69237.1
69255.9
69326.5
69626.7
69681.1
69919
70040.8
70060.8
70196.3
70464.1
70534.3
70816.3
70824.5
70848.1
70906.9
70958.2
71043.3
71218.9
71439.4
71478.7
71736.6
71806
72243.4
72295.5
72713.5
72746.6
72907.9
73336.3
73517.4
73547.3
73553.8
73723.6
73969.2
74110.5
74209.2
74594.3
74875.3
74884.8
74895.6
75120.6
75132.8
75157.7
75204.7
75448.1
75569.6
75590.1
75617.5
75836.6
75929.9
75996.3
76262.2
76283.3
76318.3
76476
76808.4
76808.2
77042.3
77092.7
77171.1
77295.4
77579.9
77624.2
77902.3
77948.2
78220.8
78250.6
78655.4
78786.3
78836.8
79015
79047.2
79134.2
79234.9
79350
79557.8
79612.1
79715.1
79819
79957.6
80108.7
80184.9
80218.7
80302.2
80619.6
80919.1
80979.9
81033.8
81147.1
81460.3
81556.1
81623.4
81612.9
81702.2
81773.6
82235.8
82311.7
82511.2
82523.1
82626.6
82700.6
82876.2
83695.7
83719.3
83763.8
83761.3
84012.4
84111.4
84107.8
84262.4
84485
84531.9
84777.5
84826.7
84851.7
85061.2
85091.7
85148.8
85324
85342.5
85399.3
85429.5
85502.4
85717.3
85726.4
85802.1
86097.3
86210.1
86383.1
86381.4
86550.7
86580.6
86704.5
86852.6
86995.9
87219.2
87248.7
87319.8
87549.9
87712.5
87797
87796.4
88132.1
88170.4
88179.2
88326.8
88362.7
88403
88718.2
88824.8
88918.7
89269.1
89473
89536.5
89690.3
89731.2
89749.3
90237.2
90298.6
90343.4
90373.6
90585.4
90594.5
90657.6
90895
90968.2
91113.9
91293.9
91310
91445.7
91461.8
91700.3
91860.6
92073.9
92206.1
92235.1
92416.6
92695
92786.4
92789.4
92859.7
93025.1
93110
93336.6
93620.7
93843
93888.6
94220.9
94240
94260.7
94703.5
94813.6
94914.5
94922.8
95000.3
95028.4
95188.9
95227.3
95232.7
95258.6
95337.8
95377.9
95537.5
95575.2
95604.6
95738.3
96020.9
96076.1
96076.9
96210.9
96210.1
96326.2
96514.2
96753.4
96777.5
96789.7
96888.6
96886.8
97017.8
97179.3
97327.2
97325.6
97499.2
97586.2
97597.9
97747.2
97902.5
97988.1
98007.9
98218.7
98222.6
98455.4
98533.1
98535.8
98586.1
99217.3
99386.8
99496.8
99505.9
99520
99724.2
99797.4
100012
100084
100644
100650
100796
100874
100968
101079
101134
101208
101504
101524
101530
101609
101635
101864
102034
102282
102328
102348
102493
102687
102708
102804
102933
103407
103432
103462
103579
103583
103592
103689
104018
104064
104112
104204
104202
104372
104505
104588
104808
104850
105282
105327
105341
105345
105539
105734
105864
105988
106068
106111
106646
106660
106898
106930
107088
107097
107378
107380
107540
107711
108062
108163
108755
108780
108948
108999
108997
109039
109153
109178
109312
109316
109557
109724
109754
109984
110185
110234
110309
110695
110776
111165
111401
111451
111478
111729
111750
111796
111848
112000
112077
112259
112472
112494
112545
112695
112813
112809
113048
113100
113144
113382
113411
113481
113552
114026
114220
114224
114404
114470
114607
114716
114769
114943
115100
115155
115188
115207
115780
115810
115959
115955
116070
116289
116461
116591
116623
116630
116867
117144
117212
117460
117639
117679
118059
118081
118178
118275
118303
118555
118569
118963
118993
119212
119670
119713
119770
119812
119911
120265
120304
120331
120426
120511
120583
120848
120932
121019
121050
121249
121440
121486
121802
121808
122134
122381
122404
122652
122773
123058
123076
123193
123205
123341
123445
123511
123589
123929
123991
124176
124286
124290
124674
124971
124980
125011
125057
125267
125413
125657
125865
125933
126059
126147
126237
126256
126504
126600
126763
126801
126887
127076
127097
127118
127378
127560
127666
127809
127935
128029
128347
128364
128539
128826
129039
129067
129073
129170
129193
129248
129279
129387
129412
129458
129467
129505
129545
129901
129985
130044
130222
130228
130371
130385
130756
130880
131065
131344
131374
131479
131757
131764
131809
132154
132420
132429
132572
132678
132845
132877
132977
133284
133918
133954
134004
134384
134480
134571
134664
134692
134847
135507
135609
135645
136215
136646
136685
136714
136795
136854
136969
137073
137095
137289
137536
137724
137887
137883
138005
138090
138372
138659
138753
138768
138803
138849
138906
139062
139111
139149
139272
139586
139592
139716
139935
140241
140301
140416
140604
140796
140850
140901
140927
140945
141172
141344
141397
141586
141832
141849
141862
142038
142127
142223
142341
142426
142454
142559
142661
142679
142932
143077
143088
143787
143817
143825
143829
143910
144200
144252
144487
144532
144606
144598
144646
144983
144989
145081
145145
145272
145345
145455
145588
145636
145680
145886
146021
146337
146359
146587
146703
146736
146891
146950
146987
147054
147071
147376
147554
147722
147778
148018
148203
148269
148366
148367
148953
148970
149106
149130
149178
149367
149518
149660
149747
149835
149862
149984
150069
150181
150219
150326
150412
150817
150901
150951
151022
151066
151116
151299
151455
151655
151779
151914
152031
152048
152131
152200
152417
152445
152500
152527
152582
152713
152763
152820
153000
153264
153346
153732
153820
153871
154060
154300
154388
154669
154863
155249
155446
155646
155677
155856
155990
156177
156509
156549
157016
157129
157259
157333
157383
157402
157596
157779
157989
158054
158114
158146
158157
158876
159055
159215
159326
159400
159523
159554
159786
160022
160054
160143
160215
160453
160699
160826
160952
160970
161211
161224
161227
161396
161933
162043
162198
162367
162382
162429
162605
162601
162716
162946
163039
163092
163391
163419
163462
163527
163541
163619
163873
164075
164209
164218
164297
164314
164358
164359
164518
164507
164760
164799
165034
165053
165381
165447
165502
165556
165801
165839
165936
166104
166317
166331
166375
166633
167106
167123
167402
167513
167582
167977
168007
168233
168482
168560
168678
168827
168931
168977
169160
169247
169324
169363
169391
169447
169606
169621
169660
170039
170297
170604
170664
170704
170904
170941
170990
171039
171259
171311
171527
171593
171673
171738
171768
172501
172513
173166
173220
173226
173329
173354
173434
173473
173529
173560
173716
173768
173798
173879
174089
174120
174336
174508
174595
174668
174804
175012
175423
175447
175474
175767
175777
175922
176311
176360
176405
176609
176612
176671
176674
176846
176909
177120
177168
177484
177545
177643
177798
178088
178323
178541
178634
179035
179255
179498
179525
179754
179824
179841
179839
179988
180083
180148
180516
180542
180652
180765
181056
181051
181256
181484
181513
181740
181964
182043
182124
182130
182179
182538
182613
182610
182639
182713
183129
183145
183373
183429
183560
183889
183946
184195
184284
184441
184537
184776
184885
185330
185342
185335
185703
185752
185746
185930
185940
185962
186059
186448
186463
186651
186754
186881
186888
187129
187158
187341
187380
187480
187703
187743
187759
187760
187790
188068
188286
188303
188440
188606
188619
188770
189185
189257
189288
189623
189644
189661
189750
189844
189883
189940
190141
190161
190219
190370
190721
190849
191178
191259
191594
191752
191768
191822
191818
191868
192167
192509
192560
192773
192834
192928
193223
193537
193564
193656
193713
193860
193863
193862
194025
194074
194126
194260
194310
194432
194545
194727
194832
194833
195518
195527
195594
195792
196082
196130
196255
196348
196817
196918
197276
197330
197421
197512
197818
197811
198122
198166
198521
198512
198522
199052
199088
199178
199197
199298
199486
199603
199700
199730
199810
199855
199877
