2316.07
4066
4385.75
5472.61
5475.23
7366.2
7943.87
8162.99
8291.65
9568.11
9737.07
15776.4
18235.3
19144.1
19305.6
19632
19655.6
24703.4
25232.7
26300.8
26532.7
26589.2
29386.6
30584.8
32601.8
36655
37759.2
46570.3
46696.3
46705
52454.1
54507.5
54939.4
55738
57643
57672
63306.9
66773.1
77425.7
77749.5
78489.4
79503.3
80808.3
85869.6
85942.5
92907.2
95928.7
100809
102137
103132
108878
110095
114014
117051
117451
117505
119458
122832
124974
126554
126744
127360
128501
133771
134724
135658
140068
140521
141662
142751
143647
145875
147416
148565
148739
151114
151555
151615
152243
152842
153679
154076
154613
155766
162609
163658
165357
166985
167183
168720
168930
174430
180534
182340
184034
184720
190881
191404
192634
192682
193343
193448
193726
195875
196712
