3502.31
7465.6
7475.93
11493
11828.6
15067.3
17518.6
17640
19424.5
22636.6
23333.3
24207.6
25509.3
27171.8
28130.9
29803.4
29958.6
30076.2
39709.9
40024.8
44542.2
52115.8
54315
55050.8
56689.1
59467
64402.8
69731.4
76586.7
77837.3
82078.2
83579.5
85808.7
86886.2
88536.1
95101.6
95392
99926
102439
108848
111759
111828
112994
113324
114255
117008
121470
122037
127398
130356
136481
138876
148370
151332
151783
158758
159155
162674
163901
167214
167426
168249
177575
180782
182827
184412
185637
191643
192506
198652
199156
