323.07
938.61
1593.74
1657.17
1855.49
1985.03
3490.78
4046.82
5542.16
5608.35
5692.98
6273.48
6605.78
7886.35
8332.57
8569.98
9976.49
10488.8
10574.1
11026
11342.7
11456.4
11619.9
11724
12150.2
12184.3
12278.4
12886.9
12963.6
13447.8
13463.9
13603
13890.4
14394.3
14806.9
14847.9
15060.7
15459.4
16054.7
16063.8
17094.4
17148
17321.4
17427.5
18119.9
18337
18626.9
18980.5
21083.7
21694.2
22025.9
23286
23666.3
24224.9
24282
24620.7
24782.2
25185.5
25653.6
26378.4
28000.6
28095.6
28804.6
28835.6
29732
29903.7
30122.1
30851
31101
31201.1
32697.5
33877.1
34789.4
35173.6
35695.3
35792.3
36227.3
36737.2
37143.2
38633.7
40922.5
41442
41882.9
41935.9
43352.9
43503.1
45052.1
45172.6
45473.6
45632.1
45976.6
46948.2
47137.8
48284.3
48317.1
48401.5
48626.6
48910.1
48958.2
50323.5
50421.7
50649.3
50933.1
51329.7
51590.7
51654.6
52940.1
54237.8
55871.7
56200.1
56777.6
57658.6
57678.2
58237.4
58476.5
58832.4
58852
59042.2
62129.3
63206
63575.5
63613
64546.9
64867.5
64929.1
65287.3
65598.1
65953.5
66395.4
67545.7
67585.4
67884.8
68668.2
69205.5
69553.8
69613.7
70162.3
70685
70732.2
71001.4
73360.5
76072.7
76216
76374.1
76888.4
77159.4
77675.7
77761.2
77951
78332.4
78808
80018.5
80995.9
81009.3
81690.5
81860.4
82521.9
82511.6
83219.5
83698.7
84245.6
85158.3
85202.5
85304.6
85452.3
85561.7
86440.6
86456.5
86484.4
87640.2
87710.3
87813.4
88529.7
88690.6
89124.3
89563.3
89802.4
90448.9
91204.9
91363.8
91500.4
91516.4
91955.9
92365.6
92466
93433.7
93611.5
93668.7
94073.2
94853.5
94998
95344.2
95440.6
95699.8
95768.6
95908.9
96045.8
96411.1
98088.1
98479.4
98572.3
98958.9
99532.3
99863.2
99903.7
100015
100324
100571
100759
100998
102097
103097
103627
104427
104484
104858
105234
106140
106301
107199
108626
109078
109992
110599
111066
111824
112033
112162
112228
112786
112812
112848
112909
113571
113621
113981
114167
115627
116460
116471
116609
116935
117480
119634
120125
120229
120568
121242
121506
121601
122194
122570
123826
124134
124199
124707
127191
127193
127615
127646
127819
128248
128712
128746
129341
129632
129679
129679
131011
131121
132133
132138
132545
133853
134594
134861
135253
135283
135645
137523
137540
137620
137775
137854
139083
139116
139262
139456
139848
139929
140095
140401
140644
141432
141666
141716
143805
144566
144678
144867
145833
146350
146902
147495
148890
149279
150232
151017
152758
153019
153230
154042
154851
155319
155391
155461
155563
155758
155902
156941
157293
159514
159640
159801
160163
160923
162048
163114
163622
163714
164111
164186
164815
166081
166474
166477
166854
167356
167492
168044
168116
168396
169360
170012
170036
170943
171229
171613
171688
171875
172361
172412
172939
172953
173937
174035
174245
175694
175999
176232
176327
177151
177279
177801
178103
179176
179333
179739
180031
180821
180835
180878
181039
181452
182191
183372
184833
185295
185343
186552
186709
187009
187102
187541
187726
188084
188281
188828
189391
189532
190351
190677
190812
191517
192427
193314
193563
193671
194559
195271
195418
196008
196532
197069
197400
198569
198562
