177.29
177.73
237.91
491.86
1331.94
1451.77
1673.05
2002.12
2034.15
2187.08
2868.32
3464.69
3748.87
4237.05
4575.5
4663.21
5220.11
5235.99
5498.47
5920.24
6495.07
6773
6783.02
6917.38
7000.19
7003.41
7054.93
7453.93
7513.31
7518.41
7768.53
7816.16
8160
8212.94
8561.19
8980.9
9382.39
9714.75
9767.76
10029.6
10057.1
10104.2
10388.4
10865.6
11284.5
12046.1
12303.6
12315.4
12340.3
12683.4
12689.2
12696.2
13567.7
13627.1
14423.1
14519.3
14564.9
14622.5
14996.5
15127.5
15871.7
16328.3
16445.4
17113.8
17233.5
17494.5
17616.7
17982.9
18015.2
18288.2
18291.2
19197
19317.1
19848.7
20007.5
20143.3
20304.5
20446.9
20462.6
20593.9
20621.8
21387.2
21932.3
21983.3
22136.8
22266.3
22430
22713.1
22817.2
23110.2
23127.1
23237.1
23240.7
23443.6
23706
24188.5
24800.1
25199.1
25299.5
25649.9
25697.1
25790.1
26164.8
26172.8
26381.4
26396.5
26800.6
27024.8
27839.9
27978.1
28148.9
28437
28685.3
28844.2
28916
28964.1
29302.4
29348
29375.7
29461.8
29501.5
29736.6
29836.9
29970.9
30987.4
31197.3
31360.9
31536.5
31901
31915.5
32092.6
32234.7
32419.1
32762.4
32770.9
32782.7
32869.7
33098.8
33480.9
33515.6
33687.4
34333
34695.3
34755.6
34932.1
35038.9
35129.8
35134.6
35525.2
35576.2
35601.3
35710.8
36084.1
36098.4
37222.6
37386
37435.5
37515.6
37833.8
38051.5
38087.5
39427.4
39518.6
39715.9
40440.7
41306.8
42116.6
42523.2
42819.3
42923.1
43191.3
43370.8
43891.9
43925.4
44158.8
44181.2
44379.4
44471.2
44761.4
44923.5
45262.6
45404.2
46461.4
46783.5
47122.1
48254.8
48616.3
48732.5
48929.9
48955.3
49485.6
49539.3
49783.3
49872.6
49999.6
50222.8
50675.2
51130.3
51224.1
51808.8
51947.6
52024.5
52251.8
52480.5
52853.6
53033.6
53143.5
53356.9
53448
53714.7
54296.5
54674.7
55031.3
55741.8
56360.8
56797.3
56959.9
57003.9
57287
58468.2
58808.6
59070.3
59440.6
59942.1
60714.8
60784.5
61167.5
61240.9
61432.5
61439.4
61526.3
61602.7
62309.8
62425.8
62542.1
62717.1
63003.2
63061
63152.1
64013.9
64203.5
64231.6
65143.2
65186.8
65565.4
65582.8
66017.1
66258.2
66387.9
67413.7
67660.3
67701.4
67727
68057.3
68425.8
69781.7
70326.9
70358.6
70462.2
70629.3
70915.7
71339.5
72170.5
72222.5
73221.8
73569.1
73871.8
74018.1
74065.2
74107.1
74276.1
74429.8
74456.4
74543.8
74703
74888.4
74893
75684.1
75795
76027.1
76075
76346.8
76357.4
76764.5
77316.9
77388.5
77881.1
78107.8
78410.3
79408
79830.3
80318.3
80386.1
80759
81117
81662.4
81987.7
82302.6
82775.8
83030.5
83265.3
83430.8
83634.3
86080.5
86348.6
86364.7
86559.9
87004.1
87292.7
87382
88242.1
88414.4
88642.9
88835.1
89309
89326.5
89354.1
89438.2
89874.2
89927.6
90132.3
91340.8
91404.4
91683.7
91872.5
92107.9
92268.3
92277.6
92684.2
92708.6
92850.3
92943.8
92982.3
93217.6
93419.7
93670.5
93891.6
93898
93938.8
94149.1
94582
94626.7
95018.9
95300.4
95314.8
95794
96109.4
96106.6
96341.5
96375.6
96436
97042.9
97047.7
97104.2
97890.9
98026
98259
98273.6
98327
98344.8
98485.5
98736.3
98915.1
99416.7
99948.6
99965.1
100522
100772
101095
101177
101182
101328
101350
101446
102117
102224
102233
102856
103576
103930
104103
104235
104261
104842
105153
105213
105303
105463
105842
106138
106361
106729
106991
107093
107429
107494
107967
108768
109251
109685
110159
110215
110361
111049
111107
111193
111310
111754
111906
112053
112425
112491
112776
112898
113086
113191
113433
113517
113828
113875
113965
114082
114328
114685
114879
115095
115155
115298
115484
115730
115772
115781
115917
115955
116069
116095
116383
116387
116477
117206
117401
117472
117486
117603
117632
117797
118372
118758
118783
119381
119419
119441
119857
120093
120215
120344
120543
120561
120642
120691
120698
120834
121262
121465
121706
121828
121838
122129
122569
122707
122910
123115
123243
123368
123591
124431
124640
124694
124711
124973
125224
125344
125491
125721
126058
126509
126675
126740
126789
127050
127331
127539
127727
127769
127891
128333
128410
129216
129991
130371
130379
131197
131566
132087
132267
133490
133563
133803
134146
134318
134371
134839
135147
135205
135365
135551
135692
135899
136343
136987
137164
137350
137586
137841
137961
138720
138774
139035
139147
139192
139320
139514
139527
139753
139930
140032
140515
140639
140983
140986
141305
141488
141847
142074
142130
142175
142454
142538
142721
143152
143423
143610
144329
144712
144878
144962
145183
145390
145427
145681
145722
145948
146035
146502
146870
147350
147397
147554
147969
148713
148776
149068
149449
150288
150389
150534
150655
150867
151108
151435
151564
152055
152166
153283
153374
153680
153949
154087
154235
154322
154556
154622
154920
155007
155092
155076
155315
155745
155904
155926
156177
156255
156519
156875
156982
157011
157101
157332
157406
157998
158116
159965
160514
160833
160911
161189
161495
162418
162520
162617
162806
163067
163085
163396
163434
163555
164244
164395
164400
164964
165414
165626
165640
165915
165955
166348
166417
166771
167053
167466
167859
167970
168493
168564
168650
169031
169146
169132
169299
169659
171110
171415
171447
171658
171904
172100
172281
172992
173140
173357
174069
174160
174216
174433
174732
174867
174934
175399
175603
176236
176323
176552
176661
176838
177130
177189
177366
177645
177727
177845
178152
178178
178239
178540
178543
178680
178717
178700
179673
179703
179856
180474
180643
180870
181386
181413
181744
182178
182196
182385
182589
183082
183252
183408
183484
183519
183892
183932
184322
184314
184396
184676
185077
185563
185751
185742
185945
185974
186293
186531
186716
187243
187679
187846
188143
188760
188846
189118
190182
191039
191396
191674
191874
192026
192476
192718
192881
192897
193026
193130
193170
193770
194006
194102
194249
194374
194860
195066
195609
195933
196174
196438
197000
197579
198043
198051
198200
198319
198380
198813
199015
199841
199956
199967
