1031.92
1413.11
1822.09
2275.28
3018.31
4020.74
4647.24
7238.86
7539.65
8736.9
9420.43
9521.77
10320
11109.9
12819.3
13231.6
13672.2
13830
14510
14693.3
14885
14977.8
15111.9
15988.4
16716.5
18073.9
19393.3
20138.9
21199.8
21589
22368.1
23166.1
24744.9
27117.6
27918
28320.6
30864.3
32714.3
35224
36039.2
37153.2
38327
38721.7
38854.6
39026.3
39356
40237.9
41483.7
43438.2
43595.6
43769.4
44120.3
44424.4
44681.6
45183.2
45406.3
46067.4
46340.3
47483.2
48069.1
48460.3
53089.8
54347.8
55232.2
56468.2
57661.4
57919.9
58924.2
60156.1
60390.9
61609.1
63039.4
66240.8
66409.1
70002.8
70980.3
71082.2
74357.5
77173.2
79211.8
79511.8
83389.5
84254.8
84478.5
87266.7
87682.8
89022.4
89381.6
90536
91240.3
96037.6
97317.9
97552.9
99253.1
99686.2
99998.4
101403
102259
103300
106744
107678
111021
115329
115457
115772
117113
119209
120605
122171
122203
123985
125428
126079
126391
126882
128541
130735
131437
132672
133356
133668
135804
136929
136939
137160
137345
138125
138366
138821
139766
140122
141879
142215
142457
143001
143281
143520
144519
154070
154346
156324
156468
157131
157457
157565
159735
160568
160856
160924
164999
166300
166895
167139
173183
173492
173810
175030
177394
179322
180473
181781
181855
183484
183515
184120
185160
186560
186629
188277
189076
189079
197025
