281.93
546.47
1875.49
3666.97
4125.91
4928.59
5522.83
5774.6
5779.46
6068.26
6414.13
6619.16
6640.76
7107.4
7455.96
7545.4
8154.83
9576.03
9900.97
9993.98
10660.8
11027.9
11460.8
11919.9
12361.1
12560.9
13381
13608
13990.7
14255.3
15556.3
18671.8
18986
18990
19541.1
20116
20449.4
21000.5
21238.3
21504.6
22182.9
22724
23388.5
24983.6
25204.5
25954.6
29704.2
30301.3
30557.3
30944
31256.2
34426.9
34897.7
35389.7
37718.9
39245.6
40081.3
42029.8
42418.9
42564.4
42975.4
43942.8
45195.7
45609.7
46511.6
46681.3
46920.4
47894.7
49149.6
49309.6
49357.8
50014.4
51534.5
53200.7
53269.7
53509.9
54231.2
55226.8
55985.2
56219.4
56558
57210.7
57621.7
58351.8
58736.5
59327.4
59491.8
59922.2
62078.2
63374.4
64569.4
65289.6
65640.2
65820
67073.2
67711.4
69229.7
69632
70426.2
70532.2
71157.8
72012.4
72212
72333.4
72565.4
72914
73013.8
73346.4
74784.5
74944.7
76445.8
76550.8
76943.1
78172.4
79034.2
79520.9
80460.8
81017.7
81068.5
81771
82407.5
83974.1
84005.2
85288
85556
85660.4
85855.8
85918.5
86970.6
88962
90199.9
90608.3
93056.4
93343.1
93374.8
93661.2
95673.6
98696.9
99326.4
100286
100776
101941
105815
107483
108630
109896
110626
112102
112354
112412
114157
114294
115063
115956
120322
120368
121116
121903
122409
122475
123613
126944
127903
128260
129034
129459
132804
133207
138967
140828
143590
144805
145463
145614
145773
145786
146632
147775
148168
148213
148247
148302
148319
152178
152616
152876
153988
154402
154441
154614
154767
154890
155390
156282
156726
157564
157873
158131
159346
159648
160144
160673
162133
163183
164253
164594
165152
165833
166444
166518
166535
168307
168342
168379
169697
170646
170930
171273
171824
172236
172245
172633
172800
173185
173430
174436
174803
176449
176468
176624
176783
176998
178035
180246
181603
181996
182278
182620
182656
184453
186059
188809
188820
190125
190634
192343
193133
193260
193718
193844
194053
194776
195711
195758
196000
196278
196860
198151
198342
198649
