592.51
1111.16
1149.45
1217.33
1336.02
1739.1
1765.39
2184.07
2619.45
2911.9
3432.17
3450.34
3501.5
3693.58
3701.96
3939.27
4353.93
4612.06
4657.43
4884.88
5575.04
5849.78
5939.96
6503.29
7064.16
7530.34
7533.26
8151.66
8256.85
8373.48
8613.21
8724.52
9045.12
9333.27
9681.54
10427.5
10494
12494.5
12528.1
12801.2
13093.6
13225.3
13686.1
13903.7
13941.9
14091.2
14325.9
14549.2
14749.5
14921.6
15063.6
15670.8
16184.6
16920
17053.3
17188.9
17236.3
17358.6
17640.1
18312
18355.5
18435.7
18713.2
18869.5
19098.1
20033.2
20040.9
20704.6
22656.1
22944.9
23034
23217.2
23473.2
23554.3
23739.9
24594.8
24598.1
24780.5
24920.5
25087.6
25115
25325.6
25334.9
25582.1
25931.9
26397.8
26543.6
26929.5
28655
29144.4
29289.8
29395.2
29551.9
29803.5
30024.2
30082.1
30139.6
30399.8
30772.3
30781.9
31098.9
31157.4
31829.4
31922.6
32067.8
32354.1
32421.9
32720.8
33034
33204.8
33529.8
34132.6
35008.5
35016.5
35199.7
35481.7
35700.3
35737.7
36782.6
37060.4
37267.8
37275.1
38174.7
38450.5
38464.5
39055.9
39364.2
39455.1
39470.1
39517.5
39666.7
39802.7
39919.2
40065.3
40315.7
41434.7
41651.1
41746.2
42202.4
42959.5
43393.4
44084.4
44591.5
45166.3
45180.1
45955
46273.2
46308.8
46608.7
46878.9
46980.1
47440.3
47882.7
48325.1
48641.5
49017.6
49153.7
49505.9
49779.1
49833.3
50008.3
50108.5
50801.6
50907
51046.7
51070.8
51367.9
51500.1
51800.6
52313.5
52657.6
52721.8
53060.2
53576.9
54077.4
55756.9
56142.4
56176.3
56211.8
56680.9
56794.3
57019.9
57573
57739.3
57964.8
57964.8
58635
58641.4
59208.9
59350.2
59755.4
60086.6
60292.1
60604.8
60905.3
61345.2
61409.5
62026.1
62587.4
63023.2
63124
64108
64470.8
64616.9
64719.9
64843.1
64861.3
65566.5
65578
65887.4
66985.2
67303.1
67339.8
68435.8
68441.5
68795.7
68975.6
69327.1
71338.3
71436.4
71705.4
71771.8
72284.6
72308.7
72766.4
73282.4
73426.8
73479.2
73620.1
73942.9
74285.4
74305.7
74352.7
74497.6
74495.1
74619.1
75665.7
76002.4
76239.9
76526.6
76926.4
76925.6
77181.7
77265.7
77754.5
78498.3
80737.3
81068.4
81686.7
81985.8
82377.1
82591.8
83185.4
83283.8
83417.7
83617.3
83658.3
83680.8
83969
84419.1
84692.3
85687.3
86098
86152.6
86192.2
86233.5
86277.4
86920.1
86971.6
87090
87164.8
87310.4
87374.6
87689.6
88088.3
88422.9
88482.1
88825.8
89440.6
89625
90252.8
91141.9
91384.7
91432.1
91842.6
92259.8
92482.9
93064.4
93436.1
93441.7
93711.9
93835.7
93915
93915.8
94133.9
94178.2
95403.2
95686.9
96134.6
96265.5
96731.9
96741.6
97060.1
97402.5
97881.8
98083.3
98517.3
98706.3
98896.5
99259.9
99300.2
99417.7
99998.5
100094
101059
101515
102014
102323
103524
103854
104214
104697
104821
104893
105207
105285
106565
106993
107075
107268
107448
107625
107699
107863
108074
108919
109404
109735
109877
110067
110086
110309
110377
110911
111535
111616
111758
112096
112105
112394
112929
112960
113090
113112
113523
113844
113989
114057
115525
115562
115779
115833
116217
116360
116811
117558
117793
118964
119504
120310
120500
120660
121049
121378
121421
121488
121815
124186
124609
124705
125112
125274
125379
125867
126222
126243
126373
126515
126723
127039
127290
127373
127522
127541
127713
127857
128372
128580
128885
129190
129847
130365
130591
130716
130758
131279
131280
131363
131756
131845
133165
133441
133706
133811
133957
134231
134372
134618
134822
135459
136248
136545
137493
137559
138163
138651
138851
138999
139311
139362
139444
140770
141061
141602
141873
141924
142000
142704
143357
143496
143720
143741
144238
144313
144534
144552
145686
146192
146506
146896
146994
147719
148598
149229
149817
149999
150216
150492
151495
151921
152336
153363
153687
154045
154216
155341
155455
155465
155780
155991
156062
156300
156348
156515
156657
157826
159206
159283
159306
160208
160343
161088
161525
161594
161728
161987
162703
162848
163155
163574
163998
164327
164617
164775
165187
165847
166057
166083
166696
167134
167161
168180
168267
168994
169752
169801
170005
170333
170416
170803
170858
171190
171343
171794
171855
171976
172009
172748
172818
172996
173178
173317
173358
173392
173473
174428
174605
175406
176368
177054
177704
178603
178689
179045
179455
179796
179816
179884
180420
180664
181313
181839
182175
182864
182895
183432
183608
183702
184338
184354
184373
185043
185199
185495
185933
187203
187407
187822
187857
188120
188619
189193
189679
189749
190080
190561
190632
190926
191277
191305
191701
192550
192874
193060
193330
193607
193771
193787
193859
194135
194231
194402
194679
194684
194711
195144
196568
198263
198525
199064
