3686.67
4912.25
6909.39
8680.03
11568.9
12383.9
12521.2
13758.6
14604.2
15710.4
16625.8
21793.7
23036.5
24334.2
24958.7
25092.6
30287.9
43647.4
44037.6
45358.5
46087
46589.1
47091.8
50299.9
51560
52328.5
53518.2
53872
54541.1
55132
57615.3
57834.9
58413.2
58562.8
61719.9
62918.4
63162.2
63399.8
63702.6
64423.4
64829.6
65095.2
65119.8
65700.9
66054.6
66727.3
67935.1
68473.5
68640.3
68651.2
69265.7
69510.7
69593.9
69839.4
70133.8
71466.1
74517.6
75209.6
75389.4
75828.9
76392
77368.2
82633.9
84854.5
85268.9
85297.4
85765.8
85936.1
89111.1
93235.4
95683.8
96916.1
97489.5
97635.9
98038.4
102968
105751
106301
106446
106629
108085
110411
110697
112899
114174
115097
116312
122915
123970
124327
125237
130123
130743
130788
130955
133515
134728
136797
138881
139153
142170
142828
143081
144637
145028
145373
145788
146950
147585
147994
148276
149070
149168
149857
155760
161306
161653
163995
165484
166245
168924
169259
170775
170801
171068
174465
175262
175466
175885
176686
179552
179904
183761
184000
184737
185469
186023
186637
186974
187504
188500
189677
190368
190586
191008
191397
191783
192095
192277
192513
193245
193501
193839
193987
194206
194745
195685
196505
196888
197041
197120
197514
197574
197733
198087
198969
199216
199260
