172.07
727.49
755.09
831.22
1112.84
1135.97
1369.86
1904.26
2044.93
2085
2257.19
2833.97
3440.56
3552.44
4181.81
4245.17
4255.44
4543.38
4814.68
4927.4
5245.67
5267.36
5708.81
5729.7
5815.74
5961.65
5986.54
6055.3
6138.17
6159.22
6273.69
6275.16
6463.99
6656.67
7319.67
7654.36
8322.92
8378.32
8530.37
8571.53
8653.15
8876.65
8926.75
9131.92
9144.97
9207.19
9270.55
9411.42
9566.8
9674.75
9907.93
10176.6
10188.3
10196
10450.8
10600.9
10721
10888.4
10976.1
11084.8
11113.6
11320.9
11437.8
11522.8
11535.1
11622.7
11686.8
11726.5
11814.5
12488.4
12512.6
12648.6
12719.2
12760.6
12777
13058.4
13288.8
13368.6
13510
13813.2
13950.8
13960.8
14056.7
14094.1
14159.7
14190
14226.6
14311.7
14481.9
14716.5
14793.6
14959.2
15050.6
15283.4
15439.3
15557.3
15844.3
15881.1
15902.3
16447.6
16587.6
16693.2
17119.3
17120.5
17703.5
17755.3
17800.6
18024.1
18047.2
18051.3
19110.9
19190.4
19629.8
20080.2
20107.7
21336.5
21458.1
21571.3
21695.8
21722.9
21966.2
22080.1
22240.6
22382.9
22442.2
23165.4
23459.7
24084.1
24095.8
24256.9
24419.6
24501.8
24565.8
24746.4
24845.4
25226.4
25501.4
25517.2
25647.9
25694.1
25698.1
25801.8
25954.5
26072.7
26178.2
26264.9
26335.4
26644.2
26780.3
26865
27073.3
27161.4
27394.2
27613
27764
27927
28101.2
28529.7
28610.2
28838
28988.7
29075.2
29102.3
29279.8
29409.3
29427.2
29541.4
30068.4
30125
30265.4
30434.8
30621.3
30637.7
30882.2
31200
31456.6
31804.9
32221.3
32427.2
33926.3
33991
34099.9
34218.2
34327.8
34414.8
34581.6
34754.9
34907
35332.1
35348
35365
35561.2
35786.6
35910.1
36090.9
36097.1
36408
36479.8
36916.9
36994.4
37066.3
37071.9
37911.4
38015.9
38046.6
38169.5
38188.7
38608.6
38650.8
38837.7
38901.6
39055.4
39243.7
39627.5
39714.7
39959.9
40064.6
40385.2
41525.2
42445.1
42468.7
42470.7
42562.1
42681.3
42806.5
42913.7
42983.6
43477.3
43501.8
43852
44092.3
44342
44795.7
44809.2
44922.9
45060.8
45129.7
45676.1
45819
46060.9
46239.3
46293.6
46324.2
46635.9
47585
47985
48004.5
48146.6
48271
48330.6
48820.3
48914.7
49318.4
49448.2
49818.2
49845.6
49864.5
50063.1
50531.3
51306.1
51735.8
51843.4
51853.2
51937.4
52108.6
52170.9
52261.6
52312.3
52364.3
52371.1
52532.2
52788.8
52955.4
53007.1
53275.9
53383.5
53519.4
53694.3
54187.8
54641.7
54841.6
54872.8
55007.9
55013.8
55118.9
55935.1
56199.2
56365.1
56566.6
57242.9
57527.6
57574.5
57741.2
57968.3
57995.9
59514.4
59546.8
59819.4
59870.4
59981.4
60159.8
60216.9
60277.7
60409.5
60564
60692.9
60758.6
61372.6
61388.3
61458
61828.8
62130.7
62289.4
62481.2
62751.4
62888.3
63701.4
64131.8
64441.6
64516.6
65551.9
65680.6
66168.1
66457.8
66473.8
66609.5
66668.4
66741.5
66904.5
67029.4
67251.5
67481.4
67816.3
67882.3
68002.8
68023.7
68158
68238
68405.4
68465.9
68644.9
68743
68890.1
68921.7
68988.4
69148.4
69252.4
69603.1
69967
70628.6
70873.1
71459.1
72523.7
72851.1
73155.7
73202.2
73212.5
73569.6
73706.3
73903.2
74116.8
74298.2
74425.2
74483.9
74538.6
74821.1
74994.1
75055
75288.8
75294
75462.3
75672.1
75706.9
76038.8
76081.7
76112
76121.2
76213.9
76440.7
76649.6
76745.3
77152.6
77368.3
77358.3
77588.6
77655.6
77804
77818.6
77934.7
78002
78135.6
78137.9
78874.7
78941.2
79464.2
79528.8
79733.3
79915.6
80191.7
80238
80264.3
80630.5
81182.5
81490.1
81620
81679.1
81735.1
81846.3
81994.1
82144.9
82214.6
82249.9
82694
82756.8
83094.5
83253.4
83702.7
83826.1
84495.2
84518
84663
84801.6
84872.3
85094.8
86277.2
86508.1
86630
86640.3
86770.8
86768
86792.2
87225.1
87233.6
87289.5
87493.7
87714.4
87861.6
88380.3
88895.8
89070.4
89279.7
89969.6
90025.6
90194.3
90428.8
90676.5
90913.6
91061.4
91252.6
91574.4
91604.7
91689.8
91776.4
91777.1
91792.1
92085.7
92181.2
92367.2
92463.1
93209.9
93567.1
93975.5
94215.9
94304.3
94669.2
95129.9
95188.1
95458.3
95875.3
95914.7
96474.8
96651.5
96857.5
97282.2
97509.4
97568.4
98389.9
98539.9
98808.3
98890.2
99378.2
99390
99778.1
99893
99999.1
100143
100207
100382
100672
100999
101084
101156
101334
101370
101437
101567
101873
101983
102743
103128
103443
103602
103619
104363
104472
104787
104859
104905
105014
105310
105437
105592
105904
105949
106072
106077
106181
106310
106515
106641
106804
106817
106978
107363
107539
107628
108066
108239
108747
108907
109172
109362
109455
109780
110023
110414
110576
110963
111088
111662
112025
112248
112472
112912
113051
113452
113677
113814
114125
114601
114661
114775
114889
115188
115306
115884
116094
116375
116932
117275
117315
117324
117478
117626
117647
117796
117867
118001
118175
118173
118536
118719
118742
119080
119545
119803
119872
120010
120603
120828
120980
121032
121245
123165
123353
123876
124153
124592
124671
125543
125597
125762
126517
126557
126781
127289
127360
127802
128102
128414
128695
129414
129662
129962
130006
130024
130315
130789
130869
131634
131826
132167
132175
132296
133123
134293
134793
134988
135149
135386
135581
135859
136409
137032
137759
137819
137850
138129
138155
139080
141206
141295
141812
141934
142370
142423
142870
143244
143343
143391
143618
143973
144015
144448
145068
146286
146669
146815
146936
146958
147220
147216
147421
147478
147531
147792
148075
148145
148224
148371
148608
149343
149428
149664
149758
149772
149930
149937
150066
150166
150545
150880
150943
151010
151129
151565
152237
152530
152524
152775
152795
152854
153146
153206
153804
154426
154441
154494
156978
157032
157062
157120
157111
157217
157275
157422
157498
157839
157908
158488
158634
158650
159232
159486
159519
159542
159591
159906
160080
160143
160192
160407
160475
161516
162674
163084
163109
163159
163458
163550
163723
163743
163878
164456
164536
164688
164704
164990
165117
165280
165328
165435
165590
165644
165760
165823
165856
166179
166216
166477
166634
166821
167471
167688
167805
167928
168296
168321
168922
169068
169383
169485
170017
170309
170614
171324
171379
171439
171572
171757
172347
172388
172768
173149
173166
173732
174051
174228
174690
174770
175357
175840
176542
176580
176684
176795
177000
177024
177033
177227
177334
177546
177600
177600
177621
177669
178756
178796
178882
179384
180617
180704
180905
181035
181092
181669
181821
182568
182603
182797
182822
182905
182960
183389
183520
183617
184228
184248
184615
184643
184660
184767
184910
184959
185020
185129
185312
185349
185396
185747
185792
186544
186777
186879
187078
187665
188057
188575
188590
188893
189250
189404
189432
189483
189543
189968
190062
190620
190760
191607
191802
192296
192357
192449
192626
192723
192734
193020
193542
193624
194277
195063
195562
196181
196290
196730
197148
197162
197508
197898
198437
198734
198888
199190
199457
