274.2
299.23
304.78
307.23
311.16
312.46
316.51
320.6
359.58
3170.57
3224.06
3227.86
3273.34
3275.14
3278.79
4374.28
4570.28
4590.42
4599.44
4607.71
4618.08
4625.69
4652.63
4661.58
4679.55
4688.96
4692.06
4779.02
6495.55
6497.24
6499.66
6525.19
6665.05
7172.59
7180.07
7510.32
7729.59
7736.4
7739.52
7753.4
7760.95
7948.44
7952.73
7987.6
8743.61
8793.54
8799.4
8808.07
8815.67
8820.03
8821.28
9648.81
10163.2
10279.7
10288.3
10291.1
10298.1
10304.1
10328.1
10471.8
10618.2
10818.2
10856.5
10865.1
10867.1
10870.8
10876.8
10880.8
11911.9
11944.9
11946.7
11986.8
11988
11997.6
12014
12020.3
12054.1
12059.4
12063.5
12066.9
12097.8
12274.4
12413.1
12447.8
12449.3
12454.1
12467.7
12474.5
12484.3
12490.4
12494.7
13737.2
13756.8
13759.5
13776.2
13778.7
13780.7
13792.6
13795.7
13799.8
14008.2
14047.2
14048.6
14496.5
14633.3
14663.4
14672.4
14708.1
15299.4
16651.6
16683.2
16684.8
16780.4
16782
16786.5
17473.5
17502.8
17513.4
17537.3
17539
17573.9
17580.2
17642.6
17652.6
17673
17675.4
19374.9
19384.2
19397.9
19405
21370.9
21380.7
21383.8
21388.2
21393.8
21399.6
21403.4
21412.5
21434.6
21438
21467.8
21484.7
21487.8
21492.8
21498.1
21733.6
21735.4
21767.7
21775
21810.6
21821.8
21832.9
21834.8
22045.8
22049
22056.7
22060.6
22076.8
22078
23336.7
23593.7
23626.2
23629.5
23633.1
23645.9
23648.2
23657.6
23659.7
23668.2
23679.6
23684.3
23685.8
23885.1
23899.2
23909.7
23911.6
23912.9
23922.4
23929.2
23931
23962.8
23965.1
23985.9
23992.8
23995.8
24007.1
24009.3
24012.5
24020.1
24021.9
24039.4
24045.4
24048.2
24620.2
24627.1
24637.4
24652.6
24659.4
24668.3
24670.9
24673.8
24678.9
24687.5
24690.6
24735.2
24993.7
24998.4
25001.9
25032.1
25034.7
25036.4
25039.4
25042.8
25046.6
25072.2
25075.3
25120
25150.2
25153.8
25164.6
25166.4
25171.2
25175.5
27070.6
27072
27094
27203.7
27271.5
27275.8
27278.3
27283.7
27286
27287.2
27288.2
27298.1
27301.4
27306.3
27623.9
27633.1
28298.6
28373
28376.1
28377.7
28380.9
28386.3
28417.9
28442.6
28729.6
31405.5
31449.2
31454.7
33537.2
33553.7
33558.7
33579
33596.5
33601.3
33605.1
33625.3
33627.4
33641.1
33715
34946.4
34961.4
34962.6
34971
34978.1
35031.3
35033.5
35072.3
35356.4
35364.4
36083.4
36141.4
36148
36155.8
36175.9
36187
36207.8
36237.4
36241.9
36963.3
36968.1
36969.4
36974.8
36999
37114.7
37318.4
37381.7
37408
37444.1
37448.4
37459.6
37478.8
37480.5
37485.5
37488.6
37521.7
37575.7
37580.9
37583.2
37587.5
37589.3
37597.3
37601.2
37604.5
37620.3
37633.2
37635.4
37649.8
37653.1
38137.6
38165.6
38181.8
38198.4
38205.9
38209.9
38222.6
38229.7
38246.9
38275.6
38286.8
38292
38302
38318.7
38324.3
38334.2
38349.1
38368.7
38374.9
38377.9
38397.1
38409.4
38526.9
38533.1
38558.2
38595
38599.9
38611.2
38615.9
38622.1
38627.3
38629.7
38726.4
38732.1
38828.3
40038.1
40063.6
40078.4
40083.9
40086.7
40206.9
40755
40757.7
40781.6
40784.6
40799.8
40801.2
40819.3
40866.4
40884.3
40938.9
40947.9
41203.7
41859.7
41863.5
41868.7
43328.5
43329.8
43405.9
43410.7
45826.7
45829.7
45866.8
45872.3
45889.3
45897.6
45931.4
45933.7
45943.7
45947.5
46005.6
54476.7
54481.3
54490.3
54498.3
54518.6
54533.5
54553.8
54555.2
54566
55651.9
55654.8
55690.3
55708.1
55710.7
55749.8
55751.4
55754.4
55760.2
55763.2
55768.7
55771.2
55776.4
55822.6
55847
55852.3
56102.4
56123.5
56125.9
56167.2
56168.6
56184.5
56188.4
56217.5
56497.4
56535.6
56556.9
56567.3
56571.2
56596.3
56612
56647.6
56642.9
56680.6
56760.7
56872
57255
57264.8
57272.2
57278.6
57282.3
57288.2
57293.6
57323.6
57438.4
57455.2
57471.2
57489.5
57491.7
57502.4
57504.4
57512.8
57518.5
57523.7
57526.7
57637.2
57639.5
57642.3
57653.2
57925.7
58787.2
58790.8
58807.4
58801.7
58804.1
58813.4
58818.5
58822
58823.1
58835
58850.4
58853.3
58885.5
58924
59259.6
59284.7
59293.8
59339
59352.2
59375
59384.8
59402.6
59409.2
59411.2
59465.6
59466.9
59474.5
59480.7
59491
59496.8
59507.4
59510.3
59539
59968.2
59974.1
60013.1
60165.7
60168.3
60182.9
60184
60186.5
60202.1
60315.9
60424.3
60439.7
60443.2
60460.8
60463
60472.1
60473.6
60488.4
60491.4
60501.6
60503.9
60513.4
60521.2
60524.1
60529.3
60537.7
60568.8
60587.2
60591
60597.5
60603.4
60604.9
60610.4
60621.9
60632
60636.2
60659
60663.2
60666.8
61119.5
62194.3
62198.4
62200.9
62235.9
62238.6
62282.5
62284.4
62286.5
62302.9
62305
62312.6
62318.9
62989.5
62996.8
63006.7
63029.4
63138.8
63183.5
63201.9
63209.4
63229.6
63386.9
63411.7
63771.2
63820.5
63837.1
63857.5
63883.3
63919.8
63966.1
63976.4
63982.2
63985.7
64004.7
64012.6
64014.1
64018.8
64022.3
64026.1
64032.2
64037
64039.9
64048.9
64054.8
64069.9
64076.2
64083.8
65356.8
65359.7
65361.6
65851
65890.6
65997.5
66000.1
66006.2
66035.8
66170.8
66182
66191.1
66194
66209.2
67236.9
67241.6
67258.3
67283.6
67306
67311.5
67317.8
67324.2
67325.4
67327.4
67331.6
67337
67338.2
67348.9
67350.2
67373.9
67376
67380.3
67382
68103.8
68134.5
68757.4
68766.4
68768.2
68781.1
68811.9
69531.7
69553.6
69557.9
69566.1
69625.3
70406.2
70425.3
70438.9
70443.3
70689
70695.1
70698.6
70700.9
70709.7
70936.9
70940.4
70985.3
71008.5
71012.8
71020.3
71045.6
71049
71059.9
71088.8
71153.8
71167.3
71168.8
71172.1
71264.9
71268.3
71270.4
71352
71403
71408.7
71422.7
71428.4
71449.7
71455.8
71470.5
71473.2
71526.2
71529.4
71530.9
71547.5
71562.1
71577.7
71585.6
71593.6
71604.3
71718.2
71779.3
71790.3
71791.6
71806.7
71810.7
71812.5
71829
71834.2
71835.6
71847.8
71860.5
71867.1
71870.3
71873.4
71897.1
71909.3
71899.8
71901.1
71921.2
71922.6
71932.5
71939.8
71947.6
71956.3
71969.2
71976.8
72043
72074.7
72078.5
72093.7
72176.3
72216.7
72308.5
72317.9
72322
72327.9
72341.7
72348.4
72370
72375.1
72378.5
72832.4
72835.2
72840.4
72842.7
72844.7
72873.3
72904.6
72908.8
72923.4
72930.9
72934.5
72942.3
72944.6
72946.4
72948.2
72957
72960
72966.1
72968.7
72994.2
72996.8
73008.3
73015.6
73018.9
73025
73030.5
73037.1
73040.1
73045
73047
73054.7
73057.2
73058.6
73061.7
73079.7
73082.6
73086.4
73088.2
73091.5
73097.9
73102.2
73105.9
73260.4
73527
74884.4
74888.2
74905.4
75112.3
75129.9
75136.3
75155.5
75173.1
75183.8
75206.5
75208.8
75219.7
75224.2
75232.9
75291.2
75299.3
75333.9
75335.5
75384.4
75389.4
75452.6
75488.3
75502
75510.3
75521.2
75528.2
75530.5
75537.2
75539
75544.8
75549.7
75585.8
75595.4
75606.7
75611.8
75622.3
75633.1
75640.4
75641.9
76054.7
76078.1
76112.4
76134.5
76146.1
76148.1
76171.5
76173.8
76188.5
76484.8
76488.9
76512.4
76746.7
76748.7
76786.5
76797.2
76826.4
76847.7
76852.5
76865.6
79908.7
79937
80214.3
80488.4
80498.6
80511.3
80513.4
80531.4
81158.6
81160.1
81179.1
81180.9
81184.1
81190.5
81197.7
83277.5
83280.8
83286.4
83287.7
83292.8
83296.9
83301.7
83309.2
83311.8
83313.7
83322.4
83324.4
83348.4
83352.5
83993.6
84044.3
84062.6
84072.4
84332.6
84337.4
84344.5
84348.1
84351.7
84353.1
84356.5
84360.2
84366.3
84386.5
84399.7
84403
84414.4
84892
84918.2
84947.6
84951.2
85012
85059.6
85105.4
86070.2
86072.3
86105
86107.8
86122.4
86129.9
86132.9
86134.5
86378.7
86544.2
86575.5
86595.3
86627.5
86632.3
86633.7
86669.3
86673.3
86686.5
86689.6
86692.6
86735.8
86738.7
86746.3
86780.1
86782.5
86784.7
86786.2
86789.2
86804
86805.5
86845.2
87561.1
87574
87596.4
87609.8
87618.2
87789.7
87791.8
87797.2
87830.9
87834.4
87837
87860.2
87863.2
87865.4
87867.7
87883.7
87887.8
87888.9
87890.3
87896.1
87902.3
87943.2
88387.5
88406.8
88412.4
88424.4
88425.7
88439.6
88443.8
88451.5
88454.3
88456.9
88499.6
88514.6
88517.2
88521.6
88525.7
88529.1
88530.8
88548.9
88552.7
88556.1
88572.5
88585.3
88592.6
88591.4
88598.3
88616.1
88616.6
88630
88635
88646.3
88649.2
88675.5
88683.4
88688.2
88691.7
88720.4
88736
88747.5
88761.7
88762.9
88764.4
88765.8
88769.3
88797.3
91379.5
91382
91383.5
91402
91403.5
91423.6
91425.6
91435.3
91445.5
91451.7
91457.9
91472.1
91485.3
91490
91499
91545.9
91566.8
91710
91725
91731.3
91732.9
91735.2
91757.1
91759.4
91766.7
91838.9
91856.3
91863.5
91868.6
91872.8
91881
91885.4
91904.9
91911.9
91924.9
91927.9
91945.7
91947
91960.4
91963.3
92079.3
92082.2
92215.2
92217.3
92219.3
92230.9
92240.5
92253.5
92255.5
92258.1
92262
92268.7
92286.1
92296.2
92307
92313.4
92329.4
92336.4
92339.9
92341.5
92344.3
92379
93885.1
93889.3
93938.3
93941.5
94374.8
94381.3
94384.3
94401.8
94411.9
94534.7
94544.7
94588.9
94590.5
94591.9
94597.7
94603
94610.4
94612.3
94614.5
94617.2
94618.5
94622.3
94638.5
94646.7
95003.6
95006.8
95012.3
95016
95019.1
95023.7
95026.2
95031.8
95054.1
95091.4
95111.9
95121.2
95130.2
95134.3
95140.6
95155.3
95181.9
95217.9
95219.1
95242.3
95264.1
95279.2
95292.4
95311.1
95347.2
95439
95446.8
95452.9
95489.3
95490.4
95496.3
95501.6
95504.4
95516
95527.1
95539.2
95542.4
95552.7
95552.1
95556.5
95561.1
95747.5
95775.1
95776.4
95781.5
95789
95793.1
95796.2
95799.7
95951
96360.5
96385.8
96390.9
96395
96410.2
96412.9
96424.5
96425.8
96429.5
96433.7
96440.1
96445.2
96452.6
96476.6
96486.1
96487.4
96496.5
96517.2
96520.1
96599
96603.8
96608.6
96611.1
96612.3
96613.7
96614.9
96623.6
96625.2
96628
96645.5
96661
96665.5
96669.7
96672.1
96674.5
96683.7
96695.9
96700.4
96703.8
96707.3
96709.3
96719.8
96722.7
96745.9
96753
96765.7
96788.1
96790.1
96811.2
96813.2
96819.2
96827.4
96853.2
97074.8
97089.3
97114.1
97129.6
97211.8
97213.9
97261.4
97315.6
97363.6
97395
97398.2
97400.1
97401.6
97406.2
97444.5
97455
97457.8
97462.6
97475.3
97522
97702.3
97749.8
98451.5
98454.6
98456
98460.5
98464.2
98461.4
98752.6
98758.8
98789.2
98790.5
98823.7
98831.6
98834.8
98836
98837.4
98860
98889.6
98893.5
98912.3
98958.4
99094.7
99096.7
99124.7
99162.1
99179.3
99199.1
99207.3
99225.3
99226.4
99925.9
99929.9
99934
99979.8
99982.1
100022
100026
100737
100743
100750
100755
100757
100763
100795
100894
100899
100901
100903
100907
100951
100957
100985
101001
101023
101355
101383
101396
101409
101420
101423
101443
101482
101488
101491
101518
101555
101621
101625
101649
102161
102162
102174
102177
102195
102207
102213
102239
102263
102383
102438
103553
103560
103677
103727
103765
103776
103951
104154
104202
104206
104237
104239
104242
104261
104262
104266
104275
104277
104279
104281
104284
104287
104288
104312
104313
104315
104321
104327
104328
104330
104391
104393
104703
105087
105095
105119
105121
105125
105127
105136
105141
105143
105146
105150
109798
109800
110333
110479
110481
110482
110486
110492
110495
110541
118139
118171
119100
119104
119116
119140
119149
120429
120472
120593
120595
120649
120653
120657
120666
120669
120790
120803
121481
121487
121491
122001
122013
122068
123461
123514
123526
123539
123542
123577
123595
123617
123621
123671
123674
123677
123679
123682
123696
130175
130797
130801
130863
130867
130881
130892
130897
130899
130905
131811
131841
131858
131933
131987
131989
132016
132346
132362
132366
132408
132409
132414
132435
132472
132607
132617
132634
132636
132642
132648
132652
132654
132664
132667
132670
132691
133118
133120
133199
133208
136860
136864
136870
136875
136886
136891
136892
136896
136898
136904
136909
136912
136928
136949
136951
137008
141002
141006
141014
144174
144213
144255
146017
147394
147412
147416
147421
147428
147477
147491
147579
147601
147602
147607
147700
147746
147758
147825
147842
147845
147853
147856
147871
147875
147915
147918
148125
148167
148169
148198
148209
148222
148224
148230
148251
148260
149289
149292
149299
149364
149369
149375
149420
149424
149435
149452
149455
149462
149469
149487
149511
149513
150233
150261
150264
150271
150282
150309
151627
152046
152730
152769
152788
153526
153544
153548
153559
153566
153572
153574
153578
154729
154739
154760
154763
154768
154774
154779
154787
154793
154802
154844
154848
154870
154895
154963
155058
155091
155096
155140
155143
155155
155163
155173
155182
155191
155196
155223
155229
155278
155308
155374
155377
155382
155387
155402
155411
155419
155430
155432
155453
155459
155500
155548
155550
155552
155565
155567
155595
155604
155608
155610
155984
155986
155991
155999
156002
156004
156007
156135
156137
156146
156193
156842
156846
156848
156853
157214
157223
157226
157245
157382
157704
157708
157726
157744
157749
157752
157757
157763
157764
157772
157794
157799
157801
157829
157836
157870
157929
157947
157951
157964
158278
158283
158289
158302
158310
158313
158397
158399
158437
158715
159177
159182
159248
159256
159268
159317
159374
159380
159388
159414
159437
159451
159453
159459
159477
159479
159533
159535
159540
159542
159570
159591
159728
159808
159812
159813
159909
159947
159949
159954
159971
159976
160032
160052
160054
160075
160083
160116
160158
160175
160342
160344
160351
160393
160397
160401
160402
160406
160407
160412
160416
160469
160497
160509
160512
160514
160516
160542
160543
160545
160554
160565
160567
162886
162946
162971
163046
163055
163057
163060
163064
163066
163070
163073
163078
163091
163105
163108
163297
163309
163327
163330
163420
163422
163475
163479
163489
163500
163506
163510
163525
163526
163536
163572
163607
163668
163690
163692
163699
164136
164137
164155
164160
164162
164169
164171
164172
164183
164193
164198
164345
164370
165312
165316
165350
166067
166130
166162
166169
167032
167435
167453
167462
168325
168333
168338
168354
168369
168518
168684
168729
168987
169573
169577
169705
170681
170691
170692
170693
170703
170744
170745
170758
170760
170764
171285
171288
171291
171308
171359
171352
171378
171379
171381
171387
171394
171399
171407
171408
171414
171422
171722
171736
171741
171748
171752
171759
171765
171777
171785
171788
171797
171801
171819
171821
171823
171833
171922
171942
172066
172284
172285
172290
172295
172309
172318
172321
172334
172342
172365
172363
172397
172400
172404
172413
172415
172530
172583
172587
172595
172626
172629
172667
172664
172696
172702
172733
172756
172759
172762
172788
173189
173311
173313
173367
173416
173423
173425
173438
173458
173468
173477
173493
173519
173521
173551
173562
173567
173570
173572
173574
173581
173586
173588
173591
173597
173626
173640
173657
173660
173665
173668
173679
173683
173688
173717
173721
173724
173930
173971
173976
173981
173986
173990
173988
174017
174023
174027
174210
174212
174216
174220
174226
174228
174234
174236
174238
174242
174261
174264
174267
174269
174280
174285
174291
174294
174321
174349
174354
174607
174609
174613
174683
174697
174700
174703
174736
174738
174763
174758
174763
174769
174778
174790
174798
174796
174811
174814
174816
174814
174823
174829
174837
174852
174862
175781
175784
175796
175813
175825
175831
175835
175841
175844
175845
175875
175877
175929
175947
176029
176190
176192
176222
176238
176260
176267
176282
176296
176298
176310
176311
176336
176343
176369
176371
176373
176382
176386
176404
176407
176429
176437
176448
176460
176500
176517
176562
176565
176578
176615
176618
176627
176636
176644
176646
176648
176663
176689
176691
176695
176701
176705
176711
176714
176724
176729
176733
176738
176741
176754
176758
176808
176815
176862
176885
176891
176924
176927
176943
176951
176954
176957
176960
176974
176989
176993
176999
177045
177054
177052
177070
177088
177102
177104
177111
177116
177118
177125
177143
177154
177157
177193
177195
177197
177200
177197
177205
177216
177227
177242
177246
177248
177609
177692
177700
177713
177723
177733
177734
177739
177755
177768
177772
177780
177789
177793
177795
177798
177815
177817
177819
177834
177838
177851
177855
177851
177854
177855
177861
177871
177882
177884
177894
177908
177913
177917
177922
178001
178064
178081
178078
178108
178178
178216
178239
178247
178276
178286
178291
178293
178305
178307
178337
178365
178371
178372
178381
178639
178647
178651
178655
178656
178666
178671
178676
178678
178680
178688
178697
178698
178703
178737
178767
178778
178784
178812
178830
179005
179009
179440
179451
179456
179460
179487
179491
179501
179503
179507
180048
180054
180059
180078
180838
180921
180926
180937
180938
180947
180956
180962
180966
180968
180972
180977
180980
180988
181027
181071
181086
181111
181441
181444
181447
181470
181504
181506
181510
181512
181515
181540
181543
181547
181549
181551
181555
181560
181562
181566
181579
181583
181589
181599
181607
181611
181643
181653
181655
181663
181668
181791
181797
181800
181802
181811
181814
181820
181824
181876
181881
181913
181926
181972
181975
181984
181985
181987
181999
182030
182041
182045
182056
182517
182543
182546
182548
182908
182912
182927
182942
182944
182957
182960
182962
182970
182974
182981
183592
183618
183622
183635
183638
183639
183644
183645
183666
183687
183937
183942
183953
183972
183973
183988
184528
184531
184535
184573
184575
184596
184611
184615
184643
186181
186202
186315
186356
186359
186362
186365
186368
186375
186379
186382
186397
186404
186409
186417
186418
186423
186434
186452
186462
186479
186748
186752
186753
186758
186767
186782
186811
186822
186828
186846
186853
186863
186865
186873
186942
186946
187000
187002
187027
187050
187054
187058
187059
187063
187067
187068
187090
187099
187130
187147
187167
187176
187185
187190
187193
187199
187201
187203
187206
187214
187220
187239
187737
188078
188098
188101
188173
188176
188610
188622
188637
188640
188654
188656
188757
188837
188866
188881
188889
188910
188916
188919
188934
188954
188962
188970
188972
188990
188997
189001
189004
189010
189405
189437
189447
189459
189464
189473
189495
189659
189670
189676
189682
191341
191362
191367
191373
191375
191377
191387
191391
191394
191399
191400
191406
191410
191411
191428
192717
192723
192724
192747
192749
192752
192755
192764
192766
192800
192801
194055
194348
194350
194352
194404
194454
194477
194494
194520
194526
194536
194538
194555
194585
194593
194596
194613
194616
194630
194636
194652
194908
194911
194923
194936
194943
194956
194960
194967
194975
194995
195009
195011
195023
195061
195082
195091
195118
195123
195481
195482
195492
195494
195498
195503
195513
195545
195551
195572
196259
196262
196263
196269
196273
196280
196281
196284
196287
196335
196338
196341
196347
196364
196409
196413
196483
196487
196491
197374
197690
197698
197717
197742
198431
198472
198475
198490
198510
198513
198525
198531
198532
198535
198541
198544
198562
198568
198573
198591
198595
198623
198627
198630
198640
198643
198652
198653
198656
199067
199121
199246
199260
199263
199265
199287
199288
199292
199303
199309
199311
199352
199357
199496
199504
199506
199530
199534
199536
199540
199548
199554
199576
199585
199600
199735
199744
199756
199758
199762
199768
199829
199836
199838
199858
199943
199955
199958
199964
199969
199989
