584.3
690.78
990.41
1002.66
1345
1359.23
1484.71
2040.09
2170.42
2231.55
2762.65
2792.09
2905.78
3164.34
3177.9
3910.32
3954.83
4429.47
5179
5456.57
5506.73
6438.28
6480.21
6792.15
6831.2
6924.59
7135.93
7181.43
7333.23
7542.54
8245.66
8445.57
9179.67
9237.61
9817.64
9850.39
10195.5
10965.2
11175.5
11649.6
12267.4
12271.9
12315.9
12425.2
12529.7
12680.7
12915.6
13316.4
13342.6
13567.7
13648.3
14114.7
14148.2
14226.8
15065
15275.6
15980.3
16273.6
16366.4
16786.5
17150.2
17234.4
17453.2
17561.7
17822.7
18008.1
18537.4
18569.3
18642.7
18676.2
18875.1
19151.2
19333.3
19628.7
19663.1
20256.2
20590.8
20851.9
21168.3
21293.1
21494.2
21565.9
21592.9
22396.7
22535.9
23355.2
23621.8
23714.7
24086
24161.9
24525.3
24965.6
25009
25383.4
25447.5
25820
26175.7
26367.3
27030.8
27621.3
27954.3
28284.6
28590.3
28613.8
28740.5
28954.9
29266.6
29265.9
29496.2
29514.7
29915.7
29928
29952.1
30652.5
30704.8
30895.4
31426.8
31508.5
31917
31964.6
32058.7
32255.3
32998.1
33569
33685
34511
34615
34621.2
35855.3
35865.3
36170.8
36184.8
36317.9
36926.4
36958.5
37452.2
37486.3
37568.6
37571
37837.5
37867.5
38387.9
38830
38936.3
39101.4
39222.7
39910.2
40068.3
40238.1
40383.3
40496
41347.3
41586.8
41689.6
42153
42214.4
42530.6
42799.4
42934.6
43231.4
43918.8
43965
44086.1
44221.8
44508.8
44552.7
44573.8
44840.3
44895.1
45353.4
46052.6
46083.3
46995.6
47136.3
47242.2
47292.6
47436.6
47487.4
47616.3
47693.2
48073.3
48288.3
48627.7
48850.9
48922.3
49347.4
49472.6
49555.3
50228.2
50443.8
50634.2
51625
52002.6
52459.9
52903.6
53462
53670.2
53965
54397.7
54653.3
54729.8
54938.4
55314.2
55564.1
56657.1
56710.5
57033.8
57198.8
57223.7
57330.8
58596.6
58916.3
58952
58955.8
59128.9
59288.4
59351.1
59494.8
60248.8
60973.4
61723
62067.8
62085.6
62883
62897.1
63493.6
63744.2
64191.1
64344.5
64669.5
65086.3
65622.7
65790.2
66008.5
66195.4
66523.2
66671.8
66769.5
66873.5
66992.4
66987.7
67393.4
67435.6
67593.9
67684.2
67726.8
67826.4
67985.7
68100.3
68161.2
68299.6
68360.7
68739.1
68781.3
69165.8
69606
70022.5
70164.1
70330.5
70531.6
70916
70979.3
71298.6
71791.2
72076.4
72595.5
72644.9
72963
73243.4
73308
73823.1
74186.8
74234.9
74390.5
74403.4
74764
74803.4
75118.5
75729.4
75999.9
76531.6
76694.6
76818.7
77123.3
77262.6
77925.9
78360.3
78359.7
78965.2
79190.5
79237.4
79715.4
79732.9
79880.4
80103.5
80560.4
81053.9
81557.2
81693.4
82012.3
82069.1
82152.1
82462.6
82773.8
83636.8
83655.5
83994.3
85247.7
85258.8
85707
85869.3
86091.9
86886.8
87305.6
87772.2
88103.5
88143.9
88726.5
88951.5
90027.6
90772.2
90769.8
90928
90986.8
91374.7
92200.1
92239.6
92591.9
92822.3
92917.8
93894.6
93982.2
94696.9
95094
95257.6
95527.9
96236.1
96428.9
97304.4
97469.2
97947
98724.5
98824.5
98893.7
99208.9
99606.8
100030
100035
100258
100348
100348
101231
101266
101482
101551
101784
101873
101961
103409
103423
103494
103560
103726
104139
104735
104891
105480
105541
105558
105948
106088
107480
107883
107927
108484
108761
108985
109810
109825
110080
110312
111195
111790
112964
113228
113297
113813
113843
114414
114470
114844
115340
115353
115562
116022
116040
116059
116268
116425
116671
117660
118064
118198
119072
119546
119915
120195
120683
120819
121124
121144
121758
121794
122275
122724
122856
123072
123428
123492
123667
123754
123962
124472
124843
124954
125161
125175
125372
125440
125543
125580
125643
125854
126375
126525
127299
127344
127425
127515
128323
128738
129166
129411
129671
129761
130397
130655
131193
131380
131431
131896
131944
132491
132845
133089
133138
133864
134150
134206
134232
134733
134844
134963
135494
135516
135540
135602
135760
135853
136670
137526
137583
138132
138305
138375
138436
138939
139461
140430
140465
140540
140686
140911
140965
141216
141583
142104
142151
142966
143411
144576
144881
145452
145803
146347
146509
146725
146786
146973
147502
147674
148082
148155
148375
148497
148861
149377
149785
149784
150144
150626
151955
152239
152370
152586
152743
153000
153291
153643
153700
153728
153877
154305
154571
154925
155643
155990
156013
156488
156668
156932
157416
157762
157806
158037
158265
158329
158638
158755
159048
159133
159696
160156
160258
160311
160453
160581
160753
161106
161453
161773
161852
162143
162197
162593
163129
163363
163504
163555
163596
163717
163873
164127
164544
164552
164842
164865
165116
165301
165392
166186
166274
166369
166614
167508
167688
168058
168220
168567
168574
168619
169284
169425
169937
170252
170758
171354
171715
171787
172464
172463
172494
172995
173901
174040
174457
174914
174936
175058
175501
175569
175902
176073
176736
176827
176933
177307
178014
178375
178770
179036
179252
179513
179537
180265
180432
180566
180666
180936
181358
181435
181775
182046
182504
182612
182889
183268
183356
183622
183900
185088
185531
185558
185795
186387
186716
186862
186883
187397
187838
187868
187927
188159
188710
188825
188923
188935
189007
189677
189775
190929
191121
191545
191854
191959
192015
192307
192381
192412
192441
192485
192774
193140
193258
193313
193612
193611
194068
194464
194594
194646
194968
195470
195854
196239
196259
196851
197263
197392
197475
198708
198899
199175
