369.97
2499.39
2595.23
2891
3192.73
3521.18
3709.6
3861.87
3866.79
4365.92
4809.3
4871.16
4925.79
5318.17
5375.28
5862.48
6219.58
6504.14
6960.15
7513.47
7634.55
7994.92
8086.76
8830.01
8850.82
9522.72
10041.2
10791.1
11765.2
12144.3
12574
12615.8
12818.5
13304.5
13400.1
13401.3
13445.8
13914.5
13947.9
14696.5
14800.5
14837.4
15487.4
15820.1
15889
16223.4
16793.8
16889
17375.1
18589.6
18833.9
19144.9
19275.6
19290.9
19518.6
19701.5
20461.3
20885.6
20922.4
20928.8
21223.8
21373.8
21634.4
21921.4
22307.6
22421.9
22526.4
22694.6
22924.4
23427.3
23467.4
23505.2
23838
24164.5
24263.8
24716.8
24868.8
24979.8
25585.9
25858.5
26015.9
26627.4
27793.7
27861.2
27905
28099.5
28815.3
28850.6
29707.4
29830
30436
30635.9
31007.2
31176.7
31677.3
31728.2
31757.8
31822.3
32639.8
33918.9
34331.1
34426
34453.1
34823.2
35326.8
35694.7
35881.1
35988.5
36010
36049
36765.9
36811.6
36898.8
38179.2
38736.8
38999.5
39066.9
39549.3
39972.8
40315.9
40340.2
40382.7
40599.1
41041.9
41463.3
41573.9
41968.7
41987.2
42505.7
42616.4
42671.1
42825.8
42932.5
43023.1
43019.9
43032
43564.7
43617.7
44046.1
44123.3
44535.1
45625.9
45931.6
46799.6
46859.7
46899.3
47097.4
47249
47654.4
48106.5
48274.2
48829.6
49285.5
50511.3
50532.2
50705.6
51744
52325.1
52691.1
52739.9
52951.1
53240.3
53343.6
53389.6
53518.8
53629.8
54269.9
54970.3
55021.7
55361.2
56407.4
56519.2
56924.9
57043.7
57700.7
58031.3
58388.4
58504.4
58618.3
59255.6
60447.8
61060.3
61195
61409.4
61527.2
61953
62495.8
62756
63097.3
63775.3
63861.9
64072.9
64247.8
64576.1
64741.2
65294
65301.7
65501.7
65680.4
66070.4
66546.6
66568.4
66611.2
66666.6
66975.7
67213.9
67256.7
67508.7
68098.1
68256.3
68497.6
69146.2
69332.9
69953
70010.4
70458.5
70532.6
71264.5
71758.5
72963
73061
73345.8
73661.1
74083.7
74636.8
74941.9
75272.2
75515.9
75738.3
76132.5
76225.8
76387.9
76714.4
76748.9
76962.8
77309.7
78206.6
78582.7
78768.9
78864.1
79049.4
79543.3
79613.2
79606.8
80021.4
80115.7
80887.6
80948.8
81078.8
81249.8
81449.6
81629.4
81975.2
82080.4
82406.1
82649.8
83350.6
83677.7
83838.2
84198.7
84657.7
84688.9
85242.6
85776.1
86808.8
87181.2
87652.7
87715.8
88568.1
89611.9
90300.7
90623.9
91034.8
91145.7
91163.1
91582.2
92002.2
92479.7
92871.6
93411.1
93568.4
93794.7
93908.5
94070.7
94531.5
94762.5
95787.5
95935.7
95970.8
97062.8
97292
97540.4
97778.5
98786
99008.1
99813.9
100186
100654
100837
100877
101188
101711
102327
103098
103855
104519
104657
105636
106402
106598
107193
107220
107455
107994
109753
109977
110802
111454
111544
112004
112183
112722
112763
113661
113759
114129
114547
115116
115242
116198
116403
117372
117743
119702
120433
121018
121445
121493
121517
122422
122465
122693
122726
122971
123209
123315
123638
123869
124088
124339
124826
124951
125244
125545
126345
127060
127701
128148
128579
128896
129114
129252
129954
130167
130569
130943
131149
131189
131564
131659
132976
133510
133681
134410
135095
135178
135341
135963
136568
137100
138647
139033
139754
139927
140146
140192
140456
140838
141334
141344
141739
141945
142455
142662
142702
142842
143030
143293
143492
143552
143948
143961
144226
144651
144789
144839
145072
145130
145323
145715
145941
146569
147194
147263
147714
147819
147868
147992
148831
149008
149722
150041
150375
150754
151147
151214
151545
152342
152872
152918
153254
154021
154367
154537
154699
154833
155504
156081
156322
156716
156729
158561
158815
158987
159261
159295
160009
160088
160183
160312
160946
160951
161050
161536
161606
161918
162938
163134
163199
163291
163955
164326
164371
164910
164995
165411
165603
166028
166499
166954
167159
167371
167582
167751
168380
168436
168973
169008
169163
169617
170628
170962
171453
171770
172387
172623
172739
173177
174054
174242
174510
174608
175226
175579
177245
177330
177604
178166
178226
178291
178294
178561
179422
179986
180003
180163
180208
181009
181076
181535
182542
182698
182770
183020
183113
183917
183979
184433
185179
185236
185380
185411
185707
186042
186263
186623
187099
187138
187623
187838
188171
188273
188699
188689
189121
189186
189424
189600
189916
190608
190690
190784
191398
191675
192978
193013
193305
193349
193439
193447
193806
194243
194860
195163
196041
196601
196857
196883
196940
197205
197230
198469
198572
199355
199741
199765
