319.26
381.4
551.62
653.93
733.94
922.47
1096.07
1108.33
1951.43
2240.19
2438.06
2569.83
2811.31
3089.48
3310.44
3403.56
3432.21
3747.81
3858.85
3902.68
4016.22
4083.25
4546.59
4611.31
4783.18
4796.93
4834.45
5126.28
5460.21
5843.37
6371.45
7799.52
7902.71
8034.16
8415.42
8503.83
8627.11
8645.75
9201.88
9443.71
10464.4
10603.9
10969.5
11071.9
11074.8
11158.2
12635.1
12727.3
12927.6
13215.4
13246
13671.5
14929.4
15402.8
15720.1
15984.4
16064.4
16203
16225
16322.2
16750.1
16977.2
17199.7
18382.4
18777.4
19084.2
19149.2
19292.3
19403.1
19416
19502.2
19701
19840.2
19853.3
20378.8
20405.8
20452.6
20783.7
20975.3
20988.3
21016
21100.8
21140.4
21248.1
21427.3
21433.6
21786.7
22207.2
22531.1
23576.1
24001.6
24132.1
24203
24507.2
24837.8
24850.5
25051.9
25168.1
25575.1
25992.5
26044.8
26847.8
27280.4
27394.9
27414.8
27471.4
27935.4
28200.5
28871.3
29520
29828.5
29899.1
29912.3
30058.2
30511.9
30623.4
30678.5
30736.5
30805.9
30834.5
31018.1
31102.9
31269.1
31403.8
31518.4
31560.9
31681.2
31802.7
32231.1
32349.8
32462.1
32789.1
32785.4
33072.9
33158.2
33416.2
33782.8
34024.1
34133.1
34188.5
34258.5
34540.2
34569.7
34658.6
35044.2
35196.1
35585.5
35904.9
36079.4
36586.7
36807.1
36877
36906.8
37035.5
37640.4
37694.3
37819.3
38067.4
38097.8
38110.6
38158
38292.6
38297.6
38385.9
38421.2
38539.1
38683.4
38692.3
38760.7
38964.2
39010.8
39138.9
39164.9
39379.2
39426.4
39606.8
39792.7
39857.7
39940.7
40441.4
40466.3
40910.6
41082.3
41278.3
41347.9
41360.7
41434.3
41793.8
42250.9
42536.9
42742.9
43091.4
43255.1
43434.6
43528.9
43680.8
43877.3
44458.2
44721.4
45157.2
45246.5
45313.6
45316.9
45914.4
46186.8
46208.6
46304.8
46524
46530.4
46554.3
46585.2
46655.5
46813.3
46852.3
46940.4
47082.4
47125.4
47557.3
47577
47871.5
48004.5
48147.8
48150.1
48356.2
48453.4
48535
48648.4
48698.1
48722.3
48971.2
49064.6
49172.6
49329.5
49376.5
49936.2
50017.9
50060.7
50234.1
51287.2
51500.2
51639.4
52238
52496.5
52841.2
53100.2
53558.4
53721.7
53787.4
53782.1
54302
54347.2
54461.9
55052.8
55127.8
55164.9
56213.7
57112.1
57152.4
57276.2
57691.2
57731.9
58177.4
59345.1
59698.9
59769
60069.4
60476.6
60614.3
61108.5
61494.2
61564
61601.5
61953.8
62058.6
62280.4
63054.1
63137.6
63616.8
63667.1
63906.1
63938.4
64093
64309.9
64401.9
64408.3
64442.2
64483.2
64807.3
64817.9
64843.7
65064.4
65284.9
65480.4
65495.9
65693.4
65848.9
65875.5
65965.1
66365
66412.8
66722.1
66795.1
66844.6
66992.1
67440.4
67637.1
68014.6
68296.8
68584
68857.5
68882.2
68992.1
69465.2
69609.5
69894.2
69906
70049.1
70255.4
70372.4
70406.3
70881.3
70958.3
71186.5
71609.3
71632.1
72321.3
73524.9
74218.2
74382.9
74589.6
75243.3
75261.1
75701.5
75840.8
75929.7
76566.9
76728.7
76852.3
76947
77251.8
77641.1
77866.8
78223.2
78281.2
78668.1
79263.9
79309
79336.3
79671.8
79762.8
80054.8
80322.4
80441.6
80490.7
80796.6
80895.3
81986.4
82025.3
82154.1
82257.7
82564.8
82712.1
82904.8
83075.7
83446.8
83564.1
84471.5
84637.2
84683
84764.7
84911.7
85000.5
84994.5
85288.5
85289.8
85369.5
85365.1
85418.3
85469.8
85529.9
86086.7
86190.2
86207.2
86367.9
86396.6
86498.7
86603
87920
88223.7
88554.8
88944.4
89561
89557.9
89734
89998.4
90499.7
90509.5
90605.9
90654.1
90710.7
91056
91086.9
91214.8
91503
91722.1
92694.6
92817.8
92919.1
93087.5
93094.3
93328.4
93595.7
94728.4
95087.1
95257.7
95941.9
96361.7
96778.7
97055.9
97203.6
97324.6
97674.9
97675.6
97992.2
98203.2
98461.1
98767.9
99059.9
99281.5
99867.5
100364
100478
100718
100815
100997
101127
101138
101244
101326
101368
101431
101557
101805
101992
102103
102169
102207
102479
102533
102695
102786
102805
102969
103244
103771
103822
103860
104661
105062
105125
105249
105396
105718
105919
106557
106755
106928
107146
107340
107352
107791
107831
108015
108465
108472
108694
108919
108957
109183
109396
109422
109664
109825
109908
110426
110529
110645
111807
111890
112535
112933
113275
113285
113382
113977
114093
114472
114586
114722
114822
115135
115481
115832
116129
116470
116541
116591
116974
117311
117347
117929
118020
118020
118500
118818
119234
119593
120700
120760
121023
121281
121502
121653
121685
122200
122206
122240
122464
122594
123177
123222
123266
123312
123364
124314
124797
125478
125555
125763
126014
126083
126277
126831
126922
127086
127296
127590
127953
128112
128523
128513
130272
130434
130462
130475
130575
130639
131103
131454
131569
131657
131745
131879
132079
132251
133249
133814
135197
135733
135966
136149
136170
136338
136505
137048
137241
137754
138070
138497
138653
138936
139012
139296
139313
139372
139564
139570
139807
140029
140112
140311
140450
142781
142910
143364
143525
143893
143945
144078
144205
144373
144678
144834
144941
145112
145408
145519
146035
146128
146396
146609
146670
146886
147068
147509
147545
147749
147773
148007
148107
148116
148317
148838
148951
149427
149528
149554
150937
151030
151069
151247
151336
151825
152095
152196
152827
153140
153624
154034
154068
154224
154242
154929
155378
155597
155782
156228
156336
157016
157953
158038
158168
158349
158438
158981
159154
159624
159984
160142
160318
160727
161869
161915
162696
162738
162746
162998
162987
163066
163383
163801
164168
164332
165039
165546
165867
166154
166829
167047
167232
167272
167332
167401
167603
167609
167796
167873
168098
168167
168189
168249
168248
168306
168524
168640
168693
168977
169048
169235
169323
169406
169466
169528
169623
169808
169819
169869
170097
170202
170435
170718
170744
170890
171035
171132
171117
171556
171586
171684
171715
171797
171866
172095
172918
172952
173131
173266
173291
173470
173506
173563
173555
173604
173674
173985
174010
174034
174123
174219
174234
174382
174401
174404
174456
174783
174838
174888
174962
175007
175210
175483
175654
176080
176130
176192
176196
176620
177205
179296
179496
179755
179788
179885
180047
180201
180260
180576
180589
180818
180812
180995
181083
181160
181370
181519
181594
181774
181844
181875
181913
182195
182201
182197
182305
182389
182453
182472
182746
182803
182959
183108
183429
183582
183587
183848
183988
184040
184130
184180
184376
184435
184816
184862
184995
185216
186020
186450
186727
186732
186988
186980
187101
187728
187895
188068
189487
189614
189715
189878
190032
190348
190481
190881
190999
191233
191449
191509
192249
192483
192835
192834
192886
193129
193144
193305
193424
193737
193762
193875
193940
194094
194323
194369
194693
194871
194934
195076
195100
195114
195199
195245
195559
196053
196175
196227
196642
196649
196814
196856
197136
197343
197749
198141
198165
198297
198347
198456
198555
198806
199039
199297
199672
