1058.44
3293.91
4690.99
8332.51
8338.32
10687
10744.5
11069.6
11182.5
11294.9
11434.9
12860.3
12938.3
13575.8
13717.5
13976.3
14124.1
14685.4
16254.8
18678.3
18953.9
19067.1
19235.8
19287.2
20014.1
20808.9
21162.2
21154.3
21232.7
21482.4
22916.3
25466.1
26719.6
27222.4
27441.3
28321.8
28950.9
29179.7
30126.1
31491.7
32164.4
32233
33793.1
34854.8
35468.5
36403.3
37030.9
37121.5
40534.4
41979.9
43529.4
43639.9
43773.1
44134.7
51092.6
51342.1
52065.2
53221.7
55110.9
55720.3
56165.2
57486.3
58006.9
58275.9
58453.5
59677.4
60443.9
60715
62593.8
65079.2
68559.9
68974.2
70245
70542.5
70739.1
73047.2
74018.3
75073.6
80875.7
81190.3
83604.8
84244
85301.1
85686.9
86818.8
90799.4
92157.1
92257.2
93430.2
93607
93617.1
94299.1
95332.6
96491.3
97112.6
101788
110278
110846
111086
111110
111288
111687
112450
113018
113863
114593
115535
122708
124528
125039
126410
127820
127945
129387
130141
132049
132732
132868
133034
134176
135026
137373
140017
140334
143727
145755
146666
147056
148385
149360
150096
155431
156872
157237
157878
158155
159010
159644
160188
162317
165149
165603
166057
166092
168296
169041
169396
169685
170600
171366
171651
171755
172807
173942
178785
179439
186153
199931
