1901.54
3718.53
8676.6
13832.3
14558.7
15264.6
16765.2
17615.2
19896.6
20867
25707.7
27298.2
28251.2
28589.6
33873.1
34268.3
34832.9
35581
35823.1
37909.5
37983.2
38784.1
40807.6
41412
41517.5
42641.2
43191.3
45610.5
48214.1
48477.5
48925.3
49847.8
51669.7
51773.3
53769.1
57284.1
58345.9
58893.5
60857.7
64381.2
66479.5
69253.6
75713.4
76784.8
77620.2
78172.2
78671.5
79249.8
80987.8
83531.9
85386.8
85671.1
86985.4
88156
90640.3
93990.4
94921.8
99253.4
99364.8
99646.9
103042
103137
105875
105910
106753
106774
107083
111031
113070
114575
115546
116921
118328
118628
119937
120367
120815
122623
123373
123424
123926
124821
127369
128192
131445
134013
136359
136532
138354
140482
140894
141129
142333
144315
144646
145916
149363
150578
150804
151876
151981
153290
154377
154785
155502
156627
157227
158183
159800
160015
160153
161621
165760
166503
167542
169472
170684
173969
174456
175038
178031
178135
179822
180116
184238
184428
187676
188555
192928
193831
193973
194168
194328
194405
194614
195054
196763
198581
198716
198958
199253
