1113.68
2006.54
2603.64
3537.7
6320.16
6920.66
6980.02
8378.24
9124.21
9269.57
12643.8
13308.1
13922
14695.4
14963.4
16770.5
17401.5
18079.7
21201.3
23080.1
24468
26219.2
26640.9
28052.5
28574.6
28836.2
29125.2
32696.1
35254.8
36130.7
36458
37048.7
37902
41779.2
43446.3
46586
46774.9
49662.1
50578.7
51776.3
52294
54218.7
55627.7
58487.1
60012.8
60637.6
60887.1
61827
64731.6
66602.7
69605
70608.7
77301.1
79884.8
82825.8
83160.2
83954
85455.8
86707.7
86816.3
89498.8
93795.1
94867.9
98846
98910.5
99816.9
