636.04
1134.64
1702.34
2493.16
2834.55
3127.38
3602.79
5245.53
5785.3
6207.01
6563.68
7699.9
8182.71
8552.24
9017.76
9802.14
11396.3
12320.2
14347.4
15235.8
15625.7
15963.7
16502.5
16947.8
17320.4
17594.9
18384.9
19117.3
19832.6
20090.1
20592.2
21894.4
22580.6
22818.1
23445.8
23825.4
24464.7
24945.5
25635
27212.1
28053.8
29226.3
29796.9
31181.8
32876
33104.1
33716.8
34059.2
34566
35228.3
36736.6
37086
37610
39056.4
39718.7
40139.1
40414.4
40704.1
41136.6
42460.3
42796.5
43147.8
43473.6
43856.2
44108.6
45129.3
45375.3
45757.1
46391.6
47393.5
47688.4
48039.4
49036.3
50964.2
51674.6
52010.1
52295.5
53102.6
53694.4
55988
56489.1
56892.1
58322.2
59248.4
59763.2
60095.2
61366.5
61957.2
62444.6
62700.4
63261.4
63546.9
63833.7
64480.7
64735
65314.6
65634.1
66026.5
66589.7
67697.8
68256.9
68517
69214.1
69501.5
69792.9
70205.2
70567.6
72075.5
72401.5
72880
74403.6
75484.7
76123.2
76949.4
78172.3
78894.5
81117.6
81437.4
83156.5
83872.9
84439.9
84821.3
85697.5
86625.8
87427.6
87986.2
88582.7
89280
89785.3
90179.9
91218.1
91574.4
92155.7
92625
94206.6
94918.2
95503.6
96752.7
97138.4
97889
98211.9
98711.1
99029.6
99317.8
99720.4
