2763.89
56471.5
56822.4
57875.8
58910.8
71104.2
87065.8
93018.4
93283.6
93784.3
95454.8
96256
96592.3
99295.6
100234
102930
103760
104515
105440
105917
107471
107761
108626
109071
110756
111953
113434
113704
115399
116695
117492
120963
121084
121411
122422
123273
125408
126350
137300
137508
140357
140587
141587
142307
142690
144602
144999
144991
145329
145934
146539
146920
147170
147883
156238
157152
158889
165422
166332
166407
166548
169243
170965
172827
174138
175059
175322
175531
175595
175777
176133
177172
177573
177714
179060
179233
179742
180459
181080
181537
181731
181743
182943
183339
183356
183416
186051
188431
190283
192715
193322
193722
194462
197499
197969
198938
199381
