243.5
544.79
729.81
1640.89
1885.95
2194.21
2605.94
3526.97
4434.34
4727.71
4801.99
6651.06
7410.43
9292.31
9419.71
12030.3
12682.8
12967.3
13402.8
14633.1
15186.9
15379
15553.6
15867.6
16491.4
16803.5
16820.7
17288.9
19331.6
19767.9
20374.3
20880.7
21202
21560.8
23523.5
25359.3
26445.8
27989.7
28533.2
28767.2
29117.6
30027.3
30051.6
34593.1
35174.6
36116.6
36887.5
40764.9
41675.7
42924.2
43572.8
44015.4
45112.3
45395.1
46291.7
48108.3
49051.8
51293
52379.8
52468
53784.7
55354.7
55577.4
56883.9
57261.1
57345.7
58451.9
59135.7
59540.3
59668.6
59844.7
60444.2
61180.1
65621.2
65870.6
66187
67197.5
68351.6
68616.4
68987.6
69580.1
74044
74912.7
75778.6
75921.8
76030.8
76874.6
77728.7
78120.4
79300
80524.7
80590.5
81364
82451.3
84743.3
84898.7
85447.1
85673.9
86130.1
86547.6
86779.8
88080
88572.4
88869.8
90576.5
91014.7
92439.3
93365.6
93769.6
94789.8
94861.6
98887.9
99914
100534
101298
101457
101781
103939
104405
107319
107400
109707
109856
110442
112713
112771
113681
114004
114882
114991
115611
118395
120116
120608
121975
123390
123604
123825
124941
126932
127353
128498
129256
130183
132730
133332
134232
135758
137908
138500
140588
140957
141327
144636
144884
145298
147038
149398
149947
150144
150825
151474
154184
158636
159378
159987
160389
160882
161082
162448
162482
162485
163371
163682
163755
164197
164885
165343
165683
167058
167204
168447
168759
169792
169818
172484
172667
172920
173337
173649
173877
174476
175762
176131
176882
176966
177098
177113
177198
179158
179425
180347
181014
183117
183323
183803
183889
184398
184753
185132
185586
185622
185951
186072
186332
187265
187459
189161
190530
190685
192436
193674
193881
194026
194115
194201
194644
196218
196315
197844
197871
198385
