1176.16
1456.87
1725.05
1976.38
2964.97
3723.25
3990.95
4888.11
5105.75
5146.74
6162.12
7102.81
7413.02
7655.25
7983.3
8394.03
8416.28
8694.36
9167.99
9665.01
10171.1
11085.8
11679.3
11725.3
14822.2
14899.5
15975.7
16065.1
16499.1
16925.6
17560.8
18963.5
20129.3
20449.1
21350.7
22937.4
24228.3
24754.1
25495.9
25537.3
25595.2
26431.6
27006.3
27718.4
29831.9
30345.9
30628.4
31505
31857
32310.8
32576
32622
33250.2
33781.4
34064.7
34320.7
35672
36352.6
38185
38250.8
38724.7
38760.7
38820.1
38852
39358.4
39555.7
40135.2
41019.5
42040.1
42262.9
42820.3
42835
42924
43060.2
43715.6
43853
43920.1
44095
44239.8
44348.4
45093.8
45862.7
45879.9
46001.5
46293.2
46336.3
46748.2
47232
47654.8
48787.8
50977
52133.5
53170.1
54868
55300.7
56311
56607.2
57011.5
57086.7
57258.1
57643
57843.3
58263.4
58846.7
59057.9
59253.9
59647.7
61623.9
62991.2
63492.7
63639.7
63843.6
64791
65224.2
66916.8
67158.4
67234.9
67783.1
67815.8
68286.7
69015.7
69471.3
70245.8
70316.7
70673.9
71652
71938.8
72207.1
73565.1
73972.1
74790.9
75181.3
75796
75829.4
76438.9
76991.6
77190.2
77511.3
78024.2
79022
80250.6
81991.4
82528.8
83121
83162.5
84714.2
85064.6
85326.2
87619
88196.4
88767.3
89817.1
90069.3
90110.4
90289.6
90463.5
90793.4
92182.2
92466.6
94252.3
94329.2
94544
94565.6
94930.2
95652.6
96081
96501.5
96642.7
98588
99095.6
100069
103122
104121
105282
105323
105580
105956
106533
106799
108682
108970
109740
110612
111259
111680
111697
112025
112650
113313
113817
114054
115428
115833
116011
116821
117075
117727
117953
118031
118220
118389
118495
119434
119584
119901
120298
120665
120720
120917
121178
121391
121395
122336
124358
124856
125544
125590
125941
126719
127034
127137
127231
128078
128180
128288
128711
129034
129816
129978
131105
132163
132311
132635
132907
133081
133213
133741
134242
134264
135190
135489
136844
136861
136986
138173
138622
139046
140662
141023
141925
142854
143409
143598
143615
143902
144455
144846
144862
145016
145316
145970
146413
146940
146988
147435
147715
148165
148761
149011
149047
149358
149394
149542
149589
150510
150729
151582
152461
152600
152679
153827
154474
154691
154914
155904
157181
157358
157868
159589
159605
159856
160434
160533
160549
160907
164520
165341
165548
165715
166161
166949
166972
167023
167688
167768
167985
168173
168340
168779
169642
169773
170228
170358
170430
172401
172947
173019
173857
174470
174481
174844
175555
176102
176463
176713
176967
177022
177677
178006
178555
179495
179930
179978
180330
180559
181094
186011
189411
189424
189693
190010
190112
190301
190714
192338
192397
192461
192615
192637
194910
195448
195777
196175
196664
196700
197026
197519
197781
198937
