525.73
584.26
717.2
1447.29
1887.68
3195.74
3551.06
3653.24
3953.46
3979.56
4171.88
4344.42
7564.73
9786.25
10409.8
10847.9
11838.7
11879.9
11933
13072.5
13118
13170
13530.3
14316.9
14486.8
14901.1
16179.1
16194.1
16493.7
17475.4
17735.3
18342.2
18854.4
20831.9
22533.4
23514.1
23873
24582.4
25038.7
26815.3
31014.7
32659.2
32672.6
32900
33268.6
34062.3
34679.9
35039.4
35418.3
36430.1
37401.4
38185.3
38314.5
39842.5
39938.9
40295.1
40634.8
41249.9
41354.2
41984.6
42879.1
44040.7
44755.4
46320.6
47543.7
49100.9
50420.6
51606.1
52808.5
52898.9
53369.9
53387.3
53951.7
54430
56191.2
56333.7
58900.7
59856.6
60019.7
60265.2
60443.5
60453.4
62282.4
62420.3
62462.7
63004.8
63103.3
63608.1
65758.2
65980
66604.1
68789.2
69071.2
69614.7
70157.7
70210.1
72358.7
72629.2
73034.4
73064.3
74451.8
75234.9
76516.6
77261.6
78574.4
78659.7
78714.1
81071.4
81083
81188.5
81226.3
81790
82600.9
83733.3
83893
83907.4
84490.4
84622.1
86453.1
86678.6
88218.4
88334.5
88480.1
89240.6
89711.5
90711
91213.9
93473.1
93798.6
95327
95452.7
96084.5
96757
96963.2
98023
98562
99642.7
100746
102091
103582
104251
104456
105824
106661
107352
107741
107862
107953
108235
108296
108317
108762
109025
109110
109548
110277
110650
111599
111764
112226
113617
115688
115731
118645
120596
122545
122927
123545
124386
124876
125206
127482
128838
129105
129191
133043
133941
134549
137349
137607
137882
138490
138809
139198
139207
139298
139455
140384
140913
141091
142018
146791
147901
150375
150532
150796
151135
152121
154116
154764
154969
155288
155739
155768
155829
156551
157113
157625
158289
160215
160895
163198
165135
168063
170138
170465
170728
172126
172499
172761
173356
174470
176757
177623
177809
178137
179758
179860
180452
181584
182488
182728
183340
183522
183975
184150
184490
184532
185761
186190
186278
186864
190070
190722
191379
191772
192107
192460
193174
193559
193753
193999
194163
196459
197035
198547
