128.25
2187.44
2476.87
3497.39
5694.21
6602.11
7213.03
7289.5
8204.49
10543.1
10605.9
10839.9
11873.3
11909.7
12274.1
12505.2
13231.9
13811.5
14260.6
15749.8
15810.3
16170.5
16369.9
17235.5
18341.7
19002
19095.1
19132.9
19539
19549.4
19864.5
19977.8
20816.5
20828.5
22007.8
22722
23003.9
23820.6
24195.8
24291.7
24842.4
24925
25368.6
26271.5
27274
28021.5
29134.2
29153.9
29183
30952.4
31480.1
32475.4
33142.6
33292.5
34707
36202.3
37455
37749.3
38377.1
38881
40318.6
41134.7
41770.3
42067.7
42126.1
42309.4
43034.1
43521
43621.3
44133.6
44168.1
44897.8
47221.8
47875
48492.7
48799.3
48981.6
49306.3
51089.3
52275.9
53167.9
53740.3
55202.3
55599
55922.4
56088.6
57299.1
57622.4
57943
58392.6
59137.4
59317
59954.7
59977.3
60051.8
60203.4
60911.5
61212.9
61300.9
61751.5
62069.9
62088.7
63084.8
63281.3
64021.3
64814
65120.7
65164
65264.5
65519.2
66277.5
67246.2
68045.3
68573.4
68625.3
69118.1
69206.8
71335.3
72642.5
73137.5
73256.7
73520
76392.1
77735.6
78061.4
78202.9
78703.4
78829.9
79369.6
79419.1
79764.7
80430.3
80752.2
81910
82218.3
82381.9
83122.2
83252.5
83417.8
83989.8
84344.7
85411.3
85832.6
86484
87397.5
88194.9
88295.4
88420.5
89348.5
90385
90706.3
92491.4
92576.3
93331.2
93766.4
94249.8
94371.4
96355.7
96816.8
97018.9
97248.2
97935.8
98541.9
99115.4
99518.5
99793.4
100069
100295
100452
101393
102515
103334
103586
104439
105177
105366
105559
105945
107280
107515
110113
110625
111520
111776
113431
113686
113814
114231
115067
115718
115721
116293
116448
116463
116752
116942
117654
117689
118245
118841
119874
120238
120423
121434
122401
122608
123079
123844
124737
124854
125224
126224
126416
126634
127160
127615
127861
128458
129166
129324
129917
130998
131385
131531
131731
132212
132513
133483
133764
133884
134088
135022
135440
135978
137083
137754
137927
138189
138754
138766
138873
139670
140228
141496
141921
142071
142591
142627
143134
143477
146771
147799
148351
148767
149719
149886
150597
150944
151111
151464
151728
152540
152542
152665
152790
153085
153630
153636
155301
155811
156101
156617
156714
156861
157494
157593
158321
158751
158920
158953
159159
159281
159606
159618
160264
160716
161018
161225
161366
161483
161837
162127
162189
162259
162617
162998
163711
164310
164359
164463
165045
165266
165586
165611
166260
166675
167047
167228
168006
169165
169656
169791
170174
170654
173502
173796
174093
174207
175194
176093
178683
178814
179353
179363
179540
179615
179842
180401
181073
181576
182150
182701
183140
183542
183768
184176
184948
185083
185644
185710
187194
188114
188731
188839
189245
189692
190033
190115
190157
190217
190357
190383
191244
191478
191912
192345
192746
195068
195544
195980
197360
198149
198498
198903
199081
199829
