924.54
975.78
2328.58
4113.48
5019.49
5804.84
7455.17
7558.61
8118.54
9014.54
12756.5
13690.9
15360.5
15890.8
18365.1
19144.7
22381.4
23925.7
24603.3
25630.3
26979
27685.7
29084.3
29320.6
30692.9
33756.6
34701.5
34896.6
35935.1
36099
36554.2
42387.2
43445.2
43486
44892
44911.3
46360.9
46590.1
47967.4
48532.9
54519.9
55362.5
57704.8
58498.7
58664.7
60640
62030.2
64482.4
68241.3
68653
70410.9
72051.7
75254.3
76621.2
77737.3
79084.5
80166.2
80811.9
83476.1
85208.9
86168.7
87514.7
89806.5
89829.3
89898.9
92673.7
93714.9
96877.6
97711.5
97747.6
99033.1
102947
103452
104246
104447
104845
105715
107813
109015
109241
110356
110733
114152
115212
115838
117613
119819
121676
121949
122042
122337
122362
122886
125324
127689
128723
131393
132206
132291
133330
133408
134085
137453
137503
138424
139699
140644
140860
143433
143512
143584
145495
146304
147009
147177
149841
149864
150717
152667
155167
156605
157985
159606
160099
161324
161980
162070
163323
164754
165461
167000
169683
170509
172192
172757
173957
174511
175809
175972
177489
177497
177554
179579
180453
180725
181863
186083
186732
188481
188854
189338
189412
193820
193920
194028
198515
198609
199356
