743.77
844.84
1604.22
1721.1
1902.8
2017.34
2996.92
3822.21
4702.5
4724.73
5909.82
6291.25
7320.65
7843.51
8066.22
8237.48
8596.12
8852.21
9597.21
10246.6
10726.4
11424.2
11460.4
12525.3
12569
12573.9
12863.6
13850
14079.1
14091.2
14344.9
14460.9
14769.9
14852
14949.8
15002.6
15568.9
16101.8
16375.6
16407.2
17159.2
17677.8
18054.7
18568.4
18962.9
18986.9
19641.7
19966.7
20487.9
20834.5
20995
21213.4
21283.5
21770.3
21960.2
22056.1
22234.4
22600.5
22643.2
23001.4
23233.9
23522.7
23995.7
24435.4
25666.4
25677.5
26403.5
26924.6
27338.8
27543.8
28205.8
28272.3
28495.5
28795.5
28915.3
29125.4
30071.8
30205.6
30319.9
30513.7
30659.2
31018.7
31296.9
32838
32991.5
33382.4
33805.3
34459.9
34524.5
34602
34644.2
35031.8
35062.3
35071.3
35222.4
35266.9
35266.5
35528.7
35726.9
35801.6
35803.5
36525.7
36816.4
37197.2
38607.3
38917
39539.5
40179.4
40519.1
41013.4
41177.9
41551.7
41776.4
41884
42332.7
42389.4
42562.3
42693.8
43030.6
43073
43093.5
43419.1
43739.6
43880
43979.8
44049.4
44313.2
44473.7
44524.1
44690
44872.3
44961.8
45281.5
46018
46071.7
46219.2
46263.6
47095.1
47293.3
47696.9
48108.5
48435.2
49388.7
50358.3
51032
51336.6
51622.7
52805.2
52822
53281.3
53696.5
54243.7
55183.6
55557.2
56121.3
56142.6
56294.1
56327.1
56761.9
56772.9
56803.1
57276.7
57343
57402.1
58289.2
58311
58937
60227.5
60313.4
60375.4
60674.5
60934.8
60984.5
61069.4
61360.3
61465.1
61506.5
61883.1
61914.4
62394.5
62671.1
63300.2
63487.4
64108.5
64465.7
64695.5
64966.2
64984.3
65005.3
65272.5
65536
65679.4
65807.2
65908.8
65946.4
67102.9
67325.8
67444.2
67944.8
68865.9
69976.2
70300.8
70300.2
70335.5
70486.6
71382.4
73335.2
74382.8
74590.7
75011.8
75947.1
76285
76866
77027.7
77380.6
77422
77419
78360.2
78696.5
78940.1
79063.1
79182
79491
80081.6
80830.7
80987.3
81494.1
81563.1
81631.8
81869.5
82231.1
82245.2
82265.3
82490.9
82536.3
82799
82982
83515
83857.8
84010.2
84955.1
85236.6
85513
86111.5
86699.1
87343.4
88445.6
88519.9
89221.5
89445.6
89602.7
89970.5
90093.8
90406.3
91029.6
91243.8
91635.5
92083.7
92252.6
94577.3
95369.9
95707
95740
95922.5
96015.3
96346.6
96470
96478.9
96612.5
96893.3
96937.2
97064.4
97254.1
97372.3
97455.9
97605.7
97632.7
97630
97906.6
98033.4
98312.5
98329.1
98349.2
98654.6
99225.6
99374.7
100391
100851
100897
100942
101295
101772
102256
102786
103198
103215
103313
103318
103493
103634
103825
104105
104176
104651
105137
105338
105516
105866
106544
107083
107228
107475
107682
107688
108131
108261
108416
108569
108568
108631
109093
109241
109651
109882
110370
110387
110957
112063
112460
113005
113844
113966
114561
114888
115106
115151
115716
115716
115725
116090
117185
117253
117663
119620
120680
120760
121334
121560
121763
122011
122039
122335
122878
123821
124432
124611
124702
124987
125133
125540
125582
125720
125860
125923
126040
126188
126260
126368
126479
126748
126886
127037
127274
127590
128207
128408
128699
129157
129362
129613
130386
130817
131105
131658
132061
132238
132417
132756
132935
133932
134287
135431
135470
136058
136094
136344
136996
137725
138175
139609
140041
140258
140428
140511
140743
141230
141484
141803
142058
142113
142123
142343
142674
142720
143039
143165
143322
143415
143920
144199
145135
145332
145413
145535
145793
145978
145990
146082
146845
147692
147818
147939
148033
148637
148867
148911
148928
149247
149422
149671
149697
149719
150105
150439
150933
150996
151268
151896
152193
152706
153482
154356
154633
154817
155046
155321
155421
155564
156281
156563
157378
157673
158409
158620
159085
159119
159432
159504
160280
160288
161233
161454
161695
161717
162185
162291
162299
162967
163460
163467
163772
164026
164059
164295
164412
165049
165277
165503
165764
165930
165991
166019
166259
166716
166728
167460
167730
167989
168847
168886
170200
170479
170654
170665
170812
170947
170940
171399
171810
171860
172047
172464
172681
172795
173034
173432
173829
174089
174479
174504
175163
175815
176005
176124
176561
176553
177198
177211
177240
177610
177840
178175
179141
179151
179390
179797
180112
180265
180353
180834
181603
183254
183980
184115
184347
184973
185462
185883
185986
186229
186290
186432
186862
186950
187009
187228
187600
187637
187765
187929
188169
188293
188415
188646
189039
189091
189205
191679
192616
193030
193380
193411
193618
193723
195518
195673
196031
196723
196754
197281
197756
198370
199070
199072
199213
199638
199866
