559.03
789.29
974.16
1062.98
1173.76
1290.99
1318.17
1738.83
2656.01
3037.84
3217.07
3367.19
3371.35
3738.63
3998.19
4999.74
5178.02
5508.49
5706.43
5770.05
5876.04
6085.42
6288.83
6512.81
6656.28
7116.26
7463.21
7635.32
8061.18
8129.86
8283.12
8554.65
8702.45
9134.34
9526.56
9846.75
9879.05
9890.36
10096.1
10184.7
10424.8
11585.4
12060.7
12269
12330
12341.8
12394.8
12917.6
13132.3
13195.4
13730.2
13835.9
13871
13923.1
14006
14336.8
14407.3
14596.5
15087.2
15308.6
15804.6
16554.4
17144.7
17407.2
17411
17675.1
18035
18420
18440.9
19443.5
19468.2
19825.2
20031.8
20046.2
20351.6
20749.3
20980.1
21483.5
21748.9
21953.3
22011.4
22388.1
22552.2
22615.9
22746
23195.1
23428.2
24110
24507.9
24694.1
24720.8
24987.4
25033.2
25117.7
25371
25464.4
25658.1
25818.3
26471.4
26487.8
26811.3
26888.2
27377.2
27408.7
27868.5
28229.3
28265.2
29121.5
29554.8
30333.1
30538.1
30560.6
30748.4
30755.6
30755.3
31032.7
31892.3
32412
32910.3
32924.5
33411.1
33519.4
33580.6
33595.4
34412.9
34585.9
34871.3
34919.4
34947.4
35155.4
35267.4
35270
35496.7
35553.9
35584.4
35715.1
35984.6
36235.7
36290
36558.3
36833.9
36878.1
37729.6
38303.3
38923.2
39140.7
39422.9
39804.3
39885.2
40053
40139.7
40222.2
40266.2
40655.3
41028.4
41210.5
41682.1
42052.1
42391.4
42411.3
42914.7
42939.2
43046.9
43378.9
44357.8
44708.2
44785.4
44989.9
45530.4
46248.7
46578.2
46658.2
46934
47354.5
47636.6
47973.3
48280.7
48376.9
48380.8
48498.1
48644.2
48676.4
48843.1
49436.2
49615.2
49632.3
49779
50058.7
50225.8
50271.3
50338.9
50831.5
50839.5
51234.1
51706.4
52359.4
52637.3
53173.1
53181.8
53495.7
53662.4
53722.8
53964.7
54177
54563.2
54641.9
54725.2
54740.7
54917.1
54913.2
55165.3
55382.2
55729.2
55758.8
56170.3
56440.9
56448.9
56854.4
57058.6
57152.7
57351.6
57820.8
58137.6
58363.2
58482.4
58675.3
59019.7
59131.1
59495.3
59543.2
60164.1
60691.5
61089.4
61529.1
61996.6
62452.1
62755
62822.3
63142.6
64213.4
64517.7
64649.6
64738.9
64917.9
65317.8
65389.9
65555.7
65572.9
65690
66421.8
66477.8
66720.9
67449.4
67496.6
68000.1
68101.5
68311.2
68530.3
68817.5
68910.4
68942.9
69140.3
69170.6
69194.8
69540.3
69795.1
70403.1
70504.4
70592.1
70668.1
70959.4
71188.8
71196.7
71487.5
71658.3
71655.1
71670.4
71738.3
71809.7
71941.6
72178
72526.6
72683.9
72752.7
72857.7
72878.9
73029.6
73140.2
73266.7
73321.7
73386.5
73525.3
73726.6
73732.9
73928.8
73995.7
74245.9
74573.2
74851.4
74959.7
75097.6
75222.8
75454.6
75614.3
75835
76297.8
76486.8
76887.5
77060.1
77059.7
78074.9
78244.2
78349.3
78856.5
79763.9
79805.8
80205
80759
81103.5
81182.8
81617.2
81944.2
81993.3
82359.9
82546.4
82685.4
82807.7
82888.7
82972.6
83035.4
83100.5
83451.4
83458.1
83688.4
83735.6
83938.2
84037.2
84804.5
85607.3
85633.4
88367.8
88377.8
88957.3
89039.2
89027.1
89243.3
89309.4
89362.8
89396.5
89546.2
89710.2
89996.8
90285
90304
90401.1
90685.1
90845.5
91002.3
91041.2
91115.7
91122.3
91216.3
91374.8
91433
91647.3
91760.7
92244.4
92389.5
92419.3
93146
93324.1
93487.5
93600.1
94037.3
94679.8
94783.9
95166.4
95201.4
95533.5
95641.9
95661.1
95910.5
96262.7
96349.8
96588.8
96794.6
97044.4
97124
97231.7
97295.9
97466.8
97835
97872
97996.3
98072.9
98608.2
98644.8
98957.4
100003
100442
100791
100985
101052
101312
102079
102386
102426
102732
102978
104089
105148
105781
106067
106202
106216
106231
106265
106666
106986
107225
107347
107691
108342
108369
108557
108650
108719
109239
109476
109688
110538
110670
111022
111262
111349
111396
111427
111475
111680
111904
111987
112351
112433
112571
113279
114498
114898
115056
115390
115530
115595
115637
115867
116093
116185
116222
116590
116628
116628
116642
116971
116982
117198
117358
117406
117560
117634
117690
117930
118061
118198
118258
118278
118326
118547
118638
118790
119010
119001
119346
119444
119828
119841
119901
119940
119990
120146
120286
120329
120488
120588
120866
120910
120967
121251
121535
121976
122301
122443
122518
122595
122623
122651
122744
122812
123225
123512
123563
123611
123870
123957
123998
124142
124146
124402
124430
125037
125069
125497
125500
125973
125988
126225
127128
127240
127346
127555
127948
129355
129493
130187
130199
130358
130496
130673
130733
130826
130833
130916
131227
131314
131404
131410
131957
132176
132569
132932
133313
133773
133826
133991
134128
134376
134520
134671
134676
134708
134814
134925
135352
135363
135571
135618
135761
136399
136532
136624
136948
137692
138016
138070
138947
139292
139648
140221
140394
140562
140574
140657
141235
141268
141415
141749
142196
142434
142499
142651
143119
143464
143561
143783
143887
143926
144120
144173
144189
144272
144323
144408
144545
144710
144814
145053
145301
145651
145752
145844
146185
146446
147089
147394
147591
147700
147857
147883
147973
148035
148189
148242
148286
148339
148341
148398
148409
148703
148775
149030
149283
149979
150549
150999
151632
151920
152354
152499
153322
153457
153759
153845
154013
154493
154648
154771
154949
155078
155203
155551
155886
156051
157009
157295
157312
157423
157424
157975
158199
158235
158376
158513
159588
160378
161267
161408
162555
163453
163501
163504
163635
164490
164663
164707
165443
165519
165759
165772
166003
166460
166488
166671
167404
167564
167682
167717
167783
169905
170684
170709
170873
171016
171362
172426
172481
172713
172775
173147
173464
173492
173674
174195
174653
174782
174979
175014
175383
175916
176633
176729
176741
177368
177628
177817
178116
178392
178623
178801
179011
179163
179173
179343
179753
180165
180207
180380
180494
180620
180751
180943
181417
181486
181664
181931
182048
182560
182575
182870
183226
183596
183943
184133
184410
184506
184751
184853
184920
184987
185275
185337
185606
185899
186172
186318
188041
188383
189240
189333
189328
189506
189575
189703
189720
190256
190266
190361
190826
191240
191335
191504
191794
191881
191988
192045
192246
192375
192441
192460
192667
192812
192918
193035
193139
193322
193843
193864
194119
194284
194860
195720
196759
196979
197027
197309
197666
198036
198336
198414
198604
199101
199112
199154
199358
199453
199458
199625
