877.36
925.5
955.42
1005.89
1009.73
1029.42
1060.24
1065.47
1077.7
1079.02
1098.07
1115.33
1129.16
1130.95
1134.58
1150.42
1165.74
1177.96
1207.46
1222.76
1377.57
1392.9
1415.16
1415.94
1417.01
1435.16
1435.21
1439.74
1471.46
1475.11
1489.88
1535.2
1583.19
1609.02
1610.81
1634.09
1658.71
1660.98
1690.35
1694.46
1716.22
1721.59
1751.42
1752.63
1816.35
1846.41
1848.72
1881.91
1926.6
1940.2
1963.97
1968.3
1977.04
2000.4
2073.21
2085.27
2103.32
2110.49
2122.19
2130.25
2133.18
2160.06
2187.57
2243.13
2265.93
2276.29
2300.01
2319.22
2337.33
2345.1
2367.54
2379
2414.69
2652.63
2699.49
2719.06
2743.04
3956.97
4679.99
4735.09
4768.74
4784.34
4829.96
4859.41
4864.58
4898.04
4964.93
4980.88
5025.45
5061.44
5376.2
5539.09
5564.21
5576.43
5710.23
6368.41
6483.79
6907.53
6936.31
6959.05
7113.77
7135.5
7140.48
8239.3
8314.41
8316.26
8318.87
8349.67
8363.49
8409.69
8468.12
8473.06
8496.16
8519.21
8544.02
8547.63
8551.43
8604.58
8620.12
8646.01
9035.02
9058.06
9373.25
9395.9
9503.36
9636.04
9652.09
9897.62
9898.2
9990.51
10045.9
10379.8
10389.5
10455.4
10502.1
10556.2
10626.1
10684
10767.1
10809.1
10815.3
10835.4
10859.2
10877.4
10970.9
11635.6
11724
11942.2
11975.7
12077.4
12092.3
12117.9
12181.4
12270.3
12300.3
12305.5
12320.3
12342.4
12343.5
12358.1
12364.5
12377.5
12403.6
12422.1
12471.4
12479.9
12489.9
12782.3
13295.4
13540.2
14082.5
14820.4
14866.2
14918.9
14990.3
15000.5
15024.6
15068.4
15082.9
15129.8
15269.8
16146.7
16174.6
16182.4
16187.4
16196.8
16433.9
16623
16801.5
16805.9
17084.5
17510.1
18727.2
18765.5
18771.1
18783.3
19225.3
19267.3
19288
19293.2
19322.6
19335.8
19337.3
19342.2
19383.2
19400.9
19410.1
19426.1
19435.7
19443
19458.3
19481
19506.6
19580.2
19623.5
19644.1
19685.4
19713.6
19723.6
19836.7
20264.6
20307
20341.4
20358.8
20366.9
22917.2
23731.2
23752.9
23795.3
25211.3
25323.5
25416.7
25419.3
25586
25635.2
25638.6
25640.9
25663.3
25678.7
25698.5
25714.6
25730.3
25730.8
25751.1
25764.2
25789.7
25841.7
25878.8
25902.1
26152.6
26162.3
26871.4
29870.5
31787.3
32349.6
32754.9
32788.8
32806.6
33365.2
34222.6
34288.1
34315.5
34326
34338.2
34379.4
34902.6
35029.8
35057.1
35171.4
35505.5
36696.7
36993.6
37002.3
37003.7
37121.5
37142
37161.5
37178.6
37417.2
37463.2
37482.7
37487.3
37496.8
37930.1
38029.4
38055.8
38078.1
38080.4
38087.5
38094.8
38481.2
38757.6
39174.6
40020.8
40046.1
40100.6
40146.9
40168
40210.3
40227
40567.2
40568.8
40647
40688.3
40767.9
40813.2
40892
40892.9
40930.5
40933.2
40952.3
40959
40970.1
40996
41022.8
41046.9
41103
41129.5
41195.8
41213.9
41219.2
41221.2
41230.2
41478.2
41606.1
41626.6
41651.5
41668.6
41714
42633.2
43069.9
43810.3
44055.3
44257.7
44282
44292.6
44318.1
44330.1
44351.3
44362.6
44363.7
44377.6
44386.3
44422.8
44695.4
45158.5
45165.4
45187.7
45189.7
45253.4
45272.7
45355.3
45685
45725.4
45799.6
46525.3
46529.2
46624.8
46658.5
46723.9
46728.4
46776.5
46787.3
46813.2
46850.5
47541.5
47684.8
47742.9
47759.2
47773
48443.9
48555.2
48608.2
48629.1
48642.6
48643.9
48652.8
48693.8
48735.7
48848.8
48855
48866.1
48887
49392.4
49986.8
50026.2
50113.7
50209.2
50215.6
50353.4
50805.1
50852.1
50895.1
50939.6
51275.8
51295.1
51342.4
51379.7
51385.4
52131.2
52409.1
52429.3
52472
52571
52787.6
52792.7
52877.2
52886.4
52890.9
52901.1
52914.7
52930.7
52961.5
54090.7
54396.6
54415
54446.1
58604.6
58638.1
58675.2
58692.8
58697.8
58731.6
58932.5
58967.2
58992.5
58996.5
59015.5
59023.1
59046
59060
59060.4
59076.5
59081.9
59098.9
59102.4
59146
59253.5
59283.8
59357.3
60808.4
61207.2
61298.5
61396.1
61398
61448.3
61455.4
61456.3
61470.1
61478.8
61568.1
61570.8
61587.8
61648
61676.3
61690.3
61691.7
62011
62014.6
62045.9
62055.9
62065.9
62095.8
62105
62162.3
63072
63073.2
63091
63323
64740.3
66541.8
67790.9
69591
69606.5
69616.8
69623.2
69638.6
69658
69747.5
69796.5
69813.7
69850.4
70494
70523.6
72411.4
72430.3
72450.7
72455.8
72466
72880.8
73149.8
73166.3
73180
73182.5
73197.4
73612.8
73735.4
73947.7
74010.5
74607.2
74622
74624.4
74629
74633.2
74635.1
74647.3
74661.6
80699.4
80721
81072.9
81154.2
81160.5
82417
82424.1
82435.6
82479.6
82484.2
82530.6
82561.9
83155.1
85612.1
88195.6
88225
88247.1
88250.8
88267.6
88304.8
88342.7
88348.8
88366.8
88424.7
88456.3
88795.5
88803.6
88815.4
88838
88842.3
88889.8
88894.4
88917.2
88927
88943.1
89000.6
89019.8
89021.2
89029.9
89071.8
89106.6
89107.2
89123.3
89129.8
89174.3
89176.5
89324.8
89429.9
89493.1
89636.6
92023.4
92431.9
96835.8
96874.3
96919.5
96940.2
96966.2
96974.3
96975.6
97003.4
97017.1
97021.2
97952.1
97993.4
98007.8
98626.1
98654.6
98656.7
98707.9
99143.8
99153.2
99571.7
99584.8
99616.4
99655.1
99658.9
99691
99703.7
99732.6
99739.7
99745.3
99747.6
99767.2
99779.5
99790
99833.6
99835.3
101188
101283
101403
101435
101491
101668
101699
101754
102398
102659
102665
102732
102830
103013
103034
103068
103086
103094
103138
103154
103363
103368
103381
103392
103400
103417
103427
103434
103435
103613
103646
103668
103673
103697
103705
103716
103721
103738
103753
103761
103768
103829
103840
104444
104446
104451
104452
104476
104512
105888
107842
107940
107998
107999
108001
108065
108085
108127
108231
109765
109797
109819
111805
113747
113804
113827
113858
113894
113895
113903
113921
114429
114464
114478
114486
114550
114560
114578
115044
115053
115061
115098
115127
115146
115192
115195
115356
115442
115467
115465
115500
115512
115546
115563
115575
115582
115587
115706
115912
115931
115939
116009
116222
116259
117174
117180
117194
117646
118089
118885
118955
119254
119481
119507
119553
119559
119606
119613
119624
119691
120012
120038
120108
120147
120223
120222
120402
120405
120460
120477
120479
120494
120498
120501
120566
120857
120870
120989
121037
121039
121050
121075
121077
121139
121158
121186
121476
121514
122151
122979
122997
123058
123087
123132
123189
123258
123261
123349
123636
123664
123684
123699
123738
123746
123799
123801
123850
123865
123873
123898
123938
123939
123942
123959
123990
124016
124021
124067
124170
124182
124246
124267
124276
124285
124305
124315
124316
124351
124428
124489
124547
124568
124582
124593
124595
124622
124683
124820
124892
124908
124940
124943
124946
124955
126049
126068
126069
126082
126105
126114
126116
126119
126224
126505
127049
127052
127122
127124
127147
127192
127240
127275
127291
127294
127306
127403
127687
127710
127714
127726
128044
128556
130095
130195
130263
130276
130300
130303
130470
130530
131107
131217
131251
131290
131306
131368
131384
131431
131509
131565
131994
132006
132015
132037
132045
132065
132105
132115
132241
132285
132290
132313
132421
132427
132468
132477
132489
132495
132501
132527
132549
132560
132575
132682
132736
132754
132758
132775
132813
132842
133670
134295
134309
135424
135532
135540
135596
136217
136258
136606
137381
137428
137872
137919
138184
138880
138917
138934
139022
139043
139062
139052
139078
139086
139120
139148
139183
139245
139246
139283
139500
139506
139509
139518
139879
139896
139946
140276
140317
142112
142132
143001
143007
145214
145488
145494
145518
145543
145555
145557
145616
145627
145654
145655
145659
145673
145750
145754
145808
145850
145865
145942
145945
145968
146154
146635
148373
148390
148395
148415
149634
149725
149755
149873
149899
149933
150077
151134
151407
152021
152312
152351
152355
152358
152367
152387
152396
152402
152404
152419
152422
152439
152450
152453
152452
152501
152580
152722
152733
152737
152823
152837
152843
152861
152886
158175
159651
159798
159844
159931
159933
160043
160062
160064
160119
160178
160207
160226
162160
163509
164135
164343
164393
164418
164433
164455
164465
164507
164513
164541
164733
164847
165038
165099
165114
165164
165192
165221
165238
165240
165274
165304
165322
165367
166143
166144
167169
167213
167225
167714
167884
167896
167925
167956
167960
167963
167964
167974
167980
167984
167989
168042
168093
168096
168097
168110
168125
168195
168272
168849
168867
168871
168893
168912
168956
169030
169050
169097
169105
169184
169207
169215
169259
169258
169274
169282
169303
169305
169316
169321
169322
169336
169345
169351
169355
169375
169383
169423
169437
169439
169534
169571
170581
170648
170707
170708
170717
170747
170842
170851
170889
171013
171839
171866
171874
171905
171947
171953
171971
172465
172487
172493
172524
172583
172622
172642
172696
173033
173051
173060
173075
173150
173179
173182
173207
173351
173606
174156
178202
178777
179448
179495
179558
179807
179942
180196
180232
180304
180305
180314
180357
180405
180701
181109
181135
181161
181166
181185
181226
181255
181262
181274
181816
181991
182011
182035
183649
183681
183777
188359
190527
190530
190532
190778
190785
190880
191042
191992
192262
192515
192911
193984
194097
194185
194349
194378
194385
194403
194431
194479
194746
195795
195967
197164
197262
197265
197342
197457
197501
197520
197523
197729
197770
197789
197956
197964
198649
198815
199087
199094
199133
199155
199178
199585
199643
199663
199775
199856
