871.75
876.56
882.84
893.41
900.82
907.39
913.24
919.39
921.77
923.77
925.2
929.26
930.97
935.34
943.32
954.12
956.33
959.81
970.77
971.71
977.17
980.87
992.04
996.36
997.48
1001.09
1004.85
1007.75
1009.26
1014.13
1026.77
1028.73
1031.07
1034.28
1037.43
1041.54
1051.29
1060.21
1065.11
1073
1078.26
1084.64
1085.9
1094.66
1096.97
1098.7
1104.78
1106.96
1107.87
1109.77
1111.67
1115.96
1125.22
1128.69
1129.7
1134.98
1139.56
1142.69
1146.7
1150.03
1157.3
1158.52
1162.58
1164.83
1166.27
1168.14
1175.32
1188.02
1191.71
1193.93
1196.89
1201.08
1201.34
1202.15
1205.18
1209.12
1211.72
1214
1221.4
1223.98
1226.74
1227.72
1229.7
1232.92
1243.52
1245.06
1247.35
1256.18
1258.5
1269.56
1270.86
1290.28
1303.09
1308.46
1325.13
1337.91
1347.79
1349.42
1351.59
1353.25
1355.53
1357.81
1358.86
1362.08
1363.11
1369.13
1375.58
1378.2
1385.07
1386.14
1389.78
1392.64
1396.24
1399.25
1400.52
1401.7
1401.3
1403.31
1404.82
1406.08
1408.28
1409.75
1413.07
1415.04
1415.69
1418.56
1424.87
1429.5
1431.93
1434.66
1440.76
1445.39
1446.79
1447.77
1449.07
1450.56
1452.03
1455.01
1456.3
1458.98
1459.52
1460.91
1463.33
1465.28
1466.5
1467.29
1469.33
1474.46
1476.13
1489.77
1494.41
1495.5
1502.57
1516.19
1519.6
1528.53
1533.24
1534.86
1541.4
1543.54
1553.69
1577.39
1581.1
1582.86
1584.08
1585.94
1588.78
1591.17
1597.6
1608.53
1611.34
1618.31
1619.67
1622.48
1625.47
1626.42
1629.39
1631.74
1632.67
1633.83
1634.37
1637.71
1639.13
1640.51
1645.23
1650.75
1654.9
1660.52
1663.9
1679.27
1684.45
1683.81
1688.92
1691.18
1693.8
1696.18
1698.97
1700.73
1705.65
1708.92
1715.87
1727.01
1726.31
1729.7
1729.66
1732.27
1734.83
1740.11
1740.57
1743.09
1745.6
1751.37
1755.74
1763.68
1764.13
1771.38
1772.41
1774.23
1778.06
1778.22
1780.8
1782.74
1783.33
1784.41
1788.46
1789.09
1788.4
1797.63
1800.29
1802.84
1804.6
1807.27
1811.96
1812.16
1813.38
1818.52
1826.92
1828.18
1840.17
1845.35
1847.31
1849.16
1849.59
1854.03
1854.75
1856.12
1863.32
1864.6
1867.33
1873.6
1878.79
1881.04
1883.66
1885.6
1890.09
1895.22
1898.06
1901.1
1904.32
1905.79
1907.51
1908.02
1917.57
1927.97
1929.53
1942.87
1946.13
1952.85
1954.28
1964.57
1968.83
1974.03
1976.09
1993.32
1997.65
2000.97
2002.08
2004.96
2009.79
2013.02
2017.79
2029.35
2030.29
2036.09
2041.38
2047.01
2051.08
2054.74
2055.62
2062.22
2065.53
2071.2
2073.88
2074.93
2086.77
2088.8
2091.87
2094.53
2098.59
2102.39
2106.37
2109.1
2111.02
2116.28
2120.99
2125.44
2127.98
2129.99
2132.68
2134.24
2139.95
2141.49
2143.68
2151.37
2153.51
2159.69
2161.67
2166.92
2168.51
2173.96
2176.06
2179.28
2185.19
2187.16
2199.58
2202.78
2206.84
2208.09
2230.51
2239.98
2250.73
2254.51
2259.81
2261.46
2264.17
2265.77
2266.48
2268.53
2269.96
2273.68
2276.81
2287.29
2291.58
2296.4
2299.86
2300.94
2304.3
2318.76
2335.13
2337.3
2340.41
2345.03
2363.14
2367.41
2378.92
2414.4
2652.5
2699.42
2707.86
2718.87
2724.19
2732.67
2739.18
2740.93
2742.97
2744.39
2746.81
2750.23
2754.58
2759.43
2762.15
2769.05
2770.73
2771.85
2773.01
2774.31
2775.49
2778.11
2779.96
2780.83
2782.58
2784
2785.75
2789.89
2793.86
2795.8
2797.52
2799.76
2802.5
2805.27
2806.64
2809.13
2813.56
2815.18
2819.43
2820.71
2822.32
2825.09
2827.85
2828.95
2831.44
2834.53
2836.19
2838.26
2840.73
2852.93
2856.5
2860.61
3696.34
3715.29
3717.74
3721.53
3724.51
3725.73
3728.76
3732.01
3735.03
3740.36
3741.58
3744.67
3746.58
3748.35
3751.98
3756.07
3758.49
3760.73
3769
3773.75
3776.02
3782.3
3794.68
3810.43
3818.53
3820.3
3825.95
3829.74
3831.69
3835.08
3840.26
3844.38
3846.19
3852.03
3855.63
3855.28
3857.77
3859.54
3861.27
3866.48
3866.87
3869.09
3875.05
3878.32
3881.26
3883.82
3885.02
3888.57
3893.96
3902.95
3905.06
3906.99
3908.79
3912.75
3917.66
3924.59
3926.63
3928.53
3936.56
3949.55
3953.59
3956.94
3963.1
3968.5
4005.66
4007.25
4011.15
4026.31
4054.81
4057.41
4063.23
4082.6
4085.37
4134.76
4141.38
4210.25
4674.67
4683.77
4710.51
4716.16
4722.48
4727.65
4731.35
4734.15
4738.91
4748.81
4755.23
4760.27
4763.11
4779.65
4780.84
4783.9
4790.78
4799.36
4801.09
4810.22
4811.82
4815.49
4829.05
4833.4
4849.82
4863.43
4880.51
4883.35
4888.22
4890.28
4892.91
4895.08
4897.53
4899.74
4903.26
4909.93
4912.33
4916.7
4918.31
4928.7
4930.33
4934.23
4940.16
4942.47
4950.71
4955.63
4959.98
4964.38
4966.08
4973.07
4979.68
4981.96
4987.01
4987.95
4991.59
4993.07
4997.16
4999.92
5003.73
5006.26
5007.29
5008.48
5011.69
5016.16
5026.44
5539.66
5543.31
5547.61
5576.02
5578.24
5677.11
5710.17
5906.21
6483.77
6905.99
6909.84
6917.57
6928.43
6942.12
6945.88
6948.89
6954.93
6956.46
6958.52
6960.16
6962.61
6969.88
6971.89
6974.19
6977.83
6981.25
6987.51
6989.76
6999.52
7003.34
7004.17
7007.6
7010.42
7015.29
7018.96
7021.3
7031.46
7033.3
7034.41
7036.55
7038.76
7041.62
7043.94
7048.4
7052.49
7055.74
7057.09
7060.1
7066.61
7069.56
7092.57
7111.86
7113.29
7115.78
7118.39
7135.25
7136.76
7140.26
7156.42
7332.84
7347.53
7350.28
7356.45
7357.86
7360.25
7364.84
7367.69
7369.13
7372.1
7375.14
7378.85
7381.5
7384.46
7385.44
7386.77
7388.91
7391.44
7397.91
7400.78
7402.53
7404.62
7407.32
7408.6
7410.73
7413.3
7414.81
7417.75
7420.83
7424.75
7428.74
7431.04
7450.16
7452.1
7469.89
7492.06
7503.9
7568.74
7584.82
7610.37
7616.65
7664.97
7723.35
7725.63
7753.22
7755.55
7764.16
7770.54
7796.56
7797.95
7804.5
7811.43
7817.52
7822.1
7830.31
7832.98
7840.05
7843.4
7846.05
7847
7851.14
7852.94
7854.74
7865.08
7868.42
7872.64
7889.69
7894.11
7897.62
7899.88
7909.39
7913.1
7914.17
7953.65
8022.31
8036.43
8040.41
8044.29
8174.96
8196.38
8230
8234.82
8242.88
8246.67
8248.53
8258.01
8268.74
8270.77
8272.16
8277.54
8286.4
8287.78
8292.82
8294.45
8295.24
8298.67
8300.68
8307.45
8312.52
8313.78
8315.77
8317.2
8322.7
8324.31
8327.11
8329.46
8332.16
8333.26
8334.83
8338.36
8339.92
8343.68
8346.1
8348.2
8351.04
8352.22
8355.81
8358.77
8360.59
8363.09
8365.68
8371.06
8375.32
8378.02
8384.74
8388.63
8390.42
8395.5
8398.76
8401.59
8404.14
8406.56
8408.97
8412.53
8415.23
8421.96
8425
8427.53
8431.19
8432.89
8435.33
8444.03
8444.91
8448.15
8449.39
8463.36
8467.9
8471.39
8472.42
8490.33
8493.13
8495.79
8518.05
8518.94
8543.46
8551.28
8619.92
8884.51
8920.77
8931.89
8947.43
8948.5
8950.79
8959.99
8962.38
8964.92
8968.7
8981.75
8987.02
8989.96
9000.5
9010.39
9019.11
9024.67
9026.77
9031.94
9034.33
9036.24
9039.18
9057.96
9072.79
9373.17
9456.45
9634.66
9635.66
9652
9812.32
9897.46
9898.03
9978.68
9990.16
10045.6
10057.4
10128.2
10149.5
10153.4
10154.2
10161.3
10167.5
10171.5
10173.7
10177.3
10178.3
10183.9
10185.9
10195.1
10197.5
10200.3
10203
10361.6
10368.2
10377.9
10379.4
10401.9
10414.1
10419.6
10423.6
10437.4
10442
10444.5
10446.7
10449.3
10452.2
10462.7
10465.1
10471.1
10474.2
10476
10483.6
10488.5
10491.4
10495.4
10501.8
10542.6
10547
10548.7
10554.5
10555.7
10564.6
10567.5
10571.3
10576.5
10582.8
10595
10598.2
10609.1
10631.5
10636
10639.3
10642.1
10645.5
10647.1
10649.8
10650.7
10653
10656.5
10658.7
10661.9
10663
10666.4
10668.6
10669.7
10674.2
10675.7
10680.5
10683
10685.1
10690.9
10695.4
10698.1
10699.2
10702.8
10707.8
10709.8
10718.2
10720
10721.7
10726.5
10729
10730.7
10773.4
10811.4
10814.8
10820.1
10826.4
10831.4
10835.4
10857.3
10859.2
10876.9
11108.8
11118.1
11121
11122.6
11126.3
11130.6
11133
11139.7
11142
11142.3
11143.6
11150.7
11154.2
11154.5
11158.6
11159
11167.6
11169.9
11173.9
11177.3
11180.4
11187.8
11193.3
11194.5
11195.7
11198.1
11201.2
11253.8
11256.4
11261.5
11269
11270.8
11272.4
11278.6
11290.9
11297.2
11309.5
11472.3
11481.7
11490.3
11494.2
11501.7
11512.9
11514.9
11519.6
11530.2
11533
11538.2
11552.8
11554
11557.9
11564.8
11569.7
11570.5
11572.1
11575.9
11582.3
11590.8
11592.8
11599.4
11601.2
11602.5
11606.4
11610.3
11616.3
11617.5
11619.3
11620.9
11622.3
11624.6
11625.7
11628.1
11630.5
11631.6
11636.1
11636.8
11639.1
11640.2
11644.1
11645.7
11646.3
11650
11652.6
11657.9
11660.1
11681.7
11685.1
11787.6
11945.7
11975.5
11978.2
11988.1
12028.9
12077.1
12082.4
12083.4
12086.6
12092.1
12094.7
12119.2
12121.5
12123.6
12125.2
12135.4
12145.5
12189.2
12192.3
12196.8
12199.2
12201.1
12204.2
12206.6
12208.1
12213.4
12215.8
12218.1
12220
12221.9
12223.7
12225.3
12227
12237.3
12239.6
12245.7
12258.1
12263.7
12265.3
12268.5
12269.5
12274.7
12277.8
12283.4
12286
12292.7
12294.4
12299.8
12302.3
12304.8
12311.4
12314.2
12320.3
12324.6
12335.3
12342.1
12343.3
12360.4
12361.8
12364.3
12367.7
12377.5
12380.1
12385.9
12392.6
12403.2
12422
12476.8
12478.1
12487.1
12488.7
12489.8
12502.9
12506.8
12509.2
12511.5
12516.2
12517.6
12523.4
12527.9
12537.3
12540.5
12544.2
12549.7
12569.2
12632.7
12782.1
12863.6
12943.2
12963.2
12986
13014.7
13018.1
13022.3
13040.6
13051.9
13053.4
14772.6
14784.9
14784.3
14798.1
14800.7
14812.3
14813.9
14820
14823.8
14826.5
14830.6
14833.4
14835.6
14836.9
14840.2
14845.7
14847.4
14850
14851.8
14854.5
14857.9
14860.6
14865.4
14867.3
14913.2
14918.7
14990.2
15000.2
15021.8
15024.2
15027.7
15037.4
15058
15064.4
15066.5
15071.3
15073.4
15079.1
15082.9
15089
15092.3
15094.9
15097.1
15100.4
15106.5
15115.5
15123.7
15124.7
15127.2
15129
15134.2
15141.5
15144.8
15147.4
15148.5
15151.2
15163.4
15190.7
15214
15222.4
15244.7
15250.6
15256
15288.3
15293.8
15406.5
15416.3
15420.2
15439.8
15444.3
15446.1
15453.9
15455.6
15458
15465.5
15468.9
15470.7
15478.6
15481.8
15484.2
15486.8
15489.5
15491.1
15494.2
15495.7
15498.9
15504.1
15506.6
15510
15511
15515.4
15520.7
15522.3
15523.5
15526.8
15533
15535.9
15538.6
15546
15548.1
15558.2
15562
15563.2
15564.3
15565.8
15573.2
15576.1
15578.6
15580.3
15583.6
15585.4
15587
15590.5
15591.7
15602.6
15607.1
15608.5
15611.2
15612.4
15613.3
15616.9
15620
15623.8
15627.9
15630.6
15632.3
15636.6
15638
15639.6
15644
15649.9
15653.1
15653.9
15655.3
15659.1
15662.5
15672.9
15674.9
15678.8
15682.7
15694.5
15702.1
15703.9
15711.5
15716.7
15721.3
15729.5
15733.2
15735
15738.9
15740.5
15743.8
15744.9
15747.2
15752.7
15754.7
15757.1
15761.7
15765.7
15766.8
15768.9
15775.1
15777.5
15779.5
15784.1
15792.3
15802.2
15809.7
15863.9
15941
16146.3
16174.5
16622.5
16698.8
16703.3
16720.7
16723.4
16724.6
16725.6
16728.9
16732.1
16734.5
16737.5
16740.3
16743
16745.9
16748.6
16752.4
16755.2
16755.8
16757.9
16766.4
16768.2
16769
16772.9
16785
16791.9
16801.2
16805.2
16805.6
16808.2
16821.3
16823.8
16829.8
16841.7
17007.2
17084.2
17094
17107.3
17382
17396.7
17400.2
17411.1
17417.5
17421.9
17425.7
17435.3
17643.5
18727.2
18728.3
18732
18736.7
18738.8
18742.3
18746.5
18747.6
18751.6
18755.9
18759
18761.1
18762.3
18767.1
18768
18768.9
18771.8
18776.9
18779
18784.7
18787.9
18794.5
18809.5
18811.5
19027
19031.2
19032.6
19033.1
19056.6
19073.6
19084.3
19088.8
19094.8
19104.8
19225.9
19228.6
19236.4
19240
19246.9
19253.2
19255.8
19270.4
19274.1
19276.5
19285.3
19286.9
19290.2
19292.5
19296
19297.2
19298.1
19302.2
19303.8
19306.2
19312.8
19314.5
19322.1
19324.7
19325.7
19329.5
19335
19336.4
19338.9
19345
19345.9
19351
19357.1
19365.1
19378.2
19381.8
19397.7
19400.8
19406.8
19409.3
19410.6
19412.9
19425.6
19430
19434.9
19439.9
19442
19456
19457.1
19477.7
19480.5
19486.4
19493
19495.6
19505.5
19507.1
19511.8
19514.7
19517.6
19518.9
19523.5
19527.4
19529.7
19533.6
19537.6
19542.2
19547
19549.9
19553.2
19555
19560.5
19561.6
19565.9
19569.5
19573.1
19580
19592
19600
19605
19608.9
19612.7
19616
19619.7
19623.4
19624
19625.8
19631.1
19633.5
19635.8
19640.4
19643.5
19645.2
19650.6
19654.4
19671.6
19685.2
19718.4
19723.3
19727.6
19753.6
19761.1
19765.1
19768.8
19786.1
19789
19793.7
19809.4
19812.7
19830
19836.4
19851.5
19854
19856.3
19860.4
19872.3
19877.9
19879.4
19886.8
19924.1
19925.7
20071.1
20076
20081.6
20087.8
20095.1
20102.6
20106.4
20111.1
20113.8
20116.7
20124.7
20126.5
20130.4
20131.9
20136.1
20139.8
20150.9
20153.7
20157.3
20164.7
20185.8
20204.3
20217.9
20229.6
20230.2
20244.6
20248.2
20252.9
20254.4
20258.2
20261.3
20260.4
20265.2
20267.9
20268.8
20271.1
20276.1
20278.8
20285.5
20287.1
20289
20292.4
20294.4
20297.2
20305
20309.3
20309.9
20312.7
20315
20316.5
20319.2
20319.4
20324.7
20327.7
20333.5
20334.4
20337.9
20341.3
20342.4
20347
20353.1
20358.8
20360.2
20361.6
20366.5
20376.9
20384.4
20389.8
20408.5
23526.1
23732.4
23734.4
23737.8
23742.8
23753.9
23756.7
23758.7
23761.9
23765.8
23768.2
23770.9
23798.8
23812.3
25075.1
25082
25101.1
25102.7
25103.8
25106.1
25107.2
25109.2
25111
25113
25321
25324.1
25329.6
25335.8
25350
25357.5
25361.4
25363.7
25370.9
25375.7
25378.8
25391.8
25416.6
25420.1
25424.5
25426.5
25429
25432.7
25439.1
25441.3
25448.8
25458.8
25466.8
25477.1
25517.7
25592
25614.4
25622.5
25638.2
25639.3
25642.2
25640.7
25645.6
25656.6
25663.1
25679.7
25683.8
25684.7
25690.1
25696.3
25700.7
25707.2
25711.6
25715.7
25718.8
25720
25731.2
25736.9
25737.8
25738.9
25740.7
25744.7
25764.1
25766.6
25779.1
25785.2
25787.1
25789.7
25796.5
25808.3
25819.5
25825.7
25828.9
25841.6
25875.9
25878.4
25901.8
26152.4
26161.7
26162.7
26187.6
26193.5
26196.5
26197.8
26200.7
26202.8
26210.3
26211.8
26218
26222
26872.2
26874.6
26878
26881.4
26885.8
26887.7
27021.6
27028
27036.1
30147.2
30313.8
30323.2
30328.9
30335.8
30337.4
30342.1
30344.9
30347.1
31325.8
31334.9
31345
31400.1
31412.3
31425.7
31486.4
31546.5
31548.6
31550.3
31553.1
31560
31569.6
31571
31958.3
32034.3
32047.3
32052
32075.8
32122.4
32135
32140
32141.5
32144.8
32160.5
32162.3
32539.9
32551.3
32562.6
32569.1
32571.5
32573.2
32579
32582.3
32584.1
32586.9
32590.4
32592.8
32596.1
32598.2
32603.9
32605.8
32618.5
32623.6
32634.4
32651.9
32653.6
32654.9
32658.6
32663.2
32666.3
32669
32673.4
32676.2
32681.9
32688.6
32754.8
32772.3
32788.6
32795.5
32809.4
32816.9
32826.8
32840.8
32846.6
32848.4
32851.8
32864.4
32866.3
32872.1
32872.9
33364.8
34222.2
34257.8
34273.2
34287.7
34290.5
34315.1
34318.9
34325.8
34337.9
34379.3
34796.7
34823.3
34827.7
34830.3
34833.7
34834.7
34836
34837.5
34841.1
34844.1
34847.9
34852.5
34860.8
34865.7
34868.1
34870.7
34874.4
34876.2
34879.2
34880.6
34889
34900.4
34902.5
34913.7
34917.5
34929.1
34931.2
34939
34942.6
34955.3
34977.9
34991.7
35044.9
35053.5
35095.3
35131.5
35153.3
35164.7
35171.2
35172.5
35195
35243.8
35355.4
35377.1
35388.9
35392
35399
35401.4
35406.4
35409.2
35413.2
35416.4
35420
35425.4
35429.1
35430
35431.9
35434.9
35446.4
35449.5
35450.7
35452.7
35455.1
35461
35469.3
35471.6
35472.8
35475.2
35477.1
35484.4
35489.1
35493.4
35499.6
35506.6
35509.6
35513.1
35514.8
35520.1
35523
35526.5
35533.1
35538
35543.1
35547.8
35551.2
35552.8
35584.9
35603.9
36627.8
36670.2
36681
36683.5
36685.1
36687
36688.4
36692.1
36693
36694.8
36697.4
36701.3
36703
36707.3
36708.5
36711.5
36720
36729.6
36733.6
36758.2
36836.9
36854.2
36860.5
36864.4
36874.8
36878.3
36880.7
36883.7
36890.7
36885.4
36896.8
36903.1
36906.2
36909.2
36911.7
36914.4
36916.7
36921.1
36926.1
36928.2
36929.9
36933
36937.4
36941.5
36945.4
36950.4
36959.2
36967
36998.3
37000.5
37003.2
37007.2
37014.2
37015.5
37019.2
37025.7
37028
37029
37033.5
37035
37036.8
37039.8
37042.1
37044.1
37045.3
37048.3
37050.8
37056.1
37061.3
37070.6
37074.2
37092.4
37093.2
37096.5
37106.6
37108.2
37113.8
37114
37120.8
37122.7
37133.3
37138.1
37139.1
37145.4
37179.1
37186.5
37192.1
37211.2
37285
37324.1
37325.9
37333.7
37338.5
37344.2
37346.4
37350.2
37352.4
37364.5
37369.7
37371.8
37374.8
37377.7
37379.3
37383
37385.6
37387.3
37391.9
37396
37400.5
37404.2
37406.6
37409.9
37414.3
37416.2
37417.8
37430.6
37438.1
37463.1
37486.9
37496.7
37832.9
37834.1
37842.7
37858
37867.2
37872.3
37874.9
37878.7
37882
37883.6
37893.9
37897.3
37898.2
37899.8
37903.7
37907.9
37914
37920.9
37922.1
37924.3
37928
37929.9
37934.4
37943.9
37949.2
38008.4
38029
38055.7
38069.9
38077.7
38080.3
38087.4
38094.3
38115.8
38418.4
38423.7
38427.2
38793.3
38819
39081.8
39101.4
39104.1
39108
39123
39124.4
39125.8
39128.7
39136.8
39999.5
40003.5
40019.9
40038.2
40045.8
40045.8
40046.7
40055.1
40062.6
40072.1
40078.1
40076.6
40084.6
40086
40089.8
40087.7
40090.6
40093.8
40092.9
40100.4
40103.8
40109.6
40107
40114.1
40115.2
40117.6
40122.2
40127
40128.1
40129.4
40131.8
40132.9
40133.8
40136.1
40137.4
40145.4
40148.4
40147.9
40152.8
40156.6
40158.9
40163.7
40167.1
40168.9
40173.7
40177.1
40178.3
40211.5
40216.9
40232.4
40432.4
40435.4
40465.1
40534.4
40538.9
40541.3
40569.2
40570.8
40587.6
40588.5
40598.9
40622.2
40629.1
40636
40634.1
40638.7
40662.8
40666.6
40669.5
40673.1
40680
40683.2
40689.1
40692.1
40693.1
40698.7
40704.4
40709.6
40720.5
40732.1
40736.3
40740
40751.6
40750.6
40770
40775.6
40783
40797.8
40834.1
40848.1
40855
40868
40893.4
40904.3
40912.2
40917.4
40916.7
40919.6
40921.8
40923
40921.8
40925.3
40926.7
40930.9
40930.1
40937.3
40943.2
40947.2
40953.5
40955.4
40958.6
40960.6
40964.7
40970.9
40973
40971.3
40975.2
40974.1
40979.3
40980.4
40978.8
40981.8
40982.9
40985.4
40988.9
40990.9
40990.5
40997
41003.7
41005.4
41008.4
41011.5
41013.3
41014.9
41016.5
41020
41027
41029.2
41031.5
41035.1
41040.1
41041.4
41045.1
41048.3
41049.9
41082.1
41087.4
41102.8
41117.3
41129.4
41196.2
41197.8
41204.4
41212.7
41213.7
41218.8
41224.8
41229.4
41233.4
41234.4
41240.1
41242.8
41300.5
41317.5
41339.8
41343
41352.2
41360
41477.9
41586.1
41588
41607.9
41620.9
41625
41628.8
41631.6
41636.8
41639.8
41641
41646
41652.1
41669.4
41680.9
41682.3
41685.9
41689.1
41694.1
41702
41705.4
41718.4
41735.7
41737
41741.1
41745.1
41756.8
41761.5
41771.8
41773.5
41780.8
41790
41804.7
41807.6
41809.8
41812.1
41817.8
41826.1
41829.7
41830.8
41833.5
41835.2
41839.6
41843.4
41853.4
41881
41882.5
41885.1
41892
41893.7
41895.8
41898.9
41904.8
41907.7
41910.4
42237.6
42273
42288.8
42299.8
42302.8
42304.1
42309
42313.5
42314.6
42317.4
42320.4
42326.1
42328.3
42341.8
42346.7
42350.1
42354.5
42358.8
42364.7
42366.3
42374.6
42380.8
42385.5
42388.6
42391.9
42395.5
42396.8
42399.6
42403.6
42408.6
42410.1
42414
42415.9
42418.4
42419.7
42421
42422.8
42424.2
42429.7
42432.2
42435.9
42437.8
42442.1
42443.1
42449.5
42450.9
42452.6
42456.4
42460.3
42462.9
42469.3
42470.8
42472.1
42473.8
42474.9
42476.5
42482
42489.5
42494.4
42524.4
42539.7
42567.1
42579.2
42580.2
42583.9
42589.7
42594.5
42595.9
42596.8
42605.2
42607.1
42608
42612.5
42623.2
42626.7
42630.7
42632.1
42636
42640.1
42663.3
42672
42679.2
43168.3
43174.6
43179
43182
43186.9
43202
43204.1
43208.9
43211.6
43214.2
43215.2
43218.5
43220.2
43221.8
43224.4
43233.9
43236.4
43237.7
43240.4
43247.3
43289.4
43599.5
43609.9
43616.2
43621.1
43622.3
43642.4
43649.1
43653.9
43656.8
43664.2
43668.9
43674.6
43677.6
43680.4
43685
43691.5
43695.6
43697.3
43700.1
43706.6
43713.7
43716.6
43719.4
43720.4
43722.5
43730.8
43732.3
43734.2
44055.3
44155.3
44185.2
44191
44200.4
44240.5
44245.7
44251.9
44253.9
44255.8
44257
44259.4
44263.7
44264.7
44266.6
44273.8
44274.7
44278.2
44280.6
44281.6
44285.3
44286.5
44287.6
44289.5
44292.6
44295.2
44299.4
44301.3
44302.8
44306.1
44315
44317
44320.5
44325.4
44329.6
44331.6
44333.6
44342.7
44345.8
44351.7
44353.6
44355.7
44357.9
44361.6
44368.7
44376.9
44384
44385
44386.8
44391.2
44393.6
44398.9
44403.8
44408
44413.8
44415.8
44420.8
44423.4
44427
44428.2
44434.7
44436
44438.9
44441.3
44445.1
44449.7
44453.2
44455.4
44468
44466.8
44473.1
44483.1
44497.1
44504
44507.4
44508.7
44511.8
44514.2
44519.1
44531.3
44533.5
44537.7
44538.7
44542.3
44545.2
44546.7
44550.8
44552.5
44554.3
44559.4
44567.3
44573.8
44584.6
44589.1
44704.7
44707.2
44718.2
44723.3
44724.5
44734.6
44739.1
44745.6
44747.4
44748.9
44751.2
44753.6
44755.3
44757.2
44760.2
44762.7
44766.3
44770.5
44774.5
44776.7
44778.7
44782
44787.3
44789.5
44790.8
44884.6
45060.2
45066.7
45086
45114.4
45124.8
45128.4
45130.8
45134.4
45141.8
45145.7
45148.6
45150.8
45155
45157
45159.6
45161.2
45164.4
45166.6
45167.6
45168.9
45171.2
45174.4
45175.7
45180.2
45184.7
45187.4
45188.3
45191.2
45192.8
45194
45198.6
45200.2
45204.8
45206.7
45209
45218.8
45222.7
45225.2
45229.8
45234.3
45259
45260.1
45262.1
45280.6
45285.5
45287.9
45290.1
45295.7
45299.1
45306.5
45312
45314.5
45317.6
45320.2
45322.1
45324.2
45328.5
45331.9
45334.5
45336.3
45338.5
45350.3
45351.1
45356
45367.2
45370.5
45445.2
45446.5
45453.8
45456.2
45465.2
45469.5
45470.4
45473.7
45476.4
45480.8
45481.8
45483.7
45486.8
45489.4
45493
45497.1
45503.2
45505.3
45508.3
45510.3
45513.4
45517.7
45521.1
45527.9
45531.1
45551.7
45556.4
45558.3
45560.5
45566.2
45569.2
45574
45578.3
45591.7
45592.7
45595.2
45600.5
45608.7
45615.1
45617.9
45624.8
45635.8
45648.3
45656.1
45663.2
45668.2
45677.2
45678.7
45680.2
45682.4
45685.5
45688.5
45693.8
45696.1
45702.2
45704.1
45717.3
45726.6
45728.1
45729.2
45732.9
45735.2
45745.7
45748.4
45761.9
45771.8
45775.9
45778.7
45782.3
45783.1
45784.8
45786.7
45788.2
45789.1
45791
45792.3
45795.1
45799.3
45805.4
45809.4
45810.8
45812.2
45814.3
45834.1
45839.6
45842.5
45860.2
45871.1
45874.6
45894
45899.3
45901.8
45904.1
45907.5
45909.2
45910.7
45917
45923.9
45943.2
46113.1
46114.6
46118.1
46138
46155.9
46159.9
46167.1
46172.4
46174.1
46178.1
46180
46182.3
46187.3
46190.4
46193.2
46194.9
46207.7
46211.6
46334.4
46337.1
46339.2
46348.9
46349.8
46352.9
46356.7
46358.6
46363.5
46365.6
46366.7
46371.6
46373.6
46523.5
46528.9
46538.3
46543
46565.5
46587.8
46590.3
46621.3
46624.7
46631.4
46670.4
46681.3
46689.3
46693.2
46701.9
46698.1
46699.6
46705.7
46701.8
46707
46703.9
46705.4
46716.2
46711.8
46712.8
46715.1
46719.4
46723.3
46726.3
46727.9
46738.7
46742.4
46744.5
46751.1
46755
46760.9
46762.2
46766.1
46767.2
46769.8
46779.5
46792.1
46798.8
46801.7
46804.2
46805.5
46810.7
46817.5
46818.5
46820.6
46825.1
46827.6
46830.1
46837.5
46838.6
46843
46841.2
46850.4
46864.2
46866
46870.2
46872.2
46878.5
46884.7
46886
46887.1
46890.4
46896.4
46898
46900.6
46906
46916.3
46918.3
46922.1
46923.7
46930.3
46932.3
46940.7
46943.6
46944.9
46946
46948.7
46950
46954.3
46966
46969.1
46975
47012.9
47029.3
47043.9
47055.5
47068.2
47102.1
47116.8
47127.5
47244.2
47282.5
47285.8
47286.8
47292.1
47300.7
47306.5
47310.5
47311.6
47313.3
47371.1
47384.7
47718.4
47746
47758.7
47763.7
47773
47863.3
47879.8
48025.2
48065.6
48084.8
48108.6
48109.2
48129.7
48137.6
48141.8
48145.3
48147.3
48152.7
48157.8
48159.5
48162.5
48175.3
48177.8
48180.7
48186
48191.8
48193.8
48197.5
48207.2
48225.2
48228.1
48241
48246.1
48279.9
48421.4
48434.7
48439.6
48441.7
48444.5
48468.3
48478.9
48495.2
48498.7
48503
48520.1
48524.3
48570.2
48583.7
48604.5
48619.2
48627.4
48628.8
48631.4
48632.4
48632.8
48647.8
48652.3
48655
48659.1
48660.1
48664.9
48667.8
48670.1
48672.6
48678.6
48681.1
48681.7
48686
48687.2
48689
48692.3
48696
48699.8
48701.4
48702.6
48712.3
48715.2
48729.3
48735.6
48775.4
48792.7
48805.9
48809.5
48811.2
48816.5
48823.6
48826.4
48843.5
48845.5
48848
48855.2
48854.5
48860.3
48863.1
48866
48868.9
48877.9
48881.7
48888.6
48887.3
48891.5
48895
48908.5
48919.5
48924.1
48931.8
48938.2
48939.9
48941.2
48947.4
48949.5
48954.6
48957.7
48960.5
48961.8
48970.9
48991.5
49004.6
49050.6
49060.1
49061.3
49080.6
49100.7
49119.2
49125.5
49127.6
49128.6
49144.1
49145.4
49156.3
49168.3
49183.8
49185.1
49186.8
49188.7
49192.4
49198.9
49199.8
49203.3
49216.5
49226.5
49245
49248.1
49250.7
49258.9
49261.9
49271.7
49275.3
49277
49279.2
49281.3
49285.9
49290.6
49294.4
49299.1
49302.5
49304.1
49307.6
49318.9
49324.9
49331.6
49333.8
49339
49346.3
49349.7
49356.8
49359.7
49363.9
49366.1
49373
49375
49382.1
49385.7
49390.4
49394
49398.9
49403.9
49414.4
49441
49454.3
49465.2
49481.4
49983.4
49987.3
50002.2
50007.7
50009.8
50020.5
50023.2
50030.6
50034.2
50045.6
50047.4
50050.5
50058.6
50070.6
50071.7
50161.7
50180.7
50184.6
50188.2
50202.8
50204.7
50207.6
50209.8
50216.9
50220.4
50224.4
50228.4
50231.3
50244.6
50325.9
50327.9
50338
50339.5
50344.5
50350.4
50352.9
50356.2
50359.6
50363
50367.8
50373.8
50375.5
50380.9
50382.1
50382.9
50385.7
50389.2
50391.3
50392.8
50395.2
50398.5
50401.9
50404.4
50409.5
50416
50428.2
50444.2
50465.3
50475.1
50522.9
50526.6
50536.2
50560.7
50572.8
50600.7
50606.4
50628.2
50647.7
50673
50679.1
50690.8
50695.6
50698
50701.6
50706.7
50708.4
50726.5
50736.2
50738
50742.4
50748.6
50751.3
50752.4
50759.9
50763.2
50765
50767.3
50772.1
50773.3
50774.7
50776.5
50777.8
50779.9
50779.1
50782.3
50785
50788.2
50789.7
50790.6
50791.9
50794
50795.3
50796
50798.6
50802
50803.1
50805
50806.3
50813.5
50814.6
50816.6
50824.4
50828.3
50830.2
50839.4
50840.8
50842
50845.1
50860.3
50863
50865.7
50867.5
50871
50874.5
50877.6
50880.3
50885.2
50889.2
50894.3
50897
50899.8
50902.4
50908.5
50910.4
50912.6
50916.1
50918.8
50920
50943
50944.2
50945.3
50954
50956.7
50959.9
50964.8
50967.3
50968.4
50987.2
50990.6
51018
51039.1
51188.1
51276.4
51279.1
51281.4
51284.5
51285.5
51287.5
51295.5
51298.1
51301.3
51308
51338.4
51343.6
51381.6
51383.8
51387.5
51390.1
51396.7
51397.9
51402.7
51409.4
51415.1
51418.7
51421.8
51423.7
51425
51428.8
51431.8
51433.3
51435.3
51439.7
51441.9
51444.9
51445.7
51449.9
51458.9
51465.1
51467.6
51468.6
51477.8
51483.1
51486.1
51488.6
51490.3
51496.6
51501.6
51503.1
51514
51520.7
51531.1
51533.1
51535.4
51539.9
51570.4
51612.5
51616.1
51638.6
51643.3
51649.5
51658.3
51662
51666.9
51670.2
51671.8
51675.6
51681.3
51684.2
51687.9
51692.3
51693.4
51695.4
51699.1
51880.5
51957.7
51971.5
51977.1
51982.5
52003.1
52223.7
52254.2
52264.2
52266.3
52269.9
52277
52283.5
52302.7
52306.6
52310.8
52408.9
52429.3
52460.9
52462.3
52468.4
52472.4
52478.9
52476.3
52479.5
52483.3
52487
52487.1
52494.1
52498.4
52500.1
52503.7
52503.4
52506.7
52510.3
52514.8
52520.8
52531.1
52537.7
52543.8
52544.9
52547.8
52552.7
52556.2
52557.5
52561
52563.3
52566.3
52568.1
52570.7
52571.8
52578.3
52582.6
52583.9
52589.8
52594.7
52596.4
52599.7
52604.4
52604.4
52607.4
52607.3
52626.2
52627.5
52630.5
52633.2
52644.8
52643.4
52648.5
52649.8
52653
52656.5
52658
52664.1
52667.7
52670.2
52673.2
52676.8
52684.1
52687.3
52689.9
52696.2
52702.8
52714.3
52722.3
52723.4
52725.4
52728.7
52735
52739.2
52746.5
52749.9
52757
52760.3
52766.2
52767.6
52768.5
52770.5
52772.5
52776.4
52786
52787.5
52788.9
52795.6
52799.6
52802.3
52804.6
52811.4
52815.7
52817.9
52819.8
52822.1
52826.8
52832.1
52834.1
52836.4
52843.2
52844.1
52847.9
52851.6
52857.8
52859.6
52861.7
52863.4
52867.6
52883.1
52885.9
52887.4
52890.7
52894.4
52900.3
52903
52909.8
52911.7
52914.4
52916.4
52918
52917.8
52924.6
52924.5
52926.1
52930.5
52931.5
52933.3
52936.5
52961.3
52963.5
52964.4
52979.1
53517.6
53550.4
53562.4
53564.9
53575.7
53577.8
53582.2
53585.4
53587.3
53593.2
53596
53599.6
53601
53605.6
53609.8
53613.8
53617.3
53624.6
53627.7
53630.7
53631.7
53635.9
53637.5
53641.8
53646.8
53648.7
53650.6
53654.4
53669.8
53680
53687.5
53690.9
53694.3
53700.7
53704.4
53709.9
53713.1
53717.9
53724.9
53725.8
53731.3
53739.3
53743.1
53744.5
53750.5
53753.1
53756.3
53759.6
53763.3
53772.9
53776.2
53779.1
53784.7
53789.1
53940.3
53962.6
53970.9
53972.5
53975
53980.8
53982.1
53983.9
53992.8
53996.7
54006.6
54008.8
54011.3
54016.1
54019.8
54025.5
54026.9
54030.7
54031.7
54033.8
54036.8
54043.5
54045.3
54049.2
54051.5
54053.6
54054.7
54056.2
54059.2
54061.8
54069.3
54074
54075.1
54084.8
54087.6
54091.2
54094.2
54111.1
54135
54233.7
54275.9
54315.5
54332.1
54336.4
54357.5
54360.2
54363.9
54375.4
54381.5
54383.3
54390.6
54393.2
54398.9
54402.6
54409.7
54413.7
54426.2
54433
54435.1
54442.9
54446
54468.1
58605.9
58606.8
58611.4
58617.1
58618.2
58620.3
58626.5
58628.5
58638.6
58675.7
58678.3
58681
58683.6
58689.9
58696.3
58697.2
58701.3
58702.6
58710.7
58713
58715.3
58716.3
58717.5
58724.4
58726.3
58731.4
58737.8
58738.9
58741
58746.2
58754.1
58765.6
58795.5
58804.1
58842.4
58934.8
58936.3
58943.5
58944.6
58967
58967.8
58970.3
58974.6
58977.8
58982.7
58985.2
58988
58993.9
58996.3
59000.5
59002
59004.1
59007.7
59008.7
59015.2
59021.3
59023
59024.3
59027
59029.5
59032.1
59035.6
59037.9
59046.6
59047.5
59050
59053.1
59054.6
59056.3
59059.4
59069.4
59075.9
59078.2
59081.7
59085.1
59098.6
59100.6
59103
59145.8
59201.2
59243
59256.4
59257.3
59264.9
59268.2
59273.5
59276.2
59285.4
59314.4
59317.3
59328
59334.8
59338.3
59342.9
59344.5
59346
59349.1
59353.1
59358.3
59361.9
59367.9
59369.7
59381.8
59383.8
59388.8
59414.3
60782.8
61298.4
61395.9
61415.7
61439.9
61442.1
61451.8
61455.3
61456.3
61465.2
61470.9
61478.5
61481.4
61487.4
61493.4
61497.2
61499.9
61504.3
61509.8
61513.1
61517.5
61519.4
61526.1
61528.2
61532.5
61534.5
61535.6
61540.1
61542.3
61543.8
61545.7
61548.5
61551.2
61554.3
61562.5
61565.6
61570.4
61581.9
61587.5
61588.5
61590.7
61605.2
61607.1
61609.2
61617.6
61647.9
61676.1
61690.2
61691.6
61838.2
61910.2
61935.6
61946
61950.4
61951.7
61962.3
61964.1
61975
61976.5
61980.8
61986.7
61989.9
62012.9
62016.4
62020.1
62022.6
62025.2
62026.7
62033.8
62037.7
62039.8
62042.6
62044.8
62048.4
62056.7
62063.6
62066.8
62072.3
62074.5
62076.7
62080.2
62087.4
62098
62106
62110.1
62111.1
62113.3
62115.7
62125.7
62128.8
62130.8
62134.2
62143.1
62147.4
62148.8
62153.6
62155.6
62157.7
62161.7
62163.9
62168.2
62170.5
62172.4
63071.7
63073
63090
63108.9
63117.7
64771.3
64936.6
64938.1
64974.4
64982.1
64986.5
64994.6
65002
65004.8
65013.5
65014.7
65017.4
65021.6
65030.5
65032.2
65035.1
65040.9
65044.3
65047.5
65050.8
65053.3
65058.2
65061.4
65063.3
65066.3
65068.4
65073.1
65074.7
65076.7
65087.5
65101.3
65106.8
65115.9
65505.7
65568.7
65601.3
67790.6
67917.9
69590.5
69600.4
69607.7
69613.7
69614.7
69621.7
69635.5
69639.2
69670.5
69675.8
69685.6
69687.4
69694.4
69697.9
69699.6
69700.9
69704.3
69705.7
69710.8
69718.7
69725.3
69727.1
69742.4
69746
69747.4
69762.4
69796.2
69813.1
69833.3
69838.6
69841.7
69850
70054.1
70153.2
70165.6
70175.3
70182.3
70194.7
70196.1
70200.4
70208.5
70210
70214
70216.7
70220.7
70223.1
70231.9
70235.8
70282.8
70331
70340.9
70343.6
70352.9
70358.6
70362.3
70373.2
70376
70386.7
70392.7
70393.8
70395.8
70399
70402
70406.2
70411.2
70413.4
70415.1
70417.8
70424.3
70427.8
70435
70439
70441
70447.5
70452.6
70456.4
70459.4
70465.7
70469.5
70480.6
70493.9
70495.1
70505
70514.6
70517.6
70520.1
70523.3
70538.2
70541.3
70554.9
72410.3
72411.2
72417.8
72419.5
72429.7
72431.8
72432.7
72434.7
72441.4
72448.9
72450.5
72455.4
72457.6
72459.5
72463.1
72464.4
72465.7
72468
72496.2
72517.9
72537.1
72880.6
73122.3
73140.4
73141.7
73144.2
73146.7
73147.7
73149.3
73155.5
73163.4
73170.2
73176.6
73179.8
73181
73182.4
73196.1
73197.1
74010.2
74606.9
74622
74628.7
74633
74647.1
74661.2
80699.4
80720.5
81022.8
81039.5
81053.3
81069
81072.6
81083.2
81088.7
81140.1
81156.8
81160.1
81207.5
82411.6
82416.8
82423.8
82426.3
82461.7
82479.1
82482.2
82484.1
82517.8
82524.6
82530.1
85611.9
85723.5
85726
85744.2
85745.1
85745.9
85747.2
85748.1
85754.7
85756.6
85759.3
85763.1
85764.9
85765.9
85769.9
85773.4
85778.1
85780.1
85782.9
85784.3
85789.9
85792.8
85796.5
85802.7
85851
85925.9
86045
86103.2
86106.1
86127.5
86157.6
86201
88196.4
88201.7
88205
88206.5
88209.4
88211
88212.9
88220.8
88223.6
88236.7
88241.7
88248
88251.6
88253.2
88255.5
88257.3
88259.8
88268.2
88271.3
88274.3
88277.3
88279.7
88281.7
88287.8
88292.9
88301.1
88310.7
88318.1
88320.1
88342.5
88366.6
88424.4
88456
88590.5
88643.6
88700.5
88706.4
88707.5
88716.6
88721.5
88727
88733
88734.5
88736.2
88737.7
88741
88742.6
88743.7
88787.8
88798.5
88803.3
88812
88814.5
88817.9
88819.4
88820.5
88821.3
88837.8
88842.1
88846.4
88848.9
88850.9
88853.3
88856
88856.9
88859.1
88860.2
88863.1
88887.2
88878.4
88898.9
88903
88910.6
88911.9
88913.8
88916.9
88923
88926.1
88929.2
88942.9
88951.6
88957.7
88978.5
88989.5
88996.5
88998.2
89000.5
89001.8
89003.7
89009
89010.7
89013
89018.1
89020.5
89022.5
89024.8
89026.9
89029.4
89030.3
89032.2
89040.6
89033.8
89035.3
89041.5
89045.7
89049.8
89051
89055
89057.6
89059.8
89069.9
89071.2
89064.9
89075.6
89069.4
89071.4
89072.9
89086.9
89105.9
89107.1
89107.8
89123.3
89136.3
89140.2
89174.2
89176.4
89184.2
89207.6
89209.1
89325.3
89350.9
89366.9
89368.5
89391.4
89401.5
89427.7
89429.2
89430.4
89439
89454.8
89463.9
89473.5
89478.1
89489.3
89492.9
89498.8
89518.1
89523.1
89526.3
89629.6
89630.8
89636
89640.4
89649.5
89654.4
89658.5
89663.3
89675
89677.8
89680.9
89681.8
89684.6
89685.7
92431.8
92465.1
92482.3
92484.6
92493.6
92504.7
92509.4
92514.4
93853.4
93879
93882
93895.8
93910.6
93927.3
94876.9
94881.9
95715.5
95718.8
95727.4
95732.2
95737.9
95739.6
95744.7
95752.1
95753.5
95790.8
95811.5
95817.1
95819
95822.8
95825.5
95833.9
95835.5
95837.9
95839.6
95842.8
95847.1
95848.9
95851.1
95854.6
95859
95863.9
95867.2
95869.1
95870.2
95871.5
95875.7
95878.8
95889.2
95900.3
95903.7
95911.1
96134.4
96143.4
96157
96166.3
96171
96174.8
96176.9
96178.6
96180.4
96182.3
96184.1
96187.3
96188.7
96190.4
96192.1
96194.1
96195.8
96201.1
96206.6
96215.7
96220.3
96227.3
96823.7
96840.8
96843.6
96853.8
96856.7
96862.8
96866.1
96873.5
96878.7
96880.8
96881.8
96884.1
96888.9
96891.3
96892.8
96896.6
96898.1
96899.4
96905.9
96907.6
96911
96912.5
96915
96918.7
96920.7
96923.4
96929.2
96930.5
96940.7
96946
96948.2
96951.3
96955.1
96961.1
96965.8
96967
96970.8
96973.4
96975
96978.6
96981.6
96983.3
96985
96986.4
96988.8
96991.6
96993.2
96994.3
96999
97000
97008.2
97014.6
97017
97020.2
97335.2
97360.3
97364.1
97952.1
98007.6
98579
98590.6
98594.7
98604.6
98615.3
98619.9
98625.6
98632.5
98639.6
98645.4
98647.3
98654.4
98656.1
98658
98677.5
98678.8
98680.6
98685.4
98692.2
98695.5
98702
98704
98706
98707.7
98710.2
98717.1
98721.4
98723.9
98729.2
98733.6
98741.9
98743.1
99145
99146.5
99154.4
99155.8
99159.1
99160.7
99163.9
99193.7
99209.1
99221.5
99398.7
99413
99429
99434.3
99435.9
99485.2
99489.5
99495.4
99499.8
99502.8
99505.2
99510.9
99513.8
99524.6
99532.8
99533.7
99544.3
99546.7
99549.8
99552.7
99554.7
99558.2
99560.9
99566.1
99572.8
99579.9
99587.7
99589.9
99591.4
99597.3
99600.8
99603.8
99610.8
99615.8
99613.9
99619.3
99621.8
99622.9
99625.2
99629
99629.2
99631.4
99644.4
99650.7
99653.4
99656.6
99658.7
99663.4
99669.5
99679
99697.2
99707.1
99712.6
99715.4
99719.7
99728
99732.3
99739.4
99741.6
99745.1
99745.8
99747
99755.5
99766.8
99778.6
99781.1
99791
99801
99816.8
99821.1
99823
99831.6
99833.6
99834.9
99843.6
99846.5
99877.8
99900.3
99901.9
99906
99929.2
99932.8
99944.6
100079
100095
100099
100105
100114
100124
100128
100130
100132
100135
100137
100141
100143
100146
100148
100152
100155
100157
100170
100171
100198
100227
100242
100256
100260
100265
100269
100279
100283
100289
100301
100305
100310
100312
100313
100316
100317
100324
100328
100330
100335
100338
100340
100341
100343
100347
100356
100359
100361
100366
100368
100371
100372
100374
100378
100383
100389
100393
100413
100557
100570
100599
100601
100603
100610
100614
100621
100623
100625
100627
100629
100630
100632
100638
100643
100646
100647
100651
100655
100661
100665
100670
100673
101079
101116
101166
101190
101222
101238
101261
101274
101283
101296
101308
101328
101334
101340
101344
101361
101363
101363
101365
101366
101384
101399
101404
101438
101442
101445
101449
101452
101460
101461
101462
101464
101483
101501
101504
101505
101507
101514
101518
101519
101522
101524
101530
101533
101547
101555
101564
101669
101683
101697
101701
101704
101710
101716
101726
101730
101734
101738
101748
101750
101754
101759
101762
101768
101771
101775
101779
101789
102559
102564
102583
102592
102598
102611
102621
102628
102632
102642
102653
102656
102659
102665
102669
102677
102681
102685
102697
102707
102712
102716
102719
102723
102731
102830
103029
103032
103034
103037
103043
103046
103074
103076
103094
103138
103152
103343
103362
103365
103368
103369
103375
103380
103381
103392
103393
103399
103405
103417
103433
103434
103435
103613
103629
103646
103647
103651
103658
103661
103667
103670
103671
103673
103677
103679
103684
103690
103692
103693
103695
103697
103701
103703
103704
103708
103712
103715
103716
103722
103723
103727
103734
103737
103742
103747
103754
103755
103757
103762
103767
103768
103798
103800
103800
103805
103810
103813
103829
103839
103844
103894
104421
104444
104445
104447
104453
104463
104466
104470
104471
104477
104479
104485
104490
104513
104517
105466
105469
105472
105479
106293
106295
106304
106307
106312
106317
106323
106325
106327
106331
106333
106335
106343
106346
106348
106349
106351
106355
106359
106364
106367
106368
106371
106372
106376
107915
107926
107939
107944
107946
107949
107980
107992
107998
107999
108001
108002
108005
108009
108013
108016
108032
108034
108036
108039
108040
108044
108049
108056
108067
108075
108078
108082
108084
108087
108099
108127
108130
108133
108151
108230
109640
109655
109713
109760
109765
109785
109796
109818
111717
111719
111722
111725
111727
111730
111733
111735
111736
111749
111751
111758
111763
111773
112221
112233
112244
112245
112247
112254
112256
112567
112591
112600
112606
112612
112615
112625
112628
112632
112634
112637
112642
112645
112648
112650
112653
112657
112662
112665
112671
112673
112677
112679
112682
112686
112688
112691
112693
112695
112699
112702
112704
112710
112714
112715
112716
112720
112723
112724
112728
112732
112735
112738
112823
112866
112870
112871
112873
112876
112880
112893
112895
112897
112911
112921
112952
113289
113295
113302
113306
113315
113317
113344
113360
113362
113371
113373
113378
113378
113748
113755
113806
113807
113809
113811
113828
113843
113846
113871
113874
113877
113881
113895
113898
113906
113911
113915
113922
114430
114433
114436
114440
114444
114447
114450
114454
114461
114462
114465
114467
114469
114471
114477
114483
114485
114492
114498
114505
114527
114528
114550
114560
114577
114592
115035
115053
115061
115073
115098
115127
115154
115145
115160
115166
115171
115192
115195
115370
115384
115389
115393
115407
115410
115417
115420
115430
115432
115439
115441
115446
115442
115466
115477
115492
115498
115503
115505
115507
115512
115500
115502
115506
115526
115514
115523
115544
115530
115541
115558
115543
115565
115552
115555
115571
115575
115583
115587
115587
115589
115595
115599
115603
115607
115608
115625
115637
115658
115708
115710
115881
115897
115904
115906
115908
115915
115917
115924
115926
115930
115937
115939
115941
115942
115946
115949
115951
115953
115957
116005
116009
116200
116205
116207
116208
116209
116215
116222
116224
116268
116276
116279
116282
116287
116280
116294
116296
116299
116303
116937
116948
116950
116956
116959
117009
117010
117180
117203
117222
117232
117232
117242
117247
117250
117248
117262
117266
117271
117273
117267
117278
117281
117284
117287
117288
117292
117295
117299
117301
117305
117311
117322
117331
117646
117910
117938
117946
117949
117956
117962
117964
117969
117975
117977
117981
117983
117987
117988
117990
117993
118003
118005
118007
118009
118014
118018
118020
118022
118025
118028
118029
118031
118039
118042
118044
118045
118048
118051
118057
118060
118064
118067
118070
118071
118076
118082
118089
118091
118095
118098
118134
118141
118150
118153
118156
118158
118161
118162
118166
118184
118198
118531
118532
118534
118543
118544
118550
118557
118559
118563
118570
118574
118578
118583
118589
118590
118594
118600
118602
118607
118611
118615
118617
118622
118640
118819
118849
118851
118856
118868
118869
118873
118878
118880
118885
118886
118893
118894
118896
118899
118903
118909
118916
118918
118924
118925
118928
118932
118934
118937
118940
118942
118944
118948
118955
118957
118958
118962
118965
118975
118976
118979
118983
118987
118989
119008
119255
119469
119483
119484
119491
119494
119507
119505
119513
119527
119523
119532
119551
119547
119549
119551
119559
119560
119568
119578
119589
119600
119601
119602
119606
119615
119610
119616
119614
119627
119624
119625
119631
119634
119641
119643
119651
119647
119648
119650
119652
119653
119656
119657
119665
119666
119670
119672
119681
119683
119686
119687
119690
119691
119693
119698
119700
119705
119771
119910
119997
120011
120041
120051
120063
120066
120078
120076
120082
120090
120085
120091
120097
120099
120112
120107
120111
120115
120119
120121
120124
120155
120175
120179
120187
120194
120197
120199
120204
120219
120228
120223
120222
120401
120405
120405
120409
120453
120460
120471
120472
120477
120488
120494
120498
120501
120502
120529
120543
120565
120685
120689
120698
120692
120703
120708
120703
120716
120717
120712
120717
120720
120721
120724
120763
120763
120769
120774
120782
120786
120792
120793
120807
120827
120828
120831
120833
120841
120846
120850
120853
120860
120881
120885
120889
120893
120895
120898
120901
120903
120910
120911
120915
120917
120920
120928
120932
120935
120947
120949
120954
120966
120968
120970
120972
120989
120992
120994
120996
120997
121019
121024
121026
121037
121038
121045
121048
121056
121062
121071
121073
121075
121076
121085
121106
121108
121139
121143
121153
121155
121157
121158
121163
121169
121183
121184
121186
121198
121199
121202
121205
121232
121237
121506
121511
121677
121687
121693
121702
121707
121715
121717
122477
122484
122489
122494
122502
122504
122508
122511
122515
122519
122525
122531
122541
122543
122548
122551
122553
122557
122560
122562
122564
122566
122569
122570
122574
122581
122589
122595
122603
122616
122625
122628
122631
122652
122655
122673
122680
122683
122685
122686
122688
122692
122694
122696
122698
122702
122705
122707
122708
122709
122711
122714
122716
122718
122723
122729
122731
122734
122738
122746
122763
122764
122783
122862
122868
122891
122909
122920
122925
122937
122948
122957
122966
122968
122975
122978
122979
122998
123000
123003
123006
123013
123017
123026
123033
123035
123036
123042
123043
123047
123062
123064
123068
123069
123071
123078
123081
123082
123086
123088
123089
123097
123099
123102
123104
123111
123118
123120
123131
123136
123145
123147
123150
123160
123174
123180
123188
123189
123191
123204
123210
123215
123217
123219
123221
123223
123225
123223
123227
123228
123231
123239
123241
123246
123250
123263
123264
123266
123268
123269
123274
123282
123286
123289
123291
123296
123298
123304
123307
123309
123325
123326
123328
123332
123401
123572
123613
123625
123633
123636
123638
123640
123643
123647
123654
123657
123661
123664
123684
123687
123692
123698
123700
123702
123716
123717
123725
123727
123733
123742
123745
123755
123760
123765
123774
123775
123781
123787
123790
123792
123794
123797
123799
123801
123808
123810
123813
123818
123821
123823
123826
123827
123830
123834
123837
123838
123843
123850
123845
123847
123849
123851
123853
123856
123860
123867
123870
123874
123883
123894
123898
123900
123910
123906
123914
123910
123915
123918
123919
123923
123934
123931
123936
123939
123942
123938
123943
123946
123948
123951
123962
123964
123960
123963
123975
123997
124003
124010
124016
124020
124024
124030
124033
124046
124170
124204
124209
124212
124214
124220
124222
124223
124227
124229
124232
124234
124239
124243
124244
124248
124250
124252
124254
124256
124258
124261
124263
124268
124269
124271
124275
124282
124283
124285
124292
124302
124304
124306
124310
124315
124350
124478
124482
124489
124509
124517
124522
124539
124541
124547
124568
124582
124589
124593
124595
124599
124600
124622
124636
124683
124727
124748
124765
124771
124775
124779
124784
124785
124796
124808
124815
124825
124882
124892
124896
124908
124913
124918
124933
124939
124940
124941
124946
124949
124954
124955
124956
124962
124963
124975
124977
124982
124986
124989
124990
124995
125002
125004
125007
125012
125014
125016
125023
125026
125027
125032
125038
125040
125041
125045
125049
125053
125057
125064
125075
125078
125102
125110
125674
125678
125685
125693
125706
125747
125778
125811
125813
125886
125997
126008
126024
126036
126044
126048
126052
126057
126060
126064
126067
126070
126077
126080
126082
126087
126090
126093
126105
126114
126116
126118
126177
126182
126185
126196
126200
126201
126214
126216
126219
126221
126225
126229
126239
126244
126256
126272
126286
126293
126505
126911
127049
127122
127147
127192
127228
127239
127269
127272
127275
127301
127302
127308
127294
127297
127310
127333
127335
127338
127342
127345
127350
127351
127375
127361
127363
127374
127381
127387
127403
127404
127411
127417
127419
127422
127428
127432
127434
127440
127442
127444
127445
127447
127454
127460
127464
127468
127473
127479
127486
127495
127510
127512
127557
127681
127686
127690
127692
127698
127699
127712
127713
127720
127724
127728
127985
127998
128001
128006
128007
128010
128012
128016
128021
128022
128023
128028
128043
128037
128042
128405
128494
128501
128512
128529
128535
128539
128547
128551
128554
128555
128557
128686
129151
129158
129196
129218
129233
129238
129244
129249
129268
129271
129273
129278
129281
129284
129290
129292
129297
129303
129306
129311
129320
129323
129325
129327
129328
129333
129337
129340
129342
129349
129353
129356
129453
129455
129460
129465
129479
129535
129775
129784
129786
129792
129787
129803
129814
129810
129814
129816
129832
129833
129826
129827
129841
129839
129847
129842
129849
129844
129848
129851
129853
129858
129860
129863
129864
129870
129875
129876
129878
129881
129883
129886
129890
129893
129894
129896
129903
129904
129908
129918
129922
129924
129925
129952
129962
129988
130012
130018
130023
130029
130066
130076
130095
130116
130119
130194
130216
130262
130276
130300
130303
130468
130470
130472
130475
130478
130481
130482
130488
130493
130497
130498
130502
130511
130521
130525
130529
130535
130537
130541
130544
130545
130548
130552
130554
130557
130560
130564
130566
130568
130569
130570
130576
130578
130586
130589
130601
130605
130600
130607
130603
130609
130613
130616
130621
130623
130619
130639
130653
130661
130667
130668
130679
130732
131047
131088
131092
131097
131107
131123
131133
131136
131155
131160
131164
131179
131195
131212
131215
131220
131223
131228
131238
131244
131249
131251
131267
131289
131295
131297
131306
131309
131329
131331
131340
131347
131357
131360
131361
131364
131366
131368
131373
131368
131372
131378
131380
131384
131386
131388
131387
131388
131396
131392
131400
131401
131404
131402
131403
131408
131405
131414
131416
131413
131414
131415
131422
131432
131434
131437
131438
131434
131442
131454
131459
131464
131466
131467
131470
131471
131495
131501
131506
131509
131514
131515
131521
131524
131528
131532
131535
131538
131539
131541
131544
131620
131627
131656
131657
131669
131677
131684
131990
131992
131994
132005
132018
132020
132024
132027
132036
132046
132047
132051
132073
132077
132083
132088
132105
132106
132113
132115
132144
132207
132241
132266
132290
132313
132324
132325
132330
132336
132343
132353
132359
132406
132415
132419
132422
132428
132432
132434
132440
132444
132450
132458
132465
132465
132472
132474
132475
132480
132482
132487
132493
132495
132497
132498
132504
132535
132550
132553
132556
132561
132564
132590
132608
132640
132664
132665
132687
132692
132693
132697
132703
132707
132708
132710
132713
132717
132724
132736
132747
132754
132760
132767
132790
132792
132794
132798
132802
132810
132812
132814
132818
132821
132823
132826
132828
132830
132836
132837
132839
132842
132843
132845
132847
132852
132855
132858
132860
132862
132864
132866
132867
132875
132878
132885
132889
132892
132894
132896
132898
132904
132906
132931
132938
132947
133063
133070
133077
133094
133096
133096
133104
133105
133115
133120
133121
133127
133133
133440
133460
133523
133670
133834
133868
134195
134199
134201
134208
134210
134220
134239
134242
134246
134251
134254
134259
134270
134271
134282
134285
134294
134309
135425
135427
135438
135439
135477
135482
135504
135508
135512
135516
135523
135526
135527
135532
135533
135538
135540
135544
135547
135562
135567
135571
135571
135573
135576
135586
135590
135595
135605
135611
135615
135617
135630
135634
135635
135638
135641
135650
135653
135797
135831
135837
135845
135850
135859
135868
135872
135876
135879
135882
135885
135893
135895
135904
135905
135911
135954
135961
135963
135971
135979
135981
135987
135986
136019
136022
136026
136029
136031
136033
136038
136040
136041
136042
136043
136045
136047
136048
136052
136054
136055
136064
136057
136059
136062
136068
136069
136072
136073
136083
136075
136078
136082
136090
136092
136101
136118
136119
136121
136127
136136
136140
136143
136146
136149
136150
136151
136152
136155
136157
136158
136162
136165
136171
136173
136185
136187
136195
136232
136276
136384
136446
136498
136507
136509
136511
136518
136522
136524
136529
136541
136543
136545
136541
136556
136547
136551
136561
136556
136557
136566
136568
136571
136573
136576
136579
136581
136589
136592
136606
136613
136604
136618
136619
136621
137378
137381
137400
137402
137428
137446
137452
137455
137450
137464
137471
137476
137481
137489
137492
137497
137763
137789
137797
137836
137838
137849
137855
137858
137860
137866
137868
137872
137874
137875
137880
137884
137896
137900
137902
137905
137908
137918
137941
138176
138184
138186
138584
138854
138859
138866
138879
138908
138910
138914
138916
138919
138923
138925
138928
138929
138933
138937
138939
138940
138941
138944
138951
138954
138957
138962
138966
138989
138980
138983
138989
138991
138995
138999
139004
139005
139006
139011
139016
139018
139021
139022
139025
139033
139054
139048
139061
139051
139064
139078
139079
139073
139085
139088
139092
139095
139100
139101
139103
139106
139111
139114
139115
139117
139120
139125
139129
139135
139138
139139
139141
139144
139148
139154
139156
139174
139183
139189
139202
139207
139212
139233
139243
139259
139264
139267
139286
139278
139283
139286
139288
139292
139293
139295
139297
139301
139302
139304
139318
139314
139317
139331
139344
139343
139364
139439
139500
139506
139516
139545
139562
139575
139576
139577
139615
139617
139641
139644
139655
139670
139675
139678
139680
139684
139686
139687
139694
139697
139701
139703
139711
139713
139788
139800
139805
139809
139812
139815
139821
139828
139830
139831
139896
139900
139914
139915
139922
139929
139945
139992
140474
140480
140485
140486
140495
140500
140503
140510
140512
140516
140517
140520
140526
140529
140535
140541
140545
140558
140563
142125
142132
143000
143006
145214
145288
145292
145480
145488
145489
145494
145518
145523
145526
145527
145532
145548
145552
145555
145557
145575
145582
145585
145587
145590
145593
145594
145595
145597
145603
145612
145614
145616
145618
145619
145620
145625
145632
145636
145637
145642
145647
145649
145651
145652
145655
145658
145659
145661
145663
145666
145669
145672
145679
145688
145693
145702
145710
145717
145731
145746
145747
145753
145755
145768
145787
145789
145798
145807
145811
145818
145821
145826
145834
145838
145842
145845
145847
145851
145853
145856
145864
145866
145871
145873
145881
145883
145885
145887
145890
145895
145898
145902
145912
145915
145920
145921
145944
145968
146055
146058
146063
146083
146104
146157
146187
146208
146245
146285
146287
146291
146300
146297
146303
146305
146312
146342
146353
146363
146369
146392
146398
146403
146412
146425
146451
146461
146463
146469
146474
146479
146482
146484
146491
146493
146500
148373
148390
148407
148415
148445
149625
149634
149637
149638
149641
149644
149647
149649
149654
149654
149656
149659
149660
149662
149694
149730
149731
149732
149754
149758
149865
149868
149873
149874
149884
149891
149893
149898
149896
149901
149901
149905
149904
149913
149916
149920
149925
149929
149931
149938
149945
149958
149963
149976
149990
149994
150008
150013
150029
150058
150077
150112
151134
151406
152152
152163
152195
152196
152205
152212
152213
152215
152221
152224
152229
152234
152236
152242
152244
152246
152247
152251
152254
152258
152264
152267
152270
152272
152273
152278
152281
152284
152286
152289
152294
152308
152319
152316
152323
152328
152345
152348
152341
152351
152354
152357
152361
152363
152365
152367
152371
152366
152376
152377
152381
152382
152384
152385
152387
152387
152390
152384
152394
152395
152397
152399
152401
152405
152408
152411
152415
152419
152425
152426
152429
152432
152434
152437
152439
152440
152442
152444
152448
152450
152452
152455
152464
152465
152467
152473
152480
152482
152483
152490
152496
152501
152526
152528
152531
152542
152569
152580
152592
152595
152597
152624
152628
152648
152685
152736
152791
152800
152820
152835
152836
152843
152855
152861
152886
154196
154292
154294
154350
154362
154369
154371
154380
154384
154391
154396
154399
154401
154407
154409
154415
154423
154428
154432
154453
154455
154465
154468
154470
154477
154482
154483
154486
154500
154504
157151
157153
157163
157171
157193
157197
157199
157203
157216
159697
159757
159805
159811
159843
159879
159893
159923
159929
159931
159933
159934
159958
159964
159968
159979
159981
159985
159997
160011
160018
160019
160043
160062
160170
160176
160177
160179
160183
160185
160187
160192
160196
160200
160207
160213
160220
160222
160225
160227
160232
160234
160236
160239
160241
160245
160248
160250
160254
160256
160262
160263
160265
160267
160271
160278
160281
160283
160295
160298
160301
160304
160307
160310
160318
162108
162761
162795
162809
162812
162814
162815
162817
162818
162823
162825
162831
162835
162840
162843
162846
164135
164215
164292
164300
164302
164313
164335
164345
164383
164389
164390
164392
164403
164407
164410
164411
164414
164418
164431
164434
164435
164439
164442
164443
164445
164449
164453
164457
164458
164465
164468
164470
164474
164492
164496
164500
164504
164506
164507
164511
164522
164532
164538
164541
164546
164733
164757
164764
164765
164776
164793
164798
164801
164841
164846
164852
164857
164865
164874
164904
165027
165031
165038
165085
165091
165099
165100
165111
165116
165120
165166
165172
165176
165177
165181
165184
165189
165192
165194
165196
165214
165220
165236
165241
165244
165250
165272
165274
165292
165300
165310
165314
165323
165324
165349
165352
165353
165361
165367
165368
165404
165413
165441
165594
165604
165611
165615
165619
165623
165627
165631
165636
165638
165646
165654
165658
165826
165831
165858
165866
165874
165877
165880
165884
165889
165891
165894
165896
165897
165899
165901
165903
165906
165910
165912
165914
165918
165920
165922
165924
165926
165926
165934
165948
165950
166144
166182
166508
166522
166528
166533
166537
166541
166544
166546
166549
166555
166561
166563
166565
166568
166569
166574
166576
166579
166583
166584
166589
166591
166596
166598
166606
166608
166612
166615
166624
166627
166632
166640
166643
166646
166650
167154
167158
167168
167177
167183
167185
167199
167203
167213
167225
167228
167234
167237
167243
167249
167254
167255
167258
167264
167270
167273
167275
167280
167290
167291
167294
167299
167308
167311
167317
167321
167323
167327
167332
167336
167343
167346
167348
167350
167355
167357
167358
167363
167372
167381
167388
167393
167402
167419
167428
167463
167715
167718
167724
167727
167730
167765
167767
167770
167775
167776
167780
167783
167787
167788
167792
167794
167801
167805
167806
167809
167826
167885
167887
167897
167904
167906
167911
167916
167926
167928
167929
167930
167930
167958
167960
167969
167970
167972
167977
167981
167983
167988
167998
167996
167998
168003
168002
168007
168005
168015
168019
168018
168028
168030
168037
168042
168049
168086
168087
168091
168092
168093
168097
168109
168110
168119
168121
168129
168132
168137
168140
168142
168144
168148
168149
168151
168153
168159
168163
168166
168168
168170
168172
168174
168176
168180
168183
168191
168194
168197
168204
168207
168214
168216
168218
168219
168220
168224
168227
168231
168232
168235
168245
168247
168249
168253
168254
168257
168260
168262
168268
168271
168274
168275
168280
168287
168291
168293
168293
168296
168297
168301
168307
168313
168318
168321
168325
168346
168348
168355
168387
168678
168692
168714
168731
168748
168796
168799
168802
168805
168807
168812
168816
168819
168822
168823
168825
168827
168828
168831
168835
168840
168841
168844
168846
168848
168855
168856
168867
168888
168900
168902
168930
168938
168940
168947
168950
168954
168963
168964
168968
168974
168975
168978
168983
168988
168992
169054
169062
169072
169080
169084
169098
169105
169106
169117
169118
169123
169124
169126
169128
169131
169133
169136
169141
169145
169148
169151
169153
169155
169159
169161
169162
169168
169185
169179
169190
169193
169190
169197
169199
169192
169200
169202
169204
169206
169211
169215
169232
169235
169237
169239
169241
169243
169247
169249
169251
169257
169259
169260
169261
169263
169268
169280
169281
169285
169288
169290
169299
169302
169306
169311
169304
169306
169307
169308
169312
169313
169321
169323
169321
169328
169322
169330
169331
169332
169326
169335
169331
169333
169340
169342
169338
169345
169347
169349
169351
169345
169354
169348
169351
169356
169365
169378
169372
169375
169383
169384
169386
169388
169389
169395
169398
169418
169425
169428
169432
169434
169435
169439
169447
169453
169455
169458
169461
169463
169466
169467
169461
169494
169495
169499
169511
169515
169522
169528
169531
169538
169543
169547
169552
169559
169561
169562
169563
169571
169573
169575
169577
169584
169585
169669
169674
169675
169681
169685
170444
170459
170473
170584
170587
170591
170594
170598
170601
170602
170605
170609
170610
170613
170617
170627
170630
170633
170642
170648
170649
170656
170666
170669
170674
170675
170678
170679
170683
170685
170687
170689
170691
170694
170708
170709
170714
170714
170720
170726
170727
170730
170729
170734
170736
170735
170737
170740
170743
170748
170749
170758
170793
170833
170838
170842
170851
170871
170885
170889
170897
170900
170904
170905
170910
170912
170914
170917
170933
170939
170942
170949
170955
170958
170965
170973
170994
171000
171012
171489
171497
171656
171742
171747
171764
171839
171841
171845
171848
171851
171859
171865
171866
171868
171870
171873
171874
171875
171877
171878
171881
171887
171908
171911
171914
171935
171940
171945
171951
171953
171970
172428
172459
172460
172462
172465
172471
172495
172498
172500
172502
172505
172510
172513
172515
172518
172526
172532
172535
172537
172584
172586
172614
172616
172618
172619
172622
172629
172631
172642
172647
172663
172695
172996
173005
173017
173019
173021
173023
173025
173029
173033
173034
173035
173060
173064
173074
173104
173110
173129
173139
173148
173163
173174
173177
173179
173182
173194
173206
173238
173243
173255
173259
173264
173297
173323
173324
173347
173352
173394
173422
173492
173606
175408
175440
175447
175453
175468
175478
175491
175497
175500
175508
175512
178529
178552
178556
178561
178576
178578
178592
178596
178603
178605
178612
178639
178642
179276
179323
179351
179369
179380
179383
179402
179417
179443
179448
179454
179457
179460
179474
179486
179491
179494
179495
179499
179529
179535
179541
179546
179549
179554
179557
179560
179562
179564
179566
179569
179572
179573
179577
179580
179582
179587
179590
179597
179601
179604
179605
179609
179617
179626
179629
179632
179635
179636
179640
179643
179647
179649
179654
179657
179660
179662
179666
179671
179673
179675
179681
179683
179691
179692
179697
179704
179710
179716
179719
179724
179726
179810
179812
179818
179820
179822
179825
179830
179834
179839
179840
179843
179844
179847
179853
179856
179858
180182
180196
180208
180226
180232
180243
180247
180254
180305
180309
180311
180314
180323
180329
180334
180357
180358
180413
180423
180430
180707
180714
180728
180739
180744
180747
181103
181121
181135
181137
181139
181145
181148
181166
181166
181168
181171
181173
181175
181179
181180
181185
181187
181191
181198
181200
181201
181204
181217
181219
181226
181227
181229
181232
181255
181265
181267
181270
181272
181275
181277
181279
181284
181288
181291
181294
181296
181309
181313
181319
181329
181332
181343
181733
181735
181736
181744
181748
181756
181763
181771
181778
181780
181783
181787
181790
181820
181824
181832
181840
181843
181846
181860
181863
181870
181885
181888
181930
181931
181990
182011
182024
182034
183656
183771
183776
183810
183816
183820
183824
183833
188714
188745
188811
188819
188827
188830
188832
188835
190246
190319
190341
190355
190492
190510
190513
190527
190529
190532
190533
190545
190573
190575
190584
190603
190618
190621
190627
190629
190632
190637
190640
190643
190645
190647
190664
190670
190677
190682
190683
190685
190688
190694
190700
190704
190716
190717
190718
190720
190721
190723
190733
190734
190736
190744
190746
190748
190751
190757
190761
190763
190770
190779
190783
190785
190788
190791
190792
190797
190803
190804
190838
190845
190849
190851
190860
190870
190871
190882
190887
190895
190896
190908
190910
190911
190917
190923
190925
190928
190933
190937
190941
190943
190945
190948
190954
190958
190961
190963
190968
190971
190977
190980
190981
190983
190994
191002
191003
191005
191010
191015
191018
191022
191032
191038
191041
191047
191063
191069
191088
191544
191556
191588
191594
191596
191600
191607
191610
191612
191613
191615
191617
191619
191626
191633
191639
191655
191659
192020
192030
192037
192051
192081
192361
192408
192767
192786
192801
192793
192813
192801
192809
192811
192851
192856
192858
192861
192864
192873
192878
192880
192882
192885
192891
192904
192909
192914
192918
192927
192928
192930
192934
192936
192938
192947
192948
192951
192960
192964
192968
192969
192972
192973
192975
192978
192980
192983
192986
192996
193001
193006
193009
193013
193016
193019
193020
193022
193026
193030
193032
193035
193037
193040
193042
193044
193047
193050
193052
193058
193070
193075
193446
193450
193457
193746
193767
193773
193778
193789
193791
193795
193799
193802
193806
193815
193817
193818
193826
193829
193830
193832
193836
193837
193839
193840
193846
193850
193854
193857
193861
193875
193956
193965
193974
193983
193988
193996
193998
194001
194001
194006
194027
194029
194031
194032
194033
194036
194041
194045
194051
194056
194057
194063
194065
194078
194081
194099
194101
194102
194104
194108
194112
194119
194131
194187
194188
194197
194319
194325
194327
194328
194333
194336
194339
194341
194352
194356
194358
194359
194370
194378
194384
194386
194389
194390
194396
194402
194417
194419
194423
194430
194438
194450
194468
194478
195377
195387
195415
195508
195517
195521
195527
195966
196290
196905
197199
197212
197222
197234
197239
197242
197243
197253
197262
197270
197276
197280
197282
197283
197291
197293
197297
197298
197303
197316
197333
197341
197353
197452
197454
197457
197480
197487
197492
197499
197500
197505
197507
197509
197515
197518
197520
197522
197525
197529
197540
197548
197550
197567
197572
197576
197580
197583
197593
197594
197606
197618
197729
197735
197748
197750
197757
197759
197762
197767
197773
197775
197778
197781
197792
197812
197822
197838
197955
197964
197995
198639
198649
198662
198685
198686
198694
198696
198983
198989
198998
198999
199023
199034
199039
199065
199068
199094
199095
199102
199103
199116
199129
199133
199145
199148
199150
199154
199159
199161
199166
199167
199170
199174
199177
199179
199180
199184
199186
199187
199193
199196
199207
199213
199225
199234
199253
199288
199307
199314
199320
199331
199343
199368
199370
199373
199383
199388
199391
199407
199410
199414
199419
199422
199426
199428
199430
199434
199436
199438
199442
199443
199447
199452
199454
199465
199467
199468
199470
199471
199474
199475
199476
199478
199479
199482
199486
199489
199492
199494
199495
199498
199563
199571
199586
199588
199590
199578
199579
199581
199595
199584
199587
199596
199599
199607
199608
199619
199622
199623
199638
199642
199644
199647
199649
199655
199662
199665
199669
199674
199675
199678
199688
199693
199695
199699
199701
199705
199706
199710
199715
199718
199720
199776
199780
199792
199806
199815
199817
199821
199834
199838
199840
199841
199852
199853
199861
199865
199869
199873
199874
199877
199882
199886
199888
199890
199891
199892
199899
199903
199907
199912
199918
199921
199927
199929
199930
199935
199941
199944
