943.32
1009.26
1014.13
1028.73
1037.43
1107.87
1109.77
1111.67
1125.22
1128.69
1139.56
1164.83
1188.02
1221.4
1243.52
1245.06
1247.35
1256.18
1258.5
1269.56
1270.86
1290.28
1303.09
1308.46
1325.13
1337.91
1347.79
1349.42
1353.25
1358.86
1362.08
1363.11
1369.13
1385.07
1389.78
1392.64
1396.24
1399.25
1400.52
1401.7
1409.75
1413.07
1424.87
1429.5
1431.93
1434.66
1452.03
1455.01
1456.3
1458.98
1466.5
1467.29
1469.33
1474.46
1476.13
1495.5
1502.57
1541.4
1553.69
1577.39
1581.1
1584.08
1585.94
1588.78
1591.17
1597.6
1608.53
1618.31
1619.67
1622.48
1625.47
1626.42
1629.39
1632.67
1637.71
1639.13
1645.23
1650.75
1654.9
1663.9
1679.27
1684.45
1691.18
1693.8
1708.92
1715.87
1727.01
1729.7
1740.11
1763.68
1778.06
1789.09
1812.16
1813.38
1845.35
1854.03
1854.75
1904.32
1908.02
1917.57
1929.53
1942.87
1946.13
1954.28
1974.03
1976.09
1993.32
1997.65
2029.35
2030.29
2036.1
2071.21
2116.29
2121
2127.99
2130
2139.96
2141.5
2143.69
2166.93
2168.52
2299.87
2740.94
2742.98
2754.59
2762.16
2802.51
2805.28
2806.65
2809.14
2813.57
2815.19
2819.44
2820.72
2822.33
2825.1
2827.86
2828.96
2831.45
2834.54
2836.2
2838.26
2840.74
2852.94
2856.51
2860.62
3696.35
3715.3
3717.75
3721.54
3724.52
3725.74
3728.77
3732.02
3735.04
3740.37
3741.59
3744.68
3746.59
3748.36
3751.99
3756.08
3758.5
3760.74
3855.64
3855.29
3857.78
3859.55
3902.96
3905.07
3907
3908.8
3912.76
3924.6
3926.64
3928.54
3936.57
3949.56
3963.11
3968.51
4005.67
4007.26
4011.16
4026.32
4054.82
4057.42
4063.24
4082.61
4085.38
4134.77
4141.39
4210.26
4674.68
4710.52
4716.17
4727.66
4731.36
4748.82
4912.34
4934.24
4940.17
4959.99
4964.39
4979.69
4997.17
4999.93
5006.27
5007.3
5008.49
5011.7
5016.17
6969.89
6971.9
6974.2
6977.84
6987.52
6989.77
7003.35
7004.18
7007.61
7010.43
7015.3
7018.97
7021.31
7057.1
7111.87
7113.3
7755.56
8174.97
8196.39
8230.01
8234.83
8242.89
8246.68
8248.54
8258.02
8268.75
8270.78
8272.17
8277.55
8286.41
8287.79
8292.83
8294.46
8295.25
8298.68
8300.69
8312.53
8313.79
8358.78
8360.6
8365.69
8371.07
8375.33
8378.03
8384.75
8388.64
8390.43
8395.51
8398.77
8401.6
8404.15
8406.57
8408.98
8421.97
8444.92
8448.16
8449.4
8463.37
8472.43
8493.14
8495.8
9000.51
10195.1
10197.6
10200.3
10203
10419.7
10444.5
10446.7
10495.4
10542.6
10547
10548.7
10582.8
10642.1
10645.5
10647.1
10658.7
10662
10663
10666.4
10668.6
10669.7
10675.8
10680.5
10683
10859.2
11139.7
11142.3
11143.6
11154.5
11158.6
11167.6
11169.9
11173.9
11177.3
11180.4
11253.8
11256.4
11261.5
11269
11270.8
11272.4
11278.7
11290.9
11297.2
11309.5
11472.3
11481.7
11490.4
11494.2
11501.7
11512.9
11514.9
11519.6
11530.2
11533
11538.2
11552.8
11554
11557.9
11564.8
11569.7
11570.5
11572.1
11575.9
11582.3
11590.8
11592.8
11599.4
11601.2
11602.5
11606.4
11610.3
11616.3
11617.6
11619.3
11620.9
11622.3
11624.6
11630.5
11631.6
11636.8
11639.2
11650
11660.1
11681.7
11685.1
11787.6
12086.6
12092.1
12135.4
12145.5
12189.2
12192.3
12196.8
12199.2
12201.1
12204.2
12206.6
12208.1
12213.4
12215.9
12218.1
12220
12221.9
12223.7
12225.3
12227
12245.7
12263.7
12314.2
12392.6
12488.7
12489.9
12509.3
12511.5
14867.3
15066.5
15089
15092.3
15106.5
15546
15548.1
15558.2
15562
15563.2
15564.3
15565.8
15573.3
15576.1
15578.6
15580.3
15583.6
15585.4
15587.1
15590.5
15591.7
15602.6
15607.1
15608.5
15611.2
15612.4
15613.3
15616.9
15620
15623.8
15627.9
15630.6
15632.3
15636.6
15638
15639.6
15644
15649.9
15653.1
15653.9
15655.3
15659.2
15662.5
15792.3
15802.2
15809.7
15863.9
15941
16728.9
16732.1
16734.5
16737.5
16752.4
16755.2
16772.9
16785
16791.9
16805.6
16808.2
16821.3
16823.8
16829.8
17382
17396.7
17400.2
17411.1
17417.5
17421.9
18747.6
18751.6
18755.9
18759
18761.1
18768.9
18794.5
18811.5
19027
19031.2
19032.6
19056.6
19073.6
19084.3
19088.8
19094.8
19104.8
19236.4
19240
19246.9
19253.2
19255.8
19274.1
19276.5
19285.3
19286.9
19292.5
19298.1
19302.2
19303.8
19306.2
19324.7
19325.7
19329.5
19335
19357.1
19381.8
19409.3
19412.9
19434.9
19517.6
19518.9
19523.5
19529.7
19542.2
19547
19549.9
19555
19560.5
19561.6
19569.5
19573.1
19580
19592
19600
19605
19608.9
19612.7
19654.4
20150.9
20153.7
20157.3
20164.7
20185.8
20204.3
20217.9
20229.6
20230.2
20244.6
20248.2
20252.9
20254.4
20258.2
20261.3
20260.4
20268.8
20271.1
20276.1
20278.8
20285.5
20287.1
20289
20292.4
20294.4
20297.2
20305
20309.9
20319.4
20347
20360.2
20361.6
20376.9
20389.8
20408.5
23526.1
23737.8
23756.7
23758.7
23761.9
23765.8
23768.2
23770.9
25082
25101.1
25102.7
25103.8
25111
25113
25391.8
25424.5
25426.5
25429
25432.7
25439.1
25441.3
25448.8
25458.8
25477.1
25517.7
25592
25638.2
25684.7
25690.1
25696.3
25738.9
25740.7
25744.7
25764.1
26218
26222
26885.8
26887.7
27021.6
27028
27036.1
30328.9
31325.8
31334.9
31345
31400.1
31486.4
31546.5
31548.6
31550.3
31553.1
31560
31569.6
31571
31958.3
32034.3
32047.3
32052
32075.8
32122.4
32140
32141.5
32618.5
32623.6
32634.4
32651.9
32653.6
32654.9
32658.6
32663.2
32666.3
32669
32673.4
32676.2
32864.4
32866.3
32872.1
32872.9
34830.3
34870.7
34874.4
34876.2
34889
34900.4
34902.5
34913.7
34917.5
34929.1
34931.2
34939
34942.6
34977.9
34991.7
35044.9
35053.5
35095.3
35131.5
35153.3
35164.8
35171.2
35195.1
35243.8
35355.4
35377.1
35389
35392
35399
35401.4
35406.4
35409.2
35413.2
35416.5
35420
35425.4
35429.1
35430
35431.9
35434.9
35446.4
35449.6
35450.7
35452.7
35471.6
35472.8
35475.2
35477.1
35499.6
35514.9
35520.1
35523
35526.5
35533.1
35538
35543.1
35547.8
35551.2
35552.8
35603.9
36707.3
36708.5
36711.5
36720
36729.6
36733.6
36758.2
36836.9
36854.2
36874.8
36878.3
36880.7
36883.7
36890.8
36896.8
37014.2
37015.5
37019.2
37025.7
37028
37029
37033.5
37035
37036.8
37039.8
37042.1
37044.1
37045.3
37050.8
37056.1
37074.2
37108.2
37120.9
37133.3
37138.1
37139.1
37186.5
37192.1
37211.2
37324.1
37344.2
37346.4
37350.2
37352.4
37364.5
37369.7
37374.8
37377.7
37379.3
37385.6
37387.3
37391.9
37396
37404.2
37410
37414.3
37416.2
37832.9
37834.1
37842.7
37858
37867.2
37872.3
37874.9
37878.7
37882
37883.6
37893.9
37897.3
37898.2
37899.8
37903.7
37907.9
37914
37934.4
40107
40137.4
40156.6
40158.9
40167.1
40168.9
40216.9
40232.4
40432.4
40435.4
40465.1
40534.4
40587.6
40588.5
40598.9
40629.1
40638.8
40662.8
40666.7
40669.5
40673.1
40680
40683.2
40692.1
40693.1
40698.7
40704.4
40720.5
40732.1
40736.3
40740.1
40751.7
40750.6
40775.6
40797.8
40834.1
40855.1
40868
40904.3
40917.4
40916.7
40919.6
40921.8
40923
40926.7
40930.1
40947.3
40964.7
40974.1
40979.3
40980.5
40985.5
41003.7
41011.5
41013.3
41016.6
41027
41029.2
41031.5
41035.1
41040.1
41041.4
41234.4
41240.1
41242.8
41625
41631.6
41694.1
41702
41705.5
41735.8
41737
41741.1
41761.6
41771.8
41773.5
41780.8
41790
41804.7
41807.6
41826.1
41829.7
41830.8
41833.5
41835.2
41839.6
41843.4
41881
41882.5
41885.1
41892
41893.7
41895.8
41898.9
42237.6
42273
42288.8
42299.8
42302.8
42304.1
42309
42313.5
42314.7
42317.4
42320.4
42326.1
42328.3
42341.9
42346.8
42350.2
42354.5
42358.8
42364.7
42366.3
42374.6
42380.9
42385.5
42388.6
42391.9
42395.5
42396.8
42399.6
42403.6
42408.6
42410.1
42414
42415.9
42418.4
42419.8
42421
42422.8
42424.2
42429.7
42432.2
42435.9
42437.8
42442.1
42443.1
42449.5
42450.9
42452.6
42456.4
42460.3
42462.9
42469.3
42470.8
42472.1
42473.8
42474.9
42476.5
42482
42489.5
42494.4
42524.4
42539.7
42567.1
42579.2
42580.2
42583.9
42589.8
42594.5
42595.9
42596.8
42605.3
42607.1
42608.1
42612.5
43168.3
43174.6
43179
43182
43186.9
43202
43208.9
43211.6
43214.2
43215.3
43218.5
43220.2
43221.8
43224.5
43234
43236.4
43237.7
43240.4
43247.3
43289.4
43599.6
43610
43616.2
43621.1
43622.3
43642.4
43649.1
43653.9
43656.8
43664.2
43668.9
43674.6
43677.6
43680.4
43685
43691.5
43695.6
43697.3
43700.1
43706.6
43713.7
43716.6
43719.4
43720.4
43722.5
44251.9
44253.9
44255.8
44257
44274.7
44287.6
44289.5
44292.6
44315.1
44317
44320.5
44353.6
44355.7
44357.9
44361.6
44368.7
44384
44385
44393.6
44403.8
44413.8
44415.8
44420.8
44434.7
44436
44438.9
44441.3
44445.1
44455.5
44468
44466.8
44473.1
44483.1
44497.1
44504
44507.4
44508.7
44511.8
44514.2
44519.1
44531.3
44533.5
44704.7
44707.2
44787.3
44789.5
44790.8
44884.6
45060.2
45066.7
45086
45114.5
45124.8
45128.4
45130.8
45134.4
45141.8
45145.7
45148.6
45150.8
45155
45157
45168.9
45171.2
45174.4
45175.7
45180.2
45184.7
45187.4
45204.9
45206.7
45209
45218.8
45222.7
45225.2
45229.8
45350.3
45351.1
45367.2
45370.6
45476.4
45497.1
45503.2
45505.3
45508.3
45510.3
45513.5
45517.7
45521.1
45551.7
45556.4
45558.3
45560.5
45566.2
45569.2
45574
45578.3
45591.7
45592.7
45595.2
45600.5
45608.7
45615.1
45617.9
45624.8
45635.9
45648.4
45656.1
45663.2
45668.3
45677.2
45678.7
45680.2
45682.4
45693.8
45696.1
45702.2
45704.1
45717.3
45735.2
45745.7
45748.4
45761.9
45778.7
45782.3
45783.1
45784.9
45786.8
45788.2
45789.1
45791
45792.3
45795.1
45799.4
45805.4
45809.4
45810.8
45812.2
45814.3
45901.8
45907.5
45909.2
45910.7
45917
45923.9
45943.2
46113.1
46114.6
46118.1
46138
46155.9
46159.9
46167.2
46172.4
46174.1
46178.1
46180
46182.3
46187.3
46190.4
46193.2
46195
46590.3
46670.5
46681.3
46689.3
46701.9
46699.6
46705.7
46707
46703.9
46705.4
46716.2
46712.8
46715.1
46719.4
46766.1
46767.2
46769.8
46801.7
46820.6
46825.2
46830.2
46837.5
46838.7
46841.2
46850.4
46864.3
46866
46870.2
46872.2
46878.5
46884.7
46886
46887.1
46890.4
46896.4
46898
46900.6
46906
46916.3
46918.3
46923.7
47043.9
47068.3
47116.8
47127.5
47371.1
47384.8
47863.3
48025.2
48109.2
48175.3
48177.8
48180.7
48186
48191.8
48193.8
48197.5
48207.2
48225.3
48228.1
48241
48246.1
48279.9
48479
48495.2
48498.7
48503
48520.1
48570.2
48583.7
48604.6
48627.4
48647.8
48652.3
48678.6
48681.1
48775.4
48805.9
48823.7
48843.5
48855.2
48860.3
48863.1
48877.9
48895
48908.5
48919.5
48931.8
48938.2
48939.9
48941.2
48947.4
48949.5
48954.6
48957.7
48960.5
48961.8
48970.9
48991.5
49004.6
49050.6
49080.6
49100.7
49119.2
49125.5
49127.6
49128.6
49144.1
49145.4
49156.3
49168.3
49183.8
49185.1
49186.8
49188.7
49192.4
49216.5
49226.5
49245
49248.1
49250.7
49258.9
49261.9
49271.7
49275.3
49277
49279.2
49281.3
49285.9
49290.6
49294.4
49299.1
49302.5
49304.1
49307.7
49318.9
49324.9
49331.6
49333.8
49339
49346.3
49349.7
49356.8
49359.7
49363.9
49366.1
49373
49375
49382.1
49385.7
49414.4
49441
49454.3
49465.2
49481.4
49983.4
50045.7
50047.4
50050.5
50058.6
50070.6
50071.8
50161.7
50180.7
50184.6
50188.2
50202.8
50204.8
50207.6
50416
50428.2
50444.2
50465.3
50475.1
50522.9
50526.6
50536.2
50560.7
50572.8
50600.7
50606.4
50628.2
50647.7
50673
50679.1
50690.8
50695.6
50698
50701.7
50706.8
50708.4
50726.5
50736.2
50738
50742.4
50748.6
50751.3
50752.5
50759.9
50763.2
50765
50767.3
50772.1
50773.3
50774.8
50776.5
50777.8
50779.9
50779.1
50796
50814.6
50816.7
50824.4
50828.3
50830.2
50839.4
50840.8
50842
50845.1
50860.3
50894.3
50897
50902.4
50908.5
50910.4
50912.6
50943
50954.1
50964.8
50987.2
51188.1
51279.1
51284.5
51285.5
51287.5
51298.1
51301.3
51308
51397.9
51402.7
51458.9
51465.1
51467.6
51468.6
51477.8
51483.1
51486.1
51488.7
51490.3
51496.6
51501.6
51503.1
51514
51520.7
51531.1
51533.1
51535.4
51539.9
51570.5
51612.5
51616.1
51638.6
51643.3
51649.6
51658.3
51662
51666.9
51670.2
51671.9
51675.7
52223.8
52254.2
52264.2
52266.3
52269.9
52277
52283.5
52302.8
52460.9
52462.3
52468.4
52479.6
52483.3
52506.8
52510.3
52514.9
52552.7
52556.2
52557.5
52561
52563.3
52566.3
52568.1
52570.7
52571.8
52578.3
52582.6
52583.9
52589.8
52594.7
52596.4
52599.8
52604.4
52607.4
52607.3
52644.8
52653
52656.5
52658
52664.1
52667.7
52670.2
52673.3
52676.8
52684.1
52687.3
52690
52696.2
52702.8
52714.4
52722.4
52723.4
52725.4
52728.7
52735
52739.2
52746.5
52749.9
52757.1
52760.3
52772.5
52776.4
52786
52787.5
52811.4
52815.7
52818
52819.8
52822.1
52826.8
52848
52851.6
52917.8
52933.3
52936.5
53517.6
53550.4
53562.4
53564.9
53575.7
53744.5
53750.5
53753.1
53756.3
53759.7
53772.9
53776.2
53779.1
53784.7
53789.1
53940.3
53962.6
53970.9
53972.5
53975
53980.8
53982.2
53984
53996.7
54006.6
54008.8
54011.3
54016.1
54019.8
54025.5
54026.9
54030.7
54031.7
54033.8
54043.5
54045.3
54049.2
54051.5
54053.6
54054.8
54056.2
54059.2
54061.8
54069.3
54084.8
54087.6
54094.3
54111.1
54135
54233.7
54275.9
54315.6
54332.1
54336.4
54357.5
54360.3
54375.4
54381.5
54383.3
54390.6
54393.2
54426.2
58620.3
58628.6
58678.3
58681
58683.6
58689.9
58713
58715.3
58716.4
58717.5
58738.9
58741
58746.2
58842.4
58934.8
58936.3
58943.6
58944.6
58967
58970.3
58974.6
58977.8
58996.3
59008.7
59021.3
59023
59029.5
59032.1
59059.4
59098.6
59273.5
59276.2
59285.4
59314.4
59317.3
59328
59338.3
59349.1
61497.2
61499.9
61504.4
61509.8
61513.1
61519.4
61532.5
61534.5
61535.6
61551.3
61582
61605.2
61607.2
61609.2
61989.9
62016.4
62020.1
62022.6
62025.2
62026.7
62033.8
62037.7
62039.8
62042.6
62044.8
62048.4
62063.6
62074.5
62076.7
62080.2
62110.1
62111.1
62125.7
62128.8
62130.8
62134.2
62157.7
62161.7
63108.9
65017.4
65021.6
65076.7
65087.5
65101.3
65106.8
65115.9
65505.7
65568.7
65601.3
69675.8
69699.6
69700.9
69704.3
69705.7
70054.1
70210
70235.8
70282.8
70331
70340.9
70343.6
70352.9
70362.3
70399
70402
70406.2
70411.2
70413.4
70415.1
70417.8
70424.3
70427.8
72419.5
72450.5
72880.6
73122.3
73197.1
74628.7
85763.1
85764.9
85765.9
85769.9
85773.4
85789.9
85792.8
85796.5
85802.7
85851
85925.9
86045
86103.2
86106.1
86127.5
86157.6
86201
88201.7
88205
88206.5
88209.4
88211
88212.9
88236.7
88241.7
88253.2
88255.5
88257.3
88274.3
88277.3
88279.7
88281.7
88733
88734.5
88736.2
88737.7
88741
88742.6
88743.7
88787.8
88812
88814.5
88856
88856.9
88859.1
88860.2
88903
88957.7
88998.2
89000.5
89018.1
89032.2
89033.8
89035.3
89045.7
89049.8
89051
89055
89057.6
89059.8
89071.4
89072.9
89140.2
89350.9
89366.9
89368.5
89391.4
89401.5
89427.7
89429.2
89439
89454.8
89463.9
89473.5
89478.1
89489.3
89675
89677.8
89680.9
89681.8
89684.6
89685.7
92514.4
93853.4
93879
93882
93895.8
93927.3
94876.9
95715.5
95718.8
95727.4
95732.2
95737.9
95790.8
95811.5
95817.1
95819
95822.8
95825.5
95833.9
95835.5
95837.9
95839.6
95842.8
95847.1
95848.9
95851.1
95854.6
95859
95863.9
95867.2
95869.1
95870.2
95871.5
95875.7
95878.8
95889.2
95900.3
95903.7
95911.1
96134.4
96143.4
96157
96166.3
96171
96174.8
96176.9
96178.6
96180.4
96182.3
96184.1
96187.3
96188.7
96190.4
96192.1
96194.1
96195.8
96201.1
96206.6
96856.7
96891.3
96892.8
96896.6
96898.1
96899.4
96905.9
96907.6
96961.1
96973.4
96993.2
96994.3
96999
97000
97014.6
97335.2
97360.3
97364.1
98590.6
98594.7
98615.3
98678.8
98680.6
98685.4
98707.7
98721.4
98723.9
98733.6
98741.9
98743.1
99155.8
99159.1
99160.7
99163.9
99193.7
99398.7
99413
99429
99434.3
99435.9
99485.2
99489.5
99495.4
99499.8
99502.8
99505.2
99524.6
99532.8
99533.7
99544.3
99558.2
99560.9
99566.1
99579.9
99587.7
99589.9
99591.4
99597.3
99600.8
99603.8
99610.8
99625.2
99629
99629.2
99631.4
99707.1
99739.4
99747
99755.5
99766.8
99834.9
100137
100141
100143
100146
100148
100152
100155
100157
100170
100171
100198
100389
100393
100413
100557
100570
100599
100601
100603
100610
100614
100621
100623
100625
100627
100629
100630
100632
100638
100643
100646
100647
100651
100655
100661
100665
100670
101079
101116
101166
101190
101222
101283
101328
101438
101483
101504
101505
101507
101514
101518
101547
101683
101704
101710
101716
101726
101730
101734
101738
101748
101750
101762
101768
101771
102707
102712
102731
103043
103046
103362
103679
103684
103703
103704
103727
103747
103755
103757
103800
103805
104463
104466
104470
104471
104485
104490
105466
105469
105472
105479
106293
106295
106317
106355
106359
106364
106367
106368
106372
106376
107949
107992
107998
108032
108034
108036
108039
108040
108044
108056
111717
111719
111722
111725
111727
111730
111751
112567
112591
112600
112625
112702
112704
112710
112714
112715
112716
112720
112723
112724
112728
112732
112735
112738
112823
112866
112870
112880
112893
112895
112897
112911
112921
112952
113289
113295
113302
113306
113315
113317
113344
113360
113373
113378
113378
113906
113911
113915
114436
114440
114454
114461
114462
114483
114485
114492
114505
114528
115035
115073
115154
115145
115160
115166
115192
115370
115389
115393
115407
115410
115417
115430
115432
115477
115500
115502
115506
115523
115541
115543
115552
115575
115587
115595
115599
115603
115625
115637
115658
115881
115897
115908
115915
115917
115924
115926
115930
115937
115939
115949
115951
115953
116200
116205
116207
116208
116209
116294
116296
116299
116303
116937
116948
116950
116956
116959
117009
117010
117203
117232
117262
117266
117271
117273
117284
118018
118076
118095
118098
118134
118141
118150
118153
118156
118158
118161
118162
118166
118589
118590
118594
118600
118602
118607
118611
118615
118617
118622
118640
118869
118896
118899
118903
118909
118924
118925
118928
118940
118942
118957
118958
118975
118976
118979
118983
118987
118989
119255
119491
119494
119507
119527
119532
119551
119559
119560
119578
119602
119606
119615
119616
119627
119631
119634
119641
119651
119681
119683
119686
119687
119690
119691
119693
119698
119700
119705
119910
120076
120082
120091
120121
120197
120685
120689
120698
120703
120708
120703
120716
120717
120717
120720
120721
120724
120763
120850
120881
120885
120889
120895
120911
120915
120917
120920
120968
120970
120972
121026
121075
121153
121155
121157
121158
121169
121198
121199
121202
121232
121237
121511
122525
122531
122541
122543
122548
122551
122553
122557
122560
122562
122564
122566
122569
122570
122574
122581
122711
122714
122716
122718
122723
122729
122746
122763
122764
122783
122862
122868
122891
122909
122920
122925
122948
122957
122966
122968
123013
123017
123026
123033
123035
123036
123042
123043
123047
123064
123071
123078
123081
123082
123086
123089
123111
123174
123215
123217
123219
123221
123223
123225
123227
123228
123231
123239
123241
123246
123250
123263
123264
123266
123268
123269
123274
123282
123286
123289
123291
123296
123298
123304
123307
123309
123325
123326
123328
123332
123684
123687
123716
123717
123760
123765
123774
123775
123781
123830
123834
123837
123838
123843
123850
123856
123860
123867
123874
123883
123894
123898
123910
123914
123915
123918
123919
123923
123934
123931
123936
123939
123942
123946
123948
123951
123962
123964
123997
124003
124024
124204
124209
124212
124214
124220
124222
124223
124227
124243
124244
124250
124252
124254
124256
124258
124261
124263
124269
124271
124282
124283
124315
124622
124785
124940
124986
124989
124990
124995
125023
125026
125027
125032
125038
125040
125041
125045
125049
125053
125057
125064
125075
125078
125102
125110
125674
125678
125685
125693
125706
125747
125778
125813
125886
125997
126008
126024
126036
126044
126048
126052
126177
126182
126185
126200
126201
126239
126244
126256
126272
126286
126293
126911
127269
127272
127275
127301
127302
127333
127335
127338
127342
127345
127375
127411
127417
127419
127422
127428
127432
127434
127440
127442
127444
127445
127447
127454
127460
127464
127468
127473
127479
127495
127510
127512
127681
127692
127698
127699
127728
127985
127998
128001
128006
128007
128010
128012
128016
128021
128022
128023
128028
128686
129158
129196
129233
129238
129244
129249
129290
129292
129297
129303
129306
129311
129320
129323
129325
129327
129328
129333
129337
129340
129342
129353
129356
129453
129455
129460
129465
129479
129535
129775
129784
129786
129792
129787
129803
129814
129810
129814
129816
129832
129833
129841
129839
130537
130541
130544
130545
130564
130566
130568
130569
130570
130576
130578
130586
130589
130601
130605
130607
130603
130621
130623
130619
130639
130653
130661
130667
130668
130679
130732
131047
131088
131092
131097
131123
131133
131136
131156
131160
131164
131179
131195
131215
131340
131384
131386
131388
131400
131401
131404
131414
131434
131442
131454
131459
131464
131466
131467
131470
131471
131514
131521
131524
131528
131532
131535
131538
131539
131541
131544
131677
131990
131992
132047
132073
132077
132115
132450
132472
132474
132475
132487
132498
132535
132553
132556
132564
132590
132608
132664
132665
132708
132710
132713
132823
132836
132837
132839
132847
132852
132855
132858
132860
132862
132864
132866
132867
132875
132904
132906
132931
132938
132947
133096
133105
133121
133440
133460
133523
133834
134195
134199
134201
134208
134210
134220
134239
134242
134246
134251
134254
134259
135513
135516
135526
135527
135544
135547
135571
135571
135573
135576
135611
135615
135617
135630
135638
135641
135797
135831
135837
135845
135850
135859
135986
136057
136059
136062
136068
136069
136072
136073
136075
136092
136101
136171
136173
136195
136232
136276
136384
136446
136498
136507
136509
136511
136518
136522
136524
136529
136541
136543
136545
136541
136547
136551
136556
136557
136566
136568
136571
136576
136579
136581
136618
136619
136621
137378
137400
137402
137450
137763
137789
137797
137849
137855
137858
137860
137872
137875
137880
137884
137903
137905
137908
138937
138939
138940
138941
138944
138962
138966
138980
139004
139005
139006
139011
139018
139101
139103
139106
139117
139120
139288
139292
139293
139295
139297
139301
139302
139304
139314
139331
139343
139364
139439
139576
139577
139711
139713
139788
139800
139805
139809
139812
139815
139821
140474
140480
140485
140486
140495
140500
140503
145494
145523
145526
145527
145616
145642
145647
145649
145651
145652
145658
145666
145669
145672
145679
145688
145693
145703
145710
145717
145731
145746
145747
145768
145787
145789
145798
145807
145811
145818
145821
145826
145834
145838
145871
145873
145881
145883
145885
145887
145890
145895
145898
145902
145921
146055
146058
146063
146083
146104
146245
146285
146287
146291
146297
146303
146305
146312
146342
146353
146363
146369
146392
146398
146403
146412
146426
146451
146461
146463
146469
146474
146479
146482
146500
149625
149641
149644
149647
149649
149654
149654
149656
149659
149660
149662
149731
149732
149891
149893
149896
149901
149904
149913
149916
149925
149929
149931
149938
149945
149958
149963
149976
149990
149994
150008
150013
150029
150058
150112
152242
152244
152246
152247
152251
152254
152258
152264
152267
152270
152272
152273
152278
152281
152284
152286
152289
152294
152361
152363
152365
152367
152371
152395
152426
152429
152432
152434
152437
152439
152444
152464
152465
152467
152592
152800
152861
154415
154423
154428
154432
154453
154455
154465
154468
154470
154477
154482
154483
154486
154500
154504
157151
157153
157163
157171
157193
157197
157199
157203
157216
160011
160019
160207
160232
160234
160236
160239
160241
160245
160248
160250
160271
160278
160281
160283
160295
160298
160301
160304
160307
160310
160318
162761
162795
162809
162812
162814
162815
162817
162818
162823
162825
162831
162835
162840
164411
164414
164435
164445
164449
164453
164458
164470
164474
164492
164500
164504
164506
164507
165027
165031
165214
165236
165272
165274
165324
165352
165594
165604
165611
165615
165619
165623
165631
165636
165638
165934
165948
165950
166589
166591
166596
166598
166606
166608
166612
166615
166624
166627
166632
166640
166643
166646
166650
167228
167234
167237
167255
167258
167290
167291
167294
167317
167321
167323
167327
167332
167336
167343
167346
167348
167350
167357
167358
167363
167372
167381
167388
167393
167402
167419
167463
167715
167718
167724
167727
167730
167765
167767
167770
167780
167783
167787
167788
167792
167794
167801
167805
167806
167809
167826
167904
167906
167911
167916
167929
167930
167930
167977
167998
167996
167998
168002
168018
168092
168143
168144
168148
168149
168170
168183
168194
168257
168287
168291
168293
168293
168296
168297
168301
168307
168313
168318
168321
168325
168346
168348
168355
168387
168678
168692
168714
168731
168748
168802
168812
168816
168819
168822
168823
168825
168827
168828
168974
168975
168978
168983
168988
168992
169054
169062
169072
169080
169084
169117
169118
169123
169124
169126
169128
169131
169133
169136
169155
169159
169161
169162
169168
169190
169257
169259
169268
169280
169281
169308
169312
169313
169330
169331
169332
169335
169351
169375
169388
169389
169425
169428
169434
169435
169439
169461
169463
169466
169467
169511
169547
169552
169575
169577
169669
169674
169675
169681
170444
170459
170473
170584
170587
170591
170594
170602
170605
170609
170610
170630
170679
170685
170691
170694
170714
170730
170729
170734
170736
170743
170749
170758
170793
170851
170910
170912
170914
170917
170933
170939
170942
170949
170955
170958
170965
170973
171489
171497
171656
171742
171764
171845
171848
171851
171859
171865
171868
171870
171873
171877
171878
171881
171887
171914
171935
171940
171953
172428
172535
172618
172619
173148
173194
173324
179460
179474
179587
179590
179840
179843
179844
179853
179856
179858
180329
180334
180430
181135
181139
181175
181198
181200
181201
181204
181217
181219
181309
181313
181319
181329
181332
181343
181733
181735
181736
181744
181748
181756
181763
181771
181778
181780
181783
181787
181790
181824
190645
190664
190670
190685
190688
190694
190700
190704
190716
190718
190720
190721
190723
190733
190734
190736
190744
190746
190748
190751
190779
190783
190788
190791
190792
190803
190845
190849
190851
190860
190870
190871
190887
190895
190896
190908
190917
190923
190994
191002
191003
191005
191010
191015
191018
191022
191633
191639
191655
191659
192885
193037
193040
193042
193044
193047
193050
193052
193875
194027
194029
194031
194032
194033
194041
194045
194051
194063
194065
194082
194131
194328
194333
194336
194339
194356
194358
194359
194370
194378
194396
194402
195377
195387
195415
195508
195517
195521
195527
196905
197199
197212
197222
197239
197253
197270
197515
197518
197520
197540
197548
197550
197567
197572
197576
197583
197593
197594
197606
197618
197735
197748
197750
197757
197759
197762
197767
197775
197778
197822
199133
199145
199154
199159
199161
199166
199167
199170
199174
199177
199207
199213
199225
199234
199253
199288
199307
199314
199320
199331
199343
199368
199370
199373
199383
199388
199391
199407
199410
199414
199419
199422
199426
199428
199430
199434
199436
199438
199442
199443
199447
199452
199454
199465
199467
199468
199470
199471
199474
199475
199476
199478
199479
199482
199563
199571
199588
199590
199578
199579
199581
199584
199596
199599
199619
199622
199638
199642
199649
199655
199662
199665
199669
199676
199678
199688
199693
199695
199699
199701
199705
199706
199710
199715
199718
199720
199780
199792
199806
199815
199817
199821
199834
199838
199840
199841
199852
199853
199861
199865
199882
199886
199888
199890
199891
199892
199899
199903
199907
199912
199918
199921
199927
199929
199930
199935
