896.12
1340.32
1744.72
1942.94
2606.24
2731.99
3138.01
3362.49
3560.19
3762.3
4381
5540.4
5545.42
6080.26
6079.96
6474.34
6778.84
6793.61
7078.69
7367.29
7852.23
7867.27
7989.6
8182.26
8800.28
8868.6
9075.26
9601.32
10705.1
10872.3
11025.7
11062.5
11262
11450
11637.1
11870.3
12319.5
13512.4
13542.8
13697.6
14471.5
14752.7
15301.5
15501.3
15779.1
16806.4
20359.7
21167.3
21521.5
22476.7
22687.4
23097.6
23757.4
24014.2
24025.7
24500.8
24858
26061.1
26529.5
28022.1
29225
29529.8
29759.4
29873.3
30237.1
30375.9
30573.3
31817.6
32134.3
32201.4
32557.6
32648.3
33161.1
33266
33363.7
33620.4
33999
34018.7
34180.3
36124.1
36181.9
36362.5
37263.9
37899.9
37912.1
38864.9
38919.9
39044.1
39483.5
39609.9
40040.2
40145.6
40289.3
40694.9
42044.4
42099
42970.8
43416.6
43555.7
43730.5
43928.8
44146.2
44962.8
45054.3
46200.7
46437
46493.3
46812.3
47832.2
47958
48128.5
48165.6
48270.6
48995.6
49117.6
49156.5
49174.9
49567.9
49618
50001.4
51197.4
51528.5
52210.6
52597.8
52682.9
53377.3
53384.5
54874.2
54916.4
55704.8
56182.1
56522
56584.4
57353.4
57452
58228.5
58936.4
59192.4
59410.8
59472.4
59487.4
60408.3
62236.3
62273
62425.8
63810.4
63922.9
64504.7
65164.4
65391.4
65482.2
65580
67182.9
67376.2
67403.6
67530.2
67704.1
68085.2
68586.6
70092.8
70662.2
70878.1
71308
71541.6
71771.3
72484.4
72678.3
72706.3
73921.2
73979.7
74485.4
74883.4
75542.9
76048.8
76618
76767.6
76871.7
77150.6
78135.7
78297.7
78302.3
78633.1
78708.2
79688.1
79868.6
80527.9
81677.6
81971.5
82702.7
83879.3
83975.4
85015.7
85779.8
86929.5
88131.8
88337.8
89602
89664.9
89938.6
90105
90452.8
90605.9
91188.3
92228.2
92545.9
93014.6
93084.7
93105.7
93209.8
93382.5
94127
94752.8
95170.7
95252.8
95370.8
95790.4
95991.1
95991.2
96220.5
96252.2
96757.3
97414.7
97432.3
97484.3
97772.2
98328.7
98337.2
99740.5
100149
100908
101139
101635
102155
102297
103083
103472
103584
103604
103640
104056
104082
104149
104611
104604
104812
104979
105499
105746
105920
106015
106040
106383
106710
106812
107830
107963
107969
108033
109181
109725
109893
109972
110383
110768
111073
111153
111386
112282
112654
112694
112827
114253
115227
115421
117566
117900
119315
119327
119586
119618
119831
120566
120950
121681
121840
122094
122445
122445
122484
122489
122825
122829
123013
123416
123720
123837
123870
124370
124356
125730
126003
126165
126341
126388
126525
126541
126677
126695
126718
127251
127289
127283
127665
127946
128491
129010
129020
129154
129215
129799
130022
130941
131085
132138
132687
133386
134675
134694
134865
137046
137363
138471
138959
139620
139838
140709
141202
141890
142006
142129
142177
142515
142942
143173
143223
143348
143573
143936
144377
144580
144632
145024
145086
145298
145841
146804
147028
147137
147540
147575
148403
148542
148655
148754
149460
150453
150847
151018
151029
151227
151282
151321
151659
152173
152767
153224
153229
153488
153618
154148
154724
156034
156341
156785
158215
158249
158277
158495
158525
158630
159146
159160
159491
159838
160825
162024
162191
162927
163969
164032
164640
164911
165078
165131
165175
165845
166454
166535
166675
167036
167491
168117
168441
168444
168499
168722
169017
169428
170110
170795
171211
171468
172451
173189
173180
173331
173815
174073
174070
174640
174826
174846
175354
175848
175855
175998
176044
176470
176566
177445
178210
178735
178795
178817
178994
179418
179548
179912
180206
180502
180545
180664
180940
180946
181301
181647
181736
181947
182254
182706
183973
184212
184522
184601
185040
185283
185601
186199
186546
187193
187438
187627
187832
188123
188246
188676
189496
190262
190593
191390
191383
191483
191837
192410
192736
192851
192969
193119
193480
193824
193962
195554
196210
196487
196837
198210
198400
198514
198943
198983
199563
