14581.6
15058.6
15448.6
18092.3
19227.1
19729.3
27034
28290.7
33260.7
35185.8
38541.4
38829.9
40282.6
40794.3
46538.9
48985.2
51165.3
51825
55826.6
59158.2
65799.1
66998.4
67070
70619
71462.7
75186.9
80910.5
82659.9
83186.5
83407.1
87770.8
102837
104507
104658
105211
107711
114052
116698
117446
117627
119443
123934
128795
130153
130869
136812
138322
138479
139795
140004
140064
141643
141894
142253
146243
149055
151258
156476
157334
160138
160471
170699
171196
178230
179575
180805
184624
194207
194216
196170
