650.24
967.08
1260.14
1434.26
1461.36
1617.07
1627.77
1741.39
2588.3
2913.76
3385.85
3479.37
3543.62
4063.3
4124.16
4560.23
4725.31
4811.8
4826.17
5033.73
6105.8
6378.95
6556.97
7233.24
7344.98
7696.39
7901.79
8234.27
8497.69
8851.35
8895.84
9078.55
9403.08
9460.2
9485.6
10361.1
10713.6
11612.6
12695
12879.5
12963.6
12988.1
13168.3
13427.7
13509.5
13661.5
13936.4
14021.6
14336.7
14582.9
14791.5
15013.4
15349.5
15361.7
16301.8
16565.2
17065.9
17067.5
18159.1
18998.6
19026
19099.4
19290.6
19823.4
19913.9
20050.1
20218.6
20322.3
20413.2
20589.3
20592
21621
21629.6
21866.8
21889.3
22147
22403.8
22507.5
22686.2
22715.1
23045.9
23417.9
23551.8
23771.1
24397.5
24813.6
25013.4
25045.7
25076.3
25399.9
25660.5
25692.9
27302.7
27305.3
27522.4
27942
28123.9
28569.6
28824.5
28971.6
28973.1
29217.3
29511.5
30244.8
30988.2
31111.1
31245.4
31402.8
31467.6
31515.4
31724.2
31816.7
31956.8
33732.7
33952.7
34001.9
34283.3
34562.2
34808.5
34915.9
35164.9
35424.7
35699.8
35725.8
35904.6
35976.3
36406.2
36481.9
36578.2
36774
36780.4
37039.3
37142.1
37419.5
37471.3
37536.4
37663.9
37720.7
37943.5
38416.8
38501.8
38585.2
38780.5
39135
39156
39609.8
39751.8
40577.2
40820.9
40846.9
41234.2
41474.2
41646.3
41869.8
42189
42214.2
42392.3
42682.4
43391.8
43960.9
44353.3
44442.6
44659.1
44739.1
44908.1
45076
45185.8
45375.7
45445.3
45513.9
45546.9
45690.4
46039.5
46284.8
46629.4
46739.9
47408.8
47781.6
48674.9
48901.1
48951.6
49775.9
49852.2
50118
50141.9
50358
50382.3
50624.9
50933.3
51030
51682.6
51729.5
52270.2
52867.4
53095
53267.7
53347.3
53542.6
53588.9
53636.8
53651.5
54316.6
54765.3
54857.5
55320.6
55434.6
55745.3
55828.8
56037.7
56080.8
56365.3
56524.8
56847.7
56893
56923.3
56993.6
57670.9
58132
58168.9
58628
58692.9
59311.2
60128.8
60466.7
60595.1
61120.4
62307.1
62700.8
62799.2
62927.8
63148.7
63346.2
63532.8
63591
64366.8
64762.5
65456.8
66053.6
66088.4
66280.3
66847.4
68030.6
68932.6
68960.2
68970.8
69001
69126.9
69134.3
69306.4
69421.8
69859.3
69857.8
69872.2
70084
70197.7
70470.1
70501.2
70664.6
70683
70866.4
71222.3
71232.5
71475.8
71555.7
71564.7
71907
72115.6
72322.3
72396.8
72545.5
72966.4
73149.1
73520.2
73904.2
73929.7
74248.4
74243.4
74390.3
74596.8
74896.8
74975.9
74996.5
75364.5
75449.8
75582.7
75926.7
76027.2
76100.4
76170.6
76300.3
76546.1
76623.9
76790.2
76805.4
76839.6
76887.7
77083.9
77308.3
77440.1
77495.1
77873.7
77970.2
78242
78692
78819.3
79109.6
79219.5
80036.9
80736.8
80899.8
81001.9
81220.5
81257.2
81423.6
81475.8
81587.1
81666.3
81766.5
82107.4
82450.4
82719.3
83026.4
83111.6
83686.4
84012.3
84043.8
84538
85246.9
85455.3
86055.7
86354.8
86509.3
87054.9
87050.8
87558.8
87623.9
87668.2
87909.3
88144.1
88745
88850.1
88974.8
89404.4
89520.6
90047.1
90434.8
90591.7
90816.8
90861
90970.4
91256.2
91650.9
91680.8
92021.3
92598.3
92682.7
92925
92959.2
93775
94007
94105.3
94263.5
94334.4
94395.8
94654.2
95385.7
95682.5
95700.4
95811.1
96288.2
96698.4
96986.7
97118
97125.9
97578.3
97735.6
97835.2
97849.6
98062.3
98394.6
98445.1
98861.8
98975.4
99083.1
99378.7
99509.1
100226
100358
100400
100550
100717
100815
101476
101780
102049
102231
102287
102916
103545
104116
104661
104808
104884
105414
105425
106585
107244
107896
108326
108367
108378
108678
108903
109243
109263
109603
109756
110610
111058
111263
111773
112070
112171
112751
112995
113079
113342
113420
113420
114180
114269
114435
114731
114972
114994
115159
116123
116162
117816
117967
118078
118574
118637
118911
119091
119138
119357
119649
120761
121479
121729
121772
122179
122464
122507
124535
124694
124738
125136
125203
125531
125736
125728
126016
126960
126968
127590
127663
127883
128189
129257
129366
129584
129992
130411
130719
130925
131601
131688
132043
132080
132463
132668
132985
133132
133355
133659
134285
134411
134540
135610
135660
135805
135830
135861
135914
136362
136366
136474
136677
136726
136974
137031
137545
137596
137695
137914
138134
138616
138680
138891
139199
140291
141084
141242
141412
141518
141654
141670
141940
142273
142264
142478
142728
143476
143520
143676
143788
144335
144447
145356
145591
145689
145820
145901
146023
146452
146483
147504
147621
147676
147837
148182
148211
149766
149798
149969
150237
150469
150502
151631
152097
152657
153094
153681
154055
154296
154495
155170
156010
156831
157045
157179
157659
157704
158051
158285
158586
158869
158887
159195
159405
159767
159845
160217
161367
162077
162240
162471
162716
162997
165045
165779
165963
166283
166402
166438
166790
167520
167986
168146
168592
168755
169237
169865
171001
171377
171817
171882
172666
172666
172932
173164
173210
173296
173697
173851
173869
174414
174761
175059
175155
175262
175712
176148
176251
176526
176723
176841
176957
177081
177398
177437
177454
177755
177800
177957
177993
178127
178446
178522
178592
178904
178935
179207
179197
179216
179581
179814
180138
180255
180816
181412
181681
181847
181975
181964
181997
182013
182565
182607
183163
183184
183551
183906
183995
184455
184678
184984
185146
185580
185714
186078
186386
186917
186930
187095
187393
187648
188254
188444
188641
189536
189562
189781
190992
191248
191745
192006
192456
192500
192634
192776
193225
193646
194046
194467
194703
194746
195081
195386
195393
196440
196561
196565
196642
196923
197072
197266
197479
197512
197783
198225
198278
198632
198643
198990
199486
199557
199918
