268.05
527.73
1858.52
2002.58
2302.92
2553.22
3640.24
4111.84
4913.46
5424.48
5497.71
5759.63
5764.23
6054.3
6401.64
6605.96
6625.93
7089.29
7437.75
7528.29
8136.42
8164.55
9561.43
9715.71
9886.73
9975.5
10161.9
10495.7
10645.3
11004.6
11137.4
11185
11447.7
11903.3
12346.3
12544.4
12547.8
12810.7
13083.4
13254.1
13368.2
13590.1
13971.5
13982.3
14240.7
14327.8
14632.8
15540.4
15758.2
16045.4
16796.7
17563.9
18290.2
18658.7
18966.9
18971.3
19528.4
19971.5
20099
20242.6
20423.7
20540.9
20942.2
21223.8
21486.6
22167.4
22521.9
22707.5
22953.3
23174
23371.8
24899.1
24964.1
25189.8
25927.8
26105.5
26313.1
29078.6
29374.6
29689
29963
30286
30538.6
30925.1
31089.8
31241.5
32017.5
33345.5
33669.2
33916.2
34409
34464.5
34691.4
34884.6
35374.7
35465.4
35927.3
37599.8
37701.3
38587.8
39224.4
40066.1
41392.6
41613.1
41836.2
42012
42400.8
42550
42639.4
42962.5
43088
43929
44616.8
44862.9
45181.7
45594.7
46168
46497.1
46662.8
46808.6
46904.5
47225.6
47878.5
48087
49133.8
49293.8
49337.2
49998.8
51516.7
52796
53183.6
53256.2
53487.6
53808.1
54215.9
54928.4
55213.4
55505.8
55970.4
56205
56318.2
56540.8
57197.9
57605.9
57698.3
58338.5
58721
59313.4
59478.8
59903.3
61214.8
61657
62058.6
62838
63354.9
63543.3
64482
64557.1
64940
65261.9
65623.2
65805.9
66001.1
66251.2
67060.8
67145.4
67282.7
67680.2
67697.3
69212.7
69618.2
69633.2
69977.3
70406.7
70519.8
71034.2
71142.8
71975.1
71998
72083.2
72199.1
72318.1
72550.1
72897.3
72928.5
72999
73112.5
73331.6
73444.8
73458.3
73815.2
74764.8
74919.2
75586.2
76398.3
76431.4
76536.5
76924.8
78159.1
79019.3
79506.8
80133.7
80238.3
80444.3
80992.7
81054.1
81755.8
81795.9
82222.9
82392
82704.1
82893.4
83441.1
83956.1
83988.5
85270.3
85379.5
85532
85543.3
85636.2
85834.9
85888
86028.1
86214.2
86538.9
86889
86953.8
86950.6
87596.3
87724.1
87973.3
88805.8
88944.2
90121.2
90187.2
90209.6
90591.2
91208.9
91668.2
91935.3
92492.6
93030.2
93330.7
93354.9
93647.2
93959.4
95008.9
95089.4
95652.4
95757.7
96021.1
96569
96731.4
97313.6
97323.3
98490.6
98682.5
99221.6
99311.2
99487
100273
100383
100759
101031
101306
101387
101920
102455
102997
103002
103316
103663
104482
105799
107084
107404
107467
108461
108615
108906
109085
109657
109880
110610
111517
111903
112084
112339
112393
113092
113127
113152
113960
114139
114276
114488
114579
114588
115049
115669
115692
118404
118521
119073
119089
119519
119596
119842
119995
120306
120351
120912
121092
121244
121886
122395
122450
123350
123589
126187
126923
127883
128241
129021
129444
130442
130607
131748
132790
133165
133186
134351
134459
135189
136001
136033
136424
136626
137049
137919
138954
139742
140815
141085
141453
143571
143625
143626
144181
144779
145447
145600
145759
145770
145844
146526
146613
147101
147564
147749
148155
148179
148231
148285
148302
148335
149352
149638
150210
151156
152165
152231
152601
152673
152862
153090
153159
153277
153814
153975
154388
154423
154601
154750
154863
154876
155249
155371
156137
156269
156659
156708
156892
157547
157853
158117
158228
159333
159577
159598
159634
160128
160155
160654
160852
160928
161090
161413
161963
162116
162372
162919
163063
163166
163865
164239
164578
164646
164872
164912
165137
165789
165812
166120
166165
166420
166503
166520
167672
168085
168290
168327
168356
169678
170631
170850
170918
171251
171262
171255
171754
171808
171905
172216
172231
172552
172617
172787
173170
173416
174423
174789
174913
175214
175261
175509
176435
176447
176533
176607
176765
176814
176985
177986
177982
178018
178136
178890
179531
179926
180231
180865
181589
181624
181980
182263
182599
182642
184439
185464
186042
186337
186527
186595
186656
186839
187337
187893
188791
188806
190105
190596
192330
193035
193109
193121
193197
193244
193368
193703
193824
194040
194763
194796
195471
195694
195745
195987
196132
196264
196325
196337
196844
197796
198139
198304
198341
198636
199166
199497
