3636.86
5321.93
6934.94
7841.62
8600.28
9176.26
11584.7
11811.3
11934.1
18858.2
19036.6
19102.8
20126.9
22676
23495
25724.9
27291.3
27475.6
29020.3
29867.9
30080.6
30122
31019.9
31586.3
31938.2
33739.2
35493.4
35578
39020.2
40548.1
40676.9
46841.4
47312.1
49201.5
50754.3
51362.7
51608.2
51691.6
52020.4
52322.7
53195.1
53614.6
54287.7
54513.6
63487.6
65561.4
68022.1
71586.8
72004.3
72266.4
75699.3
76626.4
78783.9
78858.4
80825.9
81688.6
82775
84147.7
86286.7
86642.2
88262.8
89422.3
91033.2
93167.6
93503.5
96696.9
97388.7
98325.9
100864
101119
101374
102216
102454
103255
103714
104076
106850
107471
109335
112009
114263
115164
115669
119034
119503
119765
122883
126644
129386
131372
131800
133895
135572
140626
143511
144446
145316
145676
146137
147107
150308
152940
153482
155161
156408
158191
158788
160006
161274
162166
162847
163268
163626
165589
165821
167344
171670
171692
174044
174298
175370
176368
176577
183667
184495
185674
185795
186066
186858
187698
187970
188999
189959
191140
192344
199605
199873
