976.48
1233.28
1440.74
1806.59
1881.57
2106.02
2131.38
2489.78
2557.75
3369.09
3387.49
3520.95
3745.66
3839.79
3847.44
4308.61
4332.73
4394.83
4470.69
4859.81
5225.79
5339.74
5864.09
6489.63
6542.7
6959.75
7503.62
8147.75
8582.98
8732.67
8893.86
9093.03
9299.23
9614.04
9691.58
10651.6
10784.5
11020.7
11075.1
11086.9
11137.9
11254.8
11290.2
11733.3
11840.9
12254.5
12278.9
12382.9
12455.9
12969.2
13031.5
13179.3
13296.8
13329
13398.3
13396.8
13897.2
14057.1
14109.3
14248.3
14274.3
14366.9
14600.1
14830
14910.1
14980.3
14998.8
15340.9
15388.2
15567.3
15670.3
15989
16204.8
16342.2
16451.3
16550.1
17034
17094.2
17933.8
17996.1
18035.7
18044.4
18058.8
18358.6
18461.1
18475.2
19018.1
19553.9
19640.3
20164.3
20260
20955.9
20975.5
21201.9
21268.1
21363
22081.3
22093.8
22204.9
22240.3
22416.3
22987.5
23259.4
23531.9
23881.4
24147
24161.3
24286.2
24465.2
24512.3
24759.4
25183.5
26967.3
27004.9
27595.9
28525.7
28879.3
29704.9
30640.9
30769.7
30959.9
31030.7
31224.7
32693
32718.8
32735.1
32966.5
33901.5
35020.7
35124.9
35407.3
35457.8
35519
35922
35922.2
36064.1
36288.5
36521.7
36592.1
36895.7
37111.4
37925.8
38157.4
38868.4
39096.2
39832.1
39962.2
40249.1
40281.9
40450
40486.2
40639.3
40855.4
41029.5
42096.1
42191.7
42389.1
42927.2
42972.5
43463.8
43715.8
43992.3
44651.9
45100.5
45279.7
45513.8
45580
45634.3
45738.7
46563.6
46692.6
46982.2
47276.1
47324.7
47530.6
47968.3
48307.3
48526.8
48660.9
48722.2
49075.5
49998.7
50166.8
50218.9
50324
51033
51073.8
51168.3
51309.5
51324.2
51502.2
51513
51686.2
51726
51874.4
51979.8
51973.8
52075.8
52495.7
53126.7
53165.1
53214.6
53306.2
53431.2
53524.9
53531.4
53609.6
53732.7
53798.7
53976.6
54088.2
54631.5
55202.5
55792.9
55828.1
56226.6
56775.6
57325.7
57418.5
57800.8
58046.6
58113.2
58414.6
58545.8
58719
58745.8
59162.3
59673.9
59897.5
59913.8
60849.8
61197.5
61424.8
61883.1
62029.7
62121.5
62343
62890.6
62989.4
63249.1
63283
63638.6
63905.6
63983.9
64048.5
64069.9
64368.7
64662.3
65260.8
65354.5
65583.5
66111.3
66477.8
66710.3
66727.3
66823.6
66828
67021
67332.2
67524.1
67581.9
67753.1
67963.1
68047.5
68324.6
68776
69523.3
69720.6
69771.8
69860.4
70180.8
70206.8
70303.4
70545.1
70804.2
70855.5
71089.9
71191.9
71286.6
71359.5
71365.3
71375.4
71420.1
71511.4
71720.3
71882.1
71934.2
71941.1
72017.4
72263.8
72296.9
72583.2
72647.3
72873.2
72960.4
73113.9
73178
73457.1
73580.4
73611.6
74127.2
74148.5
74161.7
74791.3
74940.2
74970.1
75169.6
75247.3
75255.5
75565.8
75657.8
75695.2
75730.4
76239.6
76327.6
76361.1
76610.1
76822.7
76834.2
77706.6
78404.9
78739.3
78816.7
79124.9
79504
79915.6
79998.3
80287.3
80494.4
81321.7
81454.8
82222.4
82744.2
83096.6
83305
83578.7
83601.6
83807.5
84033.2
84318.7
84634.8
84910.1
84917.1
85372.2
85529.7
85934.4
86286.5
86495.9
86850.6
87050.3
87138.3
87365.8
87551.3
87798.9
87841.8
88085.8
88769.4
88788.2
89503.7
89670.1
89955.5
90105.4
90380.2
90676.6
91056.7
91448.8
91954.6
92226.6
92272.7
92350.8
93220.3
93319.6
93608.4
93732
93754
93914.6
93916.2
93953.9
94025.6
94212.3
94287.4
94890.6
95540.5
95613.7
95977.4
96052.7
96506.1
96671.9
97736.3
97901.5
98272.4
100598
101025
101083
101444
102469
102694
103025
103087
103126
103447
104461
104541
104562
104916
105132
105186
105271
105497
105651
105878
106642
106678
106931
107101
107221
107513
109133
109670
109677
110001
110087
110675
111466
111478
111735
111889
112073
112128
112134
112761
113075
113317
113428
113484
113530
113747
113888
114190
114284
114349
114432
114454
114832
115027
115164
115318
115519
115558
115626
115744
115918
115935
116642
116820
117219
117350
117642
117782
117954
118085
118209
118346
118358
118421
118881
118878
119061
119163
119242
119267
119826
119961
120283
120532
120680
120881
121021
122366
122423
122508
122880
123050
123576
124711
124976
125351
126310
126434
126718
126963
127201
127672
127706
127842
127860
127964
127977
127977
128588
129125
129537
129665
130275
131078
131087
131151
131215
131626
131610
131873
131920
132157
132242
132249
132420
132491
132567
132592
132844
132913
133237
134223
134969
135102
135127
135197
135374
135486
135567
135609
135636
135958
136758
136790
138404
138795
139765
139819
139965
140325
140986
141185
141569
141641
142153
142166
142268
142603
142676
143656
143905
144403
144714
144741
144813
144870
144919
144995
145269
145359
145409
145527
145635
146382
146773
147224
147274
147475
147532
147648
147979
148310
148518
148936
149612
149644
151974
152063
152384
152456
152538
152845
152979
153419
153585
153699
153807
153862
154288
154822
155043
155338
155435
155433
156494
156714
156998
157117
157116
157704
158250
158623
158675
159060
159173
159774
159771
159963
160129
160338
160332
160628
161371
162192
162205
163049
163276
164781
165085
165287
165540
166071
166613
166683
166785
167219
167246
167493
167535
167565
167798
168022
168330
168436
168838
169004
169219
169358
169944
170710
171404
171543
171703
171859
171957
172464
172525
172645
173090
173217
173279
173533
173656
173704
174304
176024
176528
176891
176920
176990
177065
177154
177210
177533
177687
177972
178046
178259
178368
178942
179088
179274
179553
180044
180195
180619
180738
181202
181285
181367
181430
182260
182295
182607
183337
183481
183998
184384
185225
186245
186521
186541
186559
186722
186884
187110
187381
187412
187432
187474
187579
187698
187746
188030
188034
188350
188390
188431
188937
189384
189634
189684
189992
190422
190687
191208
191373
191629
191895
192213
192237
192290
192399
192671
192680
192689
193012
193015
193195
193257
193628
193803
193816
194069
194133
194378
194575
194577
194882
195335
196921
196947
197041
197338
197645
197747
198142
198151
198540
198634
199021
199226
199432
199540
