1102.73
1113.07
3144.89
4154.78
6266.45
11652.8
13012.3
13151.1
13769.7
13848.7
15099.8
16195.6
16673
17123.4
18374.7
20716.9
22810.4
23229.7
28223.2
28659.9
29257.6
31682.6
31769.5
36523
38193
38628.3
40949.6
41691.3
42656.4
43606.3
44501.4
45762.9
45772.9
47931.4
48231.4
48299.1
48781.8
50002.6
50264.6
51865.8
52234.9
53074.8
55202.7
55228
57503.2
58050.2
58779.6
58981.7
59120.4
61403.9
64842.7
64894.5
66222.4
66700.2
67312.5
67823.6
73783.3
74219.2
74399.3
76170
76811.4
78566.7
79242.5
81111.7
82779.2
83385.2
83382.5
83901.5
84566.6
84602.5
85636.9
87193.3
88930.5
90486.4
90518
92056.5
92220.6
94659.2
94706.9
96455.9
96567.7
97244.4
97791.5
99852.1
100248
101127
104994
106160
109033
110083
110222
110839
111462
111542
112816
114038
114261
118694
119545
124209
124326
125629
127656
129069
129202
129654
131225
132458
137407
137916
139755
140814
142494
142909
143187
144508
146720
147037
148238
152731
154749
155642
156210
156250
157468
158686
159155
161014
161043
163797
165376
165506
165646
171814
172508
173507
173579
175588
178685
180901
181192
183011
183847
185263
185707
187020
190408
191223
191298
191712
192575
192660
193998
197473
198408
