957.66
1165.4
3304.06
4705.86
6594.45
7620.46
9402.45
10180.4
10295.2
14217.8
15858.4
16035.7
16287.3
16890.6
17216
17555.9
18475.9
18731
19631.6
19975.4
20035.8
21993.8
22926.6
24095.7
24739.5
25310
25352.2
25380.3
25446.4
26295.6
26468.1
26531.4
27352
27446.3
28331
28687.8
28876
31170.7
31415.6
32342.7
32561.3
32696.7
32848.1
34006.6
34245.9
34944.3
35681.1
37636.1
37936.5
42017.2
42165.2
42698.4
43810.5
44738.8
45878.2
47320.1
47561.2
47730.9
49973.6
50630.6
50996.1
51427.7
51492
51795.9
52135.2
52666.1
54386.5
54455.2
54530.4
54792.4
55853.2
56055
57738.7
58382
60346.8
62058.2
62113.4
63768.2
65044.4
65281
65958.7
66729.5
66898.4
66964.1
67257.6
67730.4
67731.6
68795.8
71773.1
71814.1
73153.5
73543
74705.5
75770.7
77032.2
77280.7
77815.7
78672.7
78674.3
79568
81566.5
82480.8
82788
85707.8
86009.6
87943.7
88141.5
93054.3
93899.6
95159.7
99095.2
99290.6
