271.28
492.74
688.15
803.15
1168.15
1231.32
1645.89
2914.46
3397.58
3793.96
3913.77
4309.48
5680.67
6493.38
6516.43
6761.99
7098.7
8548.61
9241.92
9899.49
10047.4
11050.1
11924.7
13673.6
13927.2
14563.1
14887.1
15228.4
15659.8
15756.1
15798
16036.2
16929.8
17472.6
17481.9
17652.2
18266.2
18528.1
18544.4
19284.8
19378.4
19781
20483.2
21753.2
21764.3
22227.4
22299.4
23204.6
24315.1
24442.6
24472.2
24895.8
24954.8
25055.5
25466.6
25836.6
26419.5
26856.4
27267.8
27335.2
28128
28216.1
28266.4
28523.7
28559
28589.3
28988.8
29303.1
29884.4
29905.4
30876.6
31754.9
31814.1
31812.6
31957.5
32200.6
32235.9
32332.9
32418.5
32574.4
33099
33548.4
33771.2
33980.5
34076.3
34558.1
35042.6
35911.2
37111.2
37279.2
37553.2
37748
38064.1
38095.5
38850.5
40133.6
40573.6
40905.7
41486.7
41770.9
42163.3
42901.8
43615.3
43724.1
43951.4
44391.6
44905.1
45275.2
45666
46341.9
46944.2
47147.6
47275
47506.8
48183.1
48655.9
49383.7
50402.3
50437.2
50460.7
50987.5
51439.8
51921.4
52206.9
52466.6
53586.7
53649.5
54019.6
54084.7
54173
54271.2
55415.5
55426.4
55870.6
56133.9
56284
56771
57131.8
57280.5
57332.6
57491.7
57750.9
58020.8
58326.8
58740.2
59313.4
59598.2
59984.9
60189.7
61207.4
61795.4
61979.9
62854.5
62906.1
63455.3
63799.1
63895.3
64003.6
64353.3
64829
64986.1
65173.4
65408.6
65682.6
65773.3
65852.9
66023.5
66456.8
67051
67519.9
68233.5
68420.6
68627.4
68844.9
70055.7
70085.2
70955.7
71154.3
71610.7
71644.6
71935.1
72738.5
72780
74292.1
74493.6
74944
75264.2
76499.9
76553.8
76569.8
76675.9
77394
77444.2
77955
77994.6
78112.5
78274
78391.5
78829.5
79000.9
79037.6
79116
79386.8
79629.5
79911.1
81073.1
81236.3
81252.1
82175.7
83026.4
83471.7
83738.1
85010.1
85326.1
85721.8
87689.5
87837.9
92234.5
92762.1
93842.2
94363.2
94957.5
95165.8
95357.5
96068.8
96828
97879.1
98294.1
98674.4
98742.9
98876.7
98999.6
