1424.39
1565.37
2430.44
2519.52
2857.78
3709.9
3712
3777.27
5474.59
5608
6835.27
7236.78
7929
8528.69
9247.47
9764.34
10137.5
11295.1
11654.6
12546.8
12847.8
12916.3
13236.1
14392.4
16060.8
16515.6
16937.2
17079.2
17211.2
17387.9
17537.1
17869.8
18758.2
20345.4
21858.5
22557.9
23376
23680
24301.3
24633.5
25495.9
26172.1
26316.9
26692.9
27417.8
27580
27604.5
28610.9
29551.7
29671.9
30129.7
30175.7
31217.1
32737.9
32997.7
33169.4
33491.3
33775.6
33783.8
34137.6
34302
35050.4
37054.3
37282.7
38212.2
38455.3
39856.3
40287
40324.7
40454.9
40462.5
42370.2
42627.9
43890.6
44353.9
44523.6
44802.9
45975.9
46186.5
46335.2
46835.2
46954.1
47271.7
48233.9
49032
49338.8
50035.9
50140.8
51074.8
51390.4
51437.9
52365.2
52705.9
53640.4
54829.1
57596.2
57779.2
58006.9
58297.7
58392.8
58503.8
58652.3
59367.6
59663.4
60569.1
61190.2
61831
62374.8
63930.6
64737.3
65316.8
65669.5
65914.7
66332.7
67267.6
67917.1
68296.5
68583.2
68984.8
70945.1
72113.2
72375.8
72568
73479.8
73894.1
73971.7
74081.5
74997.7
75741.4
76887.6
78171.2
78345
78407
79934
80427
81238.4
82323.7
84094.5
84506.5
84888.6
85666.4
86065.2
87742
88789.1
89742.7
90105.3
90836.3
91755.6
91959.1
92025.6
92625.6
92787.4
92904.3
93920.1
95244.2
95638.5
95896.8
96371.9
96611
96971.9
98017.5
98516.8
98662.4
98709.5
99033
99855.1
100617
102709
104480
104830
105150
105207
106012
106565
107724
107876
109990
111336
111547
112376
112862
112930
113650
114127
114766
115131
115922
116067
116158
116896
116936
117011
117625
117795
118327
119225
121090
121309
121722
122964
124168
124552
124930
126840
127579
127828
128296
128555
129825
130398
130451
131622
131790
131911
132021
132433
135076
137572
137919
138795
139806
141940
142460
143720
144012
144641
144776
145415
145843
146383
146669
146764
147866
148271
148745
149603
150011
150041
150084
150116
150641
150776
150948
151251
151313
151646
152357
152758
154950
156378
157311
157364
158442
158674
159824
160340
160745
160992
164040
164670
165214
166403
166428
168816
169313
169765
170069
170127
170377
171366
171811
172719
172773
173763
173995
174650
175305
175590
175868
175892
176663
177098
177344
177512
178618
179134
180163
180850
180998
181288
181470
181585
182844
182892
183663
183978
184744
184909
184987
185942
186312
186362
186625
187467
188031
188652
188686
190589
190680
190936
191397
191556
191719
192366
192897
193005
193337
193369
193421
194628
195156
197971
199039
199155
199500
199737
