1206.34
1268.35
1616.61
2151.04
3436.53
3558.04
3640.62
4856.35
5325.68
5404.78
6470.23
6741.96
7064.31
7691.65
8031.57
8224.97
8327.64
8552.48
8810.14
8908.77
9001.21
9127.74
9558.27
9801.34
10581.2
11537
12195.1
12336
14055.7
14484.8
14698.1
14848.2
14867.1
15227.8
15719
15864.3
16293.3
16353.1
17056.7
17068.3
17149
17470
17708.1
18043.7
18623.6
19090.1
20196.9
20438.7
20669.4
21261.9
22051.1
22778.7
23084
23352.5
23775
24694.7
24732.4
25312.4
25327.4
25602.5
25943.7
26098.5
26528.9
26627.6
29025.5
29500.7
30521.6
30972.2
32507.7
32968.3
33254.7
33944.9
33986.2
34577.8
34922.8
35632.1
36386.2
36883.9
37644
39239.1
39472.5
39632.6
39894.9
40069.4
40203.8
40253
40576.6
40790.8
41271.1
41345.8
42115.7
42157
43961.6
44280.4
44978.7
46091.1
46289.5
46647.4
46774.9
47001.1
47377.2
48448.9
49806.7
49920.3
49963.3
50867.6
51217.3
51934.6
52134.1
52478.1
52882.4
53237.9
53332.1
53503.1
56040
56258.4
57459.9
58127.9
58148.2
58907.2
59187.3
59361.2
59537.2
60716.3
61080
61609.9
63383
64617.4
64672.5
64786.1
65146.3
65271.5
66798.2
67753.1
68258.4
68593.6
68778.1
68925.3
70667.9
71580.7
72193.2
72472.7
73114.4
73282.1
73561.9
73763.6
73773.7
74308.5
74515.4
74996.3
75848
76670.7
76749.5
77604.1
78361.7
78664
81856.5
81987.3
82104.5
82912
83399.8
84593.8
84860.3
85362.7
85534.8
85861.1
85880
85969.4
86422.6
87197.2
87951.3
88453.9
88556.3
89071
89132.9
89833.9
90237.1
90572.1
91583.2
91664.5
91793.7
92487.4
92558.2
92630.1
93719.6
94065.9
94559.7
95407.5
95608.9
95906.1
96557.9
97744
97757.2
98449.2
98745.1
99586.9
100729
100951
101829
104332
106371
106389
107025
107567
108015
108684
109066
109614
109874
112193
112687
113131
113175
113246
113359
114872
115063
115619
116580
116813
118019
119793
120763
121217
121450
121536
122037
123690
123751
124267
124571
124577
124739
125467
126172
126390
126961
127468
127757
127875
128318
128616
129447
129688
129949
130234
130525
130588
130911
131008
131093
131300
131925
131931
132265
132724
133530
134179
134550
134653
135613
137366
137395
137597
138902
138910
139181
140251
141878
142077
142144
142275
143201
143224
144381
144423
144780
145218
145563
145953
146120
146257
146732
147057
147540
147941
148413
148511
149149
149478
149667
150030
150410
150604
150738
151187
151435
152139
152522
152614
152995
154341
155313
156004
156228
156879
157008
158220
158933
159462
160043
160519
161377
162012
162188
163606
163756
165042
165552
166513
167018
167340
167535
168338
168380
168683
169116
169356
169960
171000
170987
172097
172967
173045
173267
173621
173847
174496
174941
175142
175440
175447
175561
175581
176437
178384
178832
178974
180125
180180
180391
180463
180791
181147
181163
181269
181663
181958
182189
182646
183112
184526
184627
184632
185613
186235
186421
187198
187313
187829
188057
188102
189808
189912
189982
190528
190708
191407
191855
192337
192894
194030
194504
194639
195506
197671
198776
198932
