8210.08
12408.4
12943.4
16286.9
16510.2
17097.2
17623.8
18362.1
22887.4
23574.2
27067
28067.7
29784.9
32516.2
32731.6
33384.3
39022.8
39057.6
39817.7
40571.6
40706
41050.4
41143.6
41167.6
41224.3
41986.3
42305.2
42336.8
42408.2
42654.6
45036.8
45413.8
46329.5
47049.9
47736.3
48164
48612
49240
49666.4
50181.3
50926.9
51981.5
52236.5
52927.8
53223.7
55920.3
57154.6
58024.6
58177.4
58330.1
58524.3
59738.7
60151.7
60448.3
66047.6
67990.3
68409.3
69955.4
70482.6
74002.6
75465.6
77605.5
78303.1
80005.8
80109.4
80496.4
80907.7
81933.4
83516.2
84007.7
84781.7
85702.5
86941.5
87149.5
87367.4
87653.2
87973.5
88236
88601.3
88908.4
89143.1
89193.9
89261
89890.6
90307
90436.8
90728.7
90963.3
92075.9
92988
94314.5
94474.9
94659.4
94723.5
95260.1
95394.9
95570.8
95753.2
96619.9
97276.3
100606
101363
101644
102167
102276
102739
103036
103213
103298
103408
103553
104618
108650
110245
110579
111548
111814
113030
114097
115532
116744
117074
117756
118313
118623
121826
122440
122646
123968
125250
131315
135232
137103
137354
137521
138029
138724
140411
140601
141242
144565
145268
145764
145839
145979
146716
147300
148170
148825
149156
151358
152144
153454
153664
155091
156683
163280
163501
165612
166194
170094
170350
171988
175158
175435
175476
175738
175847
178263
179756
180042
181505
181695
181768
182461
182710
185788
187375
190699
191848
192379
192818
193140
194484
195324
197166
