827.68
920.86
1004.49
1585.51
1626.94
1690.26
1976.74
2262.8
2317.18
2359.65
2918.37
3078.96
3289.64
3318.58
3373.04
3633.49
3671.97
3688.19
3696.63
3776.35
3951.68
3951.31
4300.79
4383.69
4667.71
4824.88
5027.92
5142.01
5333.91
5972.91
6071.4
6404.98
6620.95
7366.51
7517.6
7642.76
7649.81
7788.11
7842.31
7865.49
8149.14
8306.61
8338.37
8401.99
8567.95
8678.58
8695.67
8746.71
8991.33
9033.14
9038.38
9459.43
9623.12
9824.07
9903.63
10098.2
10455.4
10735.1
10791.5
10806.7
10947.8
11137.6
11553.4
11654.7
12015.8
12187.3
12532.6
12911.5
13109.6
13173.6
13252
13388.2
13445.6
13767.5
13848.8
14118.2
14930.7
15068.1
15231.8
15372.2
15470
16050.2
16091.8
16828.9
16900.2
17082.3
17354.2
17746.4
18181.7
18284.4
18942.5
18943.4
19001.7
19116.8
19231
19318.8
19399.5
19409.1
19665.1
19883
19895.4
20060.1
20116
20467.4
20791.3
20822.9
20964.2
21532.5
21823.4
22529.9
22732.5
22782.6
22909.5
23313.5
23613.2
23808.7
23823.5
23905.5
24186.3
24388.3
24479
24551
24778.6
24835.5
24954.1
25117.9
25138
25193.4
25418.8
25582.2
25777.1
25815.9
26183.4
26317.1
26364.2
27079.5
27134.1
27255.2
27572.6
27666
27837.6
27938.5
28133.8
28267.8
28680.5
28791.2
28919.3
29097.3
29128.9
29220.5
29612.8
30160.5
30216.4
30468.1
30516.3
30660.1
30694.1
31041.1
31184.9
31482.7
32464.2
33040.5
33087.5
33164.9
33312.7
33318.1
33579.8
33656.6
33733.6
34002.9
34240.3
34349.2
34482.4
34692.7
34911.2
35010.9
35115.3
35226.3
35340.2
35347.5
35438
35574.7
35716
35796.8
35963.9
36059.7
36077.3
36255.3
36436.5
37208.4
37511.2
37607
37910.4
37919
38124.4
38186.5
38229.2
38350.8
38384.4
38456.8
38501.7
38675.1
38759.1
39005.3
39011.4
39252.8
39349.7
39674.6
40049.1
40160.6
40190.5
40226.5
40286.9
40566
40609.3
40655
40851.7
40915.7
41020.5
41373.6
41948.3
42147.3
42173.7
42246.4
42313.4
42614.4
42800.8
42982.7
43247
43574.1
43878.7
44037.5
44325.6
44485.5
44582.7
44644.8
44922.4
44977.8
45046.2
45069
45185.9
45667.7
46058.3
46176.5
46212.9
46546
46777.6
46796.3
46832.9
47008.4
47019.3
47198.8
47286.6
47349.7
47454.8
47776.6
47811.2
47898.4
47950.4
48089.8
48462.5
48552.4
48872.7
48957.4
49217.6
49406.5
49965.6
50245.3
50575.6
50703.4
50807.5
50940.7
51276.6
51332.9
51393.8
51546.5
51591
51633.2
51767.1
51815.1
52189
52235.3
52577.5
52754.8
53013.5
53096.1
53202.4
53213.9
53235.6
53431
53621.5
53691
53846.7
53987.3
54373.6
54584.5
54736.2
54744.4
55228.3
55254.2
55511.9
55544.8
55615.7
55676
55684.5
55771.2
55842.5
55900.4
55930.5
56628.1
57097.7
57118.2
57206.9
57300
57737.7
57999.2
58192
58266.7
58263.6
58487.8
58729.3
58734.5
58750.5
58869.4
58999.9
59052.3
59134.5
59512.6
59647.5
59832.5
59884.8
59927
60055.6
60153.9
60329.4
60331.6
60592.6
60670.8
60966.7
61576.8
61650.9
61955.4
62181.9
62215.1
62295.1
63176
63328.2
63624.2
64565.5
64691.2
65170.9
65218.5
65287.4
65847.7
66376
66640.4
66681.8
66681.6
66891.4
66944.6
66945.4
67182.3
67216.5
67252.9
67471.8
67587.6
67906.7
67956.7
68088.8
68698.5
69096.7
69413.3
69924.8
70098.7
70895.2
71096.2
71151.3
71191.3
71261.8
71369.3
71484.4
71514.8
71521
71643.3
71788.4
71907.7
72246.8
72253.2
72377.5
72585.7
72601.1
72674.6
72895.3
72928.7
73106.7
73432.9
73844.1
73887.6
74084.8
74526.2
74697
74854.4
74889.8
74964.3
74977.6
75141.1
75569.8
75592.5
75827.1
76128.7
76450.4
76468.4
76604.1
77401.6
78039.8
78447.6
78650.3
78744.8
78901.5
79138.3
79453.9
79879.1
80103.8
80130
80238.6
80750.2
81078.2
81179.1
81699.9
81706
82281.9
82678.8
82676
82738.4
82963.4
83257.4
83456.4
83716.7
84301.3
84341.9
84617.9
84716.7
84846.7
85069.6
85583.7
85942.8
86407
86636.6
86806.4
86890.8
86985.8
87111.4
87544.7
87561.3
87686.3
87745.5
87982.1
88064.3
88064.5
88172.9
88195.7
88424.6
88557.1
88562.6
88577.3
88700
88785.6
88882.8
88924.2
88945.4
89003.8
89059.1
89269
89370.8
89766.4
89838.9
90203.4
90227.9
90389.5
90507.8
90620.8
90657.3
90713.3
90832.1
90868.9
90865.4
90992.7
91093.3
91148.9
91604.6
91764.4
91877.1
92257.7
92386.3
92589.2
92795.5
92954.6
93006.3
93072.2
93458.2
93526.6
93925.1
93934.1
94388
94415.7
94640.3
95572.7
95836.8
95966.9
95987.2
96051.9
96782.6
96799.5
96971.2
97540.2
97715.8
97809.3
97816.2
97938.9
97978.4
98106.7
98322.8
98570.1
98822.4
98858.2
98884.3
99081.8
99139.6
99446.4
99492.5
99533.9
99686.3
99874.9
100019
100119
100135
100189
100658
101170
101579
101733
101886
102373
102895
102905
103344
103504
103860
103961
104083
104294
104686
104734
105380
105387
105795
105844
106033
106082
106167
106392
106501
106559
106645
106705
106808
106991
107047
107113
107349
107377
107521
107580
107786
107786
107828
107963
108133
108161
108311
108622
108731
108859
108926
109026
109230
109402
109513
109535
110038
110379
110502
110568
110649
110842
110850
111021
111404
111572
111901
112342
112571
112584
112788
112805
112850
112892
112942
112965
113083
113269
113396
113652
113686
114104
114290
114454
114711
115487
116229
116346
116457
116518
116668
116740
116951
117223
117301
117347
117446
117786
117887
118165
118220
118260
118312
118547
118917
119228
119236
119340
119671
119742
119798
119820
120088
120367
120521
120783
120808
120897
121124
121190
121255
121540
121621
121684
121913
122277
122279
122580
122674
122876
123127
123760
123853
124218
124420
124544
124721
124868
125229
125309
125373
125704
125712
125748
125845
126096
126148
126344
126345
126679
126937
127062
127191
127252
127414
127507
127668
128052
128107
128125
128483
128515
128834
129018
129108
129240
129480
129527
129699
130008
130301
130486
130808
131198
131206
131665
131810
132612
132699
132739
132867
133087
133956
134340
134457
134660
134973
135063
135223
135506
135745
135857
135878
135918
136181
136478
136563
137325
137497
137633
137697
137955
138077
138487
138763
138940
139007
139206
139237
139511
139562
139577
139770
139946
140173
140269
140475
140579
140800
141092
141451
141576
141664
141773
141836
141976
141985
142066
142641
142832
143158
143163
143331
143349
143346
143497
143779
143910
143966
144014
144263
144277
144336
144352
144671
144735
144959
145285
145818
146076
146074
146108
146385
146515
147707
148021
148988
149268
149521
149535
149620
149730
149995
150055
150135
150166
150501
150674
150705
150932
150968
151360
151620
152037
152252
152377
152573
152832
152935
153157
153580
153594
153683
153684
153899
153944
154170
154464
155454
155663
156085
156129
156257
156457
156480
156629
156642
157301
157611
158003
158310
158418
158445
158439
158494
159168
159217
159467
159985
160129
160181
160332
160341
160482
160506
160554
160654
160729
161042
161157
161182
161164
161223
161343
161381
161403
161600
161696
161719
162132
162145
162148
162419
162426
162480
162581
162682
162936
163032
163218
163242
163614
163790
163894
164319
164382
164520
164598
164678
164674
164921
165130
165138
165183
165720
165983
166178
166560
166562
166856
167242
167246
167324
167741
167898
168081
168162
168193
168351
168430
168438
168678
168672
168890
169120
169518
169594
169891
169926
170034
170169
170333
170610
170681
170718
170831
171122
171538
171800
171940
172026
172336
172609
172641
172678
172789
172848
173118
173257
173375
173487
173502
173641
173733
173883
174365
174751
175101
175400
175715
175902
175998
176228
176257
176287
176425
176767
176849
177245
177298
177719
177798
178024
178671
179070
179256
179279
179409
179409
179474
179887
180149
180276
180307
180741
181096
181142
181179
181203
181316
181362
181384
181680
181848
181905
181961
182030
182237
182229
182327
183073
183152
183322
183438
183623
183650
183706
183710
183761
183882
183986
184318
184577
184661
184680
184786
184981
185254
185246
186460
186780
187237
187249
187319
187730
187741
188110
188185
188403
188389
188596
188868
189173
189213
189298
189330
189723
189773
189871
190235
190542
191913
192067
192466
192462
192545
192601
192847
193012
193274
193357
193553
193595
193594
193829
194142
194175
194188
194210
194357
194657
194714
194835
195011
195224
196139
196442
196591
196750
196773
197494
197894
197936
198308
198504
198702
198710
198851
199112
199233
199499
199664
