894.09
941.08
1035.4
1613.3
1719.97
2338.27
2388.72
3094.13
3308.81
3338.83
3392.7
3647.23
3694.38
3704.8
3727.98
3795.73
3967.75
3978.09
4434.82
4681.55
4842.16
5049.67
5167.49
5348.89
5998.03
6099.28
6421.87
6641.5
7392.01
7669.37
7677.29
7820.78
7859.26
8164.23
8417.85
8606.09
8703.05
8719.73
8774.07
9026.53
9057.3
9060.73
9481.54
9641.37
9842.15
10123.3
10755.9
10815.8
10831.2
10972.8
11167.5
11583.7
12044.5
12206.5
12935.6
13206.6
13467.8
13795.1
14950.7
15262.1
15493.8
16083.6
16115.8
16851.8
16919.8
17784.1
18197.7
18302.2
18963
19024.2
19134.8
19267.8
19428.4
19429.8
19693.4
19912.1
20081.2
20132.7
20490.4
20811.5
20845.2
20986.6
21553
21845.6
22761.8
22805.5
23328.2
23639.2
23836.4
23930.8
24495.3
24575.7
24801.6
24977.1
25166.2
25214.2
25831.3
26203.3
26334.5
26382.5
27137.9
27149.9
27272.8
27590.3
27691.8
28708.1
28808.3
28943.2
29120.4
29146.1
29238.6
29637.3
30239.7
30500.7
30538.7
31054.6
31208.2
31503.3
32485.5
33059.4
33327
33690.2
33754.7
34261.3
34374.6
34502.9
34721.3
35160.2
35244.5
35375.7
35605.5
35740.5
35821.2
35981.4
36100.3
36271.6
36473.7
37228.7
37527.9
37629.9
37932.4
37938.3
38148.7
38365.2
38407.2
38476.7
38703.1
38784.6
39021.9
39269.9
39370.5
40076.5
40246.1
40320.1
40592.7
40872.3
41047.8
41395.2
41967.1
42165.9
42198.2
42272.1
42631.3
42839.4
43282.1
43603.7
43903.6
44067.1
44504.9
44601.1
44944.1
45202.8
45684.9
46076.2
46194.4
46235.5
46815.1
46847.2
47031.9
47034.7
47216.5
47311.5
47379.2
47488.3
47791.3
47835.1
48568.3
48899.8
48999.6
49428
50265.4
50617.5
50725.7
50824.2
51305.1
51369.8
51660.6
51782.4
51832.3
52207.5
52613.3
52782.1
53034.7
53223.5
53231
53244.9
53458.3
53642.3
53732.4
54003.7
54396.1
54613.2
54755
55286.7
55526.9
55582.6
55632.8
55707
55924.8
56644.1
57146.1
57229.6
57316
57754.3
58045.3
58211.6
58285
58279.7
58528.1
58773.5
59024.3
59081.6
59150.2
59851.8
59903.8
59961.2
60094.3
60180.9
60351
60367.9
60609.2
60713
60988
61596.8
61677.5
61978.4
62198.3
62237.5
62315.1
63209.4
63347.9
64581.4
64711.4
65193.7
65256.5
65325.2
65872.6
66665.7
66706.8
66709
66961.3
66972.8
67215.7
67271.6
67487.9
67990.8
68105.9
68720.4
69441.7
70943.7
71114.5
71209.1
71498.5
71542.9
71575.7
71671.6
71929.7
72268.9
72293.9
72623.2
72717
72923.7
72947.8
73454.3
73860.2
73922.2
74107.9
74551.5
74930.6
74983.4
75168.2
75611.7
75619
75855.8
76146.1
76474.1
76489.2
77421.1
78471.8
78672.5
78916.5
79940.7
80133.4
80263
80779.4
81108.2
81202
81723.1
81732.4
82318.5
82702.1
82719.7
82990.6
83477.3
84326.8
84372.2
84640
84752.3
84886.7
85085.6
85601.8
85965.1
86426.3
86663.6
86846.2
87004
87575.8
87709
87767.2
87998.4
88109.2
88202.7
88222.9
88469.6
88572.7
88606.1
88718.8
88800.6
88912.3
88949
88965.6
89021.9
89075.8
89391.3
89792.3
89858.3
90225
90256.5
90524.6
90639.6
90676.7
90735.3
90850.3
90885.5
90892.3
91007.8
91119.8
91628.3
91792.5
92403.2
92611.5
92814.7
92979.9
93029.6
93094.3
93473.1
93944.5
93950
94439.6
94660.5
95588.7
96007.8
96017.8
96822.1
96842.7
96991.9
97642.4
97742.1
97849.3
97865.9
97966
97994.4
98364.9
98591.9
98875.8
98904.9
99104.3
99465.2
99526.6
99552.2
99702.5
99896.5
100139
100158
100676
101194
101614
102391
102923
102923
103365
103527
103879
104110
104313
104707
104760
105400
105422
105818
105884
106049
106102
106203
106416
106521
106679
106725
107065
107134
107412
107598
107804
107841
107846
107983
108180
108184
108330
108646
108881
108948
109056
109261
109425
109539
109559
110068
110871
110913
111042
111432
111590
111930
112603
112822
112881
112919
112961
112999
113126
113466
113669
113715
114108
114312
114474
114736
115507
116248
116368
116495
116543
116695
116762
116965
117262
117321
117371
117817
117912
118181
118258
118281
118338
118942
119259
119262
119687
119766
119833
119845
120114
120391
120543
120826
120837
120922
121216
121282
121645
121941
122300
122598
122690
122895
123174
123881
124236
124440
124565
124745
124892
125253
125729
125729
125771
125863
126113
126188
126403
126698
126954
127092
127215
127435
127544
127685
128130
128156
128501
128546
129036
129315
129501
129542
129719
130034
130506
130831
131218
131249
131684
131840
132628
132883
133124
133999
134365
134481
135096
135525
135877
135907
135934
136214
136510
136581
137341
137723
137979
138541
138794
139050
139222
139258
139529
139966
141119
141472
141598
141793
141855
142002
142004
142087
142664
142861
143183
143184
143347
143384
143561
143798
143983
144034
144290
144301
144379
144373
144694
144751
144995
145313
145839
146093
146424
147723
149019
149286
149548
149750
150052
150076
150180
150193
150520
150698
150723
150971
151009
151377
151638
152055
152277
152396
152593
152956
153211
153612
153629
153717
153920
154482
155681
156270
156515
157315
157632
158327
158512
159182
159240
160000
160150
160198
160357
160368
160602
160750
161178
161199
161190
161238
161397
161423
161722
162154
162434
162525
162698
162961
163053
163235
163255
163818
163919
164356
164403
164612
164697
164704
164950
165168
166055
166194
166579
166584
166880
167255
167342
168108
168192
168222
168358
168446
168461
168700
168697
168913
169143
169544
169626
169911
169954
170055
170359
170629
170737
170868
171146
171565
171822
171968
172361
172643
172666
172707
172808
172866
173165
173280
173671
173755
173917
174386
174781
175129
175434
175916
176016
176276
176321
176785
176868
177317
177737
177822
178041
178693
179085
179276
179427
179505
179904
180189
180325
180765
181120
181162
181347
181390
181417
181711
181923
181986
182269
182349
183100
183174
183348
183470
183643
183660
183729
183779
183898
184007
184600
184708
184818
185268
186486
186797
187267
187272
187377
187763
187785
188128
188391
188426
188616
189197
189257
189316
189885
190256
192103
192479
192560
193037
193309
193579
193619
193626
194193
194208
194241
194379
194730
195034
196165
196609
196778
197528
197912
197955
198339
198523
198726
198728
198870
199133
199262
199520
199683
