454.36
484.46
547.36
1410.51
1701.43
1786.34
2164.59
2803.41
3277.47
3511.47
3533.71
3636.78
4008.13
4012.22
4407.77
4653.61
4689.88
4738.89
4859.66
4931.25
4974.96
5237.24
5719.87
5759.05
5823.17
6500.93
6649.02
6776.4
7210.15
7310.55
7365.31
7409.22
7615.36
7878.13
8071.5
8202.4
8399.28
8480.05
8871.1
8961.62
9440.62
9806.65
10328.7
10327.3
10665
10714
11562.5
12061
12170.7
12380.5
12436.7
12499.5
12717.5
13066.2
13077.7
13148.5
13219.1
13639.1
13672.9
14304.7
14383.4
15575.6
15635.7
16659.6
17308
17807.3
17901.7
18376.1
18564.6
18762.1
18882
19309
19945.2
20205.8
20648.1
21080.2
21635
21706.6
21877.6
22075.3
22270.7
22777.8
22946
23010.1
23608.7
23998.1
24121.3
24412.1
24530.3
24562.5
24878.7
25241
25282
25424.4
25787.1
26134.7
26376.1
26875
28175.9
28179.3
28188
28973.4
29035.7
29296.7
30080.2
30229.6
30836.7
31111
31287.2
31385.8
31884.4
31936.9
32144.2
32402.3
32802.2
32808.6
33250.1
33357.7
34147.6
34203.9
34846.2
35111.9
35729
35867.4
35931.8
36192.4
36377.5
36430
36579.8
37053.2
37211.2
37432.8
37839
37923.2
38032.3
38449
39018.7
39357.3
39379.8
39383.5
40146
40772.8
41125.9
41903.3
42221.4
42959.9
43749.5
44114.3
44465.5
44819.3
45115.7
45122.2
45155.8
45320.2
45399.6
45493
46518.4
46687.4
46969.3
47222.1
47313.5
47898.8
47962.6
48039.5
48573
48590.9
48811.2
49203.2
50095.3
50639.1
50783.1
51141.2
51267.7
51405.4
52026.4
52280.2
52370.3
52645.1
52920.9
53416.5
53954.4
54011.5
54577.9
54797.4
55089.8
55178.3
55205.1
55329.9
56573.3
56875.8
57052.3
57337.3
57949.3
58423.4
58502.9
58860.6
59387.9
59875.4
60341.6
60701.1
60712.1
60837.2
60892.4
60994.1
61611.3
62289.1
62377.4
62424.2
62465.8
63721.4
63754.9
63953.5
64296.4
64388
64740.6
64976.1
65194.9
65199.4
66125.2
66136.1
66471.1
66828.3
66871.7
67757.2
68609.3
69185.7
69400.6
69589.8
69842.6
70121
70179.3
70202.3
70721.3
71085.5
71167.5
71325.6
71555.1
72616.6
72849.3
73284.3
73420.3
73460.3
73724.6
74372
74388.8
74613.9
74784.3
74789.2
75722.9
76287.1
76671.5
76901.7
77262.2
77327.4
77604.4
77639
77666.9
77683
77925.3
78489.2
78714.9
79019.3
79512.1
79619.6
79899.5
79912.6
80268.8
80377.6
80502.8
80668
81431.3
81943.6
82304
82620.8
82794.3
83090.1
83214.8
83336.1
83834.1
83854.5
84279.3
84607.3
84723.7
84838.9
85241.4
85303.8
85700.5
85773.1
85861.8
86081.6
86167.7
86313.7
86403.4
86799
87356.5
87922.1
88561.8
88918.6
89085.2
89180
89322.1
89392.9
89640.4
89848.5
90084.1
90197.9
90219
90458.3
90877.8
90956.3
91111.9
91285.9
91297.9
91656.2
91817.3
91881.7
91969.9
92220.4
92339.6
92580.2
92857.6
93010.7
93598.4
94428.5
94964.6
95127.6
95410.7
95958.4
96466.3
96853.8
96968.9
97446.1
98264.9
98374.7
98768.4
98882.5
99501.2
99822
99956.2
100436
100487
100566
101036
101126
102096
102868
103180
103756
104000
104269
104336
104344
105274
105534
105921
106506
107037
107138
107202
107366
107725
108328
108492
108821
108923
108930
109262
109342
109422
109449
109608
110924
110927
111522
111553
111723
111811
112433
112537
112671
112739
112930
113099
113132
113220
113477
113888
113994
115109
115129
115524
115549
115632
115895
116151
116670
116891
117294
117802
117810
118200
119165
119535
119684
120038
120231
120285
120328
120340
120357
120511
120602
121451
121681
121779
121900
122082
122279
122606
123113
123122
123349
124873
124901
124943
125467
125894
126202
127090
127120
127367
127667
127849
127904
128275
128348
128592
128727
128814
128903
129141
129295
129936
130482
131013
131294
132147
132496
132652
132680
133124
133204
133253
133352
133666
134263
134532
134606
134914
135501
135529
135630
135952
136451
136558
136881
136960
137216
137480
137757
137976
138520
138625
139021
139482
139621
139981
140160
140979
141060
141302
141427
142126
142965
143672
143952
143974
144010
144155
144428
145258
145437
145519
145700
145753
146013
146278
146333
146346
146938
147051
147550
147676
147873
147987
148104
148290
148681
148806
149263
149713
150268
150421
150439
150631
150821
150841
151083
151274
151680
153112
153414
153456
153492
153862
154165
154303
154428
154640
154666
155411
155652
156121
156475
156511
156903
157219
157239
157438
157648
157855
157871
158115
158438
158550
158906
159038
159736
160476
161262
161477
161597
161789
162096
162325
162977
163311
163441
164072
164287
165072
165347
165572
165684
165711
165914
166108
166143
166211
166587
167052
167221
167270
167373
167699
167779
168278
169234
169624
170013
170565
170620
170653
171021
171181
171565
171643
173037
173055
173224
173380
173421
173431
174893
175202
175219
176069
176536
176590
176855
177251
177338
178199
178214
178352
178447
178568
178675
178703
179029
179500
179531
179751
179764
179891
180186
180204
181675
181920
182137
182534
182555
182890
182927
183163
183342
183645
183850
185707
185954
187280
187424
187458
187801
188088
188788
188969
189032
189766
190770
191001
191265
191355
191636
192064
192133
192518
192685
193633
193969
194385
194609
194658
194676
194705
194827
194994
195437
195650
195652
196696
196834
196921
197148
197401
197968
198009
198491
198570
199080
199270
199912
