2639.54
2683.13
2789.24
3011.11
3056.59
3058.55
7953.82
8812.64
8914.21
8936.16
8947.09
8957.25
9009.07
9043.35
10514.4
10660.6
12547.8
13339.4
13392.9
13480.6
13537.7
13556.8
13577.4
13592.6
13612.2
13637.3
13642.7
13711.2
13721.8
13734.9
13739.8
13846.4
13854.1
13871.7
13876.5
13897.2
13900.7
13915
13929.8
13951.2
13965.7
14049.1
14191.7
14202.5
14217
14289.4
14317.9
14360.6
14565.9
14628.2
14766.5
14935.7
14957.8
15006.4
15071.3
15075.9
15076.7
15089.3
15094.4
15098.6
15119.3
15395.9
15436.2
16308.2
16309.8
16311
16332.8
16447.1
16459.8
16456.3
16461.7
16467.7
16463.8
16477.4
16488.3
16488.5
16497.2
16511.4
16538.4
16543.5
16551.2
16554
16556.4
16574.4
16605.4
16606.4
16622.9
16652.5
16649.3
16656.3
16689.7
16742.6
16770.1
16775.2
16808.4
16825.1
16837.4
17287
17333.4
17372.8
17394
17398.9
17404.5
17405.9
17440.9
17587.4
17604
17605.1
17626.3
17657.6
17667.4
17685
17692.9
17693
17732.6
17738.3
17751.4
17762.6
17775.2
17782.1
17790.9
17804.2
17841.8
17855.6
17917.7
17944.5
18677.5
18986.9
19147.8
19710.3
19788.8
19822.3
19836.5
19860.7
19863.3
19872.6
19893.9
19895.2
19904.1
19911.5
19931.4
19966.7
20044.4
20076.9
20114.4
20140.8
20247.6
20259.4
20337.5
20353.1
20354.1
20405.8
20454.1
20567.9
20615.4
20635.4
20659.5
20673.3
20684
20684.8
20703.9
20707.6
20714.2
20782.6
20862.8
20983.6
21126.6
21379.5
21405.7
21412.9
21422.3
21428.4
21434.2
21440.5
21456.3
21466.8
21484.8
21504.2
21544.2
21556.8
21584.4
21665.6
21718.6
21727.5
21770.8
21775.1
21872.8
21940.1
21943.7
21950.5
22023.9
22308.7
22435.1
22623.6
22627.6
23189.9
23211.8
23480.8
26617.9
26623.5
28022
28224.5
28704.6
28705.3
28770.8
28776.3
28856
28874.9
28885.4
29065.5
29122.6
29226.1
29264.4
29271
29417.2
29503.7
29522
29769.8
30463
30533.9
30549.5
31817.9
31873.7
31923.4
31971.6
32100.7
32186.1
32281.1
32293.6
32324.1
32590.8
32996
33043.2
33098.1
33114.3
33189.6
33618.6
33691.9
33712.3
33733.5
33754
33763.9
33775.1
33792
33801.4
33922.5
34355.5
34749.7
35014.7
35036.1
35045.1
35060.7
35087.2
35102.6
35100.2
35112.5
35123.4
35123.7
35116.7
35136.9
35144.5
35247.9
35335.5
35377.1
35407.6
35672.9
35747.8
35751.6
35780.1
35806.9
35857.4
36123.2
36189
36225
36233.1
36336.8
36350.5
36379
36382.8
36388.3
36402.8
36412
36426.4
36430.9
36438.9
36445
36463.7
36480.2
36482.4
36494.2
36495.7
36501.7
36528.4
36560.4
36577.4
36586.4
36587.8
36601
36616.6
36619.8
36629.4
36632.3
36640.1
36658.2
36706.4
36713.6
36725.1
36749.6
36751
36775.1
36779.1
36785.6
36813.3
36819.4
36830.3
36884.7
36889.3
36900.9
36923.3
36921.3
36931.6
36945
36959.9
36962.6
36968.3
36969.6
36976.6
36992.1
37004.6
37012.7
37033.6
37052.4
37091.7
37093.5
37124.4
37147.7
37150.2
37234.6
37239.7
37241.5
37283.8
37288.8
37290.6
37298.4
37298.9
37301.6
37303
37314.2
37321.9
37359.6
37386
37390.7
37398
37411.1
37434.7
37439.4
37446.3
37453.1
37525.5
37575.3
37577.9
37581.1
37588.5
37595.6
37598.2
37595.5
37632.7
37633.5
37634.9
37636.3
37645.3
37646.5
37838.2
37889.1
37937.1
37938.5
37940.1
37943.7
38006.2
38007.4
38013.8
38032.1
38041
38370.7
38464.1
38707.2
38820.2
38827.3
38862.9
38908
38969.1
38973.4
38987.7
38996.9
39022.3
39059.9
39096
39506.4
39870.4
39907.7
39985.7
39999.5
40001.7
40403.5
40654.2
40681.5
40772.3
40777
40785.1
40898.7
40906.1
40913.1
40931.9
40996.4
40998.3
40999.9
41005.4
41033.4
41044.9
41064.9
41070.4
41089.5
41100.4
41234.9
41266.7
41302.9
41380.7
41461.2
41512.1
41532
41548.6
41695.4
41701.8
41737.1
41770.1
42382.4
42417
42457.3
42483
42517.4
42521.6
42541.1
42558.1
42589.8
42598.4
42615.2
42628.8
42631.2
42663.8
42673.3
42736.3
42742.1
42748.3
42754.9
42757
42757.7
42766.7
42777.4
42821.3
42823.3
42832.4
42833.1
42839.9
42853.1
42859.3
42862.6
42877.9
42892.3
43230.5
43288.6
43301.8
43360.1
43369.8
43396
43401.2
43403.3
43404.9
43429.4
43432.5
43437.7
43465.4
43466.4
43470.4
43481.9
43507.1
43585.9
43589.6
43595.4
43597
43601.7
43603.4
45565.2
45631.7
45713.7
45754
45766.4
45769.7
45793.5
45795.5
45805
45899.4
45941.8
45993.5
46048.9
47032.2
47075.6
47162.3
47424.8
47569.7
47632.5
47660.9
47691.8
47730.4
47740.9
47794.1
48179.3
48181.5
48206.2
48248.6
48251.2
48268.3
48285.6
48309
48331.6
48348.1
48766.9
48816.8
48837.7
48975.7
49018.2
49027.9
49094.6
49120
49163.4
49192.7
49287.6
49300.4
49457.3
49490.1
49510.7
49515.3
49537.1
49565.4
49573.3
49581.7
49640.2
49696.7
49699.3
50132.9
50192.1
50406.1
50778.6
50877
50899.6
50912.2
50998.9
51070
51103.3
51127.3
51143
51148.7
51153.7
51171.9
51186.3
51189.1
53038
53319.8
53642.7
53736.7
53928.1
54249.5
54583
56915.6
57043.9
57089.3
57136.8
57159.9
57169
57177.5
57182.1
57194.9
57199.5
57335.9
57874.8
57946.7
57960.9
58050.6
58596.5
58628.6
58723
59105.4
59250.8
59316.5
59333.7
59391.2
59418.7
59426.2
59430.1
59450.8
59474.5
59516.6
59524.1
59567
59698.5
60279.5
60316.7
60453.4
60496.6
60512
60554.2
60646.5
60653.7
60794.2
60810.8
60920.6
61123.3
61152
61181.3
61230.7
61249.9
61266.2
61276.4
61295.1
61359.6
61359.1
61369
61369.2
61388
61393
61395.3
61412.4
61417.9
61430.2
61443.5
61441.3
61457.9
61459.9
61466.9
61470.2
61473.3
61479.1
61494.5
61521.5
61535.3
61554.5
61561.3
61566.3
61576.1
61613.6
61619.9
61623.7
61628.4
61637.9
61641.9
61652.6
61711.5
61725.9
61732.5
61733.9
61735.1
61752.6
61776.9
61793
61803.5
61815.7
61822.2
61845.9
61866.2
61868
61879
61884.8
61894.3
61896.3
61919
61925.4
61960
61965.5
61967.1
61980
61998.3
62000.5
62014.8
62019.2
62081.4
62128.8
62201.6
62254.3
62327
62394.6
62419.9
62474.2
62491.8
62587.3
62613.2
64174.9
70437.9
70906.4
71303
71352.7
71385
71417
71481.4
71494.4
71520.9
71523.8
72095.9
72097.6
72107.4
72111.9
72115
72116.9
72137.4
72155.9
72161.4
72176.3
72189.4
72199.6
72202.5
72218.6
72234.2
72238.8
72245
72247.3
72249.7
72252.8
72266.2
72269.2
72270.8
72275.4
72287.8
72299.2
72313
72599.9
72635.5
72709.5
72711.7
72714.3
72718.6
72765
72770
72771.3
72776.5
72800.9
72810.4
72827.2
72845.8
73518.4
73526
74347.4
74354.8
74370.7
74383.2
74406.6
74411.2
74432.6
74483.8
74491.2
74516.6
74772.7
75507.2
76044.2
77056.1
77799.6
77873
78324.1
78462.1
78464
78489.4
78524.4
78589.8
78627.1
78658.2
78691.7
78709.5
78731.3
78751.7
78784.6
78821.1
78840.1
78840.8
78965
78972.9
78977.3
78980.4
79006.4
79022.6
79039.3
79074.8
79199.9
79218.2
79222.6
79373.6
79437.1
79443.7
79448.6
79860.6
80206.2
81050.7
81063.3
81148
81340.8
81358.8
81702.4
81895.7
83198.8
83258.8
83965.2
83965.8
84018.5
84233
85151.6
85241.6
85242.2
85665.7
85680.7
85682.4
85688.8
85689.4
85694.2
85721.9
85728.9
85737.4
85750
85752.2
85862.8
85944.1
86092
86113.9
86230.2
86341.1
86371.5
86389.6
86406.6
86433.7
86498.3
86517.1
86523.9
86555.3
86564.7
86571
86578.1
86596.9
86595.8
86603
86605.3
86609.6
86615.6
86617.1
86620.4
86625.7
86624.8
86626.4
86629.4
86639
86641.1
86654.6
86664
86664.7
86667.8
86689
86703
86743.1
86759.7
86804.6
86881.9
86891.5
86927.8
86932.5
87324.3
87366.9
87437.3
87438.5
87480.7
87484
87487.8
87496.6
87525.4
87526.5
87546.7
87563.1
87573.8
87575.3
87578.7
87584.5
87603.1
87612.2
87614.6
87617
87644.5
87655.7
87668
87931.3
87961.4
88347.5
89786
89798.1
89830.6
89839.5
90234.9
90238.6
90319.5
90383.9
90547
90573.7
90575.3
90606.2
90626.1
90876.3
90878.9
90934
90948
90958.5
90974.5
90976.4
90980.5
90999.8
91592.1
91644.4
91652.8
91666.6
91667.5
91686.4
91694.7
91718.4
91744.9
91748.6
91809.9
91893.5
91906.6
91931.5
92124.5
92336.2
92347
92387
92429.5
92540.7
92544.3
92546.9
92549
92625.5
92631
92641.6
92902.1
92921.3
92950.3
92983.6
93031.5
93045.9
93111.4
93112.7
93708
93722.1
93731
93788
94040.3
94063.9
94220.7
94221.6
94240
94804.5
94927.9
94937
94945.2
94961.3
94963.5
95015.4
95252.9
96257.7
96262.3
96308.2
96631.1
96745.1
96793
96795.1
97584.3
97710.8
97767.7
98282.7
98442.1
98469.2
98474.3
98497.5
98551.9
98867
98939.2
98949.8
98962.4
98970
98984.4
99013.5
99026.1
99053.1
102358
103147
103460
105581
105836
105895
105903
105916
107044
107102
107141
107269
107287
107313
107328
107333
107334
107338
107340
107341
107357
107382
107387
107388
107401
107402
107408
107410
107414
107425
107435
107470
107510
107541
107550
107587
107600
107600
107629
107640
107645
107647
107725
107733
107737
107751
107806
107826
107835
107873
107877
107888
108197
108680
108715
108720
108723
108758
108784
108785
108809
109114
109191
109395
109400
109435
109439
109441
109459
109460
109491
109492
109514
109607
110339
110698
110745
112768
113121
113153
113222
113552
114048
114136
114142
114143
114184
114185
114186
114192
114241
114707
115094
116413
116418
116671
116687
116689
117501
117537
117546
117575
117603
117616
117619
117645
117673
117678
117774
117784
117804
117876
117919
117919
117967
117974
118018
118129
118544
118879
121488
121520
121539
121544
121554
121570
121592
121628
121642
121654
121693
121736
121772
121780
122194
122307
122334
122966
123072
123414
123440
123486
123518
123548
123569
123566
123592
123708
123724
123749
124281
124290
124410
124492
124818
124852
124959
125084
125207
125226
125350
125412
125433
125434
125563
125629
125631
125641
125673
125690
125725
125810
125816
125859
125927
126046
126073
126097
126105
126108
126123
126142
126147
126307
126316
126339
126479
126537
126562
126726
126776
126780
126796
127223
127314
127330
127342
127394
127428
127434
127437
127551
127946
127962
128533
128538
128581
128628
128643
128715
128752
128756
128762
128812
128889
129319
129345
129418
129496
129500
129503
129505
129513
129525
129536
129597
129605
129767
129793
133327
133498
133633
133640
133673
133675
133762
133782
133830
133862
133864
133906
133942
133975
133984
134013
134105
134328
134361
134374
134410
134413
134424
134447
134465
134469
134582
134809
134869
135224
136861
136926
136958
139009
139062
139517
139868
139961
140069
140089
140314
140380
140421
140681
140743
140765
140785
140808
140933
140964
141020
141087
141112
141140
141245
141461
142637
142649
142674
142680
142696
142706
142735
142742
142799
142829
142854
142873
143081
143084
143126
143128
143209
143217
143231
143263
143312
143325
143369
143373
143546
143555
143611
143671
143863
143875
144106
144122
144126
144134
144148
144148
144168
144179
144185
144237
144715
145179
145221
145226
145285
145466
145501
145491
145553
145593
145646
145771
145798
145801
145823
146034
146087
146132
146141
146194
146227
146228
146231
146263
146289
146317
146351
146352
146412
146675
146685
146701
147189
147247
147267
147583
147651
147677
147687
147840
147911
147952
147985
147990
148003
148011
148087
148153
148174
149273
149394
149433
149497
150146
150301
150606
150677
150691
150700
151205
151265
151292
151340
151348
151359
151365
151406
151425
151447
151488
151487
151491
151505
151547
151557
151569
151587
151667
151675
151686
151793
152998
153134
153340
153611
153650
153804
154504
154593
154603
154624
154644
154781
154836
154868
154887
154972
154983
154996
155002
155018
155019
155040
155079
155153
155189
156439
156445
156448
156466
156482
156495
156580
156613
156932
157840
158252
159214
159242
159299
159302
159322
159356
159443
159447
159483
159531
159533
159560
159847
160112
160118
160158
160219
160281
160358
160365
160397
160567
160698
160814
161347
161510
162705
162736
162821
163013
163136
163161
163180
163434
164082
164191
164201
164353
164390
164444
164648
164697
164794
164914
164956
164965
165002
165021
165033
165042
165085
165111
165170
165182
165201
165221
165228
165236
165242
165286
165331
165361
165390
165525
165635
165742
165747
166096
166164
166292
166300
166305
166325
166333
166365
166373
166399
166412
166423
166543
166595
166610
167128
167152
167212
167277
168210
168280
168688
168712
168735
168736
168761
168956
169045
169058
169060
169066
169089
169104
169121
169132
169165
169362
169364
169384
169388
169389
169442
169447
169450
169706
170175
170215
170253
170539
170846
171220
171229
171322
171471
171495
171692
171787
171899
172654
172828
173064
173125
173127
173142
173153
173154
173921
174493
175489
175536
175571
175647
175803
175860
175887
175916
175925
175930
175937
175941
176524
176527
176543
176571
176586
176630
176644
176647
176677
176730
176800
176801
176931
177202
177216
177710
177729
177763
177780
177788
177795
178449
178456
178601
178604
178628
178931
178936
178951
178993
179009
179013
179045
179056
179065
179075
182597
182938
183345
187043
187073
187981
188102
188103
188153
188155
188167
188196
188197
188200
188203
188266
188337
188364
188552
190705
190730
190746
191692
191749
191806
191840
193149
193196
193330
193393
193460
193466
193540
194135
194215
194535
194556
194575
194596
194619
194672
194683
194748
194754
194784
194823
194812
194828
194859
194868
194870
194875
194915
194907
194915
194931
194938
194950
194953
194960
194951
194969
194979
194991
194987
195004
195008
195021
195028
195079
195352
195416
195417
195433
195418
195461
195494
195491
195513
195534
195528
195541
195545
195553
195562
195579
195595
195604
195633
195669
195953
195972
197181
197464
197551
198798
198830
198872
199800
199896
200250
200870
200953
200968
200974
200980
201046
201048
201149
201150
201152
201209
201372
201419
201431
201438
201456
201481
201521
201560
201600
203846
204302
204324
204551
204909
207852
208771
208843
208909
209345
209900
209942
209992
210054
211442
214115
214445
214514
214520
214526
215189
215279
215289
215316
215334
217667
217938
219279
219335
219404
219474
219540
219609
219660
219704
219792
221240
221358
221408
221417
221696
221792
221835
222261
222264
222293
222309
222325
222936
223868
224608
224957
224993
225030
225036
225038
225046
225057
225075
225082
225087
225094
225103
225188
225218
225677
225683
225806
225860
229582
229690
229766
229821
230675
230687
230692
230697
230740
230812
230831
230886
230954
231263
231518
232295
232415
232439
232682
232712
232741
232781
232781
232798
232821
232823
232855
232856
232863
232871
232926
232964
233276
233306
233397
235059
235085
235336
235394
235417
235456
235483
235522
235886
236525
236696
236850
237012
237022
237357
237527
237582
237612
237688
239034
239692
239893
239948
239960
239972
240266
240305
240503
240504
240525
240559
240599
240608
240618
241120
241161
241175
241280
241327
241331
241334
241544
241592
241592
241957
242188
242488
243949
244112
244162
244177
244183
244162
244233
244256
244260
244263
244317
244339
244341
244552
244847
245137
245315
245392
245393
245432
245528
245614
245655
246856
247457
247480
247521
247538
247538
247784
247860
247923
247925
247938
247999
248037
248039
248049
248052
248072
249248
249283
249440
249493
250163
250695
250934
250937
251059
251070
251078
251103
251121
251180
251258
251268
251274
251288
251296
251298
251301
251320
251336
251344
251355
251361
251391
251406
251408
251429
251436
251445
251453
251460
251461
251463
251477
251492
251515
251533
251582
251605
251619
251626
251807
251809
251823
251827
251829
251833
251841
251843
251853
251859
251859
251862
251864
251871
251872
251879
251882
251888
251901
251903
251905
251936
251963
251968
251975
251998
252002
252079
252082
252085
252096
252118
252154
252668
252963
253073
253080
253098
253200
253195
253253
253279
253293
253343
253373
253416
253428
253430
253427
253466
253560
253640
253655
253675
253714
253772
253774
253794
253796
253817
253828
253831
253842
253870
253894
253910
253928
253950
254250
254261
254241
254341
254375
254380
254432
254436
254459
254464
254460
254484
254507
254545
254568
254587
254671
254706
254746
254759
254761
254763
254913
254942
254974
254985
254988
255021
255001
255034
255071
255119
255129
255150
255171
255178
255253
255259
255263
255273
255276
255279
255283
255285
255291
255294
255300
255295
255296
255319
255324
255347
255345
255348
255363
255377
255379
255390
255403
255395
255404
255424
255418
255430
255445
255467
255466
255469
255496
255498
255508
255505
255515
255515
255545
255553
255570
255590
255600
255622
255633
255638
255637
255648
255640
255667
255687
255693
255740
255751
255785
255797
255798
255789
255905
255946
255932
255981
255982
255984
255994
255996
256018
256011
256016
256030
256045
256059
256174
256181
256335
256366
256389
256363
256405
256388
256490
256500
256505
256924
256938
256948
257012
257121
257150
257181
257193
257214
257220
257702
257703
258030
258033
258019
258052
258029
258071
258074
258088
258069
258114
258092
258093
258123
258108
258176
258170
258212
258223
258230
258231
258312
258324
258396
258404
258422
258423
258432
258443
258464
258473
258483
258484
258493
258498
258528
258531
258533
258538
258546
258561
258564
258577
258602
259012
259104
259169
259261
259331
259332
259369
259373
259458
260216
260218
260299
260439
260554
260584
260602
260605
260627
260655
260682
260728
260729
260771
260824
261105
261115
261122
261170
261366
261403
262167
262860
262896
262917
262922
262908
262929
262935
262938
262944
262969
262972
262960
263016
263076
263139
263172
263375
263433
263439
264360
264558
264617
264633
264651
264664
264923
264927
264973
265070
265125
265147
265149
265137
265175
265176
265183
265206
265207
265234
265279
265278
265284
265315
265347
265359
265391
265678
265908
266134
266298
266432
266480
266783
268707
268923
268899
268927
268948
268984
269077
269410
269543
270032
270658
270698
270836
270856
270907
271077
271451
271487
271558
271623
271642
271679
271683
271732
271760
271963
272012
272045
272047
272056
272105
273416
273778
273950
274130
274138
274144
274155
274179
274241
278808
278891
279100
280124
280160
280211
280231
280268
280302
280340
280345
280347
280522
280575
280688
280809
281559
281570
281621
281989
282067
282641
282687
282714
282726
282730
282743
282747
282762
282769
282772
282787
282796
282811
282821
282950
282969
283691
283865
283960
284030
284112
284149
284150
284260
284325
284683
287860
288833
288928
290775
290844
291517
291529
292106
292801
292834
292861
292993
293024
293035
293063
293068
293085
293097
293114
293145
293177
293253
293801
293898
294468
294476
294483
294488
294492
294501
294502
294541
294565
294602
294626
294660
294671
294677
294712
294713
294729
294749
294776
294814
294946
295281
295973
296006
296020
296026
296030
296056
296061
296129
296404
296778
296772
296782
296810
297418
297982
298027
298046
298063
298083
298096
298098
298104
298126
298129
298136
298156
298165
298193
298503
298521
298777
299066
299098
299111
299122
299134
299161
299249
299333
299350
299438
299751
299988
299995
300039
300080
300109
301363
301401
301409
301412
301455
301513
301531
303965
304418
304765
304788
304812
304796
304820
304812
304817
304841
304862
304892
304894
304939
305051
305076
305093
305098
305104
305109
305127
305145
305185
305186
305202
305211
305224
305234
305237
305241
305263
305269
305294
305963
306037
306770
306811
306862
306873
306887
306902
306938
307331
307341
307345
307350
307355
307360
307409
307432
307536
307598
307637
307707
307716
307755
307834
307854
307903
308698
308964
308979
308989
308991
308998
309486
309752
309755
309775
309861
310482
310485
310563
311060
311069
311083
311185
311222
311250
311258
311550
311559
311578
311600
311616
311703
311783
311798
311831
311881
311916
311925
311939
311942
311947
311951
311970
311976
311985
311990
311994
312011
312031
312148
312174
312209
312226
312234
312244
312248
312257
312273
312275
312298
312304
312329
312374
312389
312394
313003
313016
313029
313104
313116
314440
315031
315083
315089
315094
315103
315136
315158
315856
315870
315896
315898
315938
315984
316044
316051
316063
320730
321403
321426
321522
321561
321573
321580
321616
321704
321926
321934
321949
322087
322173
323397
323426
323515
323559
323823
323827
323892
323894
323914
323925
323931
323953
323980
323991
323997
324034
324047
324063
324068
324077
324098
324114
324118
324135
324139
324141
324156
324157
324169
324175
324188
324196
324206
324211
324214
324220
324242
324279
324308
324369
324383
324391
324422
324459
324462
324482
324507
324511
324516
324549
324551
324577
324804
324827
324864
324873
324874
324884
324890
324925
324930
324984
325003
325024
325062
325075
325094
325098
325268
325276
325280
325287
325290
325310
325350
325364
325393
325427
325431
325459
325495
325525
325542
325710
325720
327276
331027
332157
332477
332478
332481
332504
332528
332538
332567
332600
332618
332675
332869
332971
333292
333298
333384
333398
333475
333940
333959
333985
334134
334177
334448
334702
334703
334787
334816
334845
334870
334881
334886
334898
334901
334910
334905
334940
334963
334977
334982
334986
335013
335026
335032
335044
335134
335127
335142
335161
335163
335169
335198
335215
335223
335364
335397
335422
335457
335481
335518
335556
335650
335672
335742
335744
335754
335764
335787
335793
335805
335832
335840
335863
335864
336801
336806
336814
336827
336837
336844
336848
336855
336903
336912
337473
339990
341373
341755
341796
341812
341818
341882
342070
342152
342881
342967
342975
343043
343310
343487
343690
343820
343870
343934
343967
344109
344113
344927
344957
344979
345034
348587
348694
348714
348749
348936
348950
348969
349026
349578
349988
350047
350071
350096
350282
350336
350387
350400
350415
350620
353062
353101
353109
353190
353309
353587
353822
353875
353885
353907
353984
354092
354147
354375
354471
354731
354946
355109
355196
355199
355496
355652
355661
355698
355746
355757
355828
355840
355850
355909
355921
355976
355987
355975
356008
356009
356010
356046
356153
356579
356616
356687
356711
356718
356782
356794
356833
357620
357666
357792
357809
357845
357912
358203
358398
358467
358557
358560
358568
358603
358613
358616
358629
358649
358689
358774
358781
358816
358946
358976
359387
359906
360568
360601
360740
360770
360814
360822
360824
360825
360840
360850
360881
362195
362529
362595
362794
363024
363027
363034
363198
363190
363234
363245
363246
363268
363411
363416
363443
363495
363534
363532
363599
363601
363606
363607
363609
363705
363760
363897
363954
364006
364025
364338
364424
364426
364429
364462
364489
364490
364501
364510
364521
364546
364550
364596
364867
364941
365059
365221
365224
365235
365236
365241
365247
365250
365253
365255
365266
365269
365278
365291
365305
365378
365389
365395
365406
365409
365497
365504
365516
365520
365521
365535
365545
365555
365558
365560
365563
365573
365591
365593
365605
365610
365639
365682
365687
365691
365714
365722
365728
365733
365738
365739
365754
365766
365767
365773
365780
365790
365792
365847
366570
366601
366604
366622
366697
367874
367874
367881
367909
367935
367940
367962
367965
367988
367992
370322
370351
370368
370368
370410
370419
370424
370446
370455
370494
370506
370552
370591
370639
370681
370683
370776
371764
371944
372014
372017
372022
372030
372307
372335
372476
372504
372521
372530
372528
372583
372695
372706
373205
373243
373245
373259
373274
373276
373289
373333
373348
373367
373371
373477
373508
373532
374091
374697
374740
374810
374870
374938
374945
375100
375168
375189
375190
375205
375226
375238
375253
375256
375268
375285
375486
375716
375858
375889
375900
375911
375923
375929
375932
375961
375969
376007
376039
376158
376210
376246
376431
376484
376543
376608
376653
376673
376688
376732
376923
376947
376952
376976
377071
377126
377493
377529
377637
378621
378630
378837
378907
378918
378908
378948
379010
379036
379043
379072
379309
379315
379503
379556
379570
379613
380526
380529
380600
380899
381091
381146
381154
381270
381293
381641
381686
381733
381867
381932
381988
383642
383785
383900
384210
384532
384588
384604
384608
384620
384629
384641
384660
384661
384670
384680
384682
384692
384758
384780
384813
384958
384956
385758
385788
385856
385873
385907
386027
386092
386113
391244
391275
391316
391333
391346
391499
391546
391613
391614
391661
391685
391690
391693
391917
391998
392014
392206
393322
393340
393396
393444
393463
393496
393502
393507
393517
393519
393531
393668
393819
393838
393893
393928
393945
393953
393966
393971
393973
393975
393983
393990
394009
394016
394192
394404
394690
394699
394702
394731
395042
395275
395418
395445
395485
396188
396450
396703
396723
396747
397399
397488
397590
397677
397687
397979
397987
398023
398049
398061
398224
398225
398292
398311
398389
398409
398531
398580
398681
398684
398725
398861
398929
399450
399501
400044
400175
400208
400234
400311
400321
400333
400372
401911
401955
401986
401987
401994
402005
402010
402042
402112
402187
402302
402292
402486
402690
402743
402777
403787
404066
404208
404248
404256
404261
404305
404374
404420
404457
404524
404535
404553
404676
404687
405002
405055
405057
405070
405082
405110
405123
405338
405407
405462
405538
406138
406145
406427
406635
406621
406662
406682
406727
407147
407334
408379
408830
408834
408858
409008
409301
409325
409372
409369
409379
409498
410494
410568
410608
410614
410725
410762
412394
413211
414675
414723
415033
415648
415657
415666
415677
415706
415713
415745
415761
415780
415784
415789
416186
416225
416671
416735
417495
417511
417512
417518
417518
417546
417571
417637
418320
418447
418754
418973
419006
419015
419029
419175
419381
420424
420891
421234
421478
421587
423048
423070
423071
423075
423093
423170
424821
425656
425861
425937
425938
425973
426219
426242
426340
426382
426442
426444
426461
426481
426483
426548
428360
428407
428489
429378
429397
429449
429498
432860
433546
433837
433851
433888
434025
434046
434134
434233
434343
434399
434530
434544
434601
434689
434691
434760
434822
434867
434868
434886
434930
434949
434974
434984
435008
435016
435071
436129
436136
436156
436177
436882
437096
437521
437601
437622
437630
437652
437703
437718
437722
437759
437762
437784
437976
438710
438721
438758
438823
439207
439217
439547
439621
439643
439660
439673
439675
439697
439687
439755
439759
439831
439875
439885
439890
439897
439904
439917
439926
439928
439931
439931
439935
439950
439965
440739
440744
440934
440955
441206
443831
443880
443952
443991
444003
444030
444079
444128
445353
445415
445422
445429
445477
445511
446914
447065
448180
448235
448243
448246
448250
448286
448320
448340
448349
448406
456175
456373
456383
456394
456418
456620
456623
456971
457239
457267
457308
457554
459318
459350
459355
459365
459369
459399
459411
459460
459465
459466
459513
459503
459543
459549
459590
459609
459627
459647
459715
459846
459901
459885
459969
461173
461178
461187
461195
461212
461267
461530
461540
461547
461548
467951
468135
468341
468429
468437
468457
468462
468469
468475
468492
468503
468521
468536
468544
468569
469122
469261
469270
469288
469299
469307
469322
469334
469344
469723
469725
469752
469797
469801
469827
469838
469843
469845
469861
469878
469882
469887
469920
469924
469931
469933
469956
469958
469970
469989
469998
469999
470210
470234
470262
470277
470355
470355
470380
470398
470419
470445
470694
470725
470754
470759
470761
470765
470760
470790
470767
470861
470938
471008
471471
471568
471581
471582
471599
471610
471633
471639
471645
471666
471693
471782
471803
471859
471934
471992
472039
472048
472080
472090
472107
472110
472116
472121
472108
472111
472112
472141
472143
472147
472150
472134
472144
472148
472174
472149
472158
472172
472202
472226
472235
472211
472237
472213
472239
472243
472249
472251
472260
472262
472268
472248
472252
472271
472274
472278
472364
473076
473086
473094
473101
473122
473135
473169
473184
473198
473207
473234
473237
473240
473263
473268
473278
473285
473310
473289
473323
473341
473372
473415
473425
473801
473805
473826
473829
473832
473838
473847
473853
473854
473863
473868
473871
473872
473878
475324
475325
475332
475336
475338
475357
475364
475386
476084
477608
477638
478041
478070
478073
478086
478103
479583
479667
479764
479802
479822
479818
479833
479871
479900
479898
479939
479979
480005
480118
480268
480277
480294
480373
480385
480491
480489
480539
480551
480659
481773
481783
481884
481968
481973
482006
482007
482016
482048
482045
482034
482050
482042
482063
482095
482203
482212
482216
482242
482250
482258
482282
482284
482267
482274
482307
482329
482313
482351
482402
482519
482656
482666
482671
482764
482815
482827
482874
483234
483407
483430
483438
483443
483478
483536
483580
483730
484116
484189
484242
484256
484273
484554
484939
485182
485217
485296
485346
485953
486763
486787
486827
486951
486926
486948
486956
486966
486995
487014
487214
487235
487321
487332
487334
487417
487444
487478
487504
487518
487532
487542
487549
487583
488238
488607
488710
488758
488791
488827
488923
489032
489048
489067
489076
489139
489242
489321
489895
489902
489937
489991
490037
490073
492630
492939
492958
493047
493142
494496
494535
495841
495915
495941
495998
496067
496102
496126
496251
496418
496801
496837
496864
496905
497328
497414
498372
498716
499564
500374
501470
503284
503812
503929
503954
504057
504417
504427
504470
504785
504908
504915
504930
504938
505322
505536
505832
505826
506208
506245
506932
506949
506953
506954
506960
506988
507017
507033
507053
507077
507142
507219
507227
507465
507473
507478
507489
507508
507527
507725
508025
508526
508532
508558
508595
508684
508713
508738
510174
510615
510811
510826
510852
511085
511204
511215
511238
512301
512305
512353
512356
512371
512383
512451
513705
513906
514457
514509
514522
514660
515593
515765
515845
515864
515901
515914
515988
516037
516164
516208
516483
516781
516793
516806
516966
516992
517015
517033
517085
517182
517206
517203
517204
517229
517248
517244
517329
517336
517355
517372
517943
517995
518008
518054
518114
518254
518251
518330
518451
518600
518601
518609
518755
518791
518813
518819
518867
518869
518912
518952
518989
519274
519484
519621
521516
523719
523730
523779
523879
524289
524322
524363
524488
524492
524533
524579
524580
524589
524613
524633
524633
524645
524679
525623
525802
525872
525924
526333
526909
527003
527986
527995
528001
528098
528114
528139
528160
528189
528209
528447
528471
529351
529392
529413
529433
529434
529432
529440
529444
529464
529473
529477
529528
529540
529555
529591
529633
529791
529803
530438
530490
532042
532502
532560
532582
532595
532602
532677
532680
532684
532694
533016
533049
533068
533213
533334
533401
533447
533532
535011
535050
535213
535258
535284
535452
535616
535799
537285
537380
539140
539179
539197
539305
539331
539494
539782
539809
540112
540173
542447
542465
542546
542551
542554
542577
542591
542602
542603
548065
548360
548547
548575
548628
548719
551123
551240
551336
551477
551539
551708
551974
552263
553211
553303
553814
553957
554025
554046
554512
554515
554518
554550
554558
554570
554583
554606
554610
554617
554618
554622
554623
554625
554627
554628
554645
554648
554674
554680
554694
554709
555198
556204
556235
556608
556616
556626
556650
556662
556673
556683
556690
556695
556713
556717
556727
557047
557205
557214
557216
557221
557225
557238
557254
557261
557267
557321
557342
557401
557420
557472
558310
558902
558956
558981
558984
558997
559181
559224
560265
560369
560379
560400
560416
560421
560431
560434
560449
560459
560492
560495
560507
560525
560526
560534
560542
560573
560599
560611
560623
560624
560655
560662
560677
560696
560707
560713
560754
560778
560799
560849
560871
560873
560881
560888
560910
560913
560926
560940
560943
560954
560965
560986
560996
561026
561052
561070
561077
561082
561103
561095
561098
561099
561103
561115
561107
561121
561112
561124
561116
561128
561136
561154
561157
561167
561322
561329
561933
561944
562266
562293
562302
562330
562333
562361
562379
562433
562478
562494
562515
562535
562538
562545
562546
562547
562619
562672
562675
562708
562709
562717
562734
562750
562743
562755
562757
562751
562764
562756
562768
562774
562778
562770
562788
562780
562784
562796
562788
562792
562796
562803
562812
562823
562827
562820
562867
562871
562875
562888
562889
562891
562894
562897
562902
562910
562913
562917
562920
562923
562931
562934
562936
562945
563015
563018
563030
563038
563046
563056
563059
563066
563069
563087
563089
563095
563118
563113
563147
563151
563153
563443
563471
563461
563519
563528
563543
563563
563572
563592
563610
563626
563643
563658
563699
563750
563771
564016
564076
564098
564106
564121
564398
564668
566192
566222
566231
566258
566321
566328
566339
566358
566427
566462
566495
566510
566540
566546
566559
566569
566574
566587
566595
567066
567190
567249
567568
567766
567799
567811
568237
568249
568258
568301
569011
569108
569176
569330
569438
569555
569583
569573
569610
569610
569628
569629
569625
569641
569648
569680
569675
569686
569705
569732
569845
569857
569862
569882
569892
569909
569926
569940
569939
569948
569986
569983
569993
570008
570005
570053
570041
570068
570071
570073
570093
570095
570117
570116
570129
570160
570285
570333
570426
570433
570536
570560
570607
570760
570848
570891
571055
571063
571065
571078
571090
571111
571118
571122
571141
571153
571177
571185
571225
571264
571269
571273
571276
571281
571284
571291
571297
571304
571308
571626
571658
571678
571934
572003
572270
572921
572961
572988
573045
573052
573061
573089
573147
573176
573204
573207
573217
573229
573252
573893
575751
575842
575903
575954
576238
576290
576310
576379
576431
576438
576615
576637
577107
577186
577174
577311
577340
577341
577382
577405
577409
577418
577433
577441
577447
577465
577470
577474
577479
577464
577492
577532
577508
577515
577523
577557
577565
577573
577609
577611
577617
577648
577654
577675
577690
577710
577732
577820
577896
577976
577986
578013
578075
578075
578093
578118
578534
578631
578645
578672
578671
578692
578704
578732
578770
578839
578855
578943
579302
579807
579978
579983
580055
580424
580897
580908
580961
581179
581192
581949
583054
583112
583128
583165
583166
583183
583195
583203
583208
583210
583211
583218
583225
583229
583239
583242
583244
583255
583265
583287
583299
583311
583312
583320
583321
583333
583370
583386
583390
583409
583416
583419
583426
583431
583466
586730
587007
587059
587093
587604
587617
587625
591403
591622
591640
591663
591681
591753
591777
591859
591860
591878
591941
592010
592020
592024
592024
592064
592762
595951
596169
596951
597357
597757
597828
598082
598429
598463
599232
599295
599318
599322
599338
599342
599344
599347
599348
599354
599364
599382
599390
599396
599403
599411
599424
599436
599445
599458
599475
599479
599493
599495
599502
599532
599535
599577
599585
599589
599620
599622
599627
599648
599651
599651
599650
599682
599689
599690
599697
599698
599700
599702
599709
599714
599720
599715
599720
599729
599731
599741
599738
599741
599753
599759
599773
599772
599786
599788
599796
599801
599807
599810
599815
599816
599812
600335
600345
600389
600430
600590
600987
601066
601230
601248
601303
601313
601323
601330
601332
601437
601445
601454
601469
601487
601506
601525
601532
601538
601551
601563
601570
601595
601603
601611
601622
601673
601688
601716
601718
601738
601751
601774
601787
601796
601802
601804
601808
601813
601832
601849
601850
601854
601866
601878
602155
602659
603156
603724
604316
604335
604337
604350
604359
604363
604365
604378
604384
604407
604476
604579
604592
604610
604614
604630
604632
604761
605426
605444
605871
605888
605960
605972
605998
606041
606060
606062
606151
606183
606188
606525
607353
607415
608232
608306
609063
614053
614109
614118
614120
614126
614134
614138
614155
614201
614219
614222
614226
614228
614243
614252
614256
614267
614272
614289
614291
614301
614320
614331
614343
614383
614659
614685
614737
614754
614820
615234
617479
617557
617586
617692
618462
618745
618910
619066
619692
619925
620225
620234
620458
620835
621357
621435
621493
621538
621557
621971
622021
622047
622052
622067
622098
622100
622143
622207
622377
622387
622373
622384
622415
622402
622441
622476
622483
622495
622516
622637
622662
622679
622715
622847
623162
623181
623320
624254
624281
624322
624365
624366
624405
624398
624409
624412
624425
624435
624459
624466
624546
624542
624564
624564
624714
624806
624847
625072
625091
625368
625378
625379
625387
625408
625669
625748
625776
625815
625831
626090
626142
626175
626265
626322
626350
626368
626557
626622
626624
626638
626652
626660
626665
626679
626690
626701
626704
626751
626796
626798
626942
627376
627405
627484
627523
627524
627564
627565
627568
627584
627592
627709
627774
627788
627804
627817
627844
627865
627875
627885
627893
627902
627987
627998
628035
628038
628044
628049
628051
628054
628110
628117
628130
628144
628179
628171
628187
628213
628218
628232
628223
628223
628245
628464
628888
628940
629041
629099
629104
629120
629121
629163
629158
629207
629221
629380
629466
629521
629529
629821
630078
630385
630398
630466
630508
630510
630528
630535
630543
630563
630564
630598
630600
630606
630634
630637
631691
631709
631930
632673
632678
632735
632736
632737
632761
632798
632803
632947
632997
633018
633024
633072
633075
633082
633093
633124
633134
633212
633293
633310
633344
633428
633497
633526
633631
633653
633672
633781
633796
633888
634660
634684
634748
634779
634790
634827
634857
634849
634924
634930
634963
634961
634976
634988
634979
635013
635036
635100
635524
635535
635558
635539
635588
635956
635952
636002
636070
636133
636444
636900
637011
637025
637050
637140
637157
637773
638205
638310
638422
638499
638486
638542
638664
638844
639122
639249
639349
639717
640221
640255
640454
640577
640736
640762
641052
641097
641255
641885
641924
641984
642012
642056
642059
642140
642838
642876
643419
643627
643725
643787
643844
643940
644299
644414
644514
644530
644582
645372
645444
645479
645492
645524
645555
645609
645732
645813
645819
645832
645834
647493
647826
648515
648579
648820
648867
648896
649162
650245
650483
650502
651129
651193
652066
652089
652484
652531
652566
652622
652626
652635
652638
652645
652731
652837
653384
653389
653614
653728
654393
654425
654673
654718
654867
655428
655663
655700
655976
656315
656686
656838
656856
656865
656888
656910
656949
656954
657951
657978
657979
658230
658252
658258
659936
660059
660094
660463
660881
661010
661140
661435
661441
661458
661463
661488
661501
661989
662302
662405
662416
662428
662448
662547
662572
662565
662596
662669
662665
662673
662692
662743
662784
662846
663010
663372
663456
663709
663748
663915
664120
664145
664326
664398
664574
664953
664954
664960
664970
664978
664979
664984
664989
665001
665005
665011
665023
665033
665095
665142
665145
665193
665241
665685
665695
665753
665758
669359
669362
669385
669387
669410
670400
670438
670506
670493
670632
671266
671444
671467
671531
671571
671608
671800
671844
671876
671891
672410
672625
673059
673097
673100
673127
673134
673155
673203
673204
673293
673333
673504
673785
673796
674546
674613
674635
674767
674813
674816
674816
674820
675440
679500
679521
679526
679532
679584
679732
681680
681803
681806
681964
682065
682441
682461
682773
682864
683123
683761
683952
684264
684411
684419
684424
684481
684857
685091
685338
685357
685414
685490
685793
685889
685911
685915
686154
686282
686348
686359
686385
686391
686392
686402
686408
686439
686535
686762
686952
687061
687075
687279
688078
688462
688487
688620
688781
688817
690086
690093
691772
691841
692133
692365
692956
693049
696715
699304
699950
699990
700037
700826
700848
700861
700868
701197
701446
701464
702897
703050
703057
703245
704210
705058
705237
705587
705657
705672
705685
705743
705789
705805
706137
706482
707324
707378
707683
707815
707820
708004
708562
708601
708616
708943
709077
709155
709486
709488
709590
709785
709896
710524
711813
711851
712032
713136
713150
713247
713364
714212
714418
714658
716439
716562
716889
716901
717075
717308
718960
719257
719270
719297
719442
719521
719747
719811
720535
721872
722420
722487
723098
723157
723173
723215
723299
723556
723932
725765
725798
725876
725880
725894
725933
726431
726761
727063
727489
727549
727889
728740
728757
728767
728858
728922
729040
729429
729513
729523
729596
729603
729609
729646
729652
729666
729697
729733
729754
729786
729845
729847
729956
729959
730016
730188
730191
730199
730219
730376
730410
730494
730502
730515
730543
730556
730566
730585
730952
730971
730976
731000
731004
731036
731228
731247
731250
731322
731347
731364
731427
731448
731468
731887
732448
732669
732748
733060
733918
734037
734050
734065
734157
734180
734202
734260
734261
734263
734303
734313
734327
734340
734339
734399
734445
735424
735497
735812
735817
735828
735946
735989
736676
736854
740014
740249
740295
740307
740706
740735
740739
740932
740971
741020
741036
741406
741449
741488
741506
741515
741517
741538
741603
741632
741651
741677
741677
741679
741683
742277
742362
742491
742581
742669
742695
742981
743258
743314
743335
743341
743360
743492
743622
743628
743677
743751
744109
744117
744195
744216
744243
744958
745107
745158
745892
745982
746296
746390
746409
746430
746495
746570
746586
746740
746765
746922
746991
747814
747844
747875
748164
748180
748219
748736
749386
749395
749411
749421
749507
749565
749615
750249
750330
750389
752358
752379
752392
753022
753595
753666
753689
753729
753763
754334
755496
755500
755508
755514
755516
755523
755546
755561
755581
755587
755597
755624
755626
755642
755643
755661
755664
755669
755684
755702
755705
755713
755721
755726
755727
755740
755749
755753
755799
755813
755853
756105
756109
756118
756130
756251
756301
756359
756391
756410
756431
756450
756451
756466
756496
756500
756504
756509
756511
756514
756518
756537
756538
756546
756562
756563
756571
756582
756588
756633
756743
756810
756812
756823
756827
756847
756850
756860
756871
756882
756888
756895
756899
756902
756929
756933
756935
756937
756975
756982
757060
757255
757302
757311
757313
757355
757365
757372
757373
757375
757402
757414
757542
757553
757556
757565
757597
757605
757610
757627
757640
757750
757747
757765
757770
757773
757764
757765
758394
758469
758471
758480
758522
758863
758900
758921
758929
759065
759075
759158
759339
759358
759431
759444
759470
759471
759499
759509
759516
759517
759530
759538
759545
759550
759552
759566
759592
759594
759597
759598
759602
759610
759680
759694
759759
759793
759880
759891
759902
759923
759937
759988
760015
760017
760020
760037
760045
760053
760055
760070
760112
760130
760131
760199
760216
760238
760250
760255
760273
760274
760275
760304
760316
760322
760335
760544
760580
760632
760650
760673
760676
760698
760707
760707
760714
760815
760922
760954
760958
760968
761035
761075
761145
761137
761404
761391
761400
761420
761440
761569
761616
761631
761649
761672
761685
761748
761751
761772
761860
761867
761952
761993
762008
762575
762693
762703
762723
762752
762754
762803
762815
762820
762827
762827
762831
762834
762840
762847
762849
762853
762861
762868
762872
762885
762889
762890
762926
762939
762955
763403
763664
763669
763666
763685
763706
763701
763721
763728
763739
763746
763751
763756
763764
763800
763807
763814
764034
765466
765493
765498
765501
765544
765570
765584
765615
765624
765624
765628
765650
765657
765665
765687
765704
765708
765724
765777
765862
765867
766043
766060
766102
766141
766148
766200
766212
766218
766230
766244
766249
766272
766276
766291
766298
766302
766451
766532
766617
766632
766907
766937
766952
766962
766979
767168
767257
768061
768082
768255
768746
768926
769007
769010
769037
769051
769112
769117
769120
769139
769190
769205
769215
769463
769500
769542
769542
769547
769583
769581
769593
769602
769606
769607
769614
769616
769621
769645
769653
769681
769686
769689
769692
769714
769713
769735
769756
769744
769763
769752
769819
769818
769824
769930
769943
769947
769967
769996
770004
770029
770034
770045
770084
770108
770151
770163
770201
770232
770247
770235
770246
770295
770288
770302
770328
770345
770335
770341
770394
770413
770447
770542
770561
770838
770887
770901
770942
770947
770959
770971
770979
770988
770991
771113
771121
771136
771140
771169
771189
771385
771453
771488
771503
771505
771525
771556
771716
771735
772120
772187
772202
772204
772220
772340
772369
772388
772451
772455
772458
772503
772527
772533
772536
772552
772580
772665
772692
772702
772712
772731
772753
772824
772857
774069
774100
774144
774178
774239
774306
774319
774348
774365
774436
774682
774705
774733
774758
774761
774783
774882
774973
775036
775067
775361
775430
775625
776039
776267
776278
776338
776446
776471
776475
776567
776579
776700
776710
776722
777293
777435
777682
777690
777708
777711
777727
777737
777761
777989
777991
778006
778015
778017
778026
778043
778046
778062
778070
778081
778101
778176
778324
778571
778966
778995
779009
779014
779038
779042
779320
779520
779526
779535
779583
779601
779609
779656
779676
779862
779953
779982
779996
780037
780151
780640
780650
780664
780693
780729
780741
780760
780825
780879
780886
780900
780926
780939
780982
781014
781185
781664
781682
781729
781744
781769
782040
782166
782207
782341
782624
782627
782635
782657
782683
782689
782693
782698
782704
782707
782718
782739
782746
782748
782753
782756
782759
782760
782771
782777
782781
782787
782793
782798
782809
782810
782815
782825
782845
782864
782896
782977
782983
782992
783000
783003
783004
783011
783015
783028
783040
783077
783126
783138
783216
783229
783316
784100
784283
784322
784300
784347
784360
784371
784401
784406
784461
784491
784490
784504
784504
784513
784515
784518
784524
784524
784535
784540
784560
784576
784580
784580
784595
784602
784604
784622
784609
784615
784647
785937
785977
785995
786001
786006
786018
786083
786318
786401
786469
786499
786536
786553
786580
786590
786593
788527
788538
788550
788559
788569
788583
788584
788601
788613
788615
788733
788757
788778
788897
788924
788927
788931
788945
788951
788953
788958
788976
788979
788980
788980
789001
789036
789253
789245
789248
789272
789270
789275
789289
789298
789322
789322
789327
789353
789337
789339
789345
789350
789388
789525
789630
789650
789693
789705
789800
789890
789892
790001
790117
790150
790153
790162
790171
790179
790204
790217
790463
790489
790594
790595
790615
790632
790644
790715
790750
790772
790830
790875
790892
791619
791651
791681
792018
792046
792071
792239
792244
792364
794148
794155
794176
794636
794650
794662
794691
794719
794739
794740
794790
794791
794823
794899
794935
795008
795021
795027
795101
795155
795252
795418
795646
795824
795836
795851
795867
796069
796148
796153
796195
796218
796235
796264
796267
796270
796277
796281
796284
796298
796299
796300
796320
796322
796331
796339
796340
796378
796383
796397
796408
796423
796430
796438
796441
796456
796461
796574
796578
796610
796632
796644
796654
796678
796707
796686
796729
796779
796855
797085
797127
797111
797158
797164
797165
797140
797169
797175
797226
797198
797227
797239
797247
797291
797298
797312
797344
797317
797359
797365
797423
797426
797434
797895
797973
797974
798022
798074
798084
798140
798500
798512
798543
798552
798658
798676
798715
799134
801105
801157
801305
801323
801339
801360
801366
801369
801407
801686
801758
801793
801853
802498
802511
802593
802622
802651
802653
802685
802690
802698
802709
802724
802750
802828
802837
802845
802923
802937
802953
802953
802983
802985
802995
803008
803022
803180
803274
803278
803349
803557
803580
803585
803599
803676
803725
803912
803916
803919
803926
803931
804002
804131
804222
804267
804424
804510
805328
805518
805540
805577
805912
805942
805976
805996
806119
806637
806661
806677
806918
807543
808896
809557
809744
809770
809873
809881
809900
809943
810039
810103
810502
810514
810540
810567
810577
810686
810697
810711
811488
811808
811834
811840
811875
811879
811882
811906
811911
811920
811926
811947
811955
812183
812320
812345
812397
812438
812478
812508
812565
812568
812588
812820
812867
812880
813478
815640
815682
815724
815748
816149
816171
816204
816212
816229
816452
816472
816481
816683
816801
816805
816853
817313
817379
817407
817410
817416
817463
817472
817513
817526
817555
817561
817582
817588
818005
818347
818359
818572
818608
818651
818682
818751
818767
818790
818814
818815
818836
818856
818907
818910
818919
818919
818924
818926
818931
818981
818993
819005
819121
820760
825307
826031
826323
826345
826347
826350
826357
826376
826365
826387
826390
826397
826404
826414
826416
826433
826452
826456
826466
826475
826468
827154
827177
827276
827522
827558
827614
827659
827662
827802
827909
827934
827950
827976
827985
828014
828025
828047
828231
828253
828279
828300
828328
828343
828383
828472
828517
828521
828542
828800
828806
828857
828878
828948
829029
829029
829090
829098
829130
829232
829278
829280
829354
829389
829396
829451
829527
829521
829560
829562
829571
829556
829565
829586
829591
829576
829606
829716
829766
829764
829802
829873
829938
829930
829934
829998
830313
830326
830355
830425
830434
830437
830458
830460
830465
830477
830488
830498
830506
830527
830649
830890
831782
831785
832056
832123
832148
832189
832335
832469
832585
832587
832612
832671
832941
833143
833226
833245
833261
833630
833687
833960
833966
833968
834019
834062
834088
834092
834165
834173
834249
834598
834618
834653
835088
835196
835374
835425
835446
835499
836140
836219
836296
836424
836435
836455
836505
836507
836537
836552
836593
836628
836679
836697
836706
836699
836700
836720
836734
836766
836774
836779
836786
836810
836817
836823
836842
836858
836985
836986
837026
837030
837041
837024
837046
837063
837068
837088
837089
837102
837092
837111
837153
837166
837186
837191
837299
837326
837372
837377
837387
837445
837570
837594
837633
837687
837677
837682
837686
837731
837743
837806
837919
837983
838048
838011
838111
838168
838191
838201
838342
838348
838379
838385
838388
838406
838420
838436
838456
838471
838479
838508
838538
838588
838594
838607
838630
838663
838687
838701
838717
838725
839473
839689
839828
840810
840865
840965
841402
841421
841453
841474
841542
841571
841600
841589
841611
841598
841615
841648
841651
841639
841657
841677
841681
841670
841736
841728
841744
841734
841759
841763
841809
841896
841914
842447
843200
843291
843427
843683
843704
843708
843735
843744
843771
843810
843816
843824
843836
843859
843874
843887
843943
844026
844038
844362
844508
844543
844575
844868
845269
845285
845308
845348
845373
845399
845550
845599
845602
845633
845635
845646
845685
845694
845709
845727
845745
845763
845782
845807
845813
845816
845823
845841
845844
845872
845900
845947
846408
846422
846614
846679
846695
846699
846723
846741
846753
846755
846778
846782
846793
847101
847148
847723
847846
847858
848795
848827
848860
848856
848906
849305
849430
849440
850075
850169
850461
850560
850569
850578
850600
850776
850798
850883
850936
850957
850989
850980
851056
851066
851178
851192
851192
852200
852898
853078
853096
853122
853155
853196
853204
853242
853372
853409
853433
853438
853478
853513
853538
853541
853545
853553
853561
853568
853591
853595
853596
853605
853636
853982
853994
853999
854005
854008
854009
854026
854028
856357
856388
856390
856395
856415
856423
856430
856434
856443
856836
856992
857030
857050
858081
858305
858471
859598
860435
860501
860471
861570
861851
861858
861863
861880
861886
861902
861904
861909
861914
861924
861942
861967
861987
862015
862022
862029
862031
862044
862092
862103
862254
862267
862280
862332
862458
862470
862479
862493
862576
862616
862752
862767
862791
862798
862802
862802
862855
863057
863574
863649
863663
863677
865423
865431
865465
865476
865479
865484
865486
865508
865529
865535
865542
865557
865564
865571
866031
865996
866025
866014
866024
866029
866030
866088
866098
866100
866101
866108
866109
866137
866139
866139
866141
866144
866144
866095
866095
866154
866104
866110
866117
866119
866120
866121
866123
866126
866130
866132
866138
866147
866170
866180
866183
866193
866197
866233
866213
866215
866256
866260
866265
866271
866274
866275
866279
866282
866260
866265
866267
866269
866279
866353
866345
866366
866367
866376
866379
866387
866392
866393
866399
866399
866403
866410
866418
866419
866423
866431
866434
866444
866452
866488
866491
866504
866508
866524
866525
866526
866533
866536
866559
866583
866584
866592
866592
866593
866596
866611
866613
866628
866629
866633
866658
866905
866992
867373
867393
867569
867572
867630
867632
867639
867640
867648
867661
867667
867675
867683
867699
867709
867947
869405
869451
869470
869495
869502
869506
869513
869526
869537
869553
869563
869564
869575
869581
869583
869585
869595
869599
869610
869615
869624
869627
869629
869635
869636
869639
869648
869656
869674
869682
869696
869703
872399
872590
874569
874587
874596
874599
874618
874636
874624
874634
874674
874663
874679
874665
874685
874689
874796
874809
874830
874832
874839
874845
874884
874992
875073
875122
875141
875192
876046
876046
876096
876132
876529
876809
876857
876954
877546
877818
877871
877886
877887
877902
877911
877921
877925
877935
877947
877948
877963
878579
878823
879110
883115
883156
883322
883335
883345
883380
883386
883387
883389
883396
883398
883399
883372
883419
883421
883609
883698
883715
883791
884062
884071
884704
884707
884709
884731
885083
885094
885154
885162
885167
885190
885207
885215
885247
885253
885259
885283
885297
885303
885380
885484
885682
885705
885714
885715
885734
885740
885774
885749
885752
885786
885756
885765
885772
885812
885823
885798
885808
885811
885819
885825
885866
885867
885839
885852
885858
885863
885865
885869
885893
885898
885915
885919
885942
885948
885953
885954
885971
886004
886019
886024
886026
886037
886069
886072
886073
886075
886077
886086
886088
886097
886103
886135
886144
886152
886159
886212
886218
886274
886249
886269
886274
886288
886290
886313
886326
886327
886340
886347
886359
886364
886365
886370
886375
886378
886390
886398
886371
886400
886410
886416
886420
886446
886447
886454
886458
886463
886500
886517
886520
886527
886536
886541
886551
886560
886566
886576
886580
886598
886616
886652
886665
886676
886730
886754
886820
886861
886883
886937
886942
886962
886964
886987
886993
886995
888850
888972
889006
889009
889024
889027
889109
889070
889270
889298
889601
889615
889674
890104
890167
890290
891043
891063
891139
891294
891353
892240
892283
892311
892461
892493
892722
895341
896312
896360
896375
896435
896438
896493
896500
896567
896626
896630
896633
896797
897019
897354
897403
897410
897413
897424
897425
897428
897444
897455
897465
897474
897497
897567
897600
897601
897602
897603
897627
897630
897760
897768
897769
897775
897781
897791
897807
897835
897839
897850
898074
898088
899871
899911
900759
901046
901229
901377
901866
901887
902495
902929
902950
903066
903704
906663
906937
907194
907503
907555
907788
908256
909132
909275
909403
913412
914151
914156
914632
914706
915009
915934
916093
916140
916171
916380
916408
916417
916443
916672
916717
916721
916880
916943
916966
916992
916999
917017
917121
917175
918177
919358
919425
919464
919856
920505
920703
921012
921069
921101
921375
921847
921889
922153
922166
922174
922177
922299
922355
922415
922541
922619
922926
922963
923754
923827
923856
923902
924077
924380
924447
924489
924526
924563
926343
926584
927037
927384
928108
928188
928371
928736
928957
929476
930059
930446
931059
931118
931362
931617
931815
931888
932509
932510
932606
932622
932719
932829
933137
933308
933317
933338
933377
933445
933440
933484
933515
933520
933656
933658
934301
934651
935087
935222
935231
935285
935307
935308
935348
935375
936681
938366
938464
938488
938578
938599
938630
938637
938647
938658
938662
938673
938679
938689
938692
938698
938707
938722
938987
939032
939034
939068
939121
939145
939162
939163
939192
939203
939206
939212
939212
939218
939274
939297
939321
939340
939616
939948
939952
939963
939969
939973
940310
940311
940314
940326
940329
941122
941297
941320
941353
942814
943221
943887
943913
943959
943966
944005
944019
944031
944037
944080
944100
944118
944151
944483
944515
944576
944619
944620
944630
944635
944638
944641
944673
944675
944675
944682
944689
944693
944759
944780
944782
944783
944807
944813
944816
944818
944830
944838
944847
944850
944852
945974
945976
946006
946058
946063
946067
946081
946099
946134
946312
946333
946338
946340
946343
946356
946367
946376
946394
946400
946402
946897
947119
947167
947266
947672
947766
948170
948841
948871
949243
949277
950660
950715
950792
950808
950847
951007
951022
951024
951051
951067
951257
951260
951280
951283
951286
951290
951299
951306
951308
951316
951324
951327
951353
951370
951372
951382
951385
951391
951392
951394
951402
951408
951410
951412
951415
951777
951783
951785
951786
951791
951797
951800
951803
951807
951809
951813
951814
951815
951818
951826
951832
951833
951838
951841
951842
951845
951849
951869
951878
951900
952053
952297
952300
952319
952326
952332
952333
952338
952355
952371
952424
952424
952425
952435
952440
952440
952468
952475
952501
952502
952503
952511
952530
952537
952541
952575
952579
952581
952588
952644
955624
955644
955656
955740
955763
956084
956191
956246
956253
956354
956454
956497
956494
956519
956574
956581
956574
956587
956591
956616
956621
956626
956632
956635
956646
956650
956666
956671
956690
956732
956762
956768
956795
956797
956801
956802
956804
956852
956866
957560
957569
957581
957586
957605
957611
957634
957647
957648
957654
957660
957661
957667
957674
957692
957694
957707
957718
957725
957730
957744
957753
957775
957801
957957
957990
958479
958693
958755
958795
958883
958944
958960
958979
958991
959013
959014
959018
959023
959037
959047
959071
959062
959072
959068
959071
959093
959143
959173
959182
959198
959199
959203
959205
959234
959236
959273
959296
959306
959307
959311
959319
959338
959354
959359
959706
959812
960987
960992
960998
961016
961018
961029
961033
961042
961043
961054
961063
961064
961091
961114
961123
961127
961141
961148
961155
961169
961173
961177
961181
961189
961191
961213
961228
961235
961305
961313
961339
961343
961533
961612
961639
961642
961651
961653
961666
961669
961674
961684
961705
961854
961897
961899
961915
961926
963547
963751
963782
963796
963804
963823
964165
964178
964241
964262
964302
964384
964407
964412
964422
964449
964463
964482
964497
964523
964523
964536
964542
964573
964578
964587
964594
964623
964627
964661
964668
964693
964705
964720
964784
964809
964831
964852
964863
964873
964874
964903
964906
964908
964934
964940
964947
964952
964958
964959
964968
964990
964999
965039
965065
965068
965076
965103
965172
965193
965200
965259
965268
965279
965311
965347
965358
965363
965367
965369
965373
965397
965411
965435
965496
965501
965530
965601
965604
965616
965652
965689
965709
965714
966014
966428
966526
966542
966557
966596
966733
966792
966804
966804
966845
966850
966874
966925
967139
967179
967530
967644
967681
967919
967938
968142
968218
968226
968294
969324
969406
969535
969730
970963
971142
971150
971182
971198
972108
972306
972369
972442
972456
972460
972547
972581
972566
972586
972625
972613
972647
972662
972659
972663
972664
972704
972726
972735
972714
972768
972765
972782
972898
973862
973867
973874
973883
973891
973919
973920
973964
973968
973970
973974
973981
973991
973997
973998
974003
974029
974032
974034
974070
974076
974219
974271
974371
974541
974633
974880
975066
975067
975084
975169
975285
975296
975426
975612
975865
976787
977843
978803
978992
979983
980107
980549
980976
981062
981235
981287
982773
984047
984233
984275
984310
984350
984421
984609
988982
989064
989129
989141
989528
989539
989615
990819
991593
991595
991688
992025
992300
992303
992308
992314
992321
992323
992374
992422
992448
992895
992917
992992
993153
993208
993998
994035
994184
994200
994230
994252
994291
994317
994337
994831
994866
994878
994944
994965
995435
996537
996678
996759
996992
997412
997415
997476
997541
997848
998363
998498
998525
998535
998538
998566
998584
998588
998616
998662
998679
998685
998714
998794
999138
999307
999496
999534
999598
999625
999736
