94.39
98.39
293.26
382.21
423.23
424.98
622.56
1089.26
1171.25
1674.03
1869.28
2341.63
2891.11
3012.2
3044.09
3943.18
4486.08
5195.12
5405.97
5504.15
6133.4
6407
6706.01
6868.79
7075.88
7138.66
7339.2
7587.67
8431.74
10275.8
10566.7
10658.7
10724.6
10872.8
10986.9
11021
11685.9
11781.8
12104.1
12174.8
12339.2
12392.8
12572
13459.3
13630.4
13770
14200.6
14449.3
14557.7
14833.5
14860.5
15369.1
15511.6
15717.2
16086.3
16284.3
16509.7
16576.9
16584.6
16641.9
17057.9
17356.4
17355.9
17521.9
17543.7
17565.1
17682.7
17719.3
17755.8
18487.4
18491.1
18682.5
18718.8
18782.9
19048
19084.3
19313.7
19338
19937.4
20347.2
21027.1
21566.7
21664
21731.3
21817.1
22161.2
22228.2
22244.4
22372.3
22544.2
22614.7
22708.3
22832.5
23035.2
23167.4
23480.5
23806.6
23941.5
25785
26071.1
26201.4
26228.3
26519
26544.2
26685.7
26740
26996.2
27086.4
27170.2
27235.4
27479.4
27554.4
27612.2
27783
28085.9
28150.4
28313.2
28507.6
28629
28725.6
29706.5
29715.7
30145.8
30309.4
30376.4
30471.3
30807.5
31020.6
31181.4
31228
31698.3
32143.1
32159.2
32234.8
32315.4
32459.2
32517.6
32534.3
32894.4
32899.8
33164.4
33274.3
33349.9
33521.3
33568.2
33663.7
33848.6
34059.6
34341.9
34417.5
34719
34861.8
35710
35720
35963.1
35981.3
36324.8
36354.7
36465.8
36533
36809.7
37004.6
38188
38607.9
39011.6
39077.5
39317.6
39506.6
39835.3
40135.4
41156.8
41289.1
41545.3
41791.6
42641.1
43035.3
43194.5
43202.2
43542.5
44196.3
44350
44595.4
44598.6
44760.3
44811.5
45012.2
45760.2
48255.2
48496.6
48536.2
49114
49237.1
49851.9
49972.7
49982.8
50244.5
50403.5
50726.7
51429
51642.1
52174.8
52524.2
52595.2
52651.8
52759.6
52990.4
53641.2
53962.2
54423.4
54659.1
54692
54855.7
54882.6
55011.4
55062.2
56143.1
56385.5
56628.6
56690.9
57053.5
57177.1
57254.2
58121.5
58583.1
58876.2
58940.2
60473.5
60577.6
60582.4
60890.1
60894.8
61065.9
61129.3
61216.1
61645.5
61819.6
62128.8
62580.8
62898.4
62948.9
63208.1
63388.4
63773.5
64038.2
64176.4
64266.9
64392.2
64435.6
64461.8
64477.1
64666.3
64709.7
65351.9
65652.4
65891.8
65924.6
66141.3
66679.6
66801.3
67496.3
67548.4
67771.3
67846.3
67997.8
68381
68453.9
68891.7
69018.6
69302
69307.3
69411.7
69480.3
69559.7
69648.1
69723.2
70040
70138.2
70199.7
70239.7
70718.2
70986
71482.8
71813.3
72039.4
72261.1
72383.6
72515.8
73010.7
73205.8
73314.5
73448.7
73583.1
73717
73776.7
73793.3
73902.6
74009.4
74120.6
74202.1
74324.9
74508
74595.4
74672.8
74917.3
75109.4
75122.3
75374.6
75506.4
75512.9
75847.5
76222.6
76715.2
76839.7
76935.8
77579.1
77726.3
77830.9
79244.9
79372.9
80303.5
80597.8
80620.3
80761.3
80822.3
81266.5
81358
81397.4
81747.5
81786.3
81927.9
82191.8
82413.7
82650.8
82760.2
82860.7
82911.3
83143.7
83166.4
83451.3
83449.2
83498
83912
84063.1
84775
84794.4
84876.3
85316.7
85531.4
85760
85914.3
86005
86475.8
86485.7
86727.3
86775.4
87061.3
87226.6
87264.3
87850.8
87863.8
87952.4
88310.4
88643.9
89452.8
89505.6
89889.4
90065.6
90742.8
90921.8
91562.5
91871.5
91982.7
92221.3
92298.3
92493.4
92550.3
92813.5
93475.2
93566
93745
93761.6
93869.2
94376.9
94431.1
94507.5
94727
94959.9
95268.5
95409.4
95508.3
96142.9
96581
96890.5
96943
97673
97711.9
97760.1
97794.7
98175.7
98238
98510.6
98834.2
99149.1
99812.1
99835.7
99863.3
100070
100222
100604
100825
100914
101134
101296
101330
101415
101571
101655
101683
102075
103246
103422
103447
103446
103466
103903
104060
104070
104086
104172
104167
104380
105203
105372
105941
106188
107081
107249
107557
108133
109055
109502
110626
111168
111293
111673
111793
111983
112259
112725
113093
113209
113313
113344
113434
113581
113726
114262
115203
115247
115413
115506
115629
115805
115954
116167
116282
116348
116407
116551
116721
116751
117154
117593
117783
117899
118227
118671
119076
119286
119373
119534
119865
119905
120202
120247
120406
120786
120894
120962
121353
121556
121800
121981
122024
122450
123072
123724
123721
123809
123839
124058
124152
124689
124691
124750
124792
124827
125044
125103
125411
125532
125881
126396
126558
126661
126780
126779
126909
127143
127280
127317
127320
127347
127595
127804
127956
128974
129380
129610
130268
130284
130499
130784
130802
130896
131108
131323
133304
133730
133850
134044
134248
134377
134458
134534
134631
135001
135229
135388
135379
135469
135587
135799
136247
136640
137186
137402
137616
137873
138925
139363
139493
141413
141599
141798
141925
142230
142872
143718
144542
144756
145044
145145
145292
145404
145553
145708
145834
145882
145924
146066
146202
146554
146609
146618
147025
147090
147092
147112
147267
147451
147510
147556
147702
147823
147902
148305
148367
148361
148503
148529
148738
148832
149032
149187
149979
150564
150700
150749
151107
151229
151734
151762
152521
152731
152880
153225
153482
153619
153697
153836
154211
154297
154488
154545
154759
154903
154935
155134
155206
155208
155478
155556
155580
155915
156220
156233
156432
156675
156721
156911
157619
157810
158166
158764
158912
159016
159195
159363
159703
160470
160716
161348
161375
161546
162028
162686
163253
163527
163537
163858
164107
164323
164851
165092
165428
165458
165695
165857
166083
166075
166662
166982
167006
167020
167229
167259
167351
167906
168198
168298
168707
170147
171232
171476
171686
171824
171924
172044
172298
172592
173203
173680
173694
173913
173987
174098
174249
174327
174518
174605
174681
174788
175108
175155
175476
175661
176090
176745
177078
177090
177363
177553
177732
177819
177928
178035
178050
178141
178334
178479
178541
178564
178761
178767
178770
178797
178887
179211
179260
179519
179781
179848
180205
180408
180921
180961
181129
181923
181995
182487
182732
182879
182967
183194
183333
183583
183822
184134
184341
184412
184535
184823
184911
185246
185319
185545
185721
185847
185986
186075
186202
186310
186589
186706
187150
187486
187923
189329
189923
190306
190366
190768
190925
191077
191133
191217
191290
192551
192829
193256
193270
193386
193587
193704
193783
194141
194167
194504
194715
195065
195368
195426
195529
195562
195796
195985
196166
196614
196786
196958
196991
197153
197410
198594
198796
199406
199843
