149.09
312.83
685.59
726.08
982.48
1615.77
1945.84
2147.8
3091.59
3225.66
4127.34
4231.18
4375.91
4381.1
4763.03
4948.74
5403.68
5578.25
5610.79
5854.92
6215.42
7926.81
8238.1
8723.02
8857.93
9312.69
9633.38
9872.24
9988.36
10010.5
10258.7
10460.6
11411.4
11565.9
11720.7
11890.4
11905.1
12155.9
12262.9
12308.8
12694.4
12957.7
13126.8
13388.8
13599.3
13985.5
14097.9
14554.9
15031.7
15190.2
15534.6
15671.1
16479.7
16600.6
17062.2
17152.6
17350.3
17592.5
17759.3
17808.7
17908.6
18030.3
18151.1
18407.8
18613.4
18686.3
18741.3
19237.5
20315.1
21114.2
21242.8
21428.4
21792.1
22072
22154.1
22332.8
22663.9
23458
23527.9
23945
24046.4
24276.1
24662.4
24978.9
25775
25831.1
25910.2
26262.3
26423.3
26541.8
26665.9
26918.7
26973.8
27062
27194
27228.3
27928.7
28080.3
28122.4
28245.4
28382.9
28689.7
28854.4
29098.9
29339.1
29396.7
29622
29721
30075.6
30325
30777.6
31128.9
31978.3
32370.6
32635.9
32655.9
32778.7
33651.2
33947.8
34004.9
34323.2
34481.2
34636.2
35071.1
35241.2
35306.3
35572.7
35694.7
35891.4
36155.2
36476.1
36499.3
36860.4
36868.4
37821.5
38033.6
38938.1
39527.3
39757.9
39822.4
40233.9
40409.2
40532.3
41067.6
41087.6
41685.2
42093.9
42100.2
43180
43271.1
43332.3
43660.8
44353.8
45089.6
45176.8
45438.9
45465.1
46013.5
46569
46616.2
46645.8
47066.1
47123.6
47499.2
47684.7
47694.7
47788.9
48030.7
48114.1
48477.5
48656.6
48939.8
49571.5
49802.2
49942.4
50810.2
51455.8
51527.9
52003.9
52415.6
52477.8
52534.8
52855.3
53687.1
54291.5
54613.6
54815.3
55167.5
55169
55427.7
57229.5
57480.1
57762.1
58120.3
58118.3
58558.9
59092.4
59534.1
60082.2
60632.7
60825
61167.4
61558.7
61854.9
62137.8
62171.5
62595.5
62799.8
63146.8
63144.5
63399.1
63661.5
63903.4
63906.3
64286.1
64524.5
64759.5
64867.7
64993
65431.5
65477.1
65555.2
66358.5
66557.3
66687.5
67102.5
67172.9
67272.1
67734.2
68023
68760.1
69652.5
69668.2
70032
72468.9
73858.8
74015
75422.2
75840.1
75920.4
77224.7
77569.9
77865.9
78044
78353.8
78397.3
78767.3
79055.6
79426.8
80109.1
80159.9
82968.7
83681.6
84614.1
84814.9
84821.3
85329.4
85353.9
85475.1
86067.4
86627.8
86828.8
86905.3
87323
87624.1
87642.8
87836.3
88302.3
89456
89900.9
90493.6
90531.4
90563
90655
90848.8
91154.1
91331.9
91398.8
91875.9
92667
93192.9
93661
93704.8
94211.9
94527.2
94535.5
95590.2
96088
96557.6
96698.6
97292.7
98438.5
98661.2
99196.7
99445.2
99610
99757.9
100003
100151
100574
101148
101290
101842
102305
102437
102573
102605
102769
103016
103485
103535
104093
104714
105175
105648
105936
107098
107414
107476
108067
108194
108424
108974
109224
109598
109622
109826
110017
110389
110875
111555
111574
111724
111787
111972
112167
113203
113510
113690
113729
113768
113925
114193
114642
114957
115302
115413
115820
115944
116246
116836
116851
116864
117122
117631
118007
118055
118439
119324
119481
119929
120197
120566
121693
121765
121868
122279
122367
123395
123811
124222
124488
127103
127248
127556
127702
127803
128301
128325
128828
128864
129169
129512
130489
130926
131606
131806
132934
133674
134666
134995
135235
135345
135454
135550
135920
135993
136095
136454
136811
137724
137755
138297
138421
138538
138738
139083
139300
139436
140310
140398
140756
140845
141827
141925
142423
142854
143215
143948
144275
144899
145051
145616
145639
146225
146487
146502
147054
149150
149195
149413
149426
149853
150721
150966
151288
151311
152124
152159
152758
153093
153281
153991
154530
154640
154887
154966
155144
155580
156114
156150
156289
156317
156530
157476
157487
157715
158141
158528
158745
159633
161096
161652
162716
163323
163641
163670
163734
164146
164345
164514
164991
165531
165561
165645
166008
166161
167113
167601
167627
167847
168163
169024
169054
169420
169619
169877
170096
170214
170508
170826
171583
172140
172353
172635
173124
173318
173654
173911
174336
174577
174674
174985
175297
175741
176934
177400
177491
178103
178266
179739
180232
180938
181487
182463
182646
182712
182765
182812
183130
183181
183278
183296
183404
183439
183724
184314
184388
184458
184595
185035
186000
186659
187389
187777
187822
188949
189225
189688
190150
190298
190621
190913
191513
191724
192204
192848
193817
194137
194276
194453
194481
194507
194910
195572
195816
195817
196253
197488
197519
197687
198140
198403
198422
198675
198752
199167
199751
