576.24
624.68
1299.75
1379.47
1383.13
1645.19
3181.49
4313.01
4596.89
6499.54
6676.19
6728.71
7036.74
8272.76
8725.91
8964.69
9072.5
9200.18
9920.39
10445.1
10485.8
10547.1
10566.6
10896.4
12230.2
12361.9
13251.7
13281.9
13373.9
13453.4
13912.8
15876.1
16344
16663.3
16833.1
16857.3
16971.9
17149.9
17485.8
17518.9
18416.5
19270.9
19306.4
19562.6
20003.1
20142.3
20257.1
20758.8
20958.9
21015.6
21616.7
21976.5
22687.5
23016.3
24125.8
24599.1
25017.9
25098.6
25488.3
26829.2
27278
27362
28135
30291.5
30667
30911.9
31179
31971.1
32091.2
33552.2
34288.9
34326.2
34685.2
34714.4
35144.6
36281.9
37463.3
37581.1
37596.8
37988.7
38623.7
39743.9
40246.4
40407.4
40885.2
41943.4
43092
43449.7
43724
44027.3
44026.3
44554.7
44603.7
44647.2
45144.3
45188.3
45721.2
47699.9
48315.7
48391.8
48863.3
48958.5
49262.1
49282.2
50814.8
51774.5
52208.1
52437.2
54089
54492.1
54493.7
54712.5
55022.6
55825.4
56164.3
56238.3
57728.9
58045.4
58089.4
58355.3
59940.1
60804
62060.2
62703.6
62768.4
63115.4
63718.2
64098.2
64835.6
65297.8
66316.8
66370.6
66903.7
67522.9
67562.7
67889.8
68097.6
68245.2
70223.2
70248.9
70983
71701.4
72809.8
75308.6
75407.7
75644.2
76480.8
76480.2
77440.5
77899.4
78063.5
78405.3
78631.8
78722.9
78743
78750.1
78843.1
80378.7
81713.3
83075.6
83443.3
83720.6
84056.9
84821.6
85430.1
85829.6
86088.1
87642
88043.1
88325.6
88430.9
88676
89444.8
89903.2
90370.2
90684.3
90914
91820.1
91910.3
92102.8
92218.4
92468.3
93540.6
93548.9
94175.2
94762.1
95143.7
95263.1
96081.3
96343.6
96364.4
97519
97588
97709.7
98475.5
98683.9
98831.7
99227.2
99505
99626.8
99768.8
99894.3
99943.4
101002
101133
101346
101474
102584
103078
103306
103313
103409
103560
103601
104431
106014
106295
106436
107111
107253
107738
107755
107851
108232
109334
109467
110089
110405
111102
112175
113202
113284
113609
113810
116700
117800
117964
118769
119886
120217
122114
122295
122731
123211
123427
123477
123494
123941
124181
124532
124614
124796
125109
125321
125679
126347
126454
126754
126925
127092
127306
127635
128433
128496
129377
129699
130128
130698
131396
131872
132457
132469
133129
133161
133410
133448
133477
134594
135187
135833
136451
137267
137554
138226
138480
139334
139814
140267
140508
141534
142463
143525
143533
143729
144195
145061
145138
145202
146650
147009
147116
147535
147768
147983
148256
148584
148866
149086
149367
150237
150496
151484
152516
152571
152820
153363
153900
154335
156312
156570
156695
156999
157076
157624
158262
158397
158883
159001
159774
160855
161738
161903
162749
162773
163307
163383
163500
163827
164193
165335
165555
165818
167225
168025
168428
169391
169760
170256
170957
171013
171192
171729
172404
172912
173158
173314
174261
174840
175372
176702
177585
178079
178839
178893
179002
179255
179720
179825
180038
180545
181318
181517
182091
182201
182655
182979
183791
184312
184337
184404
184643
184995
185132
185409
186404
186578
186983
187344
188784
188948
189288
189701
189833
189848
189984
190369
190963
191371
191528
191787
192207
192434
194378
195314
195633
195898
196028
196032
196260
196776
198733
198834
198970
199297
199401
199417
