336.19
507.11
2527.02
2668.04
2761.61
2859.2
2863.41
4736.11
5799.49
7243.73
7952.04
8562.68
9426.55
11271.9
11960.3
12940.2
12999.8
13087.6
13891.2
14583.8
16317.1
17135.8
17327.6
18367.8
18460.3
19192.1
21195
21537.3
21633.1
22573.7
23808.5
23857.7
24132.5
24888.5
25555.3
26411.4
26531.7
27103
28216.9
28310.5
28466.1
28965.2
29157.6
29520.2
30242.9
30374.5
30486
32439
33185.9
33412.9
34180.4
34319.5
35134.4
35453.1
35908.7
36024.6
36451
36928.6
37689.1
38477.9
38583.3
38780.6
38918.6
39284.1
39491.7
39906.2
40327.1
40381.9
40774.3
41314.8
41362.8
42872.4
43217.8
43841.7
44008
44480.2
45265.3
47142.8
47359.1
47691.9
48019.3
48078.8
50679.3
50890.4
51157.4
53650.3
54207.8
54674.5
54967.6
56125.2
56435.8
56666.4
58281
59518.7
59582.4
62484.1
63248.4
63671.7
63680.1
64205.3
64244.4
64333.3
64866.1
65036.9
65587.2
65976.4
66453.8
66779.2
66831.4
67806.5
67922.3
69318.8
69603.3
69634
70416.1
71342
72342
72540.6
73683.1
73998.3
74328.2
74877.7
75232.4
75278.2
75586.3
76861.5
77136.3
77153.5
77876.9
78729.1
79547.9
79666.5
80361.1
80699.9
80821.9
81742.5
81858.8
82383
82767.8
83892.8
86111.8
87242.6
88730.6
89022
90629.5
91484.1
92202.2
92251.9
93566.2
94071.6
94162.7
94248.7
94756.5
97352.1
98302.1
98342.1
98477.3
98661.4
99221.3
101302
101477
101601
102261
102656
103125
103177
103299
103310
103387
103750
103993
104096
104421
104834
105856
106026
106469
107565
108866
110720
111043
112119
113605
113620
114089
114386
114803
116452
117910
118496
118746
118872
119294
120266
120832
121042
121953
122450
122798
122925
123569
123883
124651
124726
125744
126762
127661
127819
128255
128507
129328
130056
130065
130586
131656
131704
132972
132982
134455
135308
135848
135862
136991
138157
138319
139016
139086
139197
139315
139648
140398
140849
142229
142817
143494
146223
148404
148501
149541
151252
151358
151598
152135
152203
152947
153943
154410
154736
154784
155218
155472
155989
156421
156899
157809
158007
160758
161130
162118
162925
163911
164430
165522
166504
168029
168050
168750
168982
169359
169652
170173
170478
170703
170787
174491
174539
175242
176166
176309
177011
178064
179850
181243
181297
181740
182628
182960
183624
184327
186113
186420
186858
186908
186987
187213
187539
187741
188091
188174
188535
189197
189225
189338
190853
191104
191248
191534
192213
192330
192374
194259
194795
195085
196608
197572
198152
198729
199005
199367
199443
199693
