2293.18
4050.85
7152.03
9139.53
9187.32
10583.2
17580
19443.5
22579.4
23538.7
24438.7
25259.6
26545.9
29888.5
36808.6
36983.4
37331.7
39901.4
44727.4
45464.7
45621.5
47595.2
48027
50696.9
52273
52505.2
52808.9
53244.2
54408
54707
56721.1
57288.7
58356.8
59395.4
61912.4
62658.2
65448.7
65754.6
67045.2
67167.9
68806.4
69361.2
69378.1
69723.4
78094
78530.9
79571
81114.1
82052.2
84392
88911
89303.1
89687.7
90185.4
91250.5
91290.4
94636.8
98097.1
99472.1
101880
102650
105926
107548
108035
109944
111936
113773
114871
115528
118085
121149
121361
121425
121668
123766
125883
133385
134240
135970
136187
138392
141037
146230
147275
148427
150407
151981
153688
155561
156638
163856
164843
164923
166759
169802
170537
173122
174482
174942
175643
176231
176908
177003
178078
179434
179562
179580
180639
182930
183138
183894
184402
184508
184881
185281
185380
187239
188250
190816
191685
191952
192914
193812
194597
194766
197842
