2330.12
2953.4
3256.17
3837.94
6020.15
6891.31
10683.9
11329.1
11579.8
13113.6
14556.4
15382.4
16317.5
17509.2
17893
18194.5
19652.9
19983.6
20856.1
21275.2
21348.3
21866.6
21961.6
22547.2
23019.7
26959.5
29473.6
29909.1
30670.1
30897
33032.8
33516.8
33951
34120.6
34361.1
34602.6
34987.8
35388
37762.9
38552.6
39366.4
40964.8
43142.2
43212.4
43424.7
43513.9
43803.2
43847.3
43929.8
44144.4
44378.9
44792.1
47009.5
49912.4
50899.3
51050.3
55976.3
56244.3
57663.4
59751.1
62668.4
62952.7
63977.2
67529.3
74541.1
77201.8
79249.5
83902.4
88076.7
92954.1
94823.7
95132.9
95699.2
96151.3
97079.1
98003.8
100488
102683
103350
103934
104469
107226
108625
109922
110615
111142
112507
112915
113499
113698
113905
114133
114179
114604
114973
115271
115515
115591
115976
116116
120553
120909
124737
125123
125212
125658
126672
127974
129061
129399
130052
130666
132791
133417
133592
134055
134432
134956
135600
135755
136497
136966
137680
137978
138115
139029
140906
143556
144418
144963
153247
158164
158882
159186
160232
160506
162333
162812
164201
165259
166601
167933
170926
172221
172705
174141
179038
180560
180966
181493
182556
183462
185491
190338
190809
198903
