7670.38
8477.14
11156.3
13159.5
15045.9
16468.4
17411.8
20478
20904.8
23938.9
24963.8
25749.7
41224.1
48122.5
54686.6
57244.3
59476.8
59843.8
59983.1
62931.9
64065
67889.5
73776.5
75010.2
84124.4
85395.8
92742.4
97544.8
98804.4
100206
105131
108212
114213
118733
120016
121256
124881
129120
130695
133392
134625
135065
136331
136997
137491
141371
144314
145909
147308
147608
152267
156289
157146
160669
161814
164535
167237
167911
169397
169633
169753
171362
172522
173038
173712
174355
177820
180563
182396
185794
187269
188631
191793
192383
194637
196726
197676
