187.45
330.6
347.74
447.18
765.86
794.25
1575.94
1658.42
1743.71
1936.39
2360.18
2434.82
2637.41
2653.74
2728.14
2780.52
2839.53
3003.39
3310.94
3412.05
3597.56
3784.63
3810.45
3893.72
3920.05
4068.39
4219.01
4252.76
4453.74
4574.95
4652.16
4846.58
5016.34
5231.09
5309.86
5633.54
5675.97
5968.86
6023.7
6220.83
6262.85
6598.63
6637.65
6649.81
6889.65
7195.84
7261.55
7285.57
7320.86
7771
7797.8
7999.04
8135.94
8246.47
8258.48
8292.86
8308.46
8427.16
8701.84
8732.57
8754.91
9254.56
9255.44
9279.39
9317.61
9368.48
9645.38
9785.59
10183.2
10482.4
10515.2
10532.5
10835
10883.1
11013.5
11287
11396.6
11415.2
11551.7
11601
11935.6
11962.4
12093.3
12189.4
12240.5
12258.9
12332.3
12458.1
12703.7
12770.7
13032.2
13168.4
13211.4
13335.7
13340.5
13735.8
14100.5
14109.7
14112.9
14226.1
14346.8
14370
14443.3
14461
14680.2
14835.2
15003.3
15402.4
15496.3
15596.6
15626.2
15730.6
16113.7
16167.9
16213
16442.7
16543
16570.5
16880
16967.9
17182.6
17237.9
17297.6
17337.7
17515.3
17628.3
17832
17869.4
17952.7
18194.3
18212
18426.9
18451.2
18795
18940.7
19146.2
19246.6
19261
19346.1
19504.3
19599.7
19662.2
19884
20012.7
20039.8
20053
20343.2
20477
20702.7
20772.1
20863.3
20904.8
20920
21032.5
21151.7
21197.2
21382.1
21524.8
21657
21664.9
21763.2
21889.2
21995.4
22023.4
22132
22195.3
22273.2
22541.8
22623.8
22706.5
22868.9
22924.1
22969.9
22978.5
23283.5
23439.5
23691.6
23730.7
23802.5
23917.7
24083.2
24381
24496.2
24598.8
24882.5
24941
25176.9
25523
25614.5
25833.1
26005.9
26312.4
26327.7
26491.2
26557.2
26613.3
26649.5
26727.7
26760.6
26812
26952.1
27028.2
27222
27334.9
27377.9
27466.8
27536.2
27811.4
27864.3
28100.9
28191.7
28324.7
28339.3
28531.3
28578.4
28646.3
28779.4
28989.6
29041.5
29414.8
29470.8
29544
29559
29665.5
29887.5
29980.9
30081.3
30177
30301
30318.5
30442.5
30526.9
30614.7
30941.9
30982.2
31143.9
31204.3
31298.5
31305.3
31431.7
31750.6
31771.1
31899.1
31924.3
32054.7
32235.2
32466.5
32498.4
32552.4
32698.9
32970.7
33016.8
33126.6
33223.1
33259.4
33279.9
33473.1
33617.8
33828.9
33851.1
33857
33974.6
34117
34205.5
34265.5
34288.1
34368.4
34425.9
34576.1
34701.1
34802.4
34918.4
35151
35406
35635.3
35680.7
35805.1
35973.7
36140.3
36197.5
36219.9
36255.2
36318.9
36329.9
36381.5
36730.1
36789.7
36863.7
37065.3
37113.4
37358.2
37666.3
37759.1
37765.6
37964.8
38007.7
38132.6
38348.7
38495.9
38584.8
39255.8
39308.1
39311.7
39845.1
39976.2
40046.6
40078.6
40088.3
40301.8
40737.5
40840
41105.2
41136.1
41163.6
41187.7
41451.9
41632.9
41719
41866.6
41890.3
41924.5
42041.1
42289.5
42526.5
42590.5
42616.8
42797
42878.5
42913.6
43162.6
43449.8
43546.4
43818.4
43939.4
44416.5
44543.2
44846.4
44954.7
45008.8
45216.1
45256.3
45311.4
45342
45592.7
45722.3
45824.7
45863.6
46123
46319.4
46434.2
46559.3
46574.4
47051.6
47143.4
47145.8
47169.2
47216.1
47464.1
47556.3
47893.5
48009.2
48119.1
48496.6
48531.7
48762.3
48811.9
48837.4
49517.8
49531.8
49545.2
49699.4
49737.8
49883.6
49952.1
49998.5
50072.3
50546.6
50569.1
50612.3
50806.3
50815.6
50821
51011.1
51068.4
51122.5
51436.2
51484.6
51527.9
51588.6
51685.3
51687.5
51744.9
51797.3
51910.2
52019.4
52230.7
52342.8
52397.7
52493.7
52529.4
52556.8
52594.7
52663.1
52869.2
53005.2
53245.1
53337.5
53347.1
53675.4
54148.9
54291.8
54337.8
54382.2
54553.1
54694.1
55214.3
55482.1
55617.2
55682
55747.9
55994.3
56190.2
56296.6
56393.1
56479.3
56722.8
56730.4
56766.7
56822.8
56927.4
56945
56961.1
57391.4
57583.2
57752.6
57801.2
57953.7
57986.9
58019.1
58431.8
58510.5
58590.4
58738.2
58853.9
58915.3
59226.1
59415.2
59421.8
59606.5
59606.1
59992.2
60074
60430.9
60556.5
60571.8
60596.4
60746.9
60809.2
61135.6
61189.2
61325.5
61639.6
61668.1
61879.8
62015.3
62109.4
62140
62179.4
62198.5
62366
62838.4
62895.2
62927.6
62938.5
63043.5
63222.1
63352.4
63514.4
63547.4
63637
63961.1
64055.7
64150.9
64291.3
64351.5
64611.6
64668.8
64741.3
64739
65075.7
65092.6
65243.9
65294.9
65485.1
65492.1
65570.8
65625.6
65762.5
65881.7
66337.7
66530.9
66655.8
67192.4
67340.4
67422.9
67520.9
67522.6
67710.2
67878.3
67876.9
68202.9
68448.5
68715.5
68827.1
68846.3
68910.2
69142.2
69274.5
69437.1
69501
69944.8
70000.3
70034.2
70043.5
70066.5
70146.2
70270.5
70321
70323.1
70572.9
70798.2
71001.8
71069.1
71078.1
71123.2
71167.8
71194.1
71341.6
71358.7
71489.1
71534.6
71678.3
71805.3
71892.4
71896.5
71982.1
72106.2
72122.9
72248.2
72323.2
72338.4
72432.3
72464.2
72563.8
72573.1
72730.3
72978.5
73201.7
73289.8
73335
73597.9
73648.1
73726.8
73845
73881.5
74013.1
74041.4
74160.6
74224
74531.3
74863.1
75127.8
75140.7
75212.2
75403.8
75501.4
75505.6
75737.7
75765.3
75880.3
76194.4
76369
76415.4
76552.9
76602.4
77116.8
77139.7
77355.4
77703.4
77721.1
77904.8
77902.9
78041.6
78143.4
78232.7
78261
78303.5
78441.3
78478.9
78485
78731.1
78802.5
78919.8
78984.3
79195.3
79297.6
79375.8
79484.7
79504.5
79805.8
79826
79899.3
79942.2
80116
80165.4
80265.1
80319
80466.6
80681.4
80753.5
81021.3
81104.7
81127.1
81589.6
81618.3
81800.9
81847.3
82034.5
82109.6
82217.9
82333.7
82403.4
82889.7
82915.7
82961.7
83298.7
83649.1
83730
83814.8
83825.6
84390.2
84560.6
84718.5
84729.3
84895.1
84926.7
85045.5
85142.2
85238.5
85346.5
85453.3
85936.4
86005.3
86074
86177.8
86302.7
86359.7
86395.2
86491.6
86661.7
86675.6
86717.2
86728.7
86890.6
87026.8
87070.6
87138.4
87246.7
87529
87754.4
87935.9
87943.7
88222.2
88506.7
88829.7
88882
89009.8
89050.3
89317.1
89335.8
89423
89476.9
89653.9
89694
89706.4
89929.5
90001.5
90138.6
90479.9
90859.2
91017.7
91227.1
91260.9
91476.7
91668
91725.5
91762
91839.7
91957.7
91980.1
92356.2
92405.3
93022.1
93250
93259.5
93269.4
93507.2
93604.6
93783.2
93819.8
93916.8
94369.3
94661.5
94758.7
94977.4
95047.1
95267.7
95269
95314.5
95398.8
95411.3
95445.4
95565.8
95631.7
95855.5
95856.6
95878.7
95962.6
96282.9
96398.8
96592.4
96733.7
96870.9
97137.3
97495.1
97493.2
97624.2
97721.9
97745.9
97875.9
97937.2
98024.7
98093.3
98402.6
98485.2
98555.4
98571
98593.7
98697.7
99241.4
99268.7
99360.4
99625.2
99774.5
99881.1
99992.1
100013
100214
100292
100365
100417
100588
100854
101065
101172
101335
101344
101455
101547
101634
101689
101696
101908
102162
102201
102372
102413
102607
102678
102743
102993
103792
103789
103893
103923
104073
104214
104312
104313
104321
104493
104577
104820
104857
105008
105346
105420
105758
105952
106126
106227
106269
106310
106497
106762
106796
106860
106970
107233
107283
107357
107648
107671
107683
107696
107773
107780
107879
108205
108430
108497
108555
108613
109056
109201
109268
109571
109619
109846
109990
110126
110136
110147
110307
110497
110584
110872
110963
111158
111181
111266
111479
111520
111529
111594
111741
111852
111869
112146
112148
112329
112476
112700
112899
112954
113086
113168
113263
113381
113415
113518
113696
113761
114032
114188
114337
114393
114507
114906
114924
115112
115154
115257
115483
115564
115587
115800
115815
115902
116041
116238
116485
116626
116789
116818
116855
117310
117501
117604
117739
117782
117782
117784
117789
118272
118323
118349
118376
118648
118919
119002
119200
119203
119221
119235
119280
119475
119488
119736
119799
119844
119849
120092
120252
120460
120460
120712
120802
120877
120883
121174
121188
121370
121413
121553
121676
121870
122015
122077
122144
122444
122665
122672
122724
123479
123490
123496
123545
123664
123983
124085
124153
124201
124206
124365
124859
124966
125230
125276
125523
125627
125674
125711
125822
125834
126069
126384
126426
126552
126837
126878
126940
126988
127060
127299
127347
127582
127624
127794
127884
127994
128061
128086
128500
128750
128792
128978
129053
129087
129479
129610
129661
129727
130004
130343
130394
130558
130893
131063
131330
131405
131667
131705
131976
132064
132092
132348
132499
132505
132542
132628
132668
132785
132949
133339
133569
133710
133718
133744
133816
134195
134224
134236
134449
134524
134832
134838
134950
134974
135135
135160
135324
135328
135345
135430
135518
135980
135998
136064
136208
136492
136497
136543
136556
136689
136794
136792
136962
137095
137462
137524
137630
137839
137954
137987
138031
138120
138124
138202
138318
138854
138979
139197
139247
139416
139422
139583
139838
140136
140265
140281
140313
140470
140498
140598
140852
140852
140997
141030
141183
141194
141248
141505
141637
141787
141814
141921
142044
142067
142078
142130
142391
142440
142542
142676
142763
142766
143059
143073
143355
143487
143540
143949
144025
144076
144180
144190
144372
144424
144618
144638
144692
144881
145151
145187
145425
145486
145551
145648
145657
145939
145958
146041
146202
146220
146467
146496
146856
146993
147158
147193
147233
147278
147433
147452
147578
147665
147768
147879
148667
148767
148772
148913
148962
148990
149482
149757
149833
149829
149972
150060
150176
150211
150257
150524
150607
150717
151133
151153
151414
151462
151473
151499
151627
151752
151778
151932
152245
152281
152302
152427
152524
152825
152829
152835
152907
153103
153239
153292
153290
153387
153523
153675
153801
153944
154196
154263
154313
154406
154593
154688
154751
154887
154904
155024
155061
155258
155384
155427
155545
155602
155637
155818
155831
155879
155937
156020
156365
156487
156661
156761
156787
157336
157508
157553
157668
157807
157874
157890
157909
158256
158492
158535
158834
158890
159076
159136
159269
159529
159568
159657
159675
159683
159846
159956
160197
160211
160459
160531
160788
161022
161346
161541
161552
161665
161787
161796
161971
162022
162064
162071
162080
162256
162304
162442
162546
162815
162903
162903
163083
163115
163202
163284
163681
163759
163898
164018
164072
164274
164343
164628
165188
165207
165381
165379
165442
165860
165877
165902
165959
166300
166358
166433
166452
166467
166747
167263
167258
167367
167402
167586
167639
167703
167710
167726
167863
168146
168205
168487
168707
169222
169286
169312
169529
169627
169717
170169
170385
170478
170670
170889
171071
171077
171134
171292
171363
171511
171841
171839
171897
171907
171951
172051
172127
172301
172327
172466
172753
172787
172907
173085
173143
173178
173413
173525
173540
173676
173676
173872
174186
174247
174271
174314
174354
174418
174759
174793
175096
175197
175529
175751
175886
175903
175928
176080
176332
176411
176461
176496
176587
176692
177150
177167
177349
177413
177515
177554
177574
177743
177815
178302
178374
178457
178475
178480
178738
178887
179001
179112
179119
179201
179397
179459
179503
179606
180218
180244
180437
180594
180926
180980
181012
181071
181348
181421
181468
181525
181839
182082
182384
182516
182552
182606
182701
182777
182863
182888
183038
183142
183347
183373
183472
183526
183522
183670
183962
184004
184179
184394
184419
184443
184726
184801
184884
184912
185185
185213
185296
185374
185394
185542
185575
185723
185763
185877
185889
185966
186090
186371
186612
186658
187189
187303
187329
187395
187448
187796
187877
187943
187991
188003
188078
188086
188174
188441
188533
188715
188959
189172
189310
189356
189359
189460
189550
189890
189929
190029
190171
190176
190550
190554
190661
190795
191163
191197
191274
191408
191414
191583
191736
191738
192040
192038
192244
192829
192843
192922
192925
193023
193195
193225
193311
193377
193487
193762
193776
193856
193902
193999
194136
194325
194327
194487
194489
194546
194603
194798
194843
194857
194964
195166
195236
195304
195520
195517
195577
195782
195790
195939
196033
196224
196455
196451
196520
196699
196723
196814
196894
197059
197082
197210
197445
197835
198057
198072
198296
198422
198480
198771
198786
198809
198862
198890
199019
199215
199331
199885
199958
