599.46
1335.57
2161.44
5776.22
8265.57
9373.62
9913
15779.3
25635.9
25682.2
26352.6
26854.7
28609.9
31660.6
34027.3
34394.4
34501.2
37497.2
42318.1
42968.1
45213.6
46141.4
49287.4
51279.6
55614.3
55951.1
57254.5
57514.7
58423.2
60345.3
66546.9
68115.6
68151
68595.2
70906.2
72267.7
73498.6
73853.5
76183.9
77971.8
78139.6
80950.5
83354.3
84706.6
89874.8
90749.7
91379.2
91669
94103.4
95199
96366.5
99042.6
103804
104338
104555
105198
106933
108332
112710
114743
116280
116913
121436
124060
124149
124645
125319
125781
131443
131847
132487
133998
140680
141094
149610
150736
152760
154173
158731
159492
160552
160856
160878
161871
166700
167126
168169
169032
171205
172028
172925
175559
175930
176284
178297
179091
181218
183983
187679
188205
189370
191140
193061
193432
194770
194943
198200
198866
198959
