320.14
667.03
933.6
1048.96
1977.69
3327.12
3466.49
3597.97
3657.76
3754.27
3859.63
4018.45
4161.83
4177.46
4553.09
4879.15
4890.42
5025.23
5224.67
5950.69
5987.87
6208.11
6614.36
6718.47
6881
6925.6
7058.46
7592.6
7598.8
7639.72
7863.96
8045.21
8050.82
8222.33
8800.23
8988.19
9053.33
9739.17
10096.9
10450.9
10667.7
10935.1
11067.4
11091.9
11159
11173.6
11249.2
11402.9
11523
11644.3
12000.7
13357.8
13564.6
13921
14284.1
14603.9
14613.9
14729.4
14939.4
15085
15301.3
15865.7
15901.1
16237.6
16278.4
16767.9
16898.5
16929.8
16989.5
17295.9
18098.9
18333.3
18391.7
18605.9
19583.4
19796.8
20225.4
21268.3
21289.2
21405.9
21456.7
22117.1
22369.3
23092
23554.2
23733.2
24002.3
24140.5
24231.7
24828.6
25613
26111
26676.6
27492.3
29007.4
29331.7
29915.7
30459.7
30515.7
31925.9
32120.2
32361.8
32369.7
32559
32969.3
33071.5
33368.4
33619.2
33777.5
34060.8
34327.4
34678.3
35067.4
35155.4
37265.1
37530.7
38084.5
38168.2
38546.7
38929.9
39245.8
39519.3
39830.6
39869.6
39987.2
40094.5
40339.2
40520.1
40704.8
41716.8
42022.9
42052.5
42511.4
42695.2
43337
43454.7
43760.7
44235.6
45910.9
46076.1
46266.6
46373.8
46399.9
46618.8
46866.1
46961.5
47449.8
47500.6
48005.2
48092.4
48333.1
48419.7
48578
48782.4
48892.2
48977.9
49012.4
49119.3
49342.5
49355.9
49659.3
49753
50534.3
50958.1
50973.6
51269.3
51340.4
51581
51821.7
51907.9
51929.8
52211.8
52371.9
52671
52845.6
53577.3
54949.8
55602
56397.8
56894.9
56904.7
57253.1
57284.3
57590.6
57723.7
57884.4
58002.2
58069.5
58127.7
58600.3
58700.2
58775.1
59034.5
59252
59277.6
59499.9
59801.6
59881.3
60007.3
60017.1
60226.2
60467.6
60703.4
61400.6
61972.3
62428
62476.2
62487.7
62719.3
63308.6
63402.4
63907
64010.4
64056
64613.5
65127.3
65173.5
65520.3
65717
65728.1
65965.2
65989.9
66700.7
66821.3
67416.9
67431.7
67748.2
67788.5
68315.6
68971.2
69190.2
69426
69921.6
70535.2
70815.4
71063
71165.2
71673.5
71696.4
71735.1
71789.7
72014.6
72138.1
72365.6
72868.9
72946.8
73420.6
73687.6
73744.5
74125.5
74182.8
74211.3
74462.1
74997.9
75836.5
76229.5
76226.8
76589.3
76671.9
76886.1
76941.3
77238.3
77313.9
78327.5
78529.7
78668.9
78999.5
79248.8
79249.3
79324.4
79332.8
79725.6
79899.8
80143.8
80639.7
80754.1
80771
80833.4
81411.2
81424.8
81672.6
81685.2
81838.5
82121.9
82309
82843
82898.2
82995.7
83179.3
83375.3
83450.3
83560.2
83811.1
84245.1
84371.1
84439
84500.1
84512.8
85393.5
85659
85662.4
86107.5
86440.4
86492.9
86535.2
86779.3
87157.9
87551.4
87993.7
88367.3
88475.6
88850.5
88935.6
89096.1
89476.6
89790.1
89868.7
89866
89950.9
90085.4
90202.9
90246.4
90770.8
91483.8
91740.8
92629.9
92726.8
92834.1
92928.9
93191.7
93234.9
93773
94491.4
94852.4
95029.6
95239.6
95267.8
95304.8
95524.3
95709.2
95727.4
96062.8
96445.3
96664.3
97170
97281.6
97537.8
97909.4
98083.2
98512.4
98560.5
99314.1
99369.1
99726.2
99834.8
100158
100821
101297
101729
101808
101838
102782
103099
103272
103767
103809
103996
104037
104089
104268
104559
104740
104940
105026
105187
105268
105415
106129
106207
106428
106507
106514
106750
106926
106965
107068
107457
107507
107602
107665
108343
108750
109361
109719
109844
109899
110101
110158
110192
110510
110540
110661
110812
110845
111024
111279
111660
112002
112002
112092
112818
112865
113287
113702
113840
114021
114385
114389
114587
114958
115181
115388
115770
116052
116294
116530
117016
117177
117220
117249
118500
118930
119124
119270
119515
119622
119765
119872
119975
120067
120206
120358
120595
120649
120738
120835
120904
121013
121125
121495
122218
122292
122523
122673
122725
122825
123619
123625
123672
124050
124239
124480
125044
125196
125458
125543
125817
125815
126058
126165
126181
126233
126283
126340
126833
126912
127086
127604
127827
128341
128635
128942
129262
129307
129431
129952
130216
130291
130325
131230
131347
131592
131655
132138
132525
132614
132749
132971
133122
134509
134763
134840
134937
135106
135773
136205
136326
136749
137170
137234
137436
137896
137925
137932
137983
138183
138188
138217
138621
139376
139561
139680
139695
140002
140310
140359
140550
140936
141351
141928
142088
142385
142671
142853
142916
143089
143170
143496
143520
143772
144510
144840
146088
146203
146330
146328
146463
146572
146699
146833
147034
147114
147182
147329
147353
147338
147423
147562
147780
148045
148530
148686
148785
148828
148920
149736
150560
150659
151303
151328
151722
151737
151820
151879
152615
152925
153274
153326
153432
153610
154061
154352
154384
154667
154867
154911
155164
155367
156154
156207
156343
156525
156642
156887
157190
157762
157925
157944
158028
158273
158359
158508
158635
159267
159324
159392
159556
159911
159978
160045
160124
160294
160388
160896
160904
160914
161216
161672
161739
161740
161902
162191
162302
162385
162577
162621
162920
163512
163732
164212
164299
164450
165102
165150
165564
165832
166131
166932
166952
167143
167305
167370
167861
167947
168069
168219
168725
169400
169726
170079
170275
170396
170670
170933
171347
171343
171882
172010
172496
172850
172907
173284
173580
173714
173735
173946
174645
174724
175834
176136
176235
176232
176779
176946
176994
177090
177196
178537
178526
178552
178635
178982
179449
179760
180035
180352
180659
180860
181466
181595
181807
181917
182152
182347
182432
183980
184233
184474
184484
184717
184729
185173
185423
185509
185793
185897
185972
186200
186424
186469
186989
187065
187209
187625
187697
187796
188325
188386
188565
188685
188725
188857
188947
189173
189220
189229
189320
189700
190103
190246
190550
190637
190975
191041
191145
191706
191986
192298
192309
192743
193115
193125
193256
193342
193466
193496
193964
195084
195222
195255
195333
195557
195615
195885
196043
196229
196383
196486
196688
196875
197400
197784
198045
198241
199095
199104
199178
199407
199600
199694
199745
