256.29
1042.57
2160.47
2328.75
3195.69
3321.75
4447.79
5494.54
5729
6742.38
7327.26
9052.16
9614.8
11350.4
11557.4
12316.5
12434.5
12910.3
13329.2
13596.7
14817.3
14983.5
17305.3
17835.7
18117.2
18305.9
18528.5
18670.5
18891.3
19623.8
21166.4
21922
22420.7
22759.1
23202.2
24506.1
25052.1
26594.7
26810.7
26931.4
27363.4
28005.6
28181
28517.3
28626.2
29466
30540.8
30658.6
33219.4
33820.2
35080.7
35580.3
35582.1
35814.8
36209.4
36569.2
36789.1
37288
37628.8
37871.7
38671.8
39908.4
40066.6
40341.8
40588.6
40963.1
41521.7
41607.2
41763.3
43630
44816.8
45486.1
45523.2
45637
46417.2
47737.6
48205.4
48342.6
48997
49158.8
51519.6
51622.3
54666.8
56962.7
57871.9
58060.7
58139.5
58790.7
59520.6
59924.4
60027.7
64133
64508.3
64528.7
65451.8
65835.6
66201.6
66967.6
67615.3
68169.1
68571
69403.4
70062.6
70089.2
70552.7
71200.8
73349.7
74179.1
74997.5
76148.9
77935
77978.3
79370.1
79875.7
81569.2
81937.1
81945.2
82067.1
82219.7
83538.5
83554.5
84239.3
85094.4
86516.5
87061.8
87301.3
87437.6
87743.5
88376.7
89086.2
89451
90290.5
90792.2
92060.6
92385.3
92951.3
93469.2
93780.6
94421
94631.2
94659.7
94718.7
95603.9
95702.9
95869.2
98028.6
98228.9
99397.2
100542
101055
101419
101640
101857
102074
102181
102962
103184
103644
103669
103702
104974
104998
105160
106149
109510
110011
111010
111732
112361
112696
112903
114924
116526
116935
119072
119134
119503
120659
120889
121332
121887
122697
122955
123203
124086
124235
125143
125270
126501
126730
128613
128919
129491
130553
130759
131644
132435
134121
134644
135339
135834
135859
136698
138665
139184
139386
139979
140736
141158
141311
142850
143353
143466
143691
145696
145717
146194
149377
151541
152624
152865
152882
153162
154138
154559
154891
155104
155183
155855
157160
158196
158615
162150
162786
163750
164083
166371
166765
166889
168205
169490
169926
170817
170984
171244
171556
172358
173246
173376
174976
175608
176321
176620
177133
177224
178236
179416
181849
181934
182245
185421
186655
186732
186953
187529
188450
188849
188945
189560
189812
189878
189920
190989
191882
192494
192807
197202
197762
198512
