336.19
509.67
2529.58
2670.61
2861.76
4738.67
5812.75
7115.44
9429.11
11294.4
12123.9
12942.8
12999.8
13101.7
13909.5
14586.4
16317.1
17157.9
17351.9
18370.3
18460.3
19192.1
21213.8
21537.3
21633.1
22591.6
23811.1
23860.3
24136.3
25559.1
26534.3
27121.8
28219.5
28321.7
28468.6
28965.2
29180.8
29538.7
30246.7
30377.1
30505.8
32458
33213.8
33412.9
34182.9
34334.6
35136.9
35453.1
35911.2
36027.1
36453.6
36949.6
37689.1
38583.3
38921.2
39302.3
39512.2
39908.7
40404.4
40774.3
41362.8
42875
43217.8
43868.7
44010.6
45304.9
47145.3
47361.7
47694.5
48019.3
48081.4
50683.1
50893
53650.3
54231.1
54702.5
54967.6
56438.3
56683
58302.1
59521.3
59607.7
62504.8
63251
63680.1
63691.4
64220.7
64244.4
64350.1
64868.7
65058.4
65587.2
65979
66477.5
67809.1
67924.8
69321.3
69605.8
69676.3
71364.5
72540.6
74328.2
74877.7
75232.4
75293.9
75586.3
76861.5
77150.9
77156.1
78747.2
79564.9
79685.5
80386
80718.9
80824.4
81765.4
81861.4
82399.7
82770.4
83895.3
86115.7
87242.6
88746
90663.5
91506.5
92202.2
92254.5
93448.4
93584.2
94074.1
94179.8
94251.3
94759.1
97352.1
98318
98344.6
98688.6
99239
101304
101496
101605
102261
102689
103125
103237
103332
103406
103769
104066
104099
105871
106026
106490
107568
108866
110741
111065
112122
114111
114388
114821
117930
118761
118875
119296
120282
120834
121063
121977
122453
122800
123592
123898
124653
124741
125762
126779
127682
128270
128524
130080
130589
131725
132972
132986
135308
135848
135881
136415
137014
138157
138331
139016
139104
139199
139361
139648
140418
140868
142229
142838
143494
146225
148428
148501
149541
151255
151393
152161
152966
153961
154413
154736
154800
155235
155489
155991
156421
156901
157831
158010
160762
161156
162135
162928
163911
164450
165540
166524
168067
168770
168985
169371
169652
170194
170494
170719
170811
174558
175263
176330
177011
178078
179869
181243
181297
182644
182977
183642
184350
186131
186423
186908
186990
187216
187562
187741
188091
188187
188537
189215
189247
189341
191104
192242
192332
194278
194797
195105
196608
197591
198154
198749
199027
199386
199459
199705
