724.77
3916.74
4211.95
4679.47
4717.32
5824.26
7365.77
10921.2
11229.3
19426.5
19745.5
19893.4
20292.2
23122.9
27203.1
27473.3
28210.4
30186.1
34035.9
34248.3
36711.2
37684.2
41260.2
41578
44188.2
48191.6
49945.1
49971.7
50864
57566.6
58551.4
59614.2
64780.7
66224.2
70094.1
72416.2
72683.8
74781.8
74978.3
75613.3
76420.7
77201.5
78362.3
81747.3
84144.4
86880.5
87797.9
88068
91100.5
91227.9
92466.6
92881.5
93586.4
93969.5
94653.3
97049.9
97185.9
100781
100802
100812
101242
103286
107426
107708
109390
110453
111072
112342
112496
113578
116908
118244
118368
119651
121307
122343
123127
124152
124430
124994
125689
129520
131979
133059
133065
133086
133714
135373
136045
137181
138667
139144
140336
141166
141576
141939
142704
144250
145700
146918
147833
152312
156281
158630
163281
163641
165591
171632
172055
172926
173866
175289
175978
178691
180713
181411
182125
184543
186107
189167
190328
190870
191458
193742
193990
195921
196320
196765
197152
197188
197865
