11381.5
13133.7
13816
14772.6
17308.3
18023.7
18881.1
18893.2
23344.1
23519.2
26863.2
27248.1
29915.1
31829
31915.8
33805.5
35813.4
36861.7
42362.7
43007.6
48930.6
50464.5
51104.7
51406.6
53504.4
54482.5
54544.8
57318.6
59168.3
61968.9
63510.7
63965.8
64957.5
65343.7
66336.1
67617.2
68061.1
71088.5
72439.1
75989.1
77299.1
80639.4
81852.7
84315.4
86570.2
94018.4
96607
112600
122812
124168
132263
133593
137836
140384
141802
149396
149475
151237
154864
156633
157742
172715
176864
181471
183900
190993
196954
198560
