98.36
190.1
232.45
589.2
775.34
937.25
982.48
1055.59
1773.51
2225.61
2233.38
2271.3
2611
2669.27
2708.52
2874.12
2935.97
2954.06
3155.27
3299.99
3428.94
4143.1
4214.73
4258.31
5018.11
5554.51
5829.53
6160.72
6555.73
6692.26
6741.88
6769.3
6808.17
6985.41
7040.02
7101.55
7183.23
7412.27
7434.4
7756.28
7862.65
8031.17
8099.81
8241.64
8382.06
8467.24
8707.66
8730.13
9069.96
9073.46
9343.42
9554.32
9618.06
9629.64
9635.31
9791.37
9910.14
9947.93
10079.3
10175.3
10203.3
10257.3
10398.8
10403.6
10432.3
10610.8
10694.3
10739.5
10941.3
11079.7
11299.4
11576.7
11616.5
11991.1
12009
12249.2
12489
12655.4
13292.8
13648.7
13936.8
14024.4
14056.8
14278.6
14460.2
14522.2
14922.3
14983
15292.7
15579
15859.4
16018.5
16082.1
16143.7
16387.9
16800.6
17216.2
17397.2
17451.5
17451.8
17809.8
17837.8
18262.2
18356.7
18418.1
18537.5
18767.5
18904.7
19058.1
19299.1
19620.7
19794.9
20008.5
20378.2
20876.4
21017.4
21109.4
21182.7
21521
21698.1
22165.4
22268.9
22516.6
22542.9
22665.9
22716.6
22814.5
22960.3
23042.9
23480.9
23536
23975.5
24109.9
24335.6
24625.2
24815.5
25136.3
25194.9
25396.3
25415.6
25589.8
25623.9
25907.7
26063.5
26166.2
26172.3
26238.1
26292.8
26545.9
26914
27028.5
27070.1
27189.8
27352.3
27617.7
28044.5
28145.7
28304.8
28533.4
28579.1
28830.1
29269.7
29273
29357.8
29715.8
29954.6
29999.4
30116
30438.8
30758.7
30970.5
31470.3
31841
31934.3
32063.1
32107.5
32333.2
32353.4
32869.9
32972.7
33067
33293.4
33524.4
33569.8
33576.4
33627.1
34118.8
34278.7
34462.1
34631.8
34861
34900.4
34934.1
35181.1
35225.8
35346.3
35351.2
35455.6
35481.5
35522.1
35654.1
35762.5
35808.2
35876.6
35924.2
35944.5
36299.2
36324.5
37076.9
37093.1
37556.6
37728.3
37778.5
37852
38199.7
38260.2
38293
38406.2
38559.8
38695.4
38734.9
38918.1
38960.1
38998.8
39062
39236.8
39462.9
39477.1
39676.6
39945.6
40149
40420.4
40448.4
40615.3
40639.8
40958.1
41213
41581.8
41614.2
41751.1
41825.1
42040.9
42063
42099.2
42401.2
42453.5
42770.3
43105.2
43189
43189.7
43504.2
43591
43961.1
43970.3
44062.7
44156.9
44218.8
44656.3
45073.4
45248.8
45321.2
45911.3
46109.3
46111.6
46125.3
46849.4
46923.1
47150.1
47967.9
48497.7
48509
49279.6
49314.5
49515.6
49684
49792.1
49921.8
49923.4
50052.7
50412.5
50907.5
51082
51656.6
51675.7
52092.5
52247.1
52452.8
52779.4
52958
53016.3
53325.9
53839.2
53896.2
54093.5
54380
54517.1
54598.9
54612.7
54793
54900.3
55093.1
55500.2
55522.8
55581.5
55830.6
56056.5
56108.3
56491
56625.5
56781.8
57125
57222.3
57440.6
57491.9
57554.9
57849.9
57891.6
58278.9
58355.2
58510.8
58541.6
59075.2
59505.7
59501
59736
59766
59976.2
60011.5
60110.6
60493.8
60607.1
60879.7
61003.9
61046.5
61105.4
61130
61202.7
61345.2
61596
61699.7
61883.8
61939.8
62281.2
62904.9
62956.7
62983.6
63525.1
63731.2
63951.5
64037.1
64050.6
64116.9
64315.6
64525.6
64740.8
65115.3
65256.5
65322.9
65555.9
65633.1
65763.1
65801.2
65809.4
65859.5
65942.5
66265.1
66366.9
66610.2
66689.8
66802.1
67421.2
67483.5
67809
67979.7
67982.8
68150.4
68182.3
68304.3
68439.1
68506.1
68575.9
68785.4
69202.5
69396.8
70001.1
70153.4
71140
71395.4
71775.9
72364.6
72493.1
72497
72523.8
73310.9
74331.8
74351.8
76248
76499.2
76568.4
76628.5
76718.6
76737
76849.6
77069.5
77480.4
77494.2
77630
77685.4
77700.1
77859
77931.3
78071.4
78476.9
78508.5
78895.9
78924.3
79262.5
79283.4
79322.3
79345.3
79570
80508.3
80867
81030.3
81318.4
81463.2
81721
81750.9
81807.1
81906.6
82207
82519.4
82671.4
82745.8
82868
82926.2
83255.9
83318.6
83919.6
84090.4
84178.1
84194
84329.9
85005
85070
85190.2
85489.4
85847.1
86011.1
86049
86361.4
86970.6
87530.7
87535.1
87854.9
88109.2
88246.7
88688.6
88767.2
88781.7
88814.4
89048.1
89323
89440.3
89596.7
89666
89709.8
89861
90030.5
90110.9
90323.9
90337.9
90452.7
90541.5
91097.1
91108.6
91294.1
91601.3
91635.5
91678.4
91769.2
92168.9
92815.2
92936.1
93020.7
93293.2
93394
93606.2
93636.1
93892.8
93908.8
94432.9
94501.9
94682.5
94775.9
95623.5
95631
95806.3
96009.5
96032.9
96181.7
96265.8
96391.2
96397.8
96507.6
96576.8
96957.3
96965.6
97049.1
97112.6
97189.3
97206.8
97317
97645.6
98123.1
98139.1
98162.4
98210.6
98401.1
98473.8
98663.1
98719
98790.7
99165.4
99260.8
99315.4
99411.5
99445.4
99573.2
99610.2
99619.9
99647
99687.3
99760.7
99880.8
100040
100046
100093
100130
100400
100465
100543
100709
100812
101084
101125
101186
101201
101236
101421
101497
101563
101582
101645
102027
102449
102660
103191
103351
103546
103824
103948
104219
104754
104976
105578
105623
105699
105919
106289
106723
106911
107084
107091
107218
107251
107360
107397
107520
107827
107901
108087
108142
108319
108380
108427
108547
108631
108786
108928
108959
109087
109121
109398
109404
109428
109638
109817
109879
109949
110483
110675
110853
110890
111426
111492
111612
111695
111981
112022
112105
112162
112203
112218
112337
112659
112701
112841
113246
113314
113767
114033
114109
114219
114358
114504
114730
114733
114834
114872
115045
115520
115538
115797
115849
115932
116075
116121
116248
116267
116374
116441
116559
116796
116817
117636
117800
117789
118516
118836
118984
119214
119548
119640
120277
120330
120352
120427
120616
120705
120829
121068
121234
121255
121489
121495
121496
121754
121807
122069
122282
122531
122599
123364
123453
123469
123613
123679
123827
123994
124338
124510
124652
124818
124942
125019
125035
125178
125215
125401
125464
125572
125593
125626
125634
125791
125963
126147
126322
126579
126611
126626
126724
126990
127005
127183
127195
127722
128098
128725
129098
129119
129432
129548
129742
129989
130367
130514
130555
130659
130926
131063
131207
131796
132006
132172
132174
132240
132255
132410
132683
133061
133098
133119
133209
133271
133313
133340
133451
133575
133688
133701
133957
133948
134033
134066
134316
134417
134661
134759
134759
134769
134841
135062
135229
135522
135643
135775
136010
136064
136220
136263
136329
136364
136365
136420
136538
136832
136901
136915
136975
137044
137193
137350
137374
137389
137674
137706
137833
138134
138222
138247
138630
138876
138944
139006
139029
139088
139206
139316
139454
139501
139513
139734
139905
139974
139986
140310
140451
140659
140664
140671
140666
140944
140993
140985
141070
141260
142517
142743
143048
143295
143682
143852
143948
144050
144338
144462
144603
144859
144929
145332
145691
145805
146360
146372
146494
146663
146865
146919
147016
147169
147356
147468
147481
147598
147977
147985
148340
148564
148575
148606
148895
149048
149133
149282
149356
149500
149506
149590
149663
149698
149698
149976
150135
150268
150470
150602
150673
150874
151066
151223
151333
151703
151759
151860
151932
151967
152185
152317
152566
152622
152706
152835
153142
153696
153713
154240
155052
155069
155144
155662
155730
155835
155945
156039
156099
156508
156751
156753
156994
157152
157171
157290
157517
157582
157778
157788
157792
157800
157903
158124
158272
158487
158469
158536
158580
158570
158745
159004
159052
159120
159390
159644
159696
159888
159905
159983
160015
160046
160241
160310
160308
161253
161303
161557
162436
162504
163143
163169
163596
163605
163746
163768
163981
164088
164421
164476
165423
165840
166054
166172
166246
166288
166344
166405
166612
166677
166692
166836
166840
166884
166882
167012
167292
167551
167545
167733
167985
168016
168583
168637
168651
168847
169768
169897
169955
170124
170207
170285
170480
170845
171153
171647
171647
172055
172646
172799
172928
172992
173039
173300
173487
173823
174550
174717
174788
175019
175100
175328
175556
175803
175849
175961
175989
176071
176314
176517
176627
176810
176878
177591
178031
178421
178484
178764
178829
179123
179485
179528
179524
179791
179824
180001
180010
180398
180442
180556
180578
180843
180995
181080
181884
181901
182041
182058
182080
182194
182770
182930
183230
183686
184741
185022
185078
185286
185372
185395
185589
185707
185945
186037
186296
186503
186642
186737
187043
187083
187661
188030
188079
188172
188355
188569
188597
188651
188662
188868
188933
189092
189140
189623
189675
189895
189946
190423
190572
191079
191108
191346
191444
191597
191678
192478
193197
193777
193829
193894
194228
194550
194777
195146
195167
195196
195208
195239
195396
195503
195501
195613
195638
195953
195984
196397
196435
196681
196791
196895
197059
197190
198024
198027
198089
198495
198811
198876
198900
199191
199433
199572
199581
199617
199762
199783
199779
199974
