224.06
344.43
494.8
508.38
1041.7
1096.39
1565.14
1661.77
1945.63
2075.65
2190.59
2323.41
2374.3
2815.17
2821.2
2965.31
3285.32
3419.19
3604.4
3662.07
3754.49
3780.07
4170.82
4531.51
4541.19
4889.49
5137.48
5339.65
5820
5955.63
5981.98
6124.73
6139.82
6354.57
6473.39
6669.17
6691.17
7027.6
7035.87
7125.66
7151.03
7350.13
7521.69
7520.64
7573.08
7890.96
8217.09
8279.52
8423.34
8542.91
8758.2
8818.37
8869.79
9302.67
9407.34
9528.16
10078.9
10226.4
10357.9
10772.4
11460.2
11614.8
11688.2
11768.3
11917.1
12003.4
12358.7
12841.8
12893.1
13002.3
13466.4
13925.9
14011.3
14152.7
14566.1
14672.2
14710.8
14751.6
15356.5
15497.8
15543.9
15641.3
15712.9
15758
15971.4
16044.6
16223.1
16238.8
16279.8
16295.7
16609.4
16641.5
16668
16831.2
17512.2
18038
18704.7
18701.7
18784
18817.8
18943.3
19461.8
19591.1
19737.6
19805.5
19871.4
20042.6
20063.2
20139
20204.7
20211
20281.4
20293.6
20636.6
20784.9
20866.2
21277.3
21585.9
21658.1
21978.5
22157.2
22233.2
22346.4
22482.2
22479.6
23608.1
23750.9
24468.8
24514.5
24650.5
24684
24778.2
24791.7
25407.3
25797.4
25906.9
26041.5
26294.1
26566.8
26574.9
26779
26779
26883.5
27134.9
27180.7
27549.6
27792.2
27987.2
28070.2
28154.8
28236.3
28253.6
28267.1
28572.1
28667.5
28779.9
29064.4
29294.2
29359.2
29664.2
29759
29799.5
30001.3
30031
30110.1
30339.3
30599.8
30825.2
30851.6
31009.3
31172.8
31186.1
31341.1
31562.8
31709.4
32002.8
32132.8
32219.5
32440
32561.3
32590.2
32607.1
32774.5
32995.9
33019.7
33136.6
33230.6
33492.2
33732.2
33787.5
33854.9
34024.6
34130.2
34140.2
34215.8
34281.7
34576
34808.2
35539.5
35646.5
36221
36798.5
36929.3
37101.7
37218.2
37446.5
37458.5
37744.2
37879.4
38115.6
38363.7
38891.9
39079.7
39412.3
39431.9
39693.9
39785.2
40306.2
40314
40546.5
40949.7
41532.7
41596.9
41720.6
41990.1
42012.7
42164.6
42262.7
42455.4
42580.2
42823.1
42833.4
42845.9
43094.4
43260.8
43328.3
43530.8
43686.9
43831.5
44544.5
44740.9
44840
45020.3
45092.9
45316.4
45616.6
45626.9
45728.9
45825.7
45863.8
46016
46088.4
46270
46340.3
46364.4
46406.7
46454.3
46558
46892.7
46961.8
47036
47076.6
47286.6
47328.1
47596.9
47766.8
47958.8
48205.4
48510.2
48608
48844.7
48843.1
49066
49295.8
49343.5
49528
50025.2
50068.4
50286.5
50520.6
50598.6
50789.8
50954
51139
51296.9
51493.4
51570.4
51930.5
51934.8
52319.7
52334.5
53018
53075.7
53097.1
53174
53600.5
54175.1
54952.9
54976.9
55402.6
55625.1
55673.5
55790.8
55817.1
55885.4
55991.8
56000.4
56074.8
56374
56493.4
56524.4
56647.1
56844.6
56981
57000.3
57112.4
57130.7
57260
57945
58066.2
58138.1
58223.4
58411.4
58955.8
59292.5
59808.9
59935.3
60086.2
60202.8
60274.5
60436.9
60540.3
60589.3
60725.6
61078.9
61145.7
61204.2
61241.4
61338.6
61452.4
61760
61850.5
61902.1
62029.4
62063
62089.3
62334.7
62351.1
62609.5
62603.7
62815.8
62867.1
63071
63101
63145.4
63383.7
63449.1
63482.1
63564.9
63623.1
63686.5
63912.6
63948.6
64273.4
64478.5
64678.2
64773.4
64918.5
65025.4
65357.7
65799.5
65925.5
66036.8
66368
66440
66451.5
66710.4
67147
67175.2
67489.8
67558.6
67841.6
68050.7
68103.2
68170.3
68310.2
68357.3
68394.4
68625.2
68825.6
68975.8
69078.5
69449.9
70049.7
70089.9
70239.7
70443.2
70461.6
70797.2
70934.1
71301.7
71598.6
71755
71853.6
71918.8
71975.3
72076
72359
72428.9
72773
72975.1
73113.6
73125.3
73266.5
73480.2
73517.8
73784.7
74452.1
74480.5
74588.2
74645.3
74749.8
74860.1
74932.9
74963.8
75308
75572.6
75815.6
75934.3
75949.2
76492.9
77046.9
77163.8
77321.4
77341.5
77605.3
77689.4
77823
77905.5
77923.4
78154.9
78204.2
78507.5
78604.1
78940.8
78955.5
79345.6
79364.6
79551.6
79590.5
79595.6
79900.2
79952.3
80108.1
80375.3
80496.8
80523.9
80619.8
80700.2
80771.8
80834.5
80996.4
81683.9
81850
82106
82658.8
82667.4
82747.4
82988.6
83237.7
83373.6
83470.5
83518.7
83849.1
84157.4
84316.7
84797.6
84903.9
85188.4
85230.4
85342
85376.2
85619.4
85695
85828.1
86446.2
86505.3
86898.2
87074.4
87132.7
87229
87519.3
87583.8
87600.6
87948.8
88011.1
88541.8
88655.7
88850
88978.2
89541.6
89646.6
89741.3
89912.3
89973.6
90172.7
90419.7
90577.9
90760
90991
91088
91556.7
91911.7
92185.4
92860.7
93193.1
94737.2
94980.2
95184.7
95236.5
95411.4
95508.2
96137.1
96273
96576.2
97563.5
97928.2
98310.5
98334.2
98507.3
98662.9
99035.3
99100.2
99306
99589.5
99870.8
99916.1
100879
101218
101645
102104
102268
102328
102634
102853
103072
103221
103304
103694
103930
103948
104317
104385
104477
104645
105008
105069
105204
105454
105580
105717
105826
106364
106388
106528
106593
106808
106893
106931
107034
107093
107237
107519
107680
107722
107739
108114
108175
108203
108245
108318
108585
108678
108976
109046
109281
109335
109344
109344
109678
109692
109719
109841
109975
110041
110742
111077
111119
111288
111355
111908
112004
112115
112127
112564
112942
113775
113999
114137
114189
114289
114420
114743
114735
114832
114828
114970
114997
115105
115170
115161
115316
115480
115701
115765
116003
116459
116498
116556
116586
116837
116956
117330
117445
117687
117715
117731
117850
117886
117964
118030
118103
118137
118333
118401
118486
118671
118817
119301
119406
119423
119506
119575
120276
120921
121181
121983
122316
122404
122869
123307
123548
123600
123633
124031
124073
124240
124362
124652
124729
124961
124986
125108
125407
125609
125731
125754
125857
125919
126311
126540
126667
126738
126739
126809
126949
127184
127224
127512
127573
127635
127880
127980
128313
128436
128647
128738
128874
128980
129141
129457
129785
129879
130025
130128
130254
130459
130487
130501
130719
130766
130840
130858
131106
131205
131416
131532
131774
131871
131898
132189
132227
132301
132484
132622
132727
132862
133154
133395
133655
133678
133693
133719
133744
133963
134138
134207
134472
134611
134829
134926
134967
135047
135229
135461
135812
136229
136736
136742
137580
137711
137834
138161
138204
138639
138790
139404
139649
139822
140118
140169
140411
140515
140706
140817
141125
141354
141353
141474
141690
141742
141879
142075
142124
142125
142326
142350
142511
142529
142583
142775
142951
143172
143180
143264
143315
143385
143972
144009
144074
144204
144407
144586
144699
144998
145085
145099
145120
145196
145248
145403
146140
146169
146272
146395
146730
146796
147034
148543
148817
148923
149321
149459
149531
149697
149786
149937
150073
150197
150393
150463
150673
150685
150889
150905
151184
151340
151380
151557
151718
152083
152331
152404
152567
152682
152950
153113
153325
153449
153720
153734
153833
154139
154262
154407
154442
154960
155190
155235
155642
155730
156131
156236
156305
156467
156548
156676
156804
157142
157135
157417
157566
157724
157729
157941
157988
158004
158321
158318
158426
158496
158706
158803
158873
159053
159065
159117
159159
159322
159385
159719
159706
159787
160663
160876
160910
160965
161053
161128
161495
161520
161557
161691
161729
162084
162200
162468
162513
162824
163491
163824
163852
164031
164164
164394
164584
164597
164712
164853
165055
165610
165638
166218
166440
166446
166651
166720
166800
166989
167193
167214
167467
167583
167644
167731
167747
168144
168776
168819
169244
169887
169896
169903
170184
170744
170735
170805
170943
170992
171030
171072
171206
171242
171430
171461
171605
171664
171745
171929
171968
172217
172230
172494
172510
172657
172768
173045
173110
173228
173401
173403
173496
173542
173594
173833
174225
174677
174911
175089
175162
175324
175419
175448
176125
176180
176257
176526
176660
176917
177014
177047
177197
177281
177438
177526
177560
177734
178017
178065
178142
178581
178604
178638
178720
178741
179382
179528
179577
179617
179989
180281
180502
180698
180941
181024
181234
181337
181402
181551
181589
181949
181998
182158
182190
182341
182381
182466
182519
182695
182916
182980
183573
183632
183651
183789
183913
183950
184031
184161
184238
184307
184331
184629
185089
185288
185722
185970
186463
186612
186778
186947
188185
188386
188415
188631
189259
189774
189780
189890
189938
190086
190184
190365
191325
191376
191566
191651
191696
191754
191823
192016
192125
192186
192557
192898
193042
193068
193112
193806
193926
194233
194390
194884
195014
195080
195273
195558
195864
195889
196354
196401
196428
196711
196717
196736
196858
197100
197219
197436
197653
197663
197759
198113
198131
198458
198479
198696
198800
199022
199263
199325
199880
199945
