726.64
1791.49
2759.71
3309.35
3900.88
4831.22
4976.14
5347.15
5621.03
5749.21
6631.29
7452.02
7855.88
8779.61
10224.3
10770.7
11527.7
11707.6
12180.9
12435.6
12551.8
12907.2
14045.3
14176.6
14701.4
14801.9
16329
16607.7
17013.3
17319.2
17333.5
17851.8
18372.5
18572.9
19585.1
20207.3
20795.2
22409.2
23964.3
25435.8
26483.1
28843.4
29422.5
30107.1
30548.2
30900.4
35518.7
36797.3
38408.9
39537.5
40281.6
40899.2
41113.6
42808.7
42855.8
43550.5
45192
45458.3
50461.4
51725.7
51872.1
52131
52328.9
54494.5
54860.8
55669.7
56171.6
56478.9
58435.1
59090.9
59201.2
59726.3
59920.9
60460.6
60817.1
60849.1
61271.5
61549
61749.7
62046
62115.6
62976.9
63782.8
63865.7
63908.1
64316.2
64637.5
64687.1
65619.9
67090.2
68766.5
69096.6
69922.9
71617.2
74097.1
74752
74982.3
75361.7
77231
79675.2
80977.4
83873
83937.5
84334.7
84968.3
85223.4
87474.3
87673.1
87863.6
87923.8
88403.7
90951
93524.8
95039
95415.7
97664.6
97759.9
98276.2
99593.2
99666.2
101433
101813
102570
102770
103645
103762
104009
104810
105009
105769
108866
109741
109800
109994
110924
112154
113274
114792
116102
116590
118641
121151
121447
121632
123650
127417
127630
128769
128777
129036
129237
129297
129335
129774
131601
133626
133711
136466
137774
138228
138476
138755
138818
139257
141203
142223
142813
144936
145360
146318
147347
147978
150076
150308
150708
151572
152311
157721
159300
159479
159768
159888
160904
162112
163419
163756
164023
164332
164600
165296
165315
165491
165654
166049
166767
167606
168285
169282
169567
169932
170401
170658
170789
171431
172682
172978
176543
176796
177231
177585
177706
177745
179524
180481
181579
183307
184017
184069
184573
185451
186355
187160
187322
188239
189078
189374
190027
190800
192214
192959
193951
194178
194874
196047
196756
197540
197905
197963
199229
199574
