200.45
2863.41
4166.62
4377.25
4716.74
5159.92
5896.72
6063.61
8043.06
9547.43
11566.8
12372.3
12456.7
12686.5
13580.2
13769.8
14725.3
15143.5
15707.2
17788.5
19521.5
19941.6
21327.1
21475.8
21973
23668.6
27916.5
28171.3
29125.8
29442.4
29966.8
30264.6
33053
33391.1
33483.5
33713.7
34102.9
34634.2
35735.5
37113.9
38799.1
38950.2
39723.1
43409.7
45162
45169.3
48867.6
49417.7
49594.6
50143.1
51041.1
51155.7
51776.8
51786.7
52242.9
52766.5
52876.9
53525.4
54951.2
56800.4
57445
59129
60215.6
61263.2
61921.9
62745.6
63097.3
63372
63691
63941.9
63990.1
65489.3
66033.8
66885.3
69811.1
70490.2
71612
71797.2
72220.2
73764.4
77999.9
78064.2
80151.7
80212.1
80317.9
81383.1
81557.4
81714.7
85631.3
87083.8
87582.3
88152.3
89506.4
91742.1
93822.1
94772.9
95761.4
96095.1
97795
98031.3
99781.2
100156
100275
101366
101983
102852
102990
107219
107587
108778
108813
109069
109548
109864
111468
111746
111955
112150
113027
113917
114823
116692
118339
119379
119529
119927
120427
121442
121488
121890
123055
123527
123662
124048
124414
124878
125699
128535
128866
132211
132827
133966
134896
135136
135474
135706
136313
138478
139786
140561
142187
142569
144156
145126
145628
146501
146770
148088
149926
150900
151079
151958
152242
152886
153353
153965
154843
156062
156578
156979
158030
159304
159502
159887
161205
161558
161619
162794
162901
163574
163811
164027
164079
164706
164982
165470
165481
167371
167612
167815
168378
171645
172048
172155
173030
173937
174675
174905
175046
176138
178459
179396
180567
181877
183381
183631
184286
185472
186375
188367
188393
188600
189726
193070
193693
194169
194817
195687
196148
197586
197636
197781
198783
198990
199817
