4383.46
6758.72
7223.35
8074.39
8617.94
8954.81
9570.33
10625.1
13747.1
18108.1
18899.8
26974.5
27719.3
31281.1
31740.1
32079.9
36431.5
38565.2
38980.3
39262.6
43064.1
44342.7
44929.7
45877.1
46278.6
46417.5
53123.8
55856.3
58172.4
71847.2
76281.3
81256.1
81916
85644.2
88390.8
89095.9
93221
93839.3
96117.2
96987.9
97245.8
99924.5
107953
109618
111194
118514
127411
127989
129692
132509
133005
133699
134006
134292
135447
136868
137140
137727
138393
139490
141768
142025
142390
142744
143086
144977
145759
146006
146742
147274
148935
149639
150032
150418
150482
151764
152619
152746
153441
153747
153975
155344
155911
157565
157595
159657
166474
167155
167475
169304
173288
173613
176148
177208
178054
179286
179360
179428
180124
180883
181370
181662
182499
183289
183978
184039
185384
185723
186944
189376
189667
189933
190190
190528
191706
192645
193330
193540
194093
194358
195048
196972
197234
198304
198701
198786
