207.85
308.68
540.54
615.57
897.54
1107.08
1281.09
2326.34
2584.31
2782.65
2787.24
3251.81
3414.55
4327.12
4387.33
4394.4
5144.4
5790.17
6530.85
6574.52
6599.85
7892.19
8815.1
9270.54
9873.45
10842.2
11015.5
11293.5
11479.6
12048.7
12695.9
12807.4
13180.6
13456.2
13969.5
14169
14222.3
14430
14951.6
15599.7
15656.9
15778.7
15902.2
15915.2
16855.9
17027.8
17209.8
17940.3
18440.1
18582.6
19897.9
20551.1
20858.9
20968.1
21197.4
21641.7
21974.9
22315.7
22502.8
22950.8
23119.8
23512.3
23770.6
24207.5
24513.5
24654.1
24992.6
25555.7
26614
27039.9
27142.2
27292.1
27562
27595.5
27699.4
28059
28185.4
28325.9
29529.5
29949.6
29983.6
30073.6
30219.3
30676.1
30817.3
30847.1
30992.8
31325.4
31619
31749.8
31871.6
32381.8
32463.9
32689.5
33330.5
33670.8
33780.9
34288.6
34426.5
34877.6
36128.2
36368.1
36622.1
36636.5
36982.8
37091.9
37236.9
37604.8
38807.7
39409.1
41037.5
41148.8
41507.8
41637.5
41685.7
41903.2
41964.6
42006.8
42681.1
42737
42940
42954
43039.7
43194.9
43552.3
43903.4
44042.7
44342.1
44340.3
44918.4
45160.3
45432.5
45803.6
46485.3
47210.5
47559.1
47679.8
47906.4
48064.3
48089.6
48387.5
48864.9
49445.6
50051.8
50161.1
50427.6
51254
51263.5
51300.6
51912.1
52921.9
52968.6
53941.2
54196.5
54517.4
55392.1
55884.9
55895.9
56265.9
56515.9
56956
57390.7
57480.8
57862.2
58355
58432.7
58701.4
58847
59363.2
59517.5
59925.7
60255.4
60289.7
60348.7
60949.2
61178
61719
62065.9
62703.1
62761.9
63137.4
63589.9
63592.9
63798.9
64197.6
64261.2
64324.9
64559
64577.2
65527.9
65789.2
66013
66218.4
66337.8
66436.2
66508.2
66532.6
66772.5
66814.6
67040.1
67103.4
67353.3
67388.8
69032
69189.5
69242.1
69425.6
69673.2
69907.4
69962.9
70001.6
70543
70763.5
71095.7
71397.6
71588.2
71626.1
71714.5
72128.7
72175.6
72603.9
72655.1
72794.1
72974.7
73172.1
73313.2
73627.7
73666.4
73953.6
74206.7
74254
75143.8
75981
76122.6
76336.3
76830.6
77230.8
77381.7
77415.3
77818.6
77928.1
77998.9
78232.3
78242.3
78303.4
78617.5
78847.2
79044
79142.5
79195.9
79563.9
79774.4
80230.9
80236.6
80500.6
80756.2
80958
81254
81516.7
82184.9
82515.6
82523.1
82650.3
82909.1
83040.8
83935.2
84543.8
84552
84586.1
84906.6
84969
85048
85187.6
85301.6
85367.6
85614
85910.5
85946.4
86236.7
86410.1
86618.1
86952
87165.9
87687.5
88353.6
88798.5
89051.2
89325.6
90231.5
90376.4
90628.1
91463.4
91667.6
92022.9
92146.2
92213.2
92998.5
93478.8
93857
94206.5
94903.7
94968.5
95046.7
95319
96074.4
96669.3
97462.1
97463.5
98178.9
98712.4
98825
99166.5
99895.4
100529
100861
100923
100950
101251
101458
101834
102030
102122
102424
102446
102555
102686
102760
103007
103052
103167
103224
103301
103685
103730
103944
104643
104981
105073
105248
105446
105631
105732
106462
106814
107066
108604
110968
111009
111950
112149
113986
114400
114417
114747
114842
115051
115071
115291
115455
115667
115851
115941
116270
116481
116552
116898
117572
117920
118086
118207
118525
118867
118910
119211
119470
119741
120092
120323
120972
122086
122252
122786
123409
123422
124976
125295
125521
125527
125562
126341
126458
126947
127072
127213
127793
127804
128676
128999
129381
129833
129911
130068
130279
130275
130578
130680
130707
130945
131229
131678
132913
133364
133516
133554
133642
133841
133995
134274
134309
134365
134930
135219
135847
136347
136443
137029
137385
137451
137518
137768
138060
138477
139523
139689
139773
140201
140370
140429
140728
140773
140847
141488
142393
143174
144035
144248
144541
144858
145180
145588
145700
145991
146074
146388
146420
146775
147002
147215
147302
147384
147669
147761
147787
148012
148325
148458
148553
148565
148887
149225
149686
149783
149856
150159
150543
150665
151141
151463
151561
152281
152447
152960
154336
154382
154605
154949
155893
156842
157521
157606
157632
158588
158813
158875
158997
159065
159314
159358
159594
160217
160483
160594
161800
162396
163035
163260
163712
163920
163987
164131
164855
165147
165300
166252
166384
166445
166769
167200
167517
167521
168048
168248
169964
170670
171004
171525
171537
173338
174026
174085
174431
174450
174489
175288
175336
175380
175984
176091
176488
176520
176696
177276
177279
177703
177777
177909
178279
178284
178328
178941
178947
179054
179066
179619
179662
180094
180278
181077
181062
181381
181740
182276
182539
182673
183545
184118
184379
185361
185362
185528
186045
186129
186400
186498
186693
186738
187248
188827
189607
190282
190506
190801
191119
191373
191651
192271
192319
193147
193734
193753
193917
194294
194616
194787
195157
195621
195816
195995
196088
196492
197223
197335
197713
198048
198570
199088
199547
199688
