240.41
622.48
1289.99
2071.64
3647.59
6372.35
8051.47
10752.5
12429.7
15249.6
16429.1
17699.6
17910.2
18395.6
19116.4
19573.9
20381
20687.3
21327.1
22712.8
23696.5
24740.4
24888.4
25424.4
26545.5
27192.6
28321.6
28450.3
28912.4
29315
29647.3
29857.7
32391
33624.3
34014
34347.7
35682.1
37109.1
37995
38246.7
38690.9
38831.7
38954.2
39923.3
40194.1
40654
40773.1
42107.5
42278.6
44574.8
44929.7
46078.1
46486
46606.2
47345.2
47756.3
49162.6
49405.9
51344.3
51857.6
51934.3
53392.6
53412.1
55274.5
55343.6
55944.9
56778
57598.1
58072.2
60029.3
60197.4
61049.5
61236.5
62828.2
63282.7
63773.2
63844.9
64127.8
64471.9
64501.6
65660.6
65998.4
66021.4
66192.7
68138.3
68583.1
69890
73388.4
74627.5
74986
75650.2
75713.5
75949.7
77253
77670.4
77952.3
78108.4
78409.4
79058.5
79422.2
79500.8
80800.8
81147.2
83734.4
85025.7
86477.5
87130.8
87804.2
87937.1
87971.3
88611.8
93473.4
94342.3
95259
95535.9
95707.1
97148.9
97246.4
98686.3
98802
100142
100708
101402
101842
102094
102228
102831
102858
103733
103755
105222
105466
105800
106271
107270
108084
108127
108197
109088
110014
110140
110248
110597
110955
113321
113656
113662
114104
115600
115954
117210
118804
119542
121737
122596
123460
123869
123898
124651
126701
128267
128626
130228
130878
131981
132045
132374
133146
134932
135600
135852
136027
137509
137554
137938
138102
139468
139760
140636
141631
142373
142560
142982
143199
143293
145491
145543
145620
145749
146295
146911
149518
150246
151495
152924
152964
153849
154048
155091
155783
157200
159418
160387
162657
164236
164591
165177
165549
167947
169506
169795
170599
171234
171571
171846
172206
172336
172598
172615
173539
173648
175124
175526
177206
178791
178828
179799
180218
180470
181437
182245
182868
183340
183516
184082
184850
185396
186257
188500
188565
189397
189503
189872
191005
193183
193654
193737
194540
194844
195253
195615
195666
195922
195980
197440
197588
198000
198487
198979
199388
199853
