543.71
864.32
1092.94
1262.24
1429.17
1567.39
1806.72
2240.77
2444.79
3165.59
3578.99
4787.36
4792.53
5071.79
6091.83
6741.77
6764.93
7161.27
7583.75
7743.99
8031.54
8367.14
8426.11
8557.23
8770.57
10382.5
10491.5
10766.8
10801.8
10986.3
11034.4
11198.8
11365.9
11526.5
11557.9
11979.1
12051.3
12067.1
12582.1
12692.4
12904.7
12995.8
13230.2
13503
13778.4
14165.3
15374.7
16318.4
16409.2
16486.7
16510.9
16637.1
16985.9
17080.1
17390.2
17662.5
18458.8
18712.2
19165
19266.8
19305.2
19702.4
20097.9
21139
21523.7
22171.9
22515.4
22812.3
22997.6
23116.1
23334
23636.4
23840.1
24230.1
24430.1
25362.7
25684.1
26169.4
26220.9
26296.6
26985.6
27161.1
27440.5
27596.6
27953
28368.5
28412.8
28537.7
28760.8
29287.6
29407.8
29990.1
30130.6
30915.3
31211.2
31602.7
31609.7
31760.8
33040
33161.9
33871.6
34357.6
34379.6
34452.2
34480.3
34802
34824.6
35029.5
35086.7
35153.5
35382.1
35596.4
36175.9
36832.2
36985
37106
37632.3
38781.6
39109.6
39303
39609.1
39831.1
40257.7
40525.1
40677.4
40726.2
41391.2
41610
41638.9
41873.1
42196.1
42388.2
42493.2
42838.6
42937.1
43748.1
43841.3
44179.3
44308.9
44460.5
44472.9
44489.8
44692.1
44957.5
45161
45382.8
45396
45854.9
46406.3
46731.2
47632.9
47737.9
47852
48116.3
48698.8
49072.9
49543
50136.9
50354.7
50689.5
51248.8
51582.2
51728
51834.2
51995.3
52590.3
53027.4
53160.4
53232.9
53868.1
54043.3
54256
54765.7
55419.1
55553.7
55791.8
55805.7
55890.9
56345.3
56911
57054.5
57187.3
57392.9
57516.7
58553.5
58975.7
59389.9
59559.4
59640.6
60546.9
61193.1
61461.1
61688.4
61742.5
62084.6
62242.3
62256.2
63134.9
63522.4
63800.5
64904.6
65074.6
65103.1
65171.9
65363.4
65554.1
65591.4
66966.4
67000.1
67070.5
67965.4
68619.3
68668.2
68938.3
69769.9
69787.6
69813.4
69925.8
69996.9
70128.6
70175
70455.4
70478.8
70637.6
71322.6
71802.5
72245.3
72403.6
72445.5
72719.6
73199
73448
73751.7
73811.7
76093.6
76389.1
76469.5
76618.9
77357.5
78267.4
78370.4
78438.7
78464.5
78473.2
78730.4
78842.3
79055.7
79076
79498.2
79943.9
80436.4
80864.1
81280.1
83115.4
83276
83725.3
84052.7
84434.3
84646.5
84724
84819.1
85250.6
85580.2
85626.6
85883.6
85907.6
85982.4
86321.5
86461.4
86656.2
86933.4
87128.1
87423
87993.6
88969.7
89052.9
89366.3
90128.1
90127
90273.9
90742.9
91001.1
91087.5
92115.2
92481
93220.7
94722.9
95201.2
95312.7
95538.1
95932.1
96043
96201.2
96513.5
96700.7
96996.8
97114.6
97598.9
97752.8
98019.1
98098.8
98958.8
99633.1
100254
100469
100603
100726
101376
101500
101595
101673
102247
102490
102865
103248
103328
103358
103560
103732
103886
104168
104370
104760
104787
105009
105564
106172
106864
106943
107268
107342
107353
108134
108183
108475
108739
108960
109086
109139
109601
110180
111667
111797
112074
114331
114740
114963
115235
115349
115388
115577
115619
115925
118192
118950
119018
119365
119439
119523
120346
121073
121798
122013
122473
122554
122713
122799
122844
122989
123534
123637
123652
123671
123864
124148
124272
124356
124441
124731
124839
125090
125261
125355
125418
125482
125813
126191
126754
127142
127259
127405
127444
127774
128146
128495
128816
129318
129505
130111
131076
131525
131639
132105
132527
133195
133713
134767
134898
135352
136268
136617
137221
137282
137409
137721
137995
138273
139044
139413
140023
140290
140308
140670
140738
141171
141207
141365
141451
141883
142547
142790
142907
143436
143573
143723
144102
144263
144573
144763
145297
145321
145391
145587
145715
145800
147537
147540
147717
148784
149153
149224
149301
149463
150383
151441
151644
151817
152580
152681
152972
153681
154322
154751
154809
155031
155970
156282
156832
157446
158371
158433
158443
158817
158846
159243
159479
159625
159715
159743
160651
161377
161519
161966
162074
162424
162593
163041
163049
163310
163830
164087
164444
164817
164892
165011
165411
165499
165701
165922
166012
166246
166329
166516
166538
166691
166713
167425
168639
168919
170188
170795
171255
171635
171982
172066
172505
172540
172596
172618
172734
172930
173585
173632
174338
174670
174730
175203
175658
175692
175895
175961
176209
176697
176934
176980
178171
178451
178458
178645
178703
179504
179856
179876
180457
180698
180758
180829
180920
181556
181860
182366
182800
182931
183153
183919
184037
184130
184477
184499
184521
185230
186089
186380
186736
186763
187200
187823
187937
187951
188147
188222
188280
188472
188531
188651
188892
188906
189078
189337
189687
189940
190446
190989
191148
192074
192382
193285
193908
194014
194531
194601
194594
194823
195516
195538
195579
195600
195642
195946
196179
196268
196420
196598
196835
197113
197406
197433
197470
197618
198067
198141
198170
198443
198565
198790
198882
199149
199288
199353
