1394.43
2346.48
2378.18
3678.87
4152.54
4284.66
6010.65
6009.14
6566.13
6590.46
8422.48
9183.15
9721.01
11130.6
11753.6
13571.9
13858.3
14217.4
14383.2
14838.4
14912.5
15634.1
15708.4
16718
17837.9
18966.2
20706.2
21012.4
21016
22361.1
23314
25637
25892
28288.7
28430.6
29481.5
30538.2
30559.2
32051.4
32139.3
32333.7
34572.3
34904.3
35413.8
35693.3
38841.4
38905.6
39255.3
44967.2
45165.4
45458.6
45574.7
46298.8
46488.3
46685.3
46836.5
47324.3
47575.4
49888.3
50085.8
55005.9
55242.8
60971.6
61400.7
61873.6
62086.2
62227.7
62597.3
64047.6
64168.8
64259.3
64840.7
65617.1
67188
67524.8
67942.5
70079.3
70596.3
70603.2
72193
73761.2
74518.8
75112.5
76150.9
77118.5
77872.8
78889.3
78917.9
80231.3
80381.1
80745.6
80876.2
82214.7
82295.6
83588.6
83647.2
84992.4
85339
87207.2
92204.7
93803.4
93853.5
94333.4
94390.1
94700.8
97473.2
98298.1
99257.8
99463.2
99845.5
100164
100600
100598
100727
100810
101365
104509
105045
105466
105900
106114
108683
108939
110271
111179
111499
112531
113046
113853
114052
115067
117506
117598
118776
122005
122461
124115
127261
127385
127749
129141
130344
131184
131780
132039
134770
135411
135731
138562
139629
139767
141230
143559
144719
145413
146737
147352
147655
149808
152562
155549
155911
156633
156989
157708
157863
158398
159081
159527
160238
160518
161066
162017
162452
162618
162718
163310
163560
164272
164405
165793
166263
166674
167672
169091
169419
170594
172126
172696
172880
173251
173641
173716
174600
174849
178907
179125
180344
180478
181610
181763
182592
184861
185087
185828
185947
186052
186635
186910
187174
187936
189458
189496
189889
190509
191075
192327
192483
193544
194024
195167
197157
198418
