1103.44
1684.94
4957.27
5225.94
6938.43
6975.33
7848.3
11413.5
11778.2
12822.8
14393.2
14913.5
16043.1
16789
17586.8
18915.5
24487.9
24647.5
25605.8
34693
36463.5
37033.7
38585.6
39865.3
41966.7
45421.1
46253
46482
46694
47910.3
48105.6
48857.8
50462.8
51890
52430.9
53831.6
54358.8
54444.6
55981.6
57578.9
57872.2
62437.8
63134.7
63801.6
65443
66831.3
67166.7
68183.4
69744.4
70129.1
70834.6
74000.3
76580.2
76881.3
78579.2
79233.6
80632.7
81773.1
83487.4
84955.7
86062.2
88132.8
88374.3
94080.4
97213.9
97465.9
97791.5
97948.3
98278.2
99886.2
100293
103985
104097
104990
105824
106270
107490
107703
108460
108788
111142
112300
112496
115632
116300
121181
123235
124468
124944
125228
126170
127630
127682
132069
133961
134965
137525
138695
140051
140834
141344
141797
143539
143564
144456
144845
145551
149540
150527
153419
158959
160080
160273
161923
163144
164294
164694
166406
166773
166848
168892
172307
174089
175971
178670
178674
181157
181152
183066
183583
184456
184624
184640
186204
186639
187181
187198
188458
190266
194287
194810
194951
194986
196690
199417
