314
293
272
292
270
290
289
288
267
268
289
288
267
268
289
288
267
268
289
288
267
268
289
288
267
268
289
288
267
268
289
288
267
268
289
288
267
268
289
288
267
268
289
288
267
268
289
288
267
268
289
288
267
268
289
288
267
268
289
288
267
268
289
288
267
268
289
288
267
268
289
288
267
268
289
288
267
268
289
288
267
268
289
288
267
268
289
288
267
268
289
288
267
268
289
288
267
268
289
288
267
268
289
288
267
268
289
288
267
268
289
288
267
268
289
288
267
268
289
288
267
268
289
288
267
268
289
288
267
268
289
288
267
268
289
288
267
268
289
288
267
268
289
288
267
268
289
288
267
268
289
288
267
268
289
288
267
268
289
288
267
268
289
288
267
268
289
288
267
268
289
288
267
268
289
288
267
268
289
288
267
268
289
288
267
268
289
288
267
268
289
288
267
268
289
288
267
268
289
288
267
268
289
288
267
268
289
288
267
268
289
288
267
268
289
288
267
268
289
288
267
268
289
288
267
268
289
288
267
268
289
288
267
268
289
288
267
268
289
288
