2589.74
3008.28
15842.2
17988.8
33109.7
33864.4
43762.3
47324
48807.7
50323.3
50899.6
51554.6
51803.3
53885.6
54906.9
55332
56462
57103.5
57416.8
58617.8
59040.8
61522.6
62582
62719.2
62998.7
64017.7
64355.7
69569.8
75073.5
76817.4
79475.8
82068.1
83331.7
85863.2
86377
90392.3
91305.9
92183.8
93653
93881.9
94228.3
94268.2
96924.8
103828
104512
107185
107198
109137
109418
113055
113306
113558
113873
116346
116581
116773
116964
117184
117317
119343
120200
121056
121209
121398
122355
126236
127902
131393
132052
135416
137370
144869
145398
145932
146277
146645
146984
147371
154772
156443
161612
163715
165159
165880
166457
167197
168553
169879
170857
171861
172090
172770
172906
174633
177849
179128
179618
179850
181380
181596
183274
183581
184594
186016
186042
186079
186538
187284
188082
188766
190987
192400
193216
193742
195864
197779
198704
198901
