189.62
1819.49
3454.35
5699.45
7391.69
8363
9824.74
13408.5
13434.4
14551.6
14834.4
15117.7
15875.8
16229.2
16973.8
19976
21484.5
22705.4
22763.4
24398.8
24859.6
24994.6
25571.9
25835
25912.9
27553.6
29491.7
31478.4
36345.7
37114.9
38193.7
38211.6
39185.9
41587.3
41660.8
42006.9
44411.5
45629.8
46137.3
47382.7
48819.5
48887.2
51368.5
51610.3
52254.2
52462.6
53922.4
54770.1
55237.1
56131.1
56720.5
59300.7
59537.5
59678.8
62693.9
64490
66076.5
68084
70075.1
70492.2
71296
72249.3
72405.6
73155.6
75164.5
75931
76251.9
78574.4
78768.4
78792.1
78808
80177
80745.6
83905
83951.2
84041.2
84811
86025.6
86867.8
87066.2
87519.1
87739.9
88359.4
89426.6
90419.7
91882.8
92753.8
92942.1
93586.5
93626.4
94455.6
95856
100537
101964
105060
107413
107857
108263
108281
108660
108757
109115
110424
110600
111407
111651
112491
113293
113546
114229
114345
116966
117134
120076
120351
121135
121460
121654
121697
123823
124866
126869
127974
128853
129201
129334
130324
132168
132509
134007
135224
136249
137748
138400
139895
140226
140514
141762
142497
143051
143431
144519
146206
148283
149415
149947
151079
151243
151869
152417
153281
153971
154287
155659
156168
157112
158605
159671
160893
160976
161403
161624
161757
161962
162118
162156
162357
163639
165170
165792
166067
168693
170405
170493
170783
171019
172138
173526
177277
179338
179506
180087
181923
181963
183271
184074
185215
185486
185702
189534
189668
189960
191085
193386
194245
196459
196864
197672
198264
199558
