743.43
758.96
3501.95
4692.03
5254.07
5510.78
8503.81
8942.68
9530.12
9829.95
10452.2
11051.1
13783.1
14003
15093.1
16027.3
16310.4
16389.1
17282.4
17940.6
18010.1
18369.2
18538.2
18771.9
20254.8
20942.2
21702.2
23062.4
23454.1
23968.2
24193.5
24880.6
25417
25781
27152.5
29867.3
30136.4
30373.3
32078.4
33220.8
34245
36300.5
36748.1
37338.1
37360.2
37945.1
38573
39007.7
39370.1
39661.4
39708.3
40361.5
40989.3
41133.5
41345.5
42108.7
42257.9
43295.8
43706.1
43975.2
44209.3
44247.2
44766.3
44778.5
46547.5
47179.5
47994.7
48090.6
48101.5
49796.8
50207.4
51203
54668.9
55020.5
56995.2
57460.7
57952.2
58088.2
58689.1
59458.2
59487.3
59636.2
60186
60782.5
61731.7
61777.9
62483.2
63418.3
63592.3
64057.3
64833.1
66784.7
68014.3
68038.7
68169.1
68200.6
70166.9
71267.9
72049.7
72055.6
75705
75765.5
76540.4
76797.4
77363.3
77993.4
82841.3
83328.6
83906.9
84541.2
85608
85706.6
85994.9
86517.3
86586.4
86984.2
87105.1
87648.7
87705.8
88304.5
90195.8
90912.7
91503.1
92262.1
92345.8
92598.1
94053.9
94216.4
94817.8
95853.3
97750.7
98447.2
98820.6
98959.1
99258.9
99897.3
100492
103818
104377
104499
105101
105645
105827
106279
106329
108781
109088
110902
111039
111897
112958
113799
114028
114146
114836
115692
116400
116782
117038
118616
118729
119673
120130
120486
121072
121346
121457
124350
125093
125186
126203
126440
126671
126923
127039
130922
130962
131145
131432
132124
132193
133090
133761
133795
134971
135677
136655
138638
138738
138788
139059
141531
142937
143736
144311
144330
144603
144905
145548
145763
146129
146426
146943
147336
147679
147910
147988
148270
149090
149587
150601
153192
154509
154898
155151
158173
159077
159512
160030
161139
161149
161238
161504
162182
162897
163312
164125
164304
165010
165107
166423
166773
166804
167213
167436
167609
167817
167915
168469
169035
170072
170123
171514
172314
172839
173368
175298
175689
176665
177087
178135
178238
178418
178712
179647
179745
180517
181585
181901
182434
182593
185330
186155
187015
187752
188191
188641
189169
189559
189602
189856
190774
190819
190900
191304
192046
192119
192173
193254
195468
195594
195606
195780
196096
196337
196430
196867
197545
197959
