201.82
332.67
586.53
591.67
639.67
920.84
1036.15
1153.86
1197.44
2159.32
2417.61
2617.79
2679.36
2793.11
2848.3
3008.61
3068.75
3088.62
3209.8
3383.36
3727.05
3883.63
3973.56
3975.64
4305.08
4480.85
5175.23
5281.11
5639.34
5894.68
5956.86
6034.44
6600.82
6678.67
6770.99
6978.08
7035.58
7047.21
7130.43
7455.16
7577.7
7901.28
7907.58
7950.2
8515.12
8639.85
9059.18
9150.12
9162.52
9531.85
9542.32
10059.8
10419.4
10603.7
10626.1
10663.7
10855.6
10952.6
11214.9
11497.6
11560.1
11921.4
12053.9
12136.7
12431.1
12891.8
12944.3
13312.5
13883.6
14026.1
14103.4
14491.4
14976.9
15164.2
15632.9
15707.5
15729.6
16047.6
16210.9
16614.7
17298.4
17536.8
17951.4
17963.9
18248.5
18421
18628.9
18982.6
19071
19110.9
19293.7
19414.1
19494
19561
20586.8
20670
20988.8
21147.1
21336.6
21410.6
21654.4
22269.7
22329.6
22832.5
23538
23598.5
23799.4
23887.2
24318.9
24352.8
24412
24458.2
24700.8
24753.1
24929.8
25353.2
25369.4
25374.6
25418.8
25566.7
25675.2
26092.5
26588.2
26852.2
26969.6
27261.9
27510.2
27565.8
27978.5
28198.8
28300
28452.5
28787.8
29235.9
29458.5
29667.7
29981.6
29993.2
30096.8
30767.8
30775.7
30809.4
30980.8
31042.9
31057.1
31455.4
31934.5
32084.4
32312.6
32418.6
32799.3
33036.6
33435.8
33620.8
34083.9
34493.1
34766.8
34783.9
34982.5
35016.9
35356.7
35462.5
35603
35714.5
35930.7
35949.4
36237.7
36825.4
36843.9
37240.2
38173.8
38426.5
38442.9
38667.4
38843.1
38837.4
39141.2
39161.8
39212.9
39430.7
39644.9
39698.7
40946
41310.6
41595
41787.6
42470.3
43519.2
43569.4
43906.7
43985.9
44119.6
44837.6
45405.4
46396.9
46652.5
47139.1
47497.7
47697.2
47783.6
48249.1
48276.7
48672.9
48766.4
48990.7
49808.7
50020.9
50449.2
50555.3
50562.8
50726.8
50789.2
51341
51574.6
51579.4
51696.7
52360.1
52752.8
52768.7
53024.7
53194.9
53447.7
53622.5
53921
54229
54489.4
55566.8
56497.2
56937.2
57475.5
57886.3
57987.7
57990.3
58009.5
59093.1
59135.1
59257.9
59313.9
59624.8
59920.8
60283.7
60498.4
60585.2
60789.9
60877
61245.4
61580.5
61901.2
61988.9
62245.6
62304.3
62383.5
62443.5
62544.7
62887.5
62903.6
63115.9
64009.2
64065
64819.3
65619.2
66122.3
66166
66176.5
66644.9
66751.4
66773.3
66805.9
66845.2
67104.1
67605.1
67747.5
68019.1
68295.5
68349.9
68866.5
69173.9
69252.9
69644.4
69665.2
69940.8
70047.9
70266.3
70280.2
70703.2
70873.1
71007.2
71132.7
71514.5
71645.2
72001.6
72036.1
72364
72389.7
72460.5
72750.4
72851.3
74175.5
74311.5
74345.6
74594.6
74708.2
75077
75711.9
75832.6
75939.8
76030.4
76203.5
76288.7
76416
76490.3
76942.5
77069.7
77294.3
77299.1
77484.1
77561.7
78124.9
78463.6
78514.6
78851.2
79063.6
79242.1
79785.6
80749.8
81076
81416.9
81498.7
82011.3
82418.6
82507.1
82587.4
83018.3
83079
83214.8
83242.6
83588.2
83653.6
83734.9
83885
84384.3
84494.1
84568.5
85181
85562.1
86573.6
86831
87100.8
87248.5
87285.2
87377.2
87414.1
87649.6
87854.2
88019.8
88210
88386.1
88409.9
88530.6
88720.2
88781.9
88823.9
88893.3
89146
89309.3
89556.5
89777.7
90201.2
90275.7
90347.8
90882.6
90908.5
91020.2
91126
91186.6
91544
91588.8
91861.8
91947.7
92415.3
92465
92919
93012.6
94058.7
94443.2
94732.1
94775
94909.8
94981.8
95229.8
95310.5
95337
95402.7
95463.5
95560.5
95697.2
96379.7
97128
97182.2
97389.6
97474.5
97845.4
98237.3
98308.9
98643.7
99183.3
99336.6
99521.1
99732.1
99922.8
100105
100160
100180
101638
101946
101947
102170
102189
102434
102459
102731
102819
102986
103250
103886
104567
104868
104955
104965
105013
105063
105494
105619
106099
106193
106605
106607
106840
107678
107933
108031
108146
108399
108677
108744
108981
109015
109211
109723
109879
109922
110258
110343
111522
111554
112173
112482
113155
113250
113545
113836
114152
114187
114355
114581
115185
115460
115542
115898
115903
116120
116179
116468
116598
117343
118080
118099
119238
119767
120060
120076
120402
120587
120607
120716
120893
121321
121492
121799
122073
122136
122338
122434
122932
123101
123380
123406
123581
123622
123881
124378
124447
124442
124582
124980
125109
125318
125364
125949
126471
126522
126727
127311
127440
127862
128909
129160
129305
129468
129548
129788
130022
130117
130751
130819
130840
131177
131376
131420
131765
132223
132282
132337
132747
133014
133127
133296
133670
133734
133798
133917
134075
134385
134553
134555
134609
134779
134813
134966
135019
135333
136023
136027
136367
136932
137464
137655
137649
137934
138140
138283
138625
138857
139559
139726
139954
140566
140617
140924
141368
141510
142121
142541
142784
143054
143076
143113
143333
143615
143672
143775
144166
144199
144661
144817
144982
145736
145860
146156
146183
146208
146397
146670
146872
147643
148162
148216
148474
148760
148982
149045
149120
149298
149380
149469
149684
149946
150426
150657
151511
151639
151700
151909
151997
152064
152628
152975
153203
153244
153520
154904
154963
155457
155531
155781
155996
156394
157454
157574
157620
158191
158306
158313
158395
158481
158504
158562
158882
159081
159247
159369
160010
160674
161903
161929
162256
162301
162502
162975
163214
163728
164075
165215
165858
165902
166547
166702
167403
167742
167729
167862
167893
168045
169079
169140
169203
169252
169771
169882
170503
170657
170800
170925
170954
171270
171383
171677
171835
172370
172424
172756
172951
173198
173529
173849
174299
174390
174692
174983
175099
175539
175948
175973
176317
176334
177303
177308
177337
177431
177532
177667
177914
178077
178637
178679
178950
179014
179612
179630
179972
180607
180782
181120
181219
181439
181461
181749
181757
181865
181951
182256
182760
182851
183195
183210
183366
183764
183783
183945
184337
184489
184582
184786
185150
185505
185685
185870
186708
187483
187549
187763
187958
188655
188797
189330
189662
189959
190019
190078
190373
190567
190659
190732
190946
191303
191680
191725
191806
191872
191879
191959
192202
192388
192664
192879
193564
193598
193817
194023
194199
194251
194571
194582
194755
194879
194946
195271
195443
195910
195976
196391
196410
196656
196800
197021
197169
197218
197384
197832
198127
198167
198727
198762
198790
198879
199115
199332
199463
199583
199970
