869.01
2409.17
2435.19
2757.06
4018.04
5944.05
6261.81
7178.77
8352.87
9217.72
9783.34
10220.4
12742.7
13666.1
18196.1
18640.5
20657.7
21248.2
23699.5
24226.8
25148.1
26938.2
30917.5
31692.2
34014.6
34604
38301.3
38488.6
38624.9
38696.9
38898.7
39085.6
40896.3
41141.6
41867.7
41947.9
42105.8
42595.4
46772.2
47384
47658.4
47966.7
51496.5
54290.6
55092
55315.3
56671
59298
63450.4
63972.3
64101.7
64596.3
68051.5
68294.2
68679.8
69588.1
70025.8
70289.9
71105.3
71176.1
71551.9
74430.9
75185.7
79580
82269.1
83151.7
83432.9
83941.5
85287.8
88906.9
89598.9
89655.5
93462.6
94258.8
97865.8
98548.7
98856
99133
101092
103693
107566
107652
108049
108734
109089
109414
112620
113317
113640
114115
114183
115918
116754
117995
119376
121891
124854
126105
127787
128472
128765
129792
130299
131430
132050
133413
144001
145051
150128
150374
151259
154440
154625
155011
155089
155415
156576
156846
157582
158088
158442
161334
161736
162066
162897
163207
163466
164264
168548
169203
170530
171520
172498
174513
175018
175376
175396
175930
177413
179737
181962
183328
184875
187382
187820
189211
190233
190845
192666
193270
194045
195085
197427
