3603.37
3867.37
4527.65
10696.4
10917.3
13136.8
13770.1
15157
15204.3
16775.7
21988.4
22282.2
24729.9
26838.4
26942.4
28037.1
28876.7
30858.2
35337.4
36391.2
38196.5
38453.6
40317.3
40427.3
41484
43294
44474.4
45875.4
46492.8
47474
47525.7
47858.2
50177.3
50410.2
51018.9
51615
51995.4
54346.6
55914
56258.3
57142.7
57482.1
65475.6
66073.3
66374.3
66675.9
69424.4
69981.4
73018.7
73820
75288.4
75344.5
76536.8
77745.4
78161.9
79912.1
81157.3
85299.9
87969.9
88394.2
88644.5
89682.1
92344.4
92768.7
93268.3
93904.3
96147.2
97709.1
103138
103533
104599
104779
109574
110779
111144
112651
113873
115778
116344
119075
119146
119620
121243
121439
125883
127112
127957
129961
130526
130841
131891
132469
136592
136921
137322
137640
141260
141421
142358
144442
144638
145269
147966
148293
150559
151289
151465
152777
153443
154478
157003
161090
161316
161571
161797
162350
162530
163584
164578
164938
165571
166437
167073
169437
169612
174078
174602
175164
176673
181232
181264
183624
183994
184792
185496
189256
191831
192981
193778
194647
