1372.6
1823.58
2010.81
3112.7
3224.25
3960.11
4131.1
4336.15
4775.41
4947.04
6253.14
8076.17
8618.05
9185.49
10113.2
10363.9
10588.1
11091.1
11263.5
11529.4
11748.7
13170
14251.3
18479.8
18514.2
19325.3
19756.3
20589.8
21086.7
21782.1
21945.8
22785.6
24849.8
25322.3
25409.3
25414.4
25527.7
25596
26649
27522.1
27723.6
27944.4
28402.9
28551.7
28801
29260.3
29440.1
29434
29600.1
29684.1
29758.9
29789.6
29967.4
30773.5
30795.2
31377.7
31782
32029.7
32645.2
32838.7
32840
33125.6
33662.7
34103.4
34979.5
35423.1
35651.5
35695.8
35734.2
36550.6
38668.3
39613.4
39610.5
40110.8
41188.6
41250.1
41725.8
42144.3
42254.3
42347.2
42765.9
42999.6
43323.1
44136.5
44577.3
44620.7
44974.4
45188.9
45769.7
45865.9
46284.5
46357.1
46441.9
46784.4
47071.1
47641.7
47652.8
48022.5
48093.5
48442.3
48503.2
48643.4
48706
48773.9
49432.1
49436.2
49932.5
50265.4
51957.3
52860.4
53306.5
53619.4
55633.6
57914.5
59271.7
59483.2
60159.5
60570.3
60598.7
60947.3
61433.3
62596.5
63603.4
63974.8
64568.3
66277.4
67393.7
67867.9
68239.4
68900.8
69374.1
69955.7
71214.6
71458.8
71748.2
71801.4
72312.9
72321.8
78738.3
78875.4
78901.4
79237.7
79258.2
79533.1
80549.4
80753.3
81091.5
81178.1
81714.9
81890.1
82146.4
82384.7
83194.2
85016.1
86425
87046.3
88011.8
88200.4
88395
88966.9
89144.5
89475.7
89993.2
90606.2
91729.7
91826
94927.9
95821.4
96004.8
96052.4
96438.4
100846
101239
101372
102071
102526
102999
103914
104352
104644
104736
105412
106649
107069
107586
107641
108517
108516
109300
110093
110437
110642
111173
111532
111677
112701
113669
114189
114391
114396
114413
114673
114792
114844
114914
114921
115024
115498
115754
115778
115976
116313
116514
116537
116768
117075
117989
118606
120766
121582
122084
122735
124970
125417
125960
126091
126387
127481
129125
129246
130483
130843
131560
132234
132287
133331
133863
134448
135639
135708
135711
136314
136646
136974
137433
137858
138031
138762
138954
140658
140858
141778
142620
145507
145816
145963
147329
147410
152105
154349
155193
155357
156138
157515
158024
158543
159641
159911
160306
160343
161093
162341
162887
162982
163419
164017
164339
164525
164746
165333
165705
165743
165967
166158
166715
169984
170214
170482
171170
171197
171220
171641
171894
173575
174310
174836
175731
175733
176579
177132
178255
178398
179373
179834
179851
180020
180368
180638
181548
181769
182211
182890
183170
183511
183915
184277
184555
184864
185058
186638
186741
187078
187781
188675
188839
189236
189473
190066
191828
191903
192120
192428
194145
194800
195154
195495
195719
196738
197686
198552
199261
199855
199918
