167.35
572.76
1074.9
1662.21
1921.05
2148.24
2242.54
2585.54
2754.25
3405.62
3531.77
3725.97
4096.81
4110.78
4466.26
4518.23
4641.66
4872.19
5432.44
5520.54
6429.86
6447.03
6821.84
7138.46
7659.16
7679.64
7716.83
7967.58
7990.73
9066.84
9390.73
9626.52
9678.61
9899.59
10614.6
11903
12331.1
12427.5
12690.6
12814.7
13045.7
13046.8
14074.9
14276.9
14406.8
14794.5
16060.7
16093.6
16691.8
17173.8
17753.3
17835.5
17981.8
18239.8
18932.5
18943.2
19184.7
19399.1
19532
19609.7
20395.3
20675.6
21115
21646.8
22141.2
22852.7
23015.7
23367.5
24059.9
24093.4
26194.8
26329.8
27068.8
27538.6
28278.2
28428.1
29123.4
29316.8
29854.3
30184.3
30365.8
30559.1
30685.9
31462.6
31623.6
31934.4
31991
32586.4
32935.6
33109.5
33726.6
33889.4
34784.3
35137.1
35346.2
35809
35972.8
36616.6
37690.1
37924.1
38050.3
38112.1
38775.8
39102.1
39292.3
39548.1
40189.8
40564
41210.9
41280.1
41459.3
41729.9
41739.6
41796
42176.5
42560
43039.2
43699
43843.8
44476.9
44841
46852.2
47024.2
47937.5
49351.9
49381.9
50617.4
50748.5
50881.6
51640.9
51852.1
52512
52534.7
53284.7
53702.7
53918
54046.5
54177.2
54570.2
54854.3
55236.6
55435.1
55517.6
55674
56017.7
56248.5
56646.7
57090.8
57174.1
58397.9
59036.2
59196.9
59679.8
59692
59771.8
60055.8
60154.9
60285.4
60550.8
60677.8
60861.3
61624.5
61865.6
61952.1
62129.6
62749.1
62827.4
63253.9
63274.8
63292.4
63434.5
64042.6
64433.9
64532.4
65211.2
65215.3
65345.2
65673.9
65996.1
66113.1
66250
66711.8
67288.4
67335.6
67612.6
67947.9
68208.6
68444.4
70586.8
70834.5
71697.2
71839
72642.8
72659
73037.6
73086.8
73224.1
73584.1
73633.4
74376.7
74987.1
75584.6
75873.3
76798.1
77061.2
77580.5
77722.4
78024.8
78956.5
79210.5
79445.7
79955.7
80378.2
80452.7
81015.4
81157.7
81374.5
82408.7
83153.2
83641.4
83854
84596.4
84792.9
84997.5
85040.1
85057.7
85364.4
85444
85574.8
85970.7
86519
86564.4
86675
87556.7
87636.4
87990.4
88380
88598.1
88650.8
88663.1
88918.4
89048.7
89375.7
89519.3
89632.2
89855.3
90104.1
90143.1
90371.3
90744.9
90854.9
91093.7
91123.5
91396.8
91405.4
91883.8
92010.6
92735.8
93138
93907.9
94977
95005.5
95283.9
95886.8
96522.5
96794.6
97244.8
97486
98265.5
98413.5
99016.3
99596.4
99845.1
99973
