4061.38
4452.4
11400.5
11877.9
18570.4
18701.3
19474.9
21175.4
25728
28124.8
28691.5
28922.9
29949
34218.9
34414.6
35511.5
42413.9
42460.4
43222
43415.5
46574
47757.6
50454
52156.9
55736.3
59749.1
60267
60730.5
80869.6
81447.8
82456
82562.8
89090.5
89578.3
91396.3
103270
105642
107049
107835
110754
111635
115131
116628
116650
116944
121704
122308
126505
129413
130580
133430
134698
147553
152769
155743
158773
160027
160625
160920
165817
166434
170257
171522
172001
176715
178491
180401
182062
184132
184867
189054
189733
190224
191990
198042
