2382.63
4625.16
6401.17
9712.98
15320
18993.3
20293.2
21032
22156.1
23963
25490.1
27444.9
28861.7
31274.1
31378.5
32336.5
35067.1
59325
60344.9
63779.5
64664.7
65571.9
70434.1
73772
75261.4
80039.3
83993.2
86000.9
89476.4
90031.2
91543.7
95030.9
96704.8
104827
107145
110451
115882
118161
118776
119495
121803
125376
126701
127616
127774
129585
130804
130986
133070
133448
142737
148493
150889
161225
161593
164036
170182
170429
171640
174246
177918
180138
182075
184448
184763
187083
187522
188516
190540
191462
193626
194703
196653
196751
197898
198636
