3171.22
3222.11
3270.43
4262.94
4269.58
4281.08
4282.56
4290.86
4295.34
4300.99
4308.56
4325.73
4328.51
4340.71
5340.53
6413.12
6434.24
6436.44
6442.3
6443.95
6449.47
6458.74
6469.99
6473.12
6475.71
6478.98
6482.48
6484.68
6488.08
6491.29
6494.94
6496.15
6498.23
6500.28
6507.43
6516.16
6523.69
6527.31
6641.47
6643.04
6649.3
6738.33
7024.15
7466.51
7468.15
7470.16
7479.63
7481.99
7489.08
7494.31
7496.25
7499.36
7524.31
7527.22
7533.15
7535.33
7540.06
7544.22
7564.75
7572.35
7576.74
7588.22
7596.04
7621.75
7640.57
7653.64
7661.94
7664.03
7670.4
7672.92
7678.67
7681.28
7686.46
7691.9
7697.57
7702.42
7705.92
7709.42
7714.18
7716.36
7727.56
7735.32
7738.05
7750.7
7754.82
7759.96
7770.71
7879.58
7889.11
7933.27
7947.01
7951.43
7959.08
7960.58
7966.67
7977.56
7982.03
7985.44
7986.85
7988.09
7988.93
7994.91
7998.23
7998.59
8002.75
8004.38
8007.69
8008.83
8009.94
8021.76
8026.44
8027.91
8029.56
8034.62
8071.84
8078.36
8104.36
8108.66
8114.01
8135.12
8147.66
8151.36
8153.66
8157.38
8166.64
8169.21
8173.3
8175.36
8176.34
8180.25
8185.47
8187.6
8193.68
8285.88
8429.28
8435.25
8436.42
8441.44
8447.01
8465.58
8470.14
8473.91
8503.39
8513.02
8516.42
8519.55
8521.69
8524.38
8527.37
8532.76
8546.7
8568.12
8572.58
8575.28
8576.77
8585.42
8592.36
8600.24
8603.35
8605.98
8619.63
8623.7
8628.78
8645.44
8654.01
8656.08
8659.4
8661.86
8664.14
8689.92
8697.25
8716.42
8732.64
8745.32
9666.06
9667.74
9669.68
9671.84
9677.22
9681.25
9682.94
9684.69
9687.96
9692.62
9697.94
9700.18
9702.24
9704.75
9716.54
9722.88
9732.07
9749.02
9764.46
9853.15
9867.16
9874.2
9877.83
9887.4
9890.19
9891.74
9893.28
9900.87
9906.66
9909.94
9917.82
10039.6
10068.1
10080
10266.9
10281.9
10298.8
10306.7
10319.9
10327.5
10330.2
10342.5
10346
10434.5
10442.5
10467.8
10634
10795.4
10797.9
10834.8
10859.3
10860.5
10866.3
10870.3
10875.7
11958
11993
12006.7
12018.8
12024.3
12026
12028.2
12029.9
12044.3
12054.8
12087.5
12092.2
12096.6
12101.4
12106.5
12109.2
12410.1
12428.6
12435.4
12436.8
12438.7
12445.7
12446.8
12473.9
21810
21821.1
21830.3
21834.2
21846.3
21849.2
22734.3
22744.7
23040.9
23058.4
23066
23088.2
23326.9
23332.6
23335.5
23337.8
23341.9
23348.5
23357.9
23365.6
23400
23451.3
23458.6
23464.4
23505.4
23510.9
23505
23527.7
23538.9
23544.3
23549.7
23553.3
23560.7
23565.7
23564.8
23573.4
23599
23604.1
23634
23663.7
23666.7
23673.8
23675.2
23678.5
23684.1
23695.1
23703.2
23700.2
23706.6
23709.1
23717.7
23720.9
23743.6
23748.6
23753.8
23760.3
23778.2
23924.7
24854.3
24917.1
24977.8
25029
25117.1
25146.8
25181.2
25181.2
25184
25200.5
25213.3
25224.9
25228.7
25237.3
25244.1
25247.8
25268.1
25638.6
25671.6
25771.6
25788.9
25791.3
25829.3
25832.7
25837.1
25853.6
25863.7
25874.1
25878
25885.5
25933.1
25947.7
25954.8
25950.7
25968.7
25971.9
25998.8
26000.1
26031.8
26036.8
26041.2
26806.8
26815.4
26823.5
26826
26832.9
26835.7
26843
26851.4
26855.7
26859.1
26863.4
26897.5
26914.8
26928.3
26935.2
26940.3
26955.2
26976
27347.6
27356
27364.9
27366.8
27368.7
27375
27382.3
27399.2
27400.1
27413.4
27452.1
27453.3
27454.5
27462.1
27482.3
27485.2
27490.1
27498.3
27500.3
27514.2
27519
27523.2
27541.1
27546.7
27562.6
27597.8
27622.6
27734.2
27782.5
28031.9
28034.3
28047.2
28055.8
28059.8
28067.4
28074.9
28091.3
28098.3
28110.9
28125
28214.9
28217.1
28274.2
28296.5
28297.3
28301
28304.5
28319.9
28324.6
28335.2
28367.1
28362.7
28374.7
28371
28373.5
28376.7
28378.3
28382.5
28383.6
28387.5
28391.8
28397.2
28406.2
28417.3
28441.7
28476.4
28478.8
28487.1
28489.9
28497.9
28500
28503.2
28533.4
28539.6
28551.8
28568.7
28674.7
28686.4
28692.2
28700.2
28707.1
28711.6
28714.7
28722.1
28727.5
28724.7
28728.5
28734.5
28740.1
28751.6
28766.9
28774.3
28777
28783.8
28780.7
28784
28791.5
28803
28807
28814.8
28824.3
28857.9
28878.5
28921.7
28957.6
28969.3
28972.4
28978.2
28984.5
29005.3
29007.9
29009.2
29013.2
29016.2
29020.6
29023.9
29029.3
29033.7
29036.8
29040.8
29046.7
29514.5
29526.3
29529.1
29557.8
29569.7
29586.2
29591.2
29597.9
29600.1
29602.5
29609
29625.3
29635.3
29636.7
29639.8
29650.8
29659.5
29670.6
29676.1
29681.9
29688.3
29693.4
29697
29702.4
29731.3
29746.9
29752.4
29756.8
29779.4
29787.7
29790.5
29813.1
29816.4
29821.7
29827.6
29839.7
29842.7
29844.4
29849.4
29851.2
29855.9
29864.6
29863.6
29876.8
29890.8
29915.2
29929.2
29930.5
29956.7
29968.5
30105.4
30117
30124.5
30166.9
30188.9
30205.1
30454.8
30553.8
30570.1
30614.9
30620.2
30634.4
30630.3
30647.1
30649.6
30652.4
30659.7
30661.3
30666
30670.3
30673
30682.7
30688.8
30690.4
30694.9
30705.6
30709.9
30715.5
30716.8
30725.7
30728
30731.9
30734.1
30739.3
30750.5
30760.1
30763.9
30768.5
30773.2
30779.2
30784.1
30792.7
30813
30823.5
31310.2
31506.4
31507.7
31524.8
31525.7
31529.7
31536.5
31568.7
31585.6
31594.2
31596.9
31597.9
31611.5
31629
31631.1
31632.8
31647.6
31661.3
31662.7
31670.3
31679.6
31694.1
31705
31736.4
31761.1
31817.6
31828.9
31850.9
31949.5
31958.6
31965.4
31996.9
32019.8
32023.8
32027.2
32031.1
32069.7
32072.4
32074.4
32083
32090.5
32093.3
32094.9
32100.5
32103.6
32107.9
32130.2
32143.9
32148.6
32152.6
32153.6
32183.6
32260.1
33591.6
33595.9
33652.7
33693.4
33707.6
33712.8
33847.5
34250.6
34254.2
34658.4
34668.6
34682.9
34686.2
34702.9
34710
34712.7
34719.2
34727.3
34729.4
34734.2
34737.3
34738.7
34746.5
34754.3
34757
35071.4
35072.7
35077.2
35083.2
35085.6
35102.9
35109
35113.8
35125.1
35155.7
35172.1
35190.8
35250.4
35372.6
35482.1
35512.8
35538.5
35561
35570.7
35572.9
35574.9
35578.3
35582.6
35584.2
35588.5
35592.7
35610.6
35615.7
35624.8
35629.5
35634.3
35643.8
35652
35655.3
35656.9
35664.4
35665.6
35671.8
35684.5
35694
35696.9
35700.5
35704.8
35707.6
35717.8
35719.8
35722.8
35729.5
35736.1
35738
35738.7
35742.7
35744.5
35751.1
35757.7
35760.8
35765.5
35773.8
35775.5
35788.3
35791.4
35793.7
35801.4
35813.2
35824.1
35826.5
35830.2
35840
35843.9
35845.6
35850.1
35853.9
35859.8
35861.1
35874.5
35877.2
35881.7
35883.6
35904.9
35915
35916.4
35923.6
35927.2
35932.5
35937.2
35945.3
35952.2
35955
35957.1
35959.8
35963.9
35967.5
35981.3
35983.3
35986.7
35994.3
35999.8
36009.8
36014.3
36017.9
36019.4
36021.5
36027
36030.3
36032.1
36041.2
36046
36056.1
36067.1
36072.7
36088.8
36097.3
36113
36131.7
36142.6
36150.4
36151.8
36153.2
36162.3
36172.4
36180.3
36189.2
36190.5
36217.9
36229.7
36238.5
36243.6
36249.3
36259.6
36273.8
36288.5
36292.3
36294.3
36309.7
36313.3
36330.2
36351
36366
36378.5
36389.3
36396.1
36400.4
36403.1
36416.2
36721
36724
36767.6
36769.9
36780.1
36785.4
36803.4
36814.7
36962.6
36967.4
36968.7
36973.3
36979.8
36984
36989.9
36996.5
37161.2
37290.7
37296.1
37303.1
37308.2
37313.4
37322.9
37328.4
37371
37380.7
37382.7
37384.6
37391.1
37388
37395.7
37397.5
37404.8
37403.2
37419.6
37428.9
37441
37460.2
37462.7
37487.8
37535.1
37625.8
38526.3
38532.3
38544.5
38557.6
38565.1
38594.2
38599.3
38609.7
38613.9
38621.3
38626.7
38628.9
38731.3
39894.7
39906.2
40247.1
40277.4
40288.6
40290.8
40296
40299.8
40312.1
40314.3
40317.5
40326.7
40337.8
40355.3
40380.9
40386.3
40393
40401.3
40444.1
40453.4
40492.9
40569.8
40651.6
40696.3
40702.7
40734.4
40738.9
40755.2
40751.2
40776.4
40818.7
40855.9
40859.2
40883.3
40924.9
40928.9
40934.1
40941.2
40944.9
40947
40953.6
41042.4
41068.3
41123
41144.9
41173.3
41178.5
41188.1
41190.1
41205.5
41206.7
41214.3
41215.8
41217.9
41220.7
41223.1
41227.7
41229.8
41245.4
41246.9
41254.8
41262.4
41280.1
41310.3
41933.2
41936.3
41941.3
42196.1
42215.4
42218.6
42946.8
42959.3
42980.3
43019.7
43025.9
43086.3
43167.7
43199.9
43204.2
43223.9
43232.6
43245.2
43247.4
43276.4
43281
43283.1
43284.7
43298.7
43310.2
43315.7
43328.1
43338.5
43345.6
43351.2
43357.6
43369.2
43382.7
43390.8
43405.5
43415.3
43425.8
43433.4
43435.8
43444.5
43449.4
43459.4
43478.2
43481.3
43492.2
43496.8
43508.8
43554.9
43566.1
43605.8
43620.7
44043.1
44093.5
44107.8
44112.1
44115.7
44123.4
44126.9
44131.2
44134.6
44143.7
44691.8
44695.5
45899.9
45911.7
46308.3
46782.3
46783.9
47226.5
51126.7
51140.8
51184.3
51202.9
51204
51215.5
51217.3
51218.7
51235.2
51237.4
51243
51249.7
51254.8
51256.7
51267.3
51272.8
51278.8
51283.3
51290
51295.7
51298.7
51313.6
51332.1
51336.9
51342.4
51345.3
51347
51350.8
51355.8
51360.3
51368.8
51374.8
51382.3
53210.5
53272.5
53276.9
53303.9
53308.9
53311.8
53318.3
53321.2
53323.6
53328
53332.6
53335.5
53343.1
53350.1
53352.3
53360.6
53362
53370
53373.5
53375.9
53380.8
53387.8
53402.8
53407.6
53410.1
53412.4
53440
53445.2
53449
53451.1
53454.4
53464.8
53478.9
53483.6
53488.5
53496.5
53503
53672.1
53740.1
54131.4
54133.9
54135
54172.7
54192.4
54199
54468.4
54476
54478.7
54487.4
54494.4
54499.2
54505.6
54508.7
54517.1
54516.8
54532
54554.7
54553.2
54554.4
54565.4
54660.9
54772.9
54801.7
54829.7
54841.1
54864.3
54869.6
54888.6
54891.2
54905.6
54909.6
54917.1
54911.9
54925.1
54930.6
54932.6
54944.3
54949
55052.9
55121.4
55122.2
55125.9
55140.1
55168.8
55172.9
55176
55205.8
55208.6
55228.8
55291.6
55307
55310.7
55313.9
55322.7
55329.3
55330.3
55340.2
55345.2
55346.6
55351.2
55359.6
55361.7
55363.9
55373.8
55380
55383.8
55388.5
55392.8
55394
55399.6
55397.8
55400
55406.9
55410.6
55412.5
55413.1
55415
55422
55428
55431.5
55436.7
55440.3
55451.4
55449.8
55452.4
55458.7
55465.4
55468.7
55472
55478.9
55484.7
55485
55489.9
55487.6
55493.9
55507
55549.7
55555.7
55598.2
55604.2
55609.7
55640.1
55653.5
55651.3
55653.8
55670.8
55677.6
55681.8
55683.6
55685.9
55689.3
55698.6
55701.1
55703.8
55705.5
55706.8
55710.1
55717.4
55721.3
55721.3
55723.4
55725.1
55728.1
55733.8
55741.4
55748.7
55750.5
55753.6
55759.6
55762.4
55767.8
55770.1
55774.7
55822
55845.9
55851.2
55938.8
55951.4
55965
55988.8
56001.5
56008.9
56014.2
56019.1
56021.2
56029.5
56064.9
56083.7
56101.4
56105.4
56120.9
56124.8
56127.4
56125.3
56138.6
56141.5
56146.3
56163.6
56168
56164.3
56180.8
56185.1
56192.7
56199.9
56205.6
56216.7
56222.3
56235.4
56238.3
56242.1
56246.2
56253.7
56255.3
56262.8
56314.7
56358.9
56393.6
56468
56482.5
56493.1
56496.3
56506.6
56512.6
56531.5
56535
56547.2
56556.2
56566.7
56569.6
56587.7
56618.3
56631.3
56628.4
56640.6
56641.8
56640.8
56635.5
56642.2
56644.4
56649.3
56667.9
56658.7
56677.3
56680.3
56671.4
56686.9
56677.8
56680
56694.6
56684.2
56699.9
56706.2
56709
56715.3
56721.1
56712.3
56713.7
56723.1
56728.2
56740.5
56730.8
56736.6
56743.9
56747.7
56749.7
56768.1
56763.1
56792.8
56800.3
56805.8
56808.5
56827.3
56822
56831.2
56833.8
56841.2
56844.2
56869
56866.3
56876.7
56869
56873.1
56876.8
56890.2
56894.7
56902.5
56904.1
56907.6
56916.9
56924.2
56931.8
56942
56948.5
56953
56962.2
56963.3
56966.8
56980.4
56985.8
56988.9
56991.3
57000.6
57006.5
57009.2
57016.6
57018.5
57022.6
57029.2
57031.3
57033.1
57038.9
57050.2
57042.7
57053.7
57050.4
57055.9
57062.3
57073.7
57076.8
57067.6
57084.9
57077
57113.4
57114.5
57121.8
57128.8
57129.7
57142.9
57151.7
57165.6
57171.6
57180.2
57193.4
57200.2
57210.3
57221.1
57225.3
57232.3
57237.8
57245
57249
57253.8
57255
57265
57272.5
57297.2
57317.3
57318.8
57329.7
57333.2
57340.8
57358.8
57371
57384.3
57417.1
57426.9
57436.2
57437.8
57454.2
57470.3
57488.1
57490.8
57501.2
57502.9
57510.2
57517.1
57522.6
57524.8
57527.8
57546.1
57609.6
57616.7
57626.4
57629.7
57636.3
57638.6
57640.7
57643.3
57645.9
57652
57680.1
57682
57685.3
57695
57698.4
57702.2
57710.6
57712.6
57728.5
57731.1
57740.5
57742.2
57743.5
57748.4
57752.2
57754.9
57762.6
57773.9
57778.8
57795.3
57801.3
57809.2
57811
57842.8
57845.9
57851.8
57849.7
57873
57897.1
57898.3
57925.1
57934.2
59024.4
59177
59243.6
59262.6
59283.9
59314.9
59346.1
59347.7
59373.8
59376.7
59388.5
59393.9
59397
59400.6
59407.6
59466.3
59467.5
59472.8
59480.2
59490
59494.5
59500.4
59505.4
59527
59533.7
59699.3
59947.3
59954.6
59982.8
59990.1
60005.1
60009.6
60017.4
60023
60027.1
60035
60040
60042.3
60044.5
60046.3
60055.9
60059.6
60063.8
60074.1
60078.8
60083.9
60088.4
60090.4
60092.3
60095
60097.5
60101.5
60109
60110.9
60113.9
60120.9
60124.8
60126.7
60128.8
60136.1
60139.3
60148.4
60150.3
60161.2
60165.1
60176.8
60175.9
60200.3
60202.6
60231.9
60234.1
60237.2
60245.1
60249.7
60252.8
60269.2
60274.8
60277.4
60282.7
60340.1
60539.2
60573
60580.4
60643.2
60645.7
60651.3
60679.9
60681.6
60695.8
60699.1
60711.3
60721.5
60825.2
60843.7
61010.9
61033.9
61042.4
61047.3
61056.5
61065
61067.9
61072.6
61079
61087.1
61093
61097.9
61100.4
61102.1
61104.7
61107
61108.2
61110.2
61113.3
61117.6
61540
61633.8
61656.8
61688.5
61693.2
61696.2
61706.2
61722.7
61737.9
61755.2
61766.8
61773.5
61784.7
61793
61820.1
61823.9
61829.4
61839.8
61850.7
61862.1
61864
61869.2
61895.6
61902.6
61936.4
61982.7
62389.2
62428.4
62440
62460.7
62475
62477.9
62490.1
62493.7
62499.1
62508.1
62513.3
62538.7
62542.4
62550
62553.2
62929.4
62933
62935.1
62941.8
62943.5
62946.5
62953.4
62955.2
62970.6
62971.9
62982.5
62986.1
62987.2
62989.9
63000.9
63003.3
63011.4
63015.2
63021.5
63025.8
63035.5
63044.3
63056.2
63058.5
63062.1
63071.2
63072.4
63074.4
63088.6
63091.7
63095.5
63118.3
63125.2
63132.7
63162.9
63188.3
63366.2
63368.4
63411.1
63417.8
64916
64931.3
64939.2
64941
65320.9
65324.6
65335.6
65343.5
65345.3
65354.8
65358.4
65360.8
65362.2
65400.5
65405.5
65409.9
65415.7
65423
65427.7
65431.3
65436.9
65440.8
65474.4
65479.6
65484
65497.5
65506.5
65517.6
65524.7
65557.4
65571.6
65575.6
65579.1
65583
65590.5
65597.5
65601.4
65614.1
65617.9
65623
65627.4
65633.3
65638.9
65641.6
65654.8
65688.7
65701.3
65727.7
65801.6
65810
65812.5
65854.4
65857.4
65859.6
65863.7
65870.1
65876.6
65888.7
65908.2
65910
65919.7
65922.9
65926.5
65928.2
65935.2
65943.6
65952.6
65958.3
65962.8
65969.3
65976.2
65980
65983
65988.4
65995.2
65996.7
65999.5
66005.4
66007.9
66009.4
66014.5
66014.9
66022.9
66032.7
66034.9
66035
66045.2
66054.5
66063
66124
66152.5
66169.2
66179.5
66186.2
66189.6
66193.3
66195.6
66202.3
66205.4
66206.9
66210.1
66218.8
66226.9
66228.1
66231.4
66291.4
66314.1
66703.2
66717.7
66721.2
66727.7
66743.3
66745.6
66774
66809.3
66848.7
66865.1
66874.4
66891
66906.8
66917
66930.2
66949.3
66958
66961.5
66972.1
66976.5
66995.7
67003.1
67006.2
67011.8
67016.4
67024.7
67029.7
67041.7
67048
67059.1
67066.6
67068
67073.7
67076.2
67080.8
67098.9
67102.6
67113.2
67115.5
67118.5
67120.4
67136.9
67129.3
67137.2
67139.9
67153.1
67160
67176.2
67178.2
67229.9
67232
67235.8
67242.8
67245.8
67248
67251.4
67254
67255.8
67257.6
67259.5
67267.3
67269.6
67272.1
67275.2
67277.8
67278.6
67290.9
67294
67297.4
67301.7
67305.2
67310.7
67313.2
67314.8
67324.7
67326.7
67334.6
67347.6
67356.1
67357.7
67366.4
67371.6
67386.6
67381.5
67387.1
67398.7
67400.8
67409.9
67421.6
67425
67430.3
67436.9
67440.9
67445.4
67450
67468
67476.8
67487.1
67504
67507.1
67531.5
67550.8
67552.2
67582.3
67746.2
67760.6
67778.3
67778.3
67780.8
67782.3
67788
67793.1
67793.8
67798.1
67814
67830.7
67836.3
67838.8
67862.8
67866.6
67877.9
67880
67911.1
67919.7
67943.3
67946.2
67955.8
67959.6
67989.4
68002.9
68022.8
68041
68050.1
68067.6
68072.5
68076.4
68077.8
68085.5
68083.3
68090.6
68086.8
68088.6
68091.3
68102.7
68104.9
68110.4
68119.1
68124.2
68128.9
68131.8
68137.5
68141.9
68148.9
68151.2
68179.3
68215.2
68224.5
68265.3
68411.1
68443.1
68451.4
68673.4
68685.1
68692.4
68707.7
68711.9
68724
68727.3
68732.9
68739.4
68741.1
68743.9
68756.6
68765.5
68767.4
68780
68787.1
68792.5
68811.2
68826.8
68825.1
68839.3
68853.7
68863.3
68870.7
68880.8
69109.1
69186.9
69191.8
69195.7
69212
69221.7
69227.5
69236.6
69257.4
69259.3
69292.6
69290.2
69301.6
69308.2
69321.2
69333.1
69348.1
69353
69361.5
69363.5
69367.5
69369.4
69375.9
69380.2
69384
69385.5
69387.1
69389.8
69394
69397.1
69400.9
69416.9
69420
69429.7
69511.6
69516.8
69532.6
69537.2
69558.6
69564
69567.1
69574.4
69582
69585.9
69592.3
69599
69607.6
69612.4
69614.2
69616.5
69619
69627.9
69635.5
69636.7
69651.9
69653.3
69657.9
69659.6
69661.8
69677.9
69684.9
69710.4
69759.4
69763.7
69771.9
69778
69783
69787.8
69790
69798.1
69804.9
69806.3
69810.4
69815.8
69824.1
69985
70111.8
70131.9
70139.2
70152.4
70165.4
70158.3
70173.3
70165.8
70169.4
70170.8
70174.3
70181
70184.4
70188.2
70196.5
70205
70221.1
70226.7
70220.9
70235.6
70226.7
70229.1
70241.7
70237.2
70250.2
70255
70246.1
70257.4
70267.8
70274.4
70289.5
70395.4
70708
70726.5
70783.3
70792.9
70852.5
70860.9
70886.4
70898.8
70900.7
70904.5
70936.2
70939.8
70943.7
70947.9
70961.6
70967.4
70984.2
71007.5
71011.8
71002.6
71019.7
71044.9
71046.2
71044.1
71058.9
71047.4
71061.3
71063.7
71076.6
71088.1
71081.2
71083.6
71096.9
71087.7
71089.8
71094.2
71098.5
71107.3
71109.9
71128.7
71148.5
71152.3
71144.2
71164.6
71167.8
71169.9
71173
71206.6
71241
71254
71246.4
71262.2
71267.2
71256.7
71269.8
71270.9
71280.9
71270.1
71271.9
71274.1
71291.7
71292.9
71327.3
71341.1
71344.5
71346.4
71352.1
71354.3
71363.8
71374.4
71390.1
71379.5
71393.4
71398.7
71421.6
71427.3
71432.7
71454.8
71472.6
71525.2
71528.8
71530.2
71541.2
71546.9
71560
71577.1
71584.8
71593
71603.3
71695.4
71704.4
71717.6
71722.4
71744.5
71768.2
71770.9
71788.4
71789.3
71797.9
71806
71811.9
71813
71815.5
71819.9
71821.4
71829.5
71833.4
71843.9
71849.4
71851.9
71858
71863.1
71872.9
71876.1
71878.1
71885.9
71892.9
71908
71900.4
71914.2
71938.6
71939.2
71940.6
71944.5
71964.6
71959.6
71961.7
71968.2
71980.3
71982.3
71995.9
71990
71991.6
72013.8
72003
72004.6
72012.6
72026.3
72016.7
72018.2
72020.6
72029.5
72031.5
72036.6
72042.1
72045
72056.4
72049.5
72051.1
72054.5
72075.2
72069.1
72071
72082.4
72077.8
72092.6
72082.4
72092.3
72093.6
72099.6
72109.1
72112.2
72125.1
72127.3
72129.3
72142.3
72144.1
72150.7
72175.4
72172.8
72175
72176.4
72180.3
72181.4
72193
72201.6
72190.8
72191.9
72195
72197.6
72205.7
72218.5
72208.7
72211.1
72221.4
72223.7
72237
72250.1
72252.1
72258.6
72269.9
72271.9
72276.4
72280.4
72283.7
72287.1
72288.7
72289.7
72304.4
72308.5
72310.6
72317.3
72320.1
72326.7
72329.6
72333.1
72336
72340.6
72343.7
72347.2
72353.7
72359.5
72365.3
72373.2
72370.1
72372.7
72375.4
72605.1
72608.9
72675.2
72732.3
72744.4
72756.3
72759.3
72759.9
72767.8
72769.9
72775.1
72780.2
72784.2
72785.9
72789
72794.6
72795.8
72797.6
72809.2
72811.1
72816.8
72829
72832.9
72828.3
72837.9
72841.8
72843.3
72845.5
72837.8
72839
72848.4
72850.4
72856.5
72863.9
72869.4
72876
72880
72873.1
72885.2
72887.3
72879.9
72888.3
72894
72904
72909.3
72912.5
72915.5
72919.2
72930
72931.8
72943.8
72945.8
72948.7
72949.8
72951.5
72953.5
72955.4
72959
72960.6
72963.5
72967.8
72976.3
72978.3
72981
72992
72993.6
72996
73005.7
73014.9
73016.6
73018.3
73023.1
73027.3
73029.9
73035.6
73039
73041.9
73046
73047.6
73053.3
73055.6
73057.8
73061
73062.2
73071.2
73078.1
73080.2
73083.2
73087.6
73090.4
73097.3
73100.5
73103.4
73098.7
73107.6
73100
73116
73127.9
73172.4
73206
73216.8
73212.9
73215.6
73230.4
73241.5
73235.6
73237.2
73247.8
73252.2
73261.2
73264.9
73256.3
73261.9
73258.3
73277.3
73268.3
73283.6
73287.4
73292.6
73285.4
73289.1
73299
73292.7
73301.7
73304.9
73309.9
73314.8
73307.7
73309.2
73320.4
73324
73337
73341.7
73339.2
73349.9
73343.3
73355.5
73361.9
73375.7
73382.8
73438.3
73449.2
73455.4
73460.4
73462.8
73470.2
73473
73479.1
73482.5
73484.9
73493.3
73494.3
73499
73500.3
73492.1
73494.3
73508.5
73498.1
73499.3
73502.3
73503.9
73505.6
73510.1
73518.4
73513.4
73524.8
73528.1
73539.3
73552
73544.2
73552.7
73570.4
73562
73575.6
73581.5
73590.6
73600.2
73607.8
73635.9
74096.8
74099.9
74105
74835.6
74839.3
74856.2
74860.2
74869.4
74875.9
74878.3
74880.2
74882
74899.4
74910.8
74914.6
74920.1
74950.6
74953.3
75113.2
75138.3
75318.9
75388.8
75434.1
75437.5
75465.8
75470
75479.3
75501.5
75506.3
75509.7
75518.1
75527.6
75529.5
75534.8
75538.6
75544.2
75547.3
75578.7
75584.3
75594.6
75611
75616.4
75621.4
75635.6
75639.8
75641.2
75669.7
75671.9
75698.3
75703.9
75740.4
75745
75762.5
75768.2
75800
75806.4
75826.6
75831.2
75833.3
75838.2
75843.3
75849
75855.7
75859
75861.5
75872
75877.8
75881.7
75894.4
75898.7
75901.3
75913.3
75921.4
75926
75930.5
75938
75940
75976.4
76124.9
76444.1
76449.1
76521.9
76529.8
76533.2
76536.9
76543.3
76547.6
76550.9
76552.4
76555.4
76558.4
76574.4
76575.6
76598.5
76606.5
76610.7
76694.4
76709.2
76743.4
76755.6
76779.3
76780.5
76785.1
76791
76802.2
76812.5
76831.2
76855
76856.7
76893.7
76897.5
76903.9
77065.6
77078.2
77080.8
77085.7
77092.7
77097.8
77099.9
77103.7
77118.1
77120.6
77121.7
77126.2
77132.5
77137.6
77143.3
77155.6
77163.5
77170.9
77183.4
77184.8
77421.5
77423.8
77430
77446.7
77480.7
77487.2
77492.9
77515.6
77518.4
77532.1
77541.3
77548.5
77552.6
77555.7
77562
77570.2
77573
77587.3
77628.6
77645.9
77671.1
77675.6
77691.3
77714.2
77736.7
77739.7
77775.7
77790.5
77817.2
77824.7
77831.9
77841
77857
77873.8
77877.5
77887.7
77902.4
77904.2
77906.9
77917.8
77919.8
77928.5
77936.8
77941.3
77947.7
77951
77960.5
77962.9
77968.6
77976.8
77981.5
77985.9
77991.6
77995.4
78002.9
78013.1
78020.9
78029.2
78046.2
78048
78055.3
78057.9
78158.8
78211.6
78283.3
78290.3
78291.8
78331.2
78355.6
78358
78412.4
78422.1
78469.9
78482.2
79168.3
79180.8
79188.3
79197.9
79205.5
79217
79233.3
79247.2
79250.2
79253.4
79265.2
79284.5
79298.3
79298.7
79300.6
79303.3
79307.4
79308.5
79314.4
79316.9
79327
79335
79344.4
79349.9
79371.6
79471.4
79475
79499.3
79782.6
79791.7
79795.4
79805.3
79813.1
79819.5
79824.5
79830.7
79875.5
79886.8
79893.2
79899.2
79906.1
79910
79915
79918.5
79924.2
79927
79929.4
79935.7
79944.4
80031.5
80050.5
80063.4
80064.6
80178
80213.5
80456.2
80486.8
80497.5
80510.7
80512.7
80520
80530
80537.7
80544.3
80550.1
80557.2
80564.3
80583.4
80593.1
80615.3
80620.4
80623.5
80625.7
80630.4
80638.7
80640.7
80654
80669.7
80679.7
80683.2
80684.9
80688.6
80704.3
80716.9
80722.6
80726
80732.3
80737.4
80743.2
80745.4
80750.6
80758.8
80761
80763.7
80768.9
80774.8
80787.7
80792.4
80795.5
80807.6
80811.6
80817.2
80825.3
80829.9
80834.6
80839.3
80852
80874.7
80877.1
80880.1
80912.7
80939
81065.5
81071.9
81087.6
81101.7
81106.6
81188.4
81198.1
81297
81312.8
81327.6
81359.6
81363.9
81369.3
81373.3
81599.8
81616.8
81619.7
81626.5
81645.4
81651
81660.2
81666.7
81679.7
81685.7
81924.6
81929.5
81931.9
81934.3
81938.6
81943.4
81954.5
81958.2
81964.8
81972.3
81974.1
81976.1
81978.1
81987.3
81990.8
81995.9
82977.8
82990
83019.1
83039.3
83054.8
83079.1
83091.6
83094.7
83104.4
83110
83117.5
83125.5
83128.7
83142.7
83164.6
83173
83211.7
83216.1
83232
83237.1
83242.6
83252.5
83252.9
83258.8
83259.2
83266.8
83263.8
83266.8
83269.5
83274.6
83278
83282.7
83286.9
83290.8
83294.4
83297.9
83305.6
83309.8
83313
83318.6
83319.6
83322.9
83346.4
83353.9
83351.4
83361.7
83378.6
83417.4
83431.5
83432.4
83448.8
83446.5
84318.1
84328.7
84520.7
84527.7
84539
84552
84554.8
84556.3
84564.4
84568.6
84572.2
84578.8
84587.5
84589.5
84596
84614.2
84836.8
84858.2
84891.2
84896.6
84889.4
84905.9
84916.6
84917.7
84927.2
84931.1
84932.5
84927.8
84939.7
84946
84947
84950.4
84973.4
84968.9
85022.8
85040.3
85045.4
85065.1
85075.5
85112
85106.8
85108.2
85123.8
85131.4
85139.1
85144.2
85147.9
85151.1
85160.8
85164.1
85176.2
85186.1
85187.1
85219.3
85225.9
85226
85230.9
85233.7
85240.1
85253.5
85256.1
85263.2
85270
85278.3
85287
85289.2
85302.5
85309.7
85315.9
85318.6
85322.4
85325.2
85328.2
85334
85336.7
85340
85343.4
85344.4
85830.1
86006.3
86010.3
86023.6
86039.1
86045.8
86052.6
86056.7
86059.6
86072.8
86075.1
86076.8
86079.3
86088.3
86098.9
86106.2
86108.4
86115.4
86120.2
86120.8
86126.3
86130.5
86135.6
86137.4
86146.1
86156.7
86175.2
86178
86183.3
86188.3
86190.6
86201.6
86205.7
86212.3
86237.8
86267.1
86271.5
86283.9
86286.9
86301.3
86305.4
86314.4
86315.8
86320.6
86339
86342.9
86354.8
86358
86373.4
86377.6
86380
86381.9
86388.5
86401.6
86403
86533.4
86548.4
87550
87571.3
87591.4
87597.2
87617.6
87761.6
87788.1
87791
87795.6
87829.4
87833.1
87836.2
87841
87842.7
87847.8
87850.5
87860.9
87869.3
87877.7
87879.9
87888.3
87899
87918.4
87932
87942.6
87954.6
91898.3
91930.6
91948.2
91955.4
91958.8
91965.3
91971.7
91977.9
91986
91991.4
91995.9
91998
91999.3
92005.5
92010.9
92013.2
92025.4
92032.4
92295.3
92298.3
92322.3
92330.2
92332.1
92335.2
92337.8
92340.9
92504.1
92513.2
92519.5
92522
92541.9
92548.4
92556.6
92565.6
92573.1
92576.8
92581.2
92592.3
92596.7
92604.9
92609.6
92627.7
92629.5
92640.1
92641.5
92706.3
92785.1
92789.9
92811.6
92829.8
92834.3
92857
92866.3
92886.8
92891.2
92921.9
92940.9
92949
92960.2
92982.1
92997.8
93014.7
93019.5
93044
93668.1
93712.7
93726
93728.5
93737.1
93745.9
93762.4
94666.1
94709.9
94719.8
94733.2
94735.9
94765.8
94788
94789.7
94790.4
94812.7
94826.4
94837.2
94840.6
94846.2
94858
94867.3
94870.8
94872.3
94888
95113.6
95131.7
95152.8
95154.7
95149.9
95153.1
95165.8
95170.8
95164
95173.5
95168.1
95178.3
95183.3
95193.6
95196.4
95188.4
95194.4
95198.8
95208.3
95218.5
95241.7
95278.4
95293.5
95294.5
95309.8
95334
95337
95339.2
95340.8
95341.9
95346.6
95348.2
95351.8
95356.7
95361.3
95368.7
95370.2
95383.2
95387.4
95406
95442.8
95452.3
95488.7
95493.3
95494.4
95501
95514.7
95517.3
95520
95525.5
95528.4
95533.9
95550.5
95558.1
95570.2
95606.3
95630.9
95640.6
95659
95685.1
95695
95699.6
95703.1
95736.9
95741.1
95818.1
95857.6
95892.2
95927.5
95929.5
95930.7
95939.7
95941.1
95941.9
95953.6
95956.2
95961.2
95967.3
95966.9
95976.2
95977.8
95975.6
95979.8
95976.7
95991.1
95994.3
96006.2
96025.4
96049.9
96052.5
96060.1
96119.1
96137.7
96148.2
96156.5
96262.2
96360.1
96407.7
96409.6
96412.1
96444.4
96446.1
96460.4
96465.6
96482.6
96516.5
96519.5
96523
96597.9
96607.5
96614.2
96626.5
96635.5
96641.9
96652
96656
96659
96664.5
96667.6
96675.6
96682.2
96693.4
96699.6
96706.2
96708
96717.8
96727.1
96730.7
96736.3
96737.8
96740.3
96742
96745.3
96752.3
96765.1
96787
96789.5
96810.2
96812.6
96818.1
96826.8
96830.9
96838.8
96852.4
97369.1
98074.5
98109.6
98127
98144.2
98152.9
98178.9
98185.6
98359
98387.7
98399.9
98403.4
98419.1
98426.5
98428.7
98430.9
98433.4
98435.5
98439.9
98442.2
98447.7
98452.4
98455.2
98456.7
98461.1
98464.8
98469.6
98476.2
98478.4
98509.3
98522.3
98525.9
98528.8
98539.4
98551.2
98552.5
98556.3
98565.5
98573
98577.6
98579.7
98582.3
98585.4
98747
98751.8
98788.5
98789.9
98794
98803.4
98825.2
98862
98867.6
98869.6
98878.1
98881.2
98884.9
98888.3
98901
98907.7
98918.5
98923.9
98926.5
98927.7
98931.9
98933.6
98937.6
98940.9
98943
98944.3
98953.2
98956.1
98964.8
98969.1
98970.4
98981.4
98985.7
98988.8
98993
98996.4
98998.2
98999.4
99006.7
99001.5
99007.4
99013.5
99015.6
99017.9
99019.8
99028.7
99038.7
99042.1
99044
99049.2
99064.9
99069.6
99073.6
99077.1
99080.8
99086.2
99089.5
99095.2
99104.3
99109.9
99115
99121.1
99123.5
99163.2
99165.5
99178.4
99183.6
99186.5
99188.5
99196
99202.1
99206.7
99212.1
99225.8
99230
99239.3
99243.9
99250.4
99253.6
99255.5
99256.2
99279.3
99291.8
99303.5
99325.8
99333.4
99533.1
100012
102023
102083
102288
104188
104201
104203
104205
104215
104234
104237
104238
104244
104250
104267
104270
104280
104284
104285
104292
104298
104299
104301
104304
104309
104311
104314
104316
104319
104322
104327
104332
104335
104341
104343
104344
104354
104356
104366
104388
104392
104406
104410
104431
104703
105086
105095
105118
105120
105124
105126
105133
105139
105142
105144
105148
105152
105159
105162
105172
105179
105181
105816
105820
105832
105844
105849
105851
105854
105865
105868
105876
105881
105888
105891
105895
105898
105901
105902
105905
105907
105915
105918
105925
105929
105932
105952
105957
105968
105969
105975
105982
106009
106033
106041
106045
106053
106056
106069
106074
106081
106093
106095
106100
106105
106114
106117
106358
106366
106380
106388
106393
106399
106420
106427
106431
106438
106442
106445
106447
106477
106484
106488
106492
106535
106540
106542
106544
106560
106560
106563
106571
106571
106575
106581
106584
106598
106601
106603
106616
106623
106625
106627
106641
106650
106651
106655
106660
106661
106670
106673
106679
106707
106711
106726
106730
106779
106821
106831
106889
109051
109054
109096
109173
109188
109195
109198
109201
109206
109211
109217
109222
109236
109237
109245
109248
109250
109254
109256
109262
109264
109276
109289
109305
109445
109452
109455
109462
109465
109473
109476
109478
109489
109485
109501
109498
109506
109515
109512
109514
109521
109522
109532
109529
109537
109539
109545
109542
109551
109559
109568
109574
109577
109584
109598
109608
109614
109616
109623
109627
109633
109629
109674
109687
109694
109696
109702
109708
109723
109732
109734
109739
109749
109765
109768
109776
109783
109797
109799
109798
109800
109804
109818
109813
109824
109826
109823
109826
109833
109836
109839
109847
109852
109858
109862
109859
109869
109875
109878
109882
109889
109892
109902
109909
109913
110007
110010
110040
110076
110119
110138
110142
110287
110358
110369
110376
110401
110403
110411
110417
110421
110425
110426
110430
110834
111114
111122
111131
111137
111139
111141
111149
111168
111173
111184
111199
111231
111259
111268
111269
111289
111366
111369
111606
111621
111626
111652
111673
111693
111698
111702
111710
111716
111723
111728
111731
111740
111745
111747
111758
111818
111829
111835
111844
111858
111853
111862
111866
111861
111869
111933
112237
112240
112255
112264
112268
112295
112299
112343
112354
112425
112429
112442
112448
112453
112462
112466
112482
112494
112505
112507
112510
112517
112519
112524
112531
112535
112554
112793
112795
112798
112805
112809
112816
112819
112828
112830
112833
112835
112841
112846
112861
112863
112873
112882
112892
112940
112942
112948
113712
113748
113758
113765
113775
113776
113782
113794
113800
113815
113839
113844
113849
113857
113875
113883
113914
113917
113937
113941
113945
114012
114031
114049
114101
115353
115355
115363
115365
115374
115380
115384
115388
115392
115401
115404
115424
115431
115458
115738
115821
115846
115870
115879
115891
115896
115954
115954
115958
115964
115970
115973
116001
116004
116006
116009
116015
116021
116024
116036
116039
116055
116070
116075
116094
116122
116126
116134
116144
116156
116160
116169
116247
116276
116279
116291
116307
116311
116314
116410
116420
116441
116447
116456
116461
116468
116472
116484
116491
116514
116602
116632
116634
116638
116643
116647
116654
116656
116682
116700
116703
116713
116716
116725
116727
116732
116739
116746
116750
116757
116762
116764
116767
116769
116782
116793
116796
116799
116804
116808
116823
116833
116837
116840
116859
116870
117093
117102
117159
117178
117189
117199
117205
117213
117219
117235
117240
117246
117254
117261
117264
117270
117272
117279
117287
117914
117928
117931
117943
117954
117961
117980
117983
118001
118003
118071
118085
118118
118159
118173
118177
118189
118192
118195
118198
118201
118203
118217
118223
118225
118229
118232
118267
118290
118294
118663
118665
118670
118679
118685
118708
118710
118718
118727
118732
118734
118738
118744
118748
118742
118749
118754
118762
118769
118773
118777
118785
118788
118803
118809
118816
118851
118864
118867
118880
118943
118990
118995
119001
119015
119017
119022
119027
119030
119032
119037
119043
119052
119055
119059
119061
119064
119072
119073
119076
119082
119088
119091
119095
119097
119099
119100
119106
119110
119115
119120
119124
119127
119131
119142
119144
119154
119251
119256
119858
119862
119875
119883
119889
119905
119906
119909
120095
120145
120153
120201
120208
120227
120229
120262
120266
120299
120302
120320
120339
120345
120357
120359
120366
120371
120369
120381
120382
120379
120389
120391
120388
120396
120421
120425
120429
120470
120473
120494
120564
120569
120586
120592
120594
120596
120599
120606
120614
120622
120623
120630
120638
120647
120652
120656
120665
120668
120762
120774
120806
120835
120845
120858
121025
121032
121070
121078
121085
121092
121095
121101
121105
121107
121109
121116
121119
121123
121147
121149
121151
121415
121418
121426
121446
121456
121464
121473
121479
121482
121489
121493
121499
121502
121899
121923
121932
121944
121947
121953
121956
121972
121976
121978
121981
121984
121987
121993
122000
122003
122010
122030
122033
122036
122041
122059
122063
122069
122072
122088
122094
122103
122109
122110
122111
122114
122123
122126
122131
122134
122139
122144
122156
122160
122182
122185
122190
122194
122198
122204
122207
122217
122219
122254
122261
122283
122292
122294
122310
122316
122318
122414
123459
123542
123563
123575
123589
123593
123599
123605
123607
123612
123615
123620
123622
123636
123643
123663
123665
123670
123673
123675
123678
123680
123695
123697
123699
123702
123707
123709
123711
123714
126136
126140
126170
126192
126201
126204
126214
126243
126270
126278
126285
126287
126290
126310
126313
126401
126403
126406
126411
126427
126432
126435
126441
126444
126452
126461
126474
126508
126523
126537
126542
126548
126553
126562
126582
126587
126595
126603
126627
131565
131689
132414
132431
132434
132454
132463
132552
132561
133197
133207
133209
133216
133224
135529
135557
135586
135666
137406
137409
137673
137680
137688
137692
137696
137699
137705
137711
137727
137729
137739
137743
137754
137759
137763
137771
137773
137776
137777
137780
137786
137789
137792
137795
137804
137816
137818
137824
137827
137831
137833
137846
137868
138121
138131
138158
138267
138284
138291
138295
138297
138312
138317
138327
138376
139605
139612
139650
139647
139657
139652
139654
139664
139693
139708
139714
139717
139727
139734
139741
139744
139831
139836
139857
139862
139871
139873
139879
139882
139888
139895
139905
140358
140408
140438
140447
140471
140477
140484
140493
140497
140511
140510
140593
140606
140615
140628
140630
140636
140647
140648
140654
140656
140660
140676
140680
140684
140687
140693
140696
140702
140713
140721
140725
140731
140734
140748
140753
140756
140769
140779
140787
140793
140796
140798
140804
140813
140818
140823
140825
140830
140838
140851
140855
140928
140936
140939
140944
140952
140955
140959
140961
140963
140969
140979
140982
140988
140989
141002
141004
141010
141015
141023
141028
141036
141041
141052
141055
141283
141289
141297
141308
141312
141318
141342
141347
141348
141355
141367
141396
141401
141404
141406
141425
141452
141511
141945
141948
141952
141953
141956
141961
141969
141973
141980
141988
142007
142216
142218
142227
142236
142243
142247
142246
142256
142261
142267
142269
142269
142273
142272
142274
142278
142283
142287
142288
142284
142289
142294
142298
142312
142328
142332
142336
142338
142342
142345
142362
142374
142387
142389
142394
142396
142402
142428
142450
142449
142450
142463
142461
142463
142468
142473
142479
142490
142493
142497
142500
142502
142528
142693
142697
142701
142709
142720
142728
142731
142738
142750
142756
142757
142759
142869
142993
142998
143037
143039
143047
143069
143473
143481
143483
143507
143528
143988
143997
144044
144246
144286
144305
144399
145395
145394
145398
145402
145403
145406
145408
145410
145412
145414
145423
145430
145437
145462
145533
145542
145546
145550
145555
145560
145567
145747
145950
145954
145959
145969
145973
145978
145981
145983
145989
145999
146008
146027
146034
146036
146046
146052
146056
146086
146089
146092
146096
146099
146131
146232
146254
146270
146272
146275
146279
146281
146293
146302
146307
146314
146318
146322
146328
146345
146365
146383
146386
146388
146401
146407
146414
146420
146424
146432
146439
146447
146452
146454
146462
146467
146470
146474
146491
146492
146497
146501
146507
146515
146538
146553
146573
146616
146618
146652
146719
146731
146894
146907
146909
146912
146930
147200
147206
147253
147256
147272
147285
147289
147299
147309
147320
147326
147327
147331
147333
147337
147338
147341
147358
147361
147368
147378
147383
147384
147389
147403
147410
147416
147428
147432
147444
147447
147453
147472
147496
147502
147507
147509
147511
147546
147559
147578
147584
147595
147601
147606
147613
147628
147672
147672
147673
147680
147687
147725
147730
147776
147785
147831
147868
147977
148029
148051
148059
148062
148062
148069
148086
148096
148099
148105
148114
148120
148126
148125
148132
148131
148141
148142
148147
148149
148155
148157
148160
148165
148167
148166
148168
148172
148174
148183
148185
148196
148199
148198
148199
148210
148220
148223
148232
148234
148238
148241
148250
148256
148262
148268
148281
148282
148290
148324
148544
148582
148597
148604
148608
148614
148618
148626
148631
148635
148637
148640
148642
148649
148653
148661
148666
148672
148698
148704
148706
148710
148713
148715
148718
148721
148727
148733
148736
148737
148745
148749
148750
148752
148764
148771
148778
148781
148787
148806
148813
148820
148822
148824
148829
148831
148833
148853
148856
148885
148891
149144
149146
149152
149154
149159
149161
149169
149178
149186
149213
149229
149231
149237
149243
149245
149261
149271
149274
149275
149299
149327
149337
149350
149405
149614
149662
149668
149676
149678
149680
149681
149695
149698
149701
149705
149710
149712
149717
149718
149723
149725
149733
149742
149746
149751
149760
149771
149775
149780
149788
149789
149796
149798
149800
149805
149826
149830
150037
150308
151002
151016
151022
151042
151045
151048
151627
151659
152046
152730
152768
152774
152787
152798
153010
153040
153187
153212
153525
153544
153547
153558
153565
153569
153574
153576
153578
153585
153590
153597
153600
153606
153609
153610
153617
153924
153946
153955
153975
153985
153989
153993
153999
154002
154004
154006
154023
154026
154032
154035
154043
154049
154054
154058
154072
154100
154269
154276
154728
154738
154759
154761
154767
154774
154778
154787
154791
154801
154843
154847
154848
154869
154894
154962
155002
155009
155011
155015
155037
155044
155046
155048
155051
155054
155057
155062
155066
155089
155095
155139
155138
155142
155155
155162
155172
155182
155190
155195
155222
155228
155276
155307
155367
155387
155391
155410
155412
155418
155429
155431
155452
155457
155467
155499
155536
155539
155546
155549
155552
155551
155563
155573
155577
155582
155584
155593
155595
155598
155601
155605
155609
155620
155624
155634
155647
155654
155661
155683
155825
155858
155864
155880
155885
155909
155924
155927
155939
155942
155947
155955
155959
155965
155983
155985
155990
155997
156000
156003
156006
156375
156378
156381
156384
156391
156401
156408
156410
156416
156420
156424
156437
156449
156453
156456
156468
156475
156478
156483
156490
156499
156512
156516
156518
156528
156551
156559
156752
156755
156757
156775
156781
156787
156790
156798
156801
156805
156808
156813
156819
156823
156825
156829
156833
156840
156845
156848
156850
156895
156900
156905
156917
156937
156981
156990
157003
157006
157018
157022
157115
157701
157707
157710
157725
157724
157734
157748
157751
157757
157764
157767
157770
157778
157784
157786
157790
157792
157795
157802
157804
157807
157816
157835
157843
157856
157864
157870
157904
157905
157908
157919
157920
157943
157947
157953
157959
157965
157974
157978
158007
158079
158097
158115
158145
158148
158153
158156
158159
158160
158164
158167
158170
158176
158182
158192
158194
158198
158199
158204
158208
158221
158223
158395
158421
158425
158446
158501
158510
158536
158569
158582
158597
158600
158627
158632
158635
158638
158646
158658
158665
158670
158673
158682
158686
158689
158701
158704
158709
158712
158719
158723
158730
158731
158742
158752
158762
158764
158767
158776
158783
158798
158806
158808
158821
158827
158838
158841
158844
158852
158867
159053
159939
159947
159948
159954
159967
159970
159973
159980
160031
160033
160036
160042
160044
160047
160058
160059
160072
160074
160076
160082
160088
160091
160095
160099
160392
160395
160397
160402
160404
160406
160409
160413
160418
160426
160441
160442
160449
160453
160459
160461
160466
160468
160499
160548
160554
160561
160564
160566
160568
160581
160590
160596
160997
161020
161035
161270
161298
161310
161317
161320
161338
161345
161358
161360
161833
161852
161857
161867
161870
161875
161876
161884
161896
161897
161913
161923
161925
161928
161956
161958
161963
161968
161981
162001
162003
162007
162068
162071
162077
162170
162177
162183
162189
162187
162192
162201
162207
162210
162211
162216
162220
162223
162227
162230
162230
162233
162234
162255
162259
162267
162271
162272
162276
162280
162289
162292
162295
162299
162304
162310
162313
162319
162317
162320
162322
162323
162330
162329
162346
162360
162365
162380
162429
162446
162453
162508
162510
162525
162527
162529
162540
162627
162739
162777
162812
162825
162838
162845
162858
162861
162866
162882
162883
162897
162887
162901
162906
162897
162915
162906
162919
162923
162944
162949
162950
162954
162956
162946
162962
162964
162955
162960
162962
162964
162970
162981
162984
162987
162993
163004
163005
163010
163018
163026
163029
163032
163033
163036
163038
163040
163041
163043
163047
163050
163054
163054
163057
163050
163074
163079
163090
163092
163094
163096
163102
163106
163110
163124
163127
163129
163131
163137
163144
163147
163152
163154
163157
163158
163159
163161
163163
163164
163190
163201
163213
163220
163222
163227
163230
163231
163244
163242
163251
163257
163271
163273
163277
163293
163320
163321
163329
163335
163341
163347
163346
163351
163357
163355
163359
163363
163365
163363
163366
163369
163371
163389
163390
163382
163397
163401
163393
163408
163400
163403
163416
163419
163411
163419
163420
163426
163429
163431
163433
163434
163448
163437
163451
163453
163458
163448
163460
163470
163476
163478
163481
163474
163495
163512
163506
163517
163545
163554
163568
163570
163581
163601
163692
163694
163694
164118
164132
164135
164137
164139
164152
164154
164159
164161
164168
164169
164171
164179
164181
164184
164189
164196
164200
164202
164206
164227
164232
164240
164273
164295
164306
164313
164337
164342
164344
164345
164352
164361
164364
164373
164386
164390
164394
164421
164427
164429
164433
164439
164470
164477
164514
164521
164534
164542
164545
164547
164548
164552
164556
164565
164586
164598
164611
164616
164620
164638
164654
164671
164673
164684
164709
164701
164703
164706
164715
164722
164728
164731
164734
164735
164746
164755
164764
164773
164782
164786
164822
164922
164925
164945
164952
164955
164961
164968
164978
165044
165054
165067
165074
165076
165080
165084
165089
165090
165092
165107
165110
165116
165129
165137
165139
165152
165153
165162
165174
165179
165220
165223
165234
165237
165245
165247
165255
165272
165291
165590
165596
165604
165628
165935
165964
165969
165975
165981
165990
165994
166008
166015
166018
166027
166028
166087
166125
167031
167040
168132
168139
168141
168155
168955
168967
168973
168985
168994
169015
169346
169356
169362
169568
169572
169575
169578
169582
169585
169587
169598
169607
169626
169631
169643
169639
169663
169675
169679
169692
169709
169712
169721
169728
169740
169743
169756
169760
169764
169767
169769
169771
169789
169791
169800
169813
169807
169814
169819
169827
169832
169843
169859
169851
169853
169866
169856
169860
169862
169868
169880
169870
169883
169886
169918
169922
169926
169936
169945
169967
169971
169963
169977
169968
169972
169986
169975
169988
169982
170001
170001
170005
170007
170020
170023
170013
170024
170032
170026
170028
170041
170031
170032
170045
170043
170054
170073
170075
170078
170101
170127
170134
170518
170623
170679
170705
170719
170738
171047
171091
171113
171121
171138
171141
171155
171163
171165
171167
171170
171176
171182
171187
171195
171202
171206
171213
171211
171214
171220
171215
171224
171220
171227
171230
171230
171236
171236
171239
171252
171264
171260
171261
171268
171271
171280
171283
171284
171288
171294
171292
171305
171297
171303
171301
171310
171318
171321
171333
171323
171337
171328
171333
171340
171355
171350
171359
171364
171357
171361
171366
171376
171377
171379
171380
171382
171380
171384
171390
171397
171402
171404
171407
171411
171416
171428
171431
171434
171435
171470
171505
171517
171595
171605
171640
171652
171656
171656
171660
171666
171673
171674
171677
171678
171709
171762
171781
171776
171777
171798
171807
171811
171819
171822
171825
171833
171856
171852
171855
171878
171879
171882
171887
171894
171891
171894
171901
171897
171903
171899
171905
171921
171926
171930
171939
171943
171949
171961
171966
171974
171968
171996
171992
171997
172012
172017
172024
172045
172050
172052
172058
172066
172107
172113
172131
172147
172159
172170
172185
172194
172220
172228
172249
172255
172273
172276
172282
172290
172296
172298
172301
172303
172300
172316
172321
172337
172344
172348
172353
172366
172378
172386
172404
172409
172423
172437
172440
172448
172451
172455
172460
172462
172463
172466
172472
172483
172487
172500
172504
172508
172510
172514
172520
172521
172528
172532
172539
172544
172555
172556
172560
172561
172571
172583
172596
172597
172598
172592
172598
172600
172612
172612
172614
172625
172618
172629
172623
172634
172634
172637
172641
172637
172646
172646
172649
172653
172655
172657
172651
172662
172654
172666
172668
172663
172672
172665
172673
172668
172676
172675
172677
172678
172680
172682
172687
172689
172695
172699
172705
172713
172707
172713
172725
172727
172730
172741
172735
172743
172739
172748
172752
172749
172751
172755
172758
172763
172769
172771
172774
172778
172785
172787
172792
172793
172798
172812
172814
172819
172822
172864
172872
172879
172882
172885
172890
172897
172901
172911
172920
172932
172934
172937
172956
172966
173027
173048
173079
173085
173087
173083
173090
173103
173096
173106
173111
173113
173106
173115
173117
173113
173156
173164
173180
173184
173187
173189
173234
173252
173255
173270
173308
173312
173314
173316
173325
173334
173341
173349
173356
173357
173365
173384
173395
173406
173407
173417
173416
173422
173429
173434
173445
173448
173452
173462
173464
173466
173478
173488
173496
173501
173510
173513
173517
173532
173535
173549
173556
173566
173569
173575
173580
173584
173587
173591
173596
173602
173610
173612
173618
173622
173627
173634
173641
173650
173649
173656
173653
173667
173670
173672
173681
173690
173685
173693
173695
173691
173698
173717
173720
173922
173928
173936
173938
173952
173951
173957
173967
173970
173965
173983
173977
173979
173991
173987
173993
174007
174020
174032
174036
174039
174042
174044
174049
174062
174071
174097
174102
174111
174132
174139
174156
174209
174212
174216
174219
174225
174226
174233
174235
174237
174241
174260
174263
174266
174268
174283
174278
174285
174292
174293
174335
174348
174385
174505
174512
174509
174519
174526
174531
174535
174546
174547
174571
174585
174591
174596
174597
174603
174616
174619
174623
174624
174625
174633
174652
174657
174660
174662
174665
174670
174669
174682
174685
174690
174692
174693
174702
174705
174704
174710
174707
174705
174713
174720
174721
174717
174725
174723
174733
174727
174741
174735
174737
174746
174750
174749
174756
174752
174760
174757
174762
174773
174768
174768
174777
174776
174780
174791
174798
174796
174795
174799
174802
174804
174812
174821
174822
174821
174828
174827
174830
174838
174832
174845
174853
174856
174863
174871
174897
174904
174921
174927
174928
174953
174972
175042
175416
175485
175508
175515
175517
175522
175527
175529
175533
175542
175551
175553
175559
175561
175564
175569
175573
175580
175585
175594
175597
175600
175605
175606
175626
175632
175645
175657
175663
175671
175674
175676
175696
175710
175712
175730
175810
175814
175819
175823
175839
175848
175869
175901
175918
175925
175927
175949
175953
175956
175958
175959
175965
175968
175973
175977
175978
175985
175990
175993
175995
175999
176000
176007
176011
176015
176016
176028
176037
176047
176051
176052
176096
176101
176104
176112
176122
176139
176143
176150
176189
176196
176198
176200
176194
176201
176208
176220
176222
176215
176225
176229
176234
176236
176243
176236
176243
176246
176254
176258
176259
176269
176271
176266
176268
176279
176273
176286
176284
176289
176290
176291
176292
176291
176295
176293
176300
176317
176311
176320
176322
176325
176326
176329
176331
176333
176335
176338
176338
176342
176342
176344
176338
176345
176354
176348
176359
176364
176360
176368
176365
176372
176373
176374
176376
176385
176391
176393
176401
176402
176406
176409
176408
176412
176412
176412
176416
176414
176417
176422
176424
176426
176426
176429
176432
176431
176434
176436
176438
176441
176452
176453
176457
176459
176470
176476
176473
176475
176479
176485
176489
176491
176494
176499
176502
176513
176517
176516
176516
176521
176552
176561
176566
176561
176564
176577
176614
176618
176621
176630
176667
176682
176686
176737
176740
176746
176749
176754
176761
176796
176801
176810
176813
176826
176831
176833
176835
176841
176846
176855
176862
176865
176869
176874
176884
176888
176889
176902
176904
176909
176916
176919
176926
176931
176994
177000
177024
177044
177053
177076
177096
177133
177155
177162
177166
177178
177180
177187
177194
177199
177216
177218
177226
177232
177234
177236
177247
177249
177252
177295
177381
177573
177577
177579
177608
177707
177713
177846
177869
177878
177888
177896
178124
178285
178313
178352
178709
179470
179484
179492
179495
179506
179510
179511
179519
179525
179531
179538
180427
181019
181043
181057
181067
181086
181091
181107
181115
181119
181125
181139
181147
181183
181211
181255
181440
181616
181652
181826
181824
181888
181892
182018
182026
182049
182049
182072
182073
182083
182091
182093
182105
182127
182129
182142
182147
182151
182157
182163
182166
182171
182181
182184
182198
182201
182205
182209
182218
182222
182231
182262
182268
182279
182296
182317
182417
182477
182546
182670
182870
182892
182896
182898
182902
183180
183184
183186
183196
183210
183213
183219
183221
183228
183238
183248
183249
183253
183258
183256
183267
183273
183275
183279
183286
183288
183295
183292
183305
183309
183314
183329
183334
183338
183344
183348
183362
183364
183387
183388
183394
183420
183422
183435
183436
183446
183445
183451
183455
183470
183473
183495
183509
183603
183606
183610
183670
183714
183723
183748
183749
183798
185468
185475
185482
185494
185497
185502
185512
185516
185521
185528
185538
185541
185544
185547
185565
185571
185575
185578
185580
185581
185584
185590
185599
185602
185610
185615
185622
185635
185654
185662
185692
185699
185746
185750
185789
186847
186995
187003
187071
187094
188021
188034
188035
188042
188047
188057
188059
188061
188070
188076
188094
188102
188105
188197
188207
188216
188227
188337
188355
188369
188373
188380
188387
188391
188398
188409
188414
188422
188433
188446
188450
188453
188460
188502
188509
188516
188531
188537
188540
188545
188552
188560
189350
189357
189658
189662
189665
189676
189678
189681
190009
190037
190399
190402
190414
190418
190426
190432
190657
190672
190674
190684
190691
190703
190706
190709
190711
190715
190725
190736
190742
190745
190762
190765
190768
190772
190775
190836
190841
190847
190854
190858
190883
190908
190916
190922
191354
191658
191676
191683
191687
191694
191712
191724
191746
191756
191763
191789
191795
191802
192483
192515
192519
192539
192545
192553
192568
192574
192580
192585
192592
192599
192604
192607
192613
192625
192640
192689
192691
192717
192716
192722
192724
192746
192748
192751
192755
192763
192766
192768
192768
192770
192775
192777
192787
192799
192801
192805
192812
192820
192828
192842
193077
193125
193130
193146
193155
193165
193418
193423
193436
193452
193454
193477
193505
193901
193972
193976
193992
193996
194005
194006
194014
194045
194053
194057
194068
194074
194079
194090
194206
194210
194908
194910
194922
194934
194938
194943
194956
194960
194966
194974
194980
194984
194994
194998
195008
195010
195015
195021
195024
195032
195033
195039
195046
195051
195053
195058
195061
195069
195079
195083
195087
195104
195106
195111
195113
195122
195127
195132
195134
195142
195154
195157
195173
195430
195431
195434
195441
195452
195462
195465
195648
195656
195663
195667
195673
195998
196012
196024
196027
196032
196036
196039
196043
196046
196049
196060
196062
196068
196073
196083
196089
196093
196118
196164
196170
196199
196228
196233
196243
196252
196254
196263
196263
196275
196281
196286
196289
196291
196316
196320
196324
196330
196339
196347
196350
196354
196358
196363
196372
196388
196396
196399
197028
197141
197138
197148
197344
197356
197360
197372
197387
197393
197395
197410
197419
197774
197800
197810
197812
197844
197845
197962
197972
197975
197979
197980
197989
198011
198013
198025
198028
198045
198048
198054
198056
198100
198105
198113
198116
198120
198126
198131
198131
198134
198147
198153
198156
198157
198174
198181
198188
198190
198192
198219
198239
198245
198248
198254
198300
198318
198332
198347
198379
198387
198402
198413
198419
198526
198535
198557
198581
198588
198693
198705
198708
198709
198714
198718
198719
198734
198736
198745
198748
198755
198761
198763
198768
198770
198774
198783
198793
198814
198826
198830
198839
198855
198880
198881
198909
198911
198914
198944
198949
198964
198969
198974
198986
199037
199043
199056
199066
199067
199074
199078
199078
199084
199105
199108
199244
199246
199259
199262
199264
199285
199287
199291
199299
199508
199918
