4281.09
4282.57
4290.87
4295.35
4308.57
5340.54
6413.13
6434.25
6436.45
6442.31
6443.96
6449.48
6458.75
6470
6473.13
6475.72
6478.99
6482.49
6484.69
6488.09
6491.3
6516.17
7024.16
7466.52
7468.16
7470.17
7479.64
7482
7489.09
7494.32
7496.26
7499.37
7524.32
7527.23
7533.16
7535.34
7540.07
7544.23
7564.76
7572.36
7576.75
7588.23
7596.05
7621.76
7640.58
7653.65
7661.95
7664.04
7670.41
7672.93
7678.68
7681.29
7686.47
7691.91
7697.58
7702.43
7705.93
7709.43
7714.19
7716.37
8004.39
8007.7
8009.95
8021.77
8078.37
8104.37
8108.67
8114.02
8147.67
8151.37
8153.67
8157.39
8465.59
8532.77
8600.25
8605.99
8623.71
8628.79
9677.23
9681.26
9682.95
9684.7
9687.97
9692.63
9700.19
9716.55
9722.89
9732.08
9764.47
9853.16
9867.17
9874.21
9877.84
9887.41
12028.2
12092.3
12106.5
21849.2
22744.7
23058.4
23326.9
23332.6
23357.9
23365.6
23505
23527.7
23538.9
23553.3
23599
23666.7
23695.1
23700.2
23709.1
23717.7
23720.9
24917.1
24977.8
25237.3
25244.1
25247.8
25638.6
25671.6
25771.6
25788.9
25791.3
25829.3
25837.1
25863.7
25885.5
25933.1
25947.7
25954.8
25950.7
25968.7
25971.9
25998.8
26000.1
26815.4
26823.5
26826
26832.9
26843
26897.5
26928.3
26935.2
26940.3
26955.2
26976
27347.6
27399.2
27413.4
27546.7
28031.9
28034.3
28067.4
28074.9
28091.3
28110.9
28125
28217.1
28274.2
28304.5
28319.9
28324.6
28335.2
28362.7
28374.7
28391.8
28397.2
28406.2
28478.8
28487.1
28489.9
28497.9
28533.4
28551.8
28568.7
28686.4
28692.2
28700.2
28707.1
28711.6
28714.7
28722.1
28727.5
28774.3
28777
28780.7
28784
28803
28807
28814.8
28824.3
28969.3
28972.4
28978.2
28984.5
29005.3
29007.9
29009.2
29046.7
29591.2
29609
29659.5
29676.1
29681.9
29688.3
29693.4
29697
29731.3
29746.9
29752.4
29756.8
29787.7
29790.5
29813.1
29816.4
29821.7
29827.6
29839.7
29842.7
29844.4
29849.4
29851.2
29855.9
29864.6
30454.8
30570.1
30614.9
30620.2
30661.3
30666
30715.5
30750.5
30763.9
30768.5
30773.2
30792.7
30813
30823.5
31310.2
31611.5
31631.1
31632.8
31661.3
31662.7
31679.6
31694.1
31705
31761.1
31817.6
31850.9
31949.5
31958.6
31965.4
31996.9
32031.1
32072.4
32074.4
32093.3
32094.9
32152.6
34250.6
34254.2
34682.9
34686.2
34737.3
34738.7
34746.6
34754.3
34757
35077.2
35083.2
35085.6
35102.9
35109
35113.8
35125.2
35155.7
35190.8
35250.4
35372.7
35482.1
35538.6
35561
35570.7
35572.9
35574.9
35578.3
35582.6
35584.2
35588.5
35592.7
35610.6
35615.7
35736.1
35738.1
35773.8
35775.5
35788.3
35791.4
35793.7
35801.4
35813.2
35824.2
35840
35874.5
35877.2
35881.7
35883.7
35904.9
35915
35916.4
35923.6
35927.2
35932.5
35937.2
35945.3
35955
35963.9
35967.5
36046
36153.2
36189.2
36190.5
36217.9
36229.7
36243.6
36259.6
36309.7
36313.3
36780.1
36785.5
36803.4
36814.7
36979.8
36984
36989.9
37161.2
37296.1
37308.2
37371
37384.6
37388.1
37397.6
37428.9
37462.7
39894.7
40317.6
40326.7
40337.8
40355.4
40380.9
40386.4
40393
40401.3
40444.1
40453.4
40569.8
40696.3
40734.4
40755.3
40944.9
41042.4
41068.3
41123
41144.9
41178.5
41205.5
41218
41941.3
42196.1
43247.5
43351.2
44043.1
44107.8
44112.1
44115.7
44127
44131.2
44134.6
46783.9
51204
51218.7
51237.4
51243
51267.3
51272.8
51278.8
51298.8
51332.1
51336.9
51342.4
51345.4
51347
51350.8
51355.8
53303.9
53308.9
53311.8
53321.2
53323.6
53328
53350.1
53370
53375.9
53380.8
53445.2
53449
53451.1
53454.4
53488.5
53496.5
53503
53672.1
53740.1
54131.5
54133.9
54135
54172.7
54199
54468.4
54505.6
54508.7
55407
55422
55428
55431.6
55449.8
55452.4
55458.7
55465.4
55472
55478.9
55484.7
55485
55489.9
55487.6
55493.9
55507
55549.7
55555.7
55598.3
55604.2
55609.7
55640.1
55653.5
55670.8
55677.6
55681.8
55683.6
55685.9
55698.6
55701.2
55703.8
55705.5
55721.3
55721.3
55723.4
55725.1
55728.1
55733.8
55938.8
55965.1
55988.9
56001.5
56008.9
56014.2
56019.2
56021.3
56029.5
56083.7
56127.4
56138.6
56141.5
56146.3
56199.9
56205.6
56235.4
56238.3
56242.1
56246.2
56253.7
56255.3
56262.9
56314.7
56358.9
56393.6
56468.1
56482.5
56493.1
56506.6
56631.3
56667.9
56694.6
56699.9
56712.4
56713.7
56723.1
56792.9
56805.9
56822
56833.8
56841.2
56844.2
56924.3
56931.8
56942
56948.5
56953
56980.4
57016.7
57018.5
57022.6
57029.2
57031.3
57033.1
57038.9
57076.8
57121.8
57193.4
57546.1
57609.6
57616.7
57626.5
57629.7
57645.9
57731.1
57748.4
57752.2
57754.9
57801.3
57842.8
57845.9
57851.8
57873
57897.1
57898.4
57934.2
60005.1
60027.1
60040
60042.3
60044.5
60046.3
60055.9
60136.1
60139.3
60148.4
60175.9
60269.2
60580.4
60679.9
60721.6
60825.2
60843.7
61010.9
61033.9
61042.5
61047.3
61056.5
61065
61067.9
61072.6
61079
61087.2
61093
61097.9
61100.4
61102.1
61104.8
61107
61108.3
61110.2
61113.3
61696.2
61784.7
61793
61820.1
61823.9
61829.4
61839.8
61850.7
61862.1
61864
61869.2
61895.6
61902.6
61936.4
61982.7
62477.9
62508.1
62513.3
62538.7
62542.4
62550
62553.2
62929.4
62933
62935.1
62970.6
62972
62982.5
62986.1
62987.2
63000.9
63011.4
63015.2
63021.5
63035.5
63044.3
63056.2
63095.5
64931.3
64939.2
64941
65320.9
65324.6
65345.3
65409.9
65436.9
65474.4
65484
65497.5
65506.5
65517.6
65557.4
65579.1
65583
65590.5
65614.1
65617.9
65623
65627.4
65633.3
65641.6
65654.8
65859.6
65919.7
65922.9
65926.5
65928.2
65958.3
65969.3
65976.2
65980
65983
65988.4
66007.9
66009.4
66022.9
66045.2
66054.5
66063
66124
66186.2
66202.3
66205.4
66218.8
66226.9
66228.1
66231.4
66291.4
66314.1
66703.2
66717.7
66721.2
66727.7
66743.3
66745.6
66774
66809.3
66848.7
66865.1
66874.4
66891
66906.8
66930.2
66949.3
66958
66961.5
67041.7
67048
67098.9
67113.2
67115.5
67118.5
67136.9
67137.2
67139.9
67153.1
67160
67176.2
67178.2
67251.4
67254
67255.8
67267.3
67269.6
67297.4
67301.7
67357.7
67387.1
67409.9
67421.6
67425
67430.3
67487.1
67507.1
67552.2
67782.3
67866.6
68086.8
68088.6
68131.8
68137.5
68141.9
68148.9
68179.3
68224.5
68265.3
68411.1
68443.1
68451.4
68673.4
68692.4
68707.7
68711.9
68724
68727.3
68732.9
68739.4
68741.1
68743.9
68825.1
68839.3
68853.7
68870.7
69259.3
69333.1
69348.1
69353
69363.5
69367.5
69369.4
69380.2
69384
69385.5
69387.1
69389.8
69394
69397.1
69400.9
69416.9
69420
69429.7
69511.6
69532.6
69537.2
69567.1
69614.2
69759.4
69771.9
69778
69806.3
69810.4
70131.9
70139.2
70165.4
70173.3
70188.2
70196.5
70229.1
70792.9
70860.9
70886.4
71044.1
71063.7
71087.7
71089.8
71148.5
71241
71246.4
71274.1
71292.9
71341.1
71346.4
71821.4
72018.2
72020.6
72069.1
72125.1
72127.3
72129.3
72175
72190.8
72191.9
72205.7
72211.1
72269.9
72271.9
72304.4
72308.5
72310.6
72333.1
72336
72340.6
72343.7
72347.2
72353.7
72365.3
72608.9
72780.2
72839
72848.4
72850.4
72856.5
72863.9
72963.5
72981
73071.2
73216.8
73230.4
73235.6
73247.8
73264.9
73261.9
73277.3
73292.6
73289.1
73299
73314.8
73309.2
73355.5
73361.9
73449.2
73460.4
73462.8
73494.3
73498.1
73499.3
73502.3
73503.9
73505.6
73510.1
73513.4
73539.3
73552.7
73562
73607.8
74875.9
74878.3
74899.4
75437.5
75669.7
75838.2
75843.3
75849
75921.4
75930.5
75938
76444.1
76449.1
76521.9
76529.8
76547.6
76550.9
76780.5
77065.6
77078.2
77080.8
77085.7
77092.7
77097.8
77099.9
77103.7
77118.1
77120.6
77126.2
77132.5
77423.8
77480.7
77917.8
77928.5
77960.5
77962.9
77968.6
77976.8
77981.5
77985.9
77991.6
78013.1
78029.2
78046.2
78055.3
78158.8
78211.6
78283.3
78290.3
78291.8
78331.2
78355.6
78412.4
78422.1
78469.9
78482.2
79168.3
79180.8
79188.3
79197.9
79205.5
79233.3
79265.2
79298.7
79314.4
79327
79349.9
79813.1
79875.5
79886.8
79893.2
79899.2
79915
79918.5
79924.2
79927
79929.4
80544.3
80550.1
80726
80732.3
80737.4
80743.2
80745.4
80750.6
80758.8
80768.9
80807.6
80817.2
81065.5
81087.6
81660.2
81666.7
81954.5
81958.2
81964.8
81972.3
81974.1
81976.1
81978.1
83019.1
83039.3
83079.1
83128.7
83232
83237.1
83266.8
83263.8
83266.8
83269.5
84539
84556.3
84564.4
84568.6
84572.2
84578.8
84587.5
84589.5
84614.2
84858.2
84889.4
84905.9
84917.7
84931.1
84932.5
84927.8
84968.9
85022.8
85040.3
85045.4
85065.1
85075.5
85106.8
85131.4
85139.1
85144.2
85147.9
85160.8
85164.1
85219.3
85230.9
85233.7
85240.1
85318.6
85322.4
85325.2
85328.2
85334
85336.7
85340
85343.4
85344.4
86023.6
86039.1
86045.8
86052.6
86056.7
86059.6
86075.1
86076.8
86079.3
86088.3
86115.4
86120.2
86156.7
86188.3
86190.6
86201.6
86205.7
86212.3
86237.8
86267.1
86271.5
86283.9
86286.9
86301.3
86305.4
86314.4
86315.8
86320.6
86339
86342.9
86358
86388.5
87850.5
87879.9
87932
91958.8
91971.7
92332.1
92573.1
92576.8
92581.2
92596.7
92604.9
92609.6
92627.7
92629.5
92640.1
92641.5
92706.3
92785.1
92789.9
92811.6
92829.8
92834.3
92857
92866.3
92886.8
92891.2
92921.9
92949
92982.1
92997.8
93014.7
93019.5
93044
93668.1
93712.7
94765.8
94788
94789.7
95168.1
95193.6
95196.4
95334
95337
95339.2
95340.8
95341.9
95368.7
95370.2
95383.2
95685.1
95927.5
95929.5
95939.7
95941.1
95967.3
95966.9
95976.2
95977.8
95979.8
95991.1
95994.3
96025.4
96049.9
96052.5
96060.1
96119.1
96137.7
96148.2
96156.5
96523
96641.9
96656
96730.7
96737.8
96740.3
98074.5
98109.6
98127
98144.2
98152.9
98178.9
98185.6
98359
98387.7
98399.9
98403.4
98419.1
98426.5
98428.7
98430.9
98433.4
98435.5
98439.9
98442.2
98469.6
98476.2
98478.4
98509.3
98522.3
98525.9
98528.8
98539.4
98551.2
98552.5
98556.3
98573
98577.6
98579.7
98582.3
98585.4
98901
98907.7
98931.9
98933.6
98937.6
98940.9
98944.3
98953.2
98964.8
98970.4
98981.4
98993
98996.4
98998.2
99006.7
99007.4
99013.5
99015.6
99042.1
99044
99049.2
99064.9
99069.6
99077.1
99080.8
99086.2
99089.5
99104.3
99115
99121.1
99165.5
99183.6
99243.9
104298
104299
104301
104304
104309
104332
104335
104341
104343
104344
104366
104406
104410
105159
105162
105172
105179
105181
105865
105868
105901
105902
105905
105915
105969
105975
105982
106093
106095
106100
106105
106114
106117
106358
106380
106420
106427
106535
106544
106560
106563
106571
106575
106581
106584
106598
106601
106603
106661
106670
106673
106679
106707
106711
106726
106779
106821
106831
106889
109051
109054
109096
109173
109195
109222
109236
109250
109305
109455
109478
109501
109498
109515
109512
109514
109521
109532
109574
109577
109584
109608
109629
109674
109687
109694
109696
109702
109708
109723
109783
109826
109823
109826
109833
109836
109839
109847
109852
110369
110425
111149
111168
111173
111184
111199
111231
111259
111268
111269
111289
111366
111369
111606
111621
111626
111652
111716
111747
111758
111818
111829
111858
111862
112453
112507
112510
112793
112795
112798
112809
112819
112828
112830
112833
112841
112846
112940
112942
112948
113712
113748
113758
113765
113775
113776
113782
113794
113815
113857
113875
113883
113937
113941
115424
115821
115846
115870
116006
116021
116024
116036
116039
116075
116122
116144
116276
116279
116410
116420
116441
116456
116468
116491
116514
116602
116632
116634
116638
116643
116647
116654
116656
116682
116700
116703
116725
116727
116732
116739
116757
116762
116764
116767
116769
116782
116796
116799
116804
116823
116840
116859
116870
117093
117102
117159
117189
117240
117264
117270
117914
117928
117931
117943
118670
118679
118685
118708
118710
118762
118785
118788
118803
118816
118864
118867
118880
118943
118995
119001
119015
119017
119022
119043
119052
119059
119061
119064
119072
119073
119091
119097
119099
119110
119127
119131
119154
119251
119256
119883
119889
119906
119909
120145
120201
120229
120262
120266
120339
120345
120381
120382
120389
120391
120388
120421
120425
120494
120564
120569
120586
120606
120614
120622
120623
120638
120774
120806
121095
121119
121147
121149
121151
121415
121418
121464
121499
121899
121923
121932
121953
121981
121987
122030
122033
122041
122063
122088
122111
122182
122185
122190
122198
122204
122254
122310
122316
122318
123459
123542
123563
123575
123589
123593
123599
123605
123607
123612
123636
123663
123699
123702
123709
123711
123714
126136
126140
126192
126243
126278
126285
126287
126290
126310
126313
126401
126403
126406
126411
126427
126432
126435
126441
126444
126452
126461
126474
126523
126553
137692
137696
137699
137705
137727
137729
137739
137759
137763
137818
137824
137827
137831
137833
137846
137868
138267
139650
139657
139708
139727
139734
139741
139744
139895
139905
140438
140447
140493
140511
140510
140593
140615
140725
140731
140734
140769
140779
140787
140793
140796
140798
140804
140813
140818
140823
140825
140838
140851
140855
140928
140936
140939
140944
140952
140955
140959
140961
140963
140969
140979
140982
140988
140989
141023
141028
141036
141041
141052
141055
141283
141289
141297
141347
141348
141355
141961
141969
142216
142218
142227
142236
142246
142256
142261
142269
142287
142288
142342
142345
142493
142497
142500
142528
142697
142701
142709
142720
142731
142750
142756
142757
142759
142869
143037
143039
143047
143481
143483
143528
143988
144044
144246
144305
145394
145402
145437
145550
145560
145954
145959
145969
145973
145978
145981
145983
145989
145999
146027
146034
146036
146046
146052
146056
146086
146089
146096
146099
146131
146232
146254
146270
146272
146275
146279
146388
146414
146420
146424
146432
146447
146474
146492
146930
147383
147384
147496
147502
147507
147509
147511
147546
147613
147628
147672
147673
148029
148051
148059
148062
148069
148086
148096
148099
148105
148114
148120
148126
148132
148172
148174
148183
148185
148196
148199
148234
148582
148631
148635
148637
148640
148642
148649
148653
148666
148672
148704
148706
148718
148745
148749
148750
148752
148781
148787
148885
149271
149678
149680
149698
149710
149718
149733
149796
149798
149800
149805
153010
153040
153585
153590
153597
153600
153606
153609
153610
153617
153999
154002
154004
154006
154049
154100
154269
154276
154848
155002
155009
155011
155015
155037
155044
155046
155048
155051
155054
155062
155066
155536
155539
155573
155577
155582
155584
155620
155624
155634
155647
155654
155661
155683
155825
155858
155864
155880
155885
155909
155924
155927
155939
155942
155947
155955
155959
155965
156391
156401
156499
156775
156781
156787
156790
156798
156801
156805
156808
156813
156819
156823
156825
156829
156833
156937
157003
157778
157816
157959
157974
158007
158097
158115
158145
158221
158223
158395
158501
158510
158536
158569
158582
158600
158627
158635
158638
158646
158658
158665
158670
158682
158686
158689
158701
158704
158709
158712
158719
158742
158827
159980
160042
160044
160047
160072
160091
160095
160099
160426
160441
160442
160449
160453
160459
160466
160468
160554
160561
160581
160590
160596
161867
161870
161896
161897
161913
161923
161925
161956
161968
161981
162001
162003
162007
162071
162183
162189
162192
162201
162210
162223
162227
162230
162267
162272
162276
162320
162322
162323
162529
162897
162906
162919
162923
162944
162949
162950
162954
162956
162962
162964
163004
163006
163010
163018
163026
163029
163043
163047
163050
163079
163129
163147
163152
163154
163157
163158
163159
163161
163213
163355
163359
163366
163371
163389
163429
163431
163433
163458
163460
163476
163478
163517
163554
163568
163570
164168
164179
164181
164189
164206
164227
164232
164295
164306
164361
164386
164390
164394
164433
164477
164586
164703
164706
164722
164728
164734
164735
164746
164764
164922
164925
164945
164952
164955
164968
165077
165092
165110
165116
165152
165153
165223
165237
165247
165255
165291
165590
165628
165964
165969
165975
165981
165990
165994
166027
166028
168139
168141
169582
169585
169587
169598
169607
169626
169631
169639
169663
169709
169769
169791
169800
169807
169827
169832
169843
169860
169862
169868
169918
169936
169967
169971
169977
169968
169972
169986
169988
169982
170001
170024
170026
170028
170031
170032
170075
170078
170101
170127
170134
170518
171163
171165
171167
171170
171214
171214
171224
171227
171261
171271
171294
171305
171297
171301
171310
171318
171321
171333
171364
171366
171376
171380
171404
171434
171435
171640
171656
171666
171673
171678
171709
171762
171776
171777
171852
171855
171879
171882
171894
171897
171997
172024
172052
172273
172276
172298
172301
172303
172300
172353
172366
172378
172404
172423
172448
172463
172520
172555
172625
172641
172646
172655
172673
172668
172680
172713
172752
172749
172751
172769
172771
172774
172793
172812
172814
172819
172822
172890
172911
172920
172934
172937
173090
173096
173156
173180
173234
173270
173325
173341
173365
173395
173407
173434
173448
173466
173488
173513
173517
173602
173612
173618
173622
173650
173653
173693
173695
173922
173928
173936
173951
173957
173965
173979
174032
174036
174039
174042
174044
174519
174535
174547
174616
174625
174633
174652
174665
174670
174669
174690
174692
174713
174717
174725
174727
174756
174752
174777
174796
174799
174832
174871
174904
174921
174927
174928
174953
174972
175042
175515
175517
175522
175527
175551
175553
175810
175959
175973
175977
175985
175990
175999
176000
176011
176037
176047
176051
176052
176096
176101
176123
176139
176143
176150
176200
176201
176208
176215
176225
176229
176234
176243
176271
176273
176300
176320
176331
176333
176335
176342
176359
176393
176401
176414
176417
176426
176434
176438
176441
176470
176476
176502
176513
176566
176621
176749
176826
176865
176916
177232
177234
177236
177579
179525
179531
179538
182018
182073
182129
182157
182163
182166
182171
182198
182201
182205
182231
182262
182268
182279
182296
182317
182417
182898
182902
183180
183210
183213
183219
183221
183228
183238
183248
183249
183256
183267
183273
183275
183279
183286
183288
183295
183305
183309
183314
183329
183334
183338
183344
183348
183362
183364
183387
183388
183394
183420
183422
183435
183436
183446
183445
183451
183455
183470
183473
183495
183509
185497
185502
185516
185521
185565
185571
185610
185615
185622
185635
185654
185662
185692
185699
185746
185750
185789
188094
188102
188105
188197
188207
188216
188337
188355
188369
188373
188380
188387
188391
188398
188409
188414
188537
188540
188545
189350
189357
190009
190037
190399
190402
190414
190418
190426
190432
190657
190691
190709
190745
190841
191658
191676
191683
191687
191694
191712
191795
192483
192515
192519
192592
192770
192775
192777
192787
192812
192820
192828
192842
193077
193155
193165
193418
193423
193436
193452
193454
193477
193505
193901
193972
193976
193992
194005
194006
194014
194074
194206
194210
194984
195032
195033
195053
195058
195079
195087
195111
195113
195656
195663
195667
196060
196062
196068
196073
196083
196089
196093
196164
196170
196228
196233
196275
196286
196289
196291
196316
196320
196347
196350
196354
196358
196372
196388
196399
197138
197148
197344
197360
197387
197393
197395
197410
197419
197844
197962
197972
197975
197979
197980
197989
198011
198013
198025
198028
198045
198048
198054
198056
198100
198131
198131
198134
198157
198219
198300
198318
198332
198347
198379
198402
198705
198718
198719
198734
198745
198748
198764
198774
198783
198793
198830
198839
198855
198881
198909
198911
198914
198944
198949
198964
198969
198974
198986
199056
199084
