569.93
1127.89
1207.46
1635.84
1643
3307.14
3777.57
4922.08
5242.28
5670.13
6451.36
6549.89
6743.67
8624.85
8929.94
9626.57
10575.4
10741.9
10910.6
11802.2
13014.9
13274.5
13859.7
14170.3
14391.7
14465.7
14490
14852.2
14891.1
15953.8
15953.9
16109.2
16435.2
16944.6
17241.7
17775.8
17930.5
18999.6
19361
19619.2
19787.4
19959.9
20314.2
21296.3
21365
21827.5
22149.9
22345.2
22894.3
22973.5
23029.3
23617.2
24082.2
24504.9
24517.8
24663
25190.6
25333.6
25674.4
25907.3
26068.4
26482.2
26528.7
26933.2
28042.1
28422.4
28712.3
28810.6
29219.2
29339.2
29459.4
29548.7
29998.5
30358.6
30742.3
31231.4
31466
31815.9
33223.4
33503.3
36189.6
36215
36307.2
36748.2
36762.3
36798.8
37398.2
37789.7
37804.8
38255.7
38307
38572.8
38668.4
38914.5
38965.6
39007.8
39077.2
39483.9
39551.9
40022.2
40165.6
40336.6
40593.7
40760
41125.6
41427.8
42403.9
42504.5
42987.9
44215.9
45011.2
46174.6
46410.9
46656.5
46881.9
48232
48831.9
50222.1
50435.7
51075.1
51333
51553.7
52611.6
52742.2
53557.3
53952.9
55433.2
56101.7
57827
58315.7
58628.9
60034.3
60085.6
60242.5
60278.3
60447.6
60651
60917.6
60928.9
61392.1
61420.7
61509.6
61882.7
62141.1
62339.6
63252.3
64615.3
65354.6
66983
67513.1
68380.9
68431.2
69723.8
71047.9
71368
72140.7
72191.3
72769.8
73218.2
74268.3
74819.3
74893.1
76235.1
78050
78622.1
79607.1
80178
80389.5
80627.5
81020.6
81373.2
81405.9
81962.6
82886.6
83367.1
83685.9
84301.6
85008.8
85354.1
85568.6
86225.9
87211.6
87276.6
89311.8
90535.6
90897.1
91007.9
91031.5
92790.1
93101.6
93462.4
93482.7
93966.7
94374.5
94898
95197.4
95381.1
95509
96007.3
96955.5
97213.5
97444.9
97942.1
98498.1
99192.3
99525.4
100636
100764
101400
101526
101529
101827
102069
102792
103717
103762
104268
104995
105321
105784
105820
106229
106394
106663
106715
107110
107113
107342
107538
107846
107957
108575
108758
109057
109261
109590
109734
111176
111561
111627
111937
111960
112875
113644
113889
116105
117253
117272
117276
117300
117619
117725
118073
119269
119338
119353
120405
120519
120673
121197
121248
121993
122217
124297
124899
125459
125627
126220
126638
126798
127299
127342
127329
127573
127701
128392
128479
128595
128632
128939
129215
129248
129267
129744
130021
130295
130490
131142
131149
131711
131771
132192
132711
132863
133920
134898
137148
137170
137847
138261
139012
139210
139256
139753
140435
140491
141174
141661
141695
142564
142902
144357
144727
145132
145401
146194
146619
146849
147338
149157
149709
150130
150171
150649
150912
152687
152730
155074
156231
156908
158346
159990
160751
161583
161611
161946
162408
163069
163495
163896
164936
166128
166484
166844
166910
167105
167110
167404
167659
167792
167847
168029
168452
169068
169067
169523
169638
170268
170728
171636
173364
173379
173647
173964
174393
177289
177909
178138
179072
179147
179873
180623
181109
181931
181993
182689
182967
183271
183876
184154
184537
185013
185526
186073
186262
186273
187107
187891
188303
188673
188733
189719
190223
190330
191134
191181
191250
191431
192689
192810
193544
193610
194268
195471
195967
196143
196498
197457
197461
