2376.89
2474.36
6990.24
7771.01
8509.56
11172.1
11312.2
11653.9
12938.1
13241.8
13821.4
14816.2
14968.2
15909.1
16813.3
17322.2
19036.7
23639.6
23802.1
24234.2
26374.5
28938.7
30899.2
31180.1
31180.3
34676.1
34881
34915.4
38346.1
39369
39537.4
40655.3
42044.7
44045.7
44373.6
44678.5
45054.8
45123
49421.6
53446.5
54210.7
55273
56718.8
56742.7
60598.6
66026.1
67275.5
70647.1
71491.8
72277.9
72417.6
75950.3
76710.6
76868.7
79699.1
85151.2
85150.4
85778
86011.5
88154
89708.8
92052.7
93762.3
94272.5
94677
96732.4
99815.9
100493
102355
102881
103014
103421
108120
111781
112202
112501
113354
113683
114487
115765
118651
119595
121138
122026
123613
123777
123898
128447
129406
129464
130748
132003
132111
133929
134542
135948
136506
138171
138948
139319
143695
148532
148726
152512
153084
154520
154727
155015
155469
155587
156362
158499
159148
161161
162211
162328
163340
165073
166757
168505
169442
171118
171740
172450
173421
176757
177182
178199
180039
182796
185876
186620
188740
190399
190403
199257
