258.93
512.88
744.14
871.29
1501.76
1773.67
1847.07
1991.08
2059.54
2292.1
3319
3622.81
4102.22
4903.26
4909.59
5111.88
5391.64
5480.65
5750.04
5753.55
6045.21
6394.08
6591.03
6597.54
6615.9
7078.17
7424.71
7517.92
8123.78
8154.01
8540.66
9415.57
9551.47
9699.79
9877.5
9962.34
10131.6
10450.7
10484.3
10635
10988
11126.7
11175.3
11439.6
11890.2
12336.9
12534.9
12539.7
12800.1
13068.9
13242
13360.1
13535.5
13576
13650.1
13845.1
13957.4
13970.6
14231
14315
14458.4
14620.9
14844.5
14906.2
15027.9
15528.7
15745.2
16031.6
16386
16784.3
17551
18029.5
18268.3
18650.5
18719.3
18955
18955.6
19520.5
19601.8
19963.5
20087.4
20221.9
20406.4
20430.5
20524.6
20722.6
20908.1
21214.9
21474.2
22156.4
22508.6
22693
22944.1
23163.2
23359.1
24142.9
24489.8
24888.8
24946.7
25179.9
25909.6
26092.5
26283.9
28722.3
29065
29362.5
29679
29955.4
30099.9
30275.5
30522.9
30741
30911.9
31077.9
31231.5
31546.2
31713.7
32007.9
32249
33334.3
33657
33905.8
33947.7
34395.2
34451.4
34682.5
34876.4
35215.7
35364.5
35453.3
35917.6
35970.9
36249.7
36734.4
37586.6
37688
38192
38570.6
39206.1
39850.2
40055.6
40395.2
40892.2
41383.4
41604.8
41821.5
42000.1
42388.3
42541.7
42621.5
42954.4
43073.3
43373.3
43726.5
43914.8
43919.4
44305.3
44604.6
44825
44850.1
45172.8
45584.4
46156.5
46488.5
46650
46796.4
46893.9
47209.5
47866.7
48078
49108.6
49123.6
49282.8
49324
49987.7
51358.8
51502.9
52291.3
52785.8
53173.2
53247.5
53469.6
53795.7
54205.3
54917.1
55205
55495.3
55961.1
56196.1
56306
56528.9
57190
57594.8
57686.3
58330.2
58484.5
58710.7
59304.1
59470.7
59838.9
59889.7
60475
60846.5
61199.9
61646.1
62041.9
62642.2
62825.3
62989.6
63340.6
63428.4
63507.6
64169.2
64467.4
64549.6
64917.2
65245.4
65609.8
65796.5
65893.5
65988.6
66239.8
66484.7
66928.9
67053.4
67134.2
67268
67662.6
67679.3
69017.4
69201.1
69356.5
69609.2
69622.8
69836.3
69960.9
70391.1
70512.4
70915.4
71025.1
71065.8
71132.4
71132.3
71960.2
71988.5
72068.7
72190.9
72307.6
72539.6
72885.8
72913.2
72989.5
73099.5
73321.7
73418.7
73436.6
73514.6
73540.6
73803.8
74752.3
74903
75565.9
75904.5
76385.6
76421.7
76527.4
76911.1
78150.7
79009.3
79497.6
79664.2
80091.5
80230.4
80433.5
80960
81044.5
81393.2
81635.7
81745.4
81784.4
82208
82381.2
82683.8
82872.5
83407.4
83675.5
83942
83976.6
84816.6
85036.4
85086.1
85255.1
85361.6
85518.4
85535.6
85618.5
85819.5
85871.3
86015.2
86203.5
86524.3
86874.7
86940.9
86939.2
87154
87586.7
87713.2
87957.6
88794.1
88932.2
90109.2
90179.5
90191.1
90479.1
90579.5
91163.3
91194.5
91386.2
91655.9
91915.2
92483.5
93010.7
93323.3
93340.2
93638
93946.7
93982.9
94506.2
94572.2
94997.5
95072.1
95470.7
95473.5
95638.3
95747.1
95992.1
96549.2
96719.6
97297.4
97311.6
97511.5
98480
98670.4
99209.3
99301
99465.8
99655.9
100264
100368
100747
100855
101021
101265
101289
101378
101904
102446
102803
102986
102992
103303
103362
103652
103779
104473
105788
106329
107072
107392
107454
107935
108442
108606
108735
108888
109075
109559
109646
109868
110499
110599
111503
111893
112071
112328
112380
112385
113081
113114
113138
113571
113942
114067
114125
114264
114477
114566
114577
114904
115040
115656
115671
116643
116770
117661
118043
118394
118508
118606
119044
119079
119508
119582
119813
119985
120295
120339
120893
121069
121228
121874
121904
122385
122432
123337
123572
126176
126383
126825
126907
127269
127447
127868
128226
129013
129183
129435
129768
130430
130598
131738
131775
132780
133131
133170
133796
134341
134450
134965
135180
135523
135777
135880
135990
136020
136410
136446
136615
137034
137239
137344
137906
138602
138864
138946
139201
139732
140808
141064
141428
141729
141981
142222
143491
143556
143605
144160
144420
144762
145437
145592
145751
145759
145835
146515
146600
147084
147548
147740
148155
148146
148220
148273
148290
148320
148646
149344
149627
149960
150196
151126
151428
152157
152216
152590
152656
152852
153067
153149
153265
153799
153966
154379
154408
154593
154723
154728
154738
154852
154868
155237
155355
155357
156121
156220
156261
156648
156696
156875
156991
157023
157286
157534
157835
157840
157984
158107
158217
158347
158668
158895
158959
159121
159325
159560
159587
159625
159902
160117
160126
160640
160841
160914
161080
161118
161327
161402
161482
161953
162107
162349
162908
162933
163053
163157
163852
164231
164568
164635
164842
164850
164886
165126
165776
165797
166104
166152
166408
166493
166510
166918
167131
167124
167373
167440
167659
168075
168278
168316
168337
168398
169288
169667
170622
170841
170910
171154
171238
171249
171244
171740
171796
171878
172202
172222
172260
172540
172574
172588
172606
172779
173159
173407
174416
174780
174886
174902
175202
175250
175495
175516
176016
176074
176426
176431
176522
176597
176751
176806
176977
177972
177972
178006
178125
178516
178882
179507
179913
180222
180651
180683
180858
181579
181609
181969
182254
182567
182632
183392
183808
184090
184430
185447
185463
185790
186030
186120
186326
186517
186579
186631
186827
187324
187718
187854
187876
188779
188796
190090
190268
190578
191246
191370
192321
192951
193022
193097
193109
193188
193223
193334
193351
193692
193808
193831
194032
194756
194781
195454
195681
195736
195979
196120
196255
196314
196323
196832
197787
198131
198273
198329
198627
198982
199152
199482
199919
