552.25
718.16
816.78
981.73
999.58
1021.8
1249.09
1255.04
1494.06
1669.63
1748.92
1816.41
1834.97
1983.11
1999.98
2227.47
2298.61
2956.67
3335.43
3459.89
3869.86
3888.97
4405.82
4580.23
4843.76
5436.77
5856.36
6261.88
6586.63
6993.47
7145.08
7205.37
7447.43
7501.62
7905.64
8128.41
8158.98
8613.06
8618.39
8653.96
8852.77
9064
9598.71
10301
10553.7
10622.6
10655.6
10685
10943.4
11060.6
11177.4
11202.6
11587
11716.1
11720.1
11879.7
12215.6
12221.2
12288.8
12327.3
12632.7
12934.9
13059.9
13140.2
13222.1
13422.4
13677.7
13700.3
14075.4
14301.5
15323.2
15930.7
16149.5
16459.1
17130.3
17365.6
17866.3
17957.2
18450.2
18775.1
19176.4
19420.5
19576.9
19660.1
19738.9
19909.7
19927.7
20189.8
20231.1
20984.3
21134.1
21733.6
21867.5
22225.8
22242.7
22773
23431.8
23434.6
23574
24499
24924.2
25210.1
25368.5
25579.8
25651.7
25833.9
25903.8
26080.1
26099.2
26320.1
26343.6
26465.6
26495.1
26522.8
26942.2
27646.1
27896.5
27932.3
28389.5
28410.2
28548.3
28725.2
29177.6
29252.4
29265.7
29948.7
29997
30135
30150.8
30185.3
30672.1
30793.9
30899.8
31001.5
31638.1
31694.2
31698.8
32199.8
32375.9
32836.2
32914
33052.3
33305
33344.3
33606.8
33926.6
34063.3
34300.8
34371.3
34702.5
35376.7
35805.3
36304.7
36304.7
36353.3
36531.5
36601.8
36633.6
36829.3
37194
38085.6
38241.4
38761.4
39018.8
39042.8
39260.2
39825.9
39858.7
40514.5
40622.5
40693.8
41745
41857.2
42009.7
42226.9
42804.3
42901
42953.6
43055
43177.9
43494
43530.5
43563.5
43963.6
44357.9
44666.7
44681
45110.3
45189.3
45245.6
45355
45544.5
45694
45874.8
46205
46520.6
46585.3
47192
47302.2
47312.4
47711.3
47792.4
47993.3
48291.9
48317.9
48588.5
48670
48776.6
48804.2
49355
49696.1
49715.5
49822.4
50069.5
50249.2
50434.7
50681.9
50925.8
51006.9
51018.3
51022.7
51166
51551.2
51703.6
51807.2
51884.7
52131.7
52410.7
53008.6
53327.5
54842.6
55232
55353.1
55399.9
55576.5
55951.4
56226
56670.5
56825.5
57066.1
57155.8
57268.2
57358
57442.9
57621.5
57880
58010.9
58241.5
58434.6
58929.2
59082.2
59235.8
59622.9
59921.9
60477.7
60496
60667.9
60822.2
60984.8
61028.8
61092.2
61157.1
61416
61452.6
61845.4
62449.1
62630.7
63245.7
63295.3
63532.8
63645.8
63874
64249.4
64443.4
64764.7
64869.8
65199.8
65589.6
65607.1
65828.6
65842.7
66309.6
66333.3
66399.3
66490.2
66500
66736.3
66751.6
66848.7
67078.4
67244.2
67406.2
67422.5
67483.6
67621.1
68708
68721.9
68844.5
68926
68955.1
68956.7
69236.9
69284.1
69683.3
70161
70188
70236.7
70780
71079.3
71158.1
71227.8
71351.4
71366.7
71384.6
71546.9
71753.5
72026.7
72373.5
72882.6
72919.8
72941.8
72949
73163.4
73420.6
74107.6
74778.3
74964.4
75317.3
75510.1
75924.5
76016.6
76212.7
76315.7
76345.1
76746.1
76971
77121
77131.7
77616.9
77938.7
77955.8
78277.8
78336.5
78455.6
78724.7
78722.7
78797.4
78905.8
78929.9
79290.5
79700.6
79707.8
79930.3
79984.7
79990.6
80174.6
80433.8
80624.4
80794.9
80896.3
81084.2
81278
81347.3
81357.6
81498
81982.8
82201.4
82263.9
83106.8
83118
83223.8
83354.3
84066
84344.2
84582.7
84619.2
85307.2
85446.1
85838.4
86034
86062.5
86268.6
86376.4
86394
86488.7
86876.9
87925.7
88078.7
88725.3
88748.8
88782.1
88794.5
88813.2
88819.8
88906.1
89096.3
89339
89340.5
89624.4
89967.5
89983.7
90113.3
90182.4
90396.8
90970.3
91083.3
91451.4
91453.6
92016.6
92253.7
92458.6
92579
92661.7
92899.8
93215.5
93629.7
93668.9
93750.1
93759.7
93955.2
94043
94239.4
94577.9
94581.2
94593.9
94762.2
94977.8
95238.2
95374.2
95774.8
96109.5
96190.1
96298.7
96348.4
96486.5
96991.8
97087.3
97095.3
97282.9
97450.4
97758.7
98167.2
98257.2
98512.3
98537.9
98568
98669.1
98748.7
98789.1
98983.4
99197.6
99687.2
99832.3
100105
100297
100471
100568
101128
101475
101756
101765
101956
102001
102125
102499
103032
103126
103193
103847
104096
104227
104517
104828
104828
105116
105700
105794
106072
106306
106488
106582
106716
106737
106942
107302
107442
107586
107792
107909
107966
108466
109558
109974
109986
110024
110142
110310
110365
110577
110778
110891
111107
111522
111687
111711
112144
112140
112252
112366
112688
112806
113273
113549
113559
113727
114135
114300
114490
114534
114650
114909
115032
115053
115395
115565
115963
116062
116332
116425
116568
117148
117258
117750
118340
118878
119191
119493
119627
119810
119995
120163
120303
121040
121285
121477
121503
121782
121913
122223
122426
122820
122902
123666
123912
124680
124970
125002
125064
125388
125395
125489
125741
126076
126107
126379
126394
126578
126604
126643
126696
126877
127058
127111
127516
127996
128010
128084
128388
128783
128923
129078
129324
129463
129595
129838
130089
130280
130688
130755
131277
131782
132050
132180
132489
132579
132868
132885
133118
133161
133299
133412
133672
133995
134107
134436
135080
135096
135563
136378
136765
136778
137479
137667
138369
138821
138968
139025
139065
139281
139303
139527
139655
139856
139868
139998
140208
140652
140736
140808
140981
141082
141513
141572
141581
142130
142195
142637
142682
142827
142909
143283
143394
143910
143934
144188
144415
144493
144527
144636
145180
145199
145386
145580
145650
145690
145724
146012
146020
146052
146081
146391
148231
148608
148958
149165
149319
149553
149643
150010
150097
150167
151244
151285
151637
151705
151911
152123
152670
152871
152961
153020
153461
153461
153787
153957
153968
154110
154236
154251
155033
155385
155952
155990
156116
156278
156520
156574
156734
157034
157147
158185
158227
158510
158507
158679
158939
159158
159203
159347
159393
159401
159557
159779
160048
160034
160355
160770
160834
161407
161626
162011
162425
162502
162790
162923
162947
163218
163229
163297
163630
163708
163810
163820
164007
164039
164592
164804
164865
164972
165328
165335
165681
165732
165950
166104
166311
166472
166667
166971
167063
167093
167196
167521
167596
168370
168631
168934
169173
169342
170307
170410
170925
171127
171669
171728
171744
171889
172047
172201
172639
172678
172981
173129
173630
173814
174183
174498
174509
174652
174710
174790
175063
175104
175178
175705
175997
176244
176821
177089
177799
178251
178885
179563
179572
179748
180032
180255
180388
180409
180704
180734
180922
180937
181272
181739
182315
182937
183277
183300
183692
184123
184187
184203
184228
184400
185035
185204
185376
185678
185831
186030
186276
186475
186568
186698
186993
187231
187601
187848
188197
188379
188456
188538
188619
188756
188899
189134
189418
189579
189700
189981
189991
190557
190663
191910
192224
192322
192573
192685
192891
193208
193451
193787
194398
194542
194540
194593
194642
195026
195183
195419
195730
195816
196104
196898
198026
198054
198328
198506
198564
198759
198903
198962
199007
199059
199454
