1310
1852.43
1923.8
2561.21
3062.72
3096.5
5475.29
5705.72
5898.21
6542.21
7277.66
12212.4
14101.6
14594.6
14702.9
15283.3
15833.9
16655
17379.1
18063.8
18962
19192.1
21864.8
23594.2
24150.4
24770.6
25826
26155.4
27287.5
27966.5
28238.1
28307.3
28380
28569.2
29327
29456
29563.2
30024.2
30563.9
31265.9
32359
33534.3
34170.1
34843.6
35715.1
35942.8
36059.9
38404.8
39097.6
39644
40383.1
40515.3
41144.1
43780.3
45149
46506.7
47182.6
47657.4
47712.6
49076.4
49969.1
51126
52595.4
58663.5
59999.6
60318.1
64182.4
64501
64862.8
65554.2
66330.3
67703.5
67846
69760
71814
72216.3
72619.9
72888
73255.8
74119
74319.3
74708.6
74911.9
75318.2
77608
78438.3
78588.7
79124.5
79143.2
81012.5
81620.8
82043.6
82507.2
83707.8
83932.8
84358.4
84916.3
85081.8
85580
86033.9
87843.6
88112.9
95229.6
96249.6
96584.8
96926.9
97432.1
98057.2
98129.3
99539.5
104332
104958
109916
110268
113421
115892
116570
118673
119545
120335
121253
123009
124946
125800
127487
127783
128043
128840
129077
129276
130015
132007
134382
134676
134968
138997
140396
141304
142299
143008
145317
145924
146376
146610
146990
147679
147765
147810
148547
148699
149040
149385
149563
149885
151244
151607
151861
152149
152335
152804
152987
153962
154284
155411
156680
156790
157183
158067
158424
159274
159342
159847
160603
163905
164067
165467
166189
166583
168717
168937
169431
169640
170614
170986
171166
171974
172626
172698
174317
175212
175372
177008
177281
177630
177953
178175
180032
183472
184942
186069
186731
194017
195077
195635
196716
