345.98
674.58
4020.21
4694.37
5972.18
7964.7
8884.02
9846.58
12621.7
12785.9
13253.6
14380.8
14568.6
15967.4
16485.3
19004.9
20053.8
20272.5
23989.9
24670.4
24757.8
25107.3
25214.2
26516.7
28317.7
29504.5
29550.1
30103.9
30227.9
30487.9
32358
32397.7
33027.7
33034.6
34899.4
35425.1
35655.6
36131.2
37536.8
38223.8
38367
39665.6
41038.6
41270.4
41469.2
44944.3
45902.7
49345.3
49370.2
52007.9
52221.8
53292.9
53561.7
55362.1
57149.5
58415
58604.8
58907.4
59619.5
59652.8
60282.6
60439.2
61094
61459.9
61627.8
61979.5
62233.4
62243
62383.7
62420.3
63066.7
64511.7
64982.1
66241
67579.1
67640.4
68875.1
69462.9
69858.5
70893.5
72175.4
72343.6
73539.1
73631.9
73843.7
75072.5
75365.9
75759.9
76536.4
76587.4
76656.8
78033.5
78348.1
78418.3
78590.7
78792.5
79253.2
80012.8
82900.5
84178.6
85019.8
86070.9
87054.4
88544.1
89258.8
89564.8
89805.4
91228.1
92664.3
92918.5
93046.9
93704.5
94014.9
94685.3
94934.7
95918.8
96719.1
96918.2
97230.7
97414
98313
98764.6
99226.2
100248
100582
100919
103057
103453
104551
104673
105047
105705
105883
107283
108302
108616
109117
109711
109786
110839
111597
111939
112499
112696
112728
114634
114737
115948
116027
117411
117620
117797
117959
118043
118406
120157
120595
120650
122321
122568
122732
123440
124220
125918
126623
127620
128351
128483
130367
132041
132124
132841
133757
134508
136884
137507
137515
138427
138959
139739
140851
141256
141940
142263
142745
143602
144839
144980
146619
147035
147059
147889
148665
149222
149905
150366
150582
150872
151327
152825
153050
155638
156243
156550
156866
158553
159508
159821
160562
161185
161489
161730
162429
162738
164044
164489
164644
165176
165455
166131
166612
173681
174072
174337
179409
180607
181827
183273
183624
183835
183970
185210
185501
185590
186029
187681
188288
188889
190398
190442
190695
192269
192435
192511
192898
193913
194705
195338
196311
198936
