3865.78
9336.84
10925.6
10942.5
12395.7
12874.7
12904.5
14321.6
17024.6
19468.9
20975.5
25130.6
25677.8
29164.6
30182
30783.2
32854.2
33476.8
34006
37381.3
39566.5
47197.6
47236.9
48306
51624.2
54180.6
54585.4
54882.8
56837.3
59089.5
59240.1
60427.5
60684.8
62085.7
66465.4
67971.1
70798.8
74769.2
76775.4
77340.2
79241
79632.2
80159.2
87442.1
88964.2
90829.7
91626.7
95590.8
98260.9
98923
99837.4
101768
108091
109082
111061
112956
113860
114461
115452
118007
132016
135182
138793
140443
148233
151460
152216
156804
157618
163197
165443
166023
172034
173490
176362
177647
178766
179494
187526
192815
198117
198245
