511.64
554.24
1155.57
1630.03
2239.25
2685
3010.56
4208.26
4444.82
4765.42
4888.19
5096.49
5413.43
5630.61
5642.64
6169.03
6451.09
6811.61
6850.4
7390.26
7855.9
7943.47
8113.02
8139.85
8806.49
9677.31
10090.8
10108.7
10211.4
10226.5
10901.1
11618.7
12111.8
12768.8
13234.7
15233.8
15685.9
16739.2
16752.4
17032.4
17197
17518.6
18293
18519.6
18848.5
20910.2
21395.9
21443
21525.2
22084.4
22552.6
22651.3
22718.1
22981.6
23478.7
23568.3
24088.9
26248.3
26875.2
26886.1
27544
27947.8
28627
28924.3
28960.2
29305.1
29401.9
29637.5
30220.5
30658.2
31169
31413.9
32208.8
32386.3
32545.8
32714.4
33730.4
33741.4
34104.2
34461.1
34844.6
37372.2
37390.2
37551.6
37669.6
37890.4
38171.6
38586.1
38871.9
39248.2
39277
40159.2
40385.5
40528.1
40568.6
40801.1
40893.3
41135.6
41140.3
41725.6
42482.8
42532.4
42935.5
43369.2
43794.4
44093.5
44442.5
44544.8
44996.2
45770.4
45763.5
47135.6
47525
47635.5
47891.5
49249.8
49557.9
50251
51036.3
51713.5
51806.6
52041.1
52261.6
52336.2
52857.7
53330.9
54311.9
54723.6
54846.8
54890.3
54888.4
55593.5
55796.9
55846.5
56053.5
56119
56168.8
56697.1
56818.9
56837.3
56946.5
57524.7
58048.3
58422.8
58456.6
58924.8
59001.1
59264.1
59347.7
59597.1
59692.2
60482.9
60514.4
61028.2
61724.4
61921.3
62119.2
62417
62711
62997.9
63291
63520.6
63741.2
64626.2
64649.5
64658.9
64736.4
65089
65381.8
66257.1
66515.8
67606.9
68010
68143.2
68160.4
68223.8
68248.9
68609.8
68752.2
69299.2
69349.4
69630.8
70159.6
71985.2
72182.1
72519.3
72541.5
73016.1
73188.9
73455.1
73708
73775
74234.5
76111.7
77197.5
77232.3
77579.6
77668.2
78236.8
78376.5
78408.9
78874.1
78973.7
79141.4
79610.6
79844.1
79982.3
80362.7
80534.4
80712.2
81244.8
81317.2
81410.9
81491.1
81548.6
81895.5
82795.1
83332.1
83605.1
83890.2
84671.2
84694.2
84833.7
85131.8
85479.3
85780.5
85887
85916.4
86465.8
86575.7
86687.6
87543.8
89269.4
89634
91703.6
92379.2
92657.7
92849.9
93419.1
93560.2
93619.1
93689.2
94085.4
94261.6
94623.1
94726.9
95769.8
95985
95989.3
96827.1
97605.1
97832.9
98195.4
98511.2
98562.9
98896.9
99647.5
99889.5
100475
100581
100613
101015
101330
101962
103099
103513
104014
104110
105120
105648
106085
106469
106517
107861
107992
108083
108792
109088
109293
110118
110693
111197
111755
112330
112614
112628
112736
112977
113612
113677
113990
114509
114717
115435
115893
116044
116493
116598
117183
117205
117567
118141
118172
118216
118220
118239
118685
118824
119172
119531
121241
121383
121670
121709
121959
122532
122750
123007
123047
123743
124009
124075
124105
125061
126158
126410
126730
126978
127341
127994
128003
128156
128211
128380
128631
128734
128751
129088
129172
129971
130465
131573
132029
132311
132770
132916
133862
133958
134234
135310
135745
136072
136187
136228
136529
137057
137101
137835
137884
138530
138593
139324
140590
140666
141286
141689
142133
142269
142655
143814
143835
143983
144903
145099
145790
146068
146287
146574
146916
146956
146963
147164
147409
147604
147772
147882
148474
148737
150131
150547
151080
151529
151763
152404
153116
153364
153749
153785
153805
153810
154958
155084
155592
155820
155848
157683
158281
158827
159790
160178
160813
160951
161477
161995
162088
162530
162704
162976
163026
163248
163491
164201
164273
165281
165435
165818
166085
166278
167176
168552
169164
171876
172064
172828
173269
173552
173690
174279
174686
175045
175391
175780
176169
176997
177346
178010
178016
178454
178462
178484
178704
179239
179298
179538
179972
180317
181339
183218
183272
183678
184114
184292
184291
184712
184904
185386
185911
186193
186315
186414
186566
186843
186912
186955
187043
187249
187927
188596
188626
189436
189468
189505
189863
190144
190503
190720
192226
192782
192883
193578
194269
194421
195242
195599
195613
195735
196165
196249
196674
197047
197378
197714
197953
198095
198413
198746
199541
199694
