662.56
1732.35
2191.16
5961.43
6969.53
10359.7
10728.8
11511.4
11870
13045.3
13985
14604.5
16831.4
19011.4
20791.9
22639.8
23881.5
24830.6
26012.4
26604.5
27105
28161.9
28747.3
30168.7
31469.6
32986.7
35141.3
35300.4
37484.2
37730.5
38469.4
39860
41916.1
43052
43163.8
44580.1
47978.4
48024.6
50469.5
50968.5
51429.9
55046.2
58712.3
60000.1
61151.7
63102.8
63605.5
64885.2
65459.9
70769.3
70813.9
75238.2
75533.6
76238.4
77621.4
77821.1
82551.4
82901.8
84279.4
84667.5
84710.7
85441.4
87300
89418.5
89723.5
90908.2
91525.9
92940.9
95843.6
96464.5
96824.4
97554.2
97626.2
99369.1
100663
101515
102108
102428
102885
103410
103811
104188
105352
105953
106975
108758
110543
110583
110667
111942
116912
116981
118936
120959
121708
122002
122223
122343
123780
124436
124590
126025
126318
127939
129039
129680
130050
130451
130574
131877
132010
134347
134477
134629
134760
134978
137335
138515
139783
140938
141497
143889
144400
146321
149385
150433
150634
150660
151030
152640
155098
162565
163691
165003
165489
166055
166218
167908
172311
172915
174446
175949
176361
176467
177628
177802
179445
179951
180298
180643
181978
182853
185242
185701
186328
186466
186500
187809
188714
189708
190464
192484
193111
193779
195408
196643
196694
