135.55
153.1
339.24
533.77
846.57
973.83
1212.12
1721.25
1789.32
2052.25
2654.91
2806.34
3014.91
3169.67
3330.07
4563.18
4738.58
4772.42
4975.47
5177.72
5189.03
5316.88
5355.44
5435.19
5586.25
5687.11
5830.16
6121.75
6408.76
6445.84
6728.31
6829
7439.45
7627.96
7885.23
8491.64
8869.45
9159.88
9385.7
10148.9
10289.6
10550.5
11247.2
11280.9
11547.6
11709.7
11761.8
12302.8
12652.8
12905.3
12977
13465.6
13519.1
13695.8
14196.1
14333.6
14381.5
14387.3
14932.5
15003.5
15427.9
15684.1
16543.2
16991.8
17012.2
17359.9
18245.9
18455.1
18744.2
18888.5
19052.3
19056.1
19293.2
19359.7
19781.7
20047.5
20430.7
20481.2
20581.4
20644.3
20687.8
20739.8
20829.4
21151
21734.9
21737.9
21764.7
21777.2
21880.1
21993.7
22767.8
22988.3
23569.1
23947.1
24070.2
24593.2
24658.8
24689.2
24851.5
24978.2
25341.8
25414.5
25822.2
25901.8
26014.5
26331.4
26425.8
26448.8
26510.7
27051.5
27138.2
27295
27346.2
27541.5
27778
27862.2
27913.7
28066.2
28417.9
28444.3
28740.1
28901.2
29130.6
29242.5
29593.2
29943.2
29996.6
30307.6
30338.1
30331.7
30512.5
30627.6
30653.7
30960.6
31304.3
31631.9
31977.2
32768.4
32794.9
33360.2
33561
33766.1
33950.7
34036.3
34114.8
34232.4
34336.8
34450.6
34818.3
35174.5
35308.2
36289
36489
36679.6
36756
36800.9
36840
36924.6
37002
37390.9
37464.3
37489.5
37841.1
38306.9
38392.8
39465.5
39813
40028.3
40895
41012.7
41056.1
41185.1
41230.6
41351.2
41565.1
41648.9
42857.8
42895
43175.2
43703.2
43877.2
44306.2
44310.3
44604.6
44660
45036.7
45814.5
45843.4
46015.3
46176.4
46415.4
46677.3
46904.8
47502.2
47562.9
47846.4
48066.5
48226.2
48519.8
48938.8
49184.2
49352.8
49574.6
50106.5
50244
50747.2
50991.6
50998
51022.9
51031.9
51152.4
52000.1
52240
52825.9
53168.4
53753.8
53808
53992.8
54108.5
54418.9
54733.6
54989.3
55012.1
55122.7
55387.7
55433
55494.6
55853.9
56090
56203.4
56460.9
56491.8
56739.8
56814.7
56929.4
57267.6
57342.8
57522
57679.3
58466.6
58888.2
58974.9
59667.2
59824.6
60967.6
60992.8
61037.2
61422.6
61760.2
62033.6
62235.8
62292.8
62450
63381.4
63795.2
63906.3
64730.9
65092.3
65378.2
65566.1
65930.7
66349.3
66749.5
67209.4
67529.3
67973.8
68193
68719.4
68831.4
68951.1
69367.7
69663.7
69855.5
69873
70155.5
70225.3
70377.4
70518.9
70578
71581.7
71978.9
72219.3
73195.7
73404.4
73807.9
73937.8
74075.3
74126.2
74297.7
74452.6
74959.6
74985
75016
75089.4
75234.9
75341.4
75525.7
75695.7
76134.6
76270.5
76490.6
76630.9
77024.4
77227
77657.4
79019.9
79522.6
80036
80357
80588.9
80712.2
80981.2
81010.2
81201.4
81353.1
81429.4
81462.5
81818.4
82065.5
82137.6
82148.2
82172.5
82398.6
82490.9
82690.6
82733.3
83094
83400.4
83413.7
83502
83549.8
83868.8
84389.8
84573.3
84592.5
85149.4
85426.2
85491.9
85501.6
85817.6
86352.1
86424.2
86498.9
86621
87116.3
87151
87921.4
87961.7
88007.4
88267.2
88451.6
88914.5
89153.9
89245.5
89581.5
89833.8
89963.1
90421.9
90605.2
90607.5
90813.3
91115.3
91833
92103.2
92207.8
92229.5
92576.8
92652.3
92663.3
92678.3
93030.3
93711.7
93744
93928
94493.7
94749.8
94860.3
95105.7
95339
95378.1
96334.4
96633.4
97158.6
97277.8
97484
97706.3
98018.8
98477.9
98749.4
98774.9
98878.8
99091.3
99372.5
99391.8
100556
100690
101028
101044
101078
101101
101393
101555
101717
101756
101799
101922
102268
102416
102676
102685
102730
102890
103151
103185
103536
103636
103777
104168
104293
104432
104730
104794
105059
105161
105385
105570
105848
105918
106204
106395
106492
106710
107900
108186
108309
108383
108594
108684
108951
109240
110134
110200
110203
110292
110378
110638
110661
110784
111580
111705
112351
112674
112689
113484
113693
113743
114120
114298
114501
114640
115793
116392
116624
116718
117129
117298
117435
117541
117996
118047
118217
118237
118261
118351
118713
118792
118861
119025
119140
119422
119698
119935
120153
120235
120252
120589
121153
121240
121531
121586
121648
121755
121939
121966
122204
122230
123142
123238
123553
123875
124163
124190
124304
124666
124908
124927
124970
125393
125421
125959
126153
126163
126264
126536
126547
126569
126664
126903
127158
127416
128059
128156
128718
128764
129472
129824
129854
130078
130098
130375
130450
130607
130861
130910
131138
131465
131757
131884
132932
133372
133623
133703
133865
133991
134248
134359
134620
134709
134838
135770
136048
136501
136534
136818
137022
137176
137243
137700
137723
137896
138049
138154
138233
138483
138691
139185
139544
139720
139858
139972
140176
140311
140378
141248
141322
141610
142120
142520
142616
142675
142962
143056
143123
143733
144025
144112
144717
145044
145246
145337
145384
145680
145861
146042
146112
146121
146216
146246
146591
146984
148212
148512
148539
148690
148783
148912
149032
149189
149210
149299
149530
149616
149673
150016
150083
150248
150375
150373
150537
150558
150807
150819
151244
151279
151383
151458
151616
152221
152455
152613
152993
153083
153300
153324
153780
153782
153940
153948
154167
154494
154729
154846
155467
155555
155749
156028
156145
156296
156639
156910
157096
157691
157704
157848
158234
158250
158547
159096
159395
160047
160296
160518
160606
160679
160772
160764
161393
161536
161631
161682
161713
161751
162058
162191
162317
162497
162760
162777
162833
163303
163391
163460
163557
163796
163811
164039
164058
164105
164231
164535
164857
164935
165067
165095
165132
165320
165520
165614
165712
165768
166155
166478
167132
167669
167808
168136
169282
169315
169361
169419
169738
170366
172186
172216
172569
172582
174022
174038
174113
174409
174786
174881
175551
175551
175587
176076
176117
176329
176520
176817
177083
177118
177196
177331
177658
177791
178179
178796
178966
179221
179363
179719
180129
180395
181272
181266
181621
181918
182512
182925
183314
183431
183591
183746
183963
184173
184264
184568
185210
185392
185442
185824
185934
186069
186291
186284
186371
186687
187370
187607
188152
188499
188657
188913
189081
189547
189666
190232
190459
190619
190654
190723
191044
191823
192068
192098
192199
192858
192887
193555
194148
194151
194170
194193
194735
194732
194861
195022
195163
195454
195710
196088
196245
196274
196491
196603
196752
196796
197325
197558
197805
198137
198290
198501
198508
198740
198895
198991
199179
199198
199778
