2335.58
3269.64
4337.64
10133.9
10924
10939.9
12480.9
12654.3
13197.4
13645.1
15546.5
16520.2
17022.3
17411.2
17639.7
17740
18739.7
19344.3
19786
21553.3
21866.8
32974.8
33582.8
35559.6
35982.5
37413.3
37643.8
38800.2
38804.4
39018.4
39319
41171.9
44155.4
44272.4
45156.8
46208.6
46542.2
50759.7
52255
53543.1
55743.7
56453.7
57681
58172
66155.4
68712.5
69350.5
70241.2
78969.8
84618.8
85643
86274.9
87179.2
89548.9
92983.4
94836.5
95720.6
95778
95989.9
97235.9
97806.6
100841
119609
122143
122403
123321
123974
126472
126506
127678
127955
132732
133838
137138
137593
140818
141985
143774
145561
148180
148914
149317
150008
150722
152114
154003
160013
160889
161696
162882
163233
164018
164281
164320
164556
165157
167176
167356
167812
169589
169687
170081
171034
171083
171390
171825
172067
172861
173589
174023
174689
177344
177788
179706
181544
185357
189827
190021
190895
191289
194702
196867
