515.02
783.52
851.5
1063.46
1472.26
1579.48
1643.89
1867
2086.4
2402.28
2854.02
2857.52
2891.65
2957.94
3720.75
3831.54
3936.06
4168.21
4397.52
4621
5064.24
5328.9
5402.11
5546.82
6277.74
6939.82
7009.05
7142.96
7158.15
8890.67
9304.04
9448.07
9978.84
10061.9
10444.9
10549.7
10557.4
10819.9
10878.7
10938.7
11362.6
11436.7
11501.7
12152.9
12667
12959
13529.5
13630.6
13761.7
14563
14633.6
14680.9
15278.7
15341.3
15530
15972.5
16359.6
16798.4
16952.1
18004
18492.2
18532.8
18768.1
18919.8
19165.8
19506.2
19966.2
20023
20147.1
20627.7
20666.3
20688.9
20686.2
20743.8
21425.8
21629.4
21641.7
21952.5
21980.1
21995.2
22241.7
22563.8
22768.3
23094
23586.6
23638.2
23649.9
24245.3
24518.9
24759
24817.1
25672.5
25741.9
25912.2
26172.2
26231.2
26286
26594.8
26704.7
27280.3
27378.8
27467.2
27827.9
28179
28967.9
29120.9
29566.1
29622.3
29979.3
30412.3
30636.9
30679.8
30751.3
30805
32118.7
32274
33208.4
33888
34534
34727.9
35106.8
35469.7
36154.3
36168.4
36161.6
36512.8
36590.3
37045
37736.7
37925.2
38122.1
38342
38490.5
38858.6
39229.8
39473.7
39489.7
39963.4
40104.4
41160.1
41452.6
41468.4
41616.9
41860
42315.4
42690.6
42808.2
42961.7
43113.9
43768.4
43800.3
43934.9
44401.2
44744.5
44951.4
45173
45779.6
46212.6
46874
47117.2
47463.2
47489.6
47501.5
47505
47714.7
47875.9
49165.1
49407.3
49675.6
49952.6
50218.8
50242.5
50288.1
50707.9
52283.9
52369.7
52794.9
52956.2
53593.9
54136.5
54262.9
54563.1
55603
55828.7
55975.7
56197.3
56382.9
56648.8
56659
56924.1
57192.7
57219.4
57381
57608.7
57657.5
57737.2
57892.8
57961
58249.9
58744.1
58885.8
59899.3
59995.8
60351.7
60638.3
62262.3
62628.9
62730.4
63108.3
63627.9
64265.7
64304.3
64829
64895.6
64919.9
65699.7
65931.6
66102.1
66700.2
66808.2
66824.3
67152.5
67461.7
67633.1
68352.9
68400.2
68830.3
68996.9
69539.7
69619.5
69738.6
69918.1
69935.3
70460.5
70636.9
71000.3
71790.4
72084.1
72108.5
72279.1
72579.4
72616.6
74339.2
74368.5
74511.5
74583.2
74854.2
75350.4
75548.8
75799.6
75885
76593.5
76680.2
76878.1
77014.9
77852
78568.2
78720
78801
78800.8
79699.6
80275.1
80285.1
80794.8
80862.7
81362.4
81915.9
82393.5
82823.6
82953.7
83131.4
83630.1
83989.7
84289
84296.2
84793.1
85164.7
85179.8
85712.4
86184.2
86495.6
86646.9
86808.5
86858.6
87322.8
87910.3
88152.6
88504.5
88543.6
88937.8
89445.5
89546.9
90214.5
90825.2
90999.7
91061
91884.7
92642.6
92892.9
92984.9
93653.7
94242.2
94764.4
94980.2
95136.8
95912.7
96034.1
96121.7
96415.7
96853.5
97321.6
97325.8
97535.3
97650
97887.1
98071.7
98291.2
99031.4
99146.3
99171
99559.6
99594.5
99643.2
100175
100892
101037
101082
101364
101717
101807
101922
102040
102201
102794
103180
103198
103617
103640
103785
104097
104371
105267
105695
105777
106331
106499
106943
107020
107150
107247
108397
108450
109106
109124
109403
110397
110665
110883
111267
111302
111737
112526
112648
113309
113351
113380
113421
113520
113871
113967
114133
114425
114657
114928
115736
116076
116122
116264
116802
117013
118106
118287
118583
118784
118916
119015
119125
119317
119673
120195
120859
121212
121347
121638
121941
122402
122949
125235
125422
125672
126160
126283
126400
126535
126545
127396
127441
128678
128904
129036
129247
129403
129715
129945
130448
131117
131224
131349
131640
131651
132694
132799
132908
132953
133092
133822
133869
133989
134584
135075
135193
135246
136243
136263
136641
137453
137637
137769
138152
138214
138408
138486
138750
139000
139674
139974
140140
140474
140503
140668
140823
140873
140989
141381
141459
142365
142579
142654
143136
143406
144150
144200
144230
144457
144769
145030
145032
145130
145485
145552
145746
145945
146490
147182
147289
147668
147673
147955
148242
148660
148726
149004
149045
149266
149309
149717
150348
150564
150697
150713
150937
151246
151280
151442
151465
151579
152055
152691
152747
152939
153092
153253
153359
153915
154247
155556
155884
156490
156672
156681
156904
157051
157349
157531
158229
158804
159224
159324
159470
159801
160115
161415
162019
162205
162250
162398
162638
162708
162763
162769
162770
162939
163086
163889
164182
164290
164474
164821
165188
165299
165591
165975
165991
166432
166710
166853
167304
167395
167419
167586
167868
168330
168974
169159
170247
170591
170896
171210
171290
171566
171711
172482
173409
173662
173947
174211
174617
175524
175929
176402
176653
176948
178282
178440
178548
178625
178725
178789
178990
179002
179081
179185
179434
179431
179636
180539
180562
180719
181001
181054
181126
181231
181268
181276
182935
183261
183875
183914
183977
184532
184812
185358
185431
185644
186111
186254
186308
186905
187275
187471
187865
188244
188258
188361
188950
189800
190089
190125
190650
190822
191641
191818
191962
192051
192255
192900
193543
194262
194305
194319
194408
194444
194841
195479
196247
196443
196656
196734
197411
197539
197609
197768
197864
197919
198243
198365
198600
198632
198883
199028
199092
199200
