552.25
816.78
999.58
1255.04
1748.92
1816.41
1834.97
1999.98
2227.47
2298.61
2956.67
3335.43
3459.89
3869.86
3888.97
4405.82
4580.23
4843.76
5436.77
6261.88
6586.63
6993.47
7145.08
7205.37
7501.62
7512.2
7546.15
7905.64
8128.41
8158.98
8613.06
8618.39
8653.96
9064
9598.71
10301
10553.7
10622.6
10655.6
10685
10943.4
11060.6
11177.4
11202.6
11346.4
11587
11879.7
12215.6
12288.8
12632.7
12934.9
13059.9
13140.2
13222.1
13422.4
13677.7
13700.3
14301.5
15323.2
16149.5
16459.1
17130.3
17365.6
17957.2
19576.9
19660.1
19738.9
19909.7
19927.7
20189.8
20231.1
20984.3
21134.1
21867.5
22225.8
22242.7
22773
23431.8
23434.6
23574
24499
24924.2
25368.5
25579.8
25651.7
25833.9
25903.8
26080.1
26320.1
26343.6
26465.6
26942.2
27216
27646.1
27896.5
28389.5
28410.2
28548.3
29177.6
29252.4
29265.7
29948.7
29997
30135
30185.3
30672.1
30793.9
31001.5
31638.1
31698.8
32199.8
32375.9
32836.2
32914
33052.3
33305
33606.8
33926.6
34063.3
34300.8
34371.3
35376.7
35805.3
36304.7
36353.3
36531.5
36601.8
36633.6
36829.3
37194
38085.6
38241.4
39018.8
39042.8
39260.2
39825.9
39858.7
40514.5
40622.5
40693.8
41857.2
42009.7
42226.9
42804.3
42953.6
43055
43177.9
43494
43963.6
44357.9
44666.7
44681
45110.3
45245.6
45355
45544.5
45694
45874.8
46205
46585.3
47192
47302.2
47312.4
47711.3
47792.4
47993.3
48291.9
48317.9
48588.5
48670
48776.6
48804.2
49696.1
49822.4
50069.5
50434.7
50681.9
50925.8
51006.9
51018.3
51022.7
51166
51551.2
51703.6
53008.6
53327.5
54842.6
55232
55399.9
55951.4
56226
56825.5
57066.1
57155.8
57268.2
57442.9
57880
58010.9
58241.5
58434.6
58929.2
59082.2
59921.9
60477.7
60496
60667.9
61028.8
61092.2
61157.1
61416
61452.6
61845.4
62449.1
62630.7
63245.7
63295.3
63532.8
63645.8
64249.4
64443.4
64764.7
64869.8
65199.8
65607.1
65828.6
65842.7
66309.6
66333.3
66399.3
66490.2
66500
66736.3
66751.6
66848.7
67036.1
67244.2
67422.5
67621.1
68708
68721.9
68926
68956.7
69236.9
70161
70188
71079.3
71158.1
71351.4
71384.6
71753.5
72882.6
72919.8
72941.8
72949
74964.4
75924.5
76016.6
76212.7
76315.7
76345.1
76971
77121
77131.7
77616.9
77938.7
77955.8
78277.8
78455.6
78724.7
78722.7
78797.4
78905.8
79700.6
79930.3
79984.7
79990.6
80433.8
80624.4
80794.9
81084.2
81278
81347.3
81982.8
82201.4
83118
83223.8
83354.3
84066
84344.2
84619.2
85307.2
85446.1
86034
86268.6
86394
86488.7
86876.9
87925.7
88725.3
88748.8
88782.1
88794.5
88813.2
88819.8
88906.1
89096.3
89339
89340.5
89624.4
89937.9
89967.5
89983.7
90113.3
90182.4
90396.8
90970.3
91083.3
91451.4
91453.6
92253.7
92458.6
92579
92899.8
93215.5
93750.1
93955.2
94043
94239.4
94577.9
94593.9
94977.8
95238.2
95374.2
95774.8
96190.1
96298.7
96486.5
96991.8
97087.3
97282.9
97450.4
97758.7
98167.2
98257.2
98512.3
98537.9
98568
98669.1
98789.1
98983.4
99197.6
100105
100297
100568
101475
101756
101956
102001
102125
102499
103032
103193
103847
104096
104227
104828
105116
105357
105700
105794
106072
106306
106582
106716
106737
106942
107302
107442
107586
107792
107909
107966
109558
109974
109986
110024
110142
110365
110577
110778
110891
111107
111522
111711
112144
112688
112806
113549
113559
114300
114490
114650
114909
115032
115053
115395
115565
115963
116332
116568
117750
118340
118878
119191
119493
119627
119810
119995
120303
121040
121285
121477
121503
122426
122448
122820
122902
123666
123912
124970
125002
125064
125388
125395
125489
126076
126107
126604
126643
126696
126877
127111
127516
127996
128010
128084
128388
128783
128923
129078
129324
129595
130089
130280
130688
130755
131277
131782
132180
132579
132868
132885
133118
133161
133299
133412
133995
134107
134436
135096
136378
136765
136778
137479
138968
139025
139281
139303
139413
139655
139856
139998
140208
140652
140736
140981
141513
141572
141581
142195
142637
142682
142827
142909
143283
143394
143910
143934
144188
144415
144527
145180
145199
145386
145580
145650
145724
146012
146020
146052
148608
148958
149553
150010
150167
151244
151285
151705
152123
152670
152871
152961
153020
153461
153461
153787
153968
154110
154236
154251
155033
155385
155952
155990
156116
156278
156520
156574
156734
157034
157147
158185
158227
158510
158507
158679
158939
159203
159347
159401
159557
159779
160034
160355
160770
160834
161626
162011
162425
162502
162923
162947
163218
163229
163297
163630
163708
163810
164039
164592
164804
164972
165328
165732
165950
166104
166311
166971
167063
167093
167196
168370
168631
170307
170410
170925
171127
171669
171728
171744
171889
172047
172639
172678
172981
173129
173814
174183
174498
174652
174710
174790
175063
175104
175178
175705
176244
176821
177089
177799
178251
179572
179748
180388
180704
180734
180922
180937
181272
181739
182315
182937
183277
183300
183692
184123
184187
184203
184228
184400
185035
185204
185376
185678
185831
186030
186276
186568
186698
187231
187601
187848
188197
188379
188456
188538
188619
188899
189134
189418
189579
189700
189991
190557
190663
191750
191910
192224
192322
192573
192685
192891
193208
193451
194398
194542
194540
194593
194642
195026
195419
195730
195816
196104
196898
198026
198054
198328
198506
198564
198903
199007
199059
199454
