313.05
503.29
772.72
842.1
1050.58
1358.72
1458.42
1568.44
1634.54
1844.7
1950.92
2075.3
2390.44
2843.93
2847.93
2875.88
2907.81
2947.79
3407.64
3710.05
3818.84
3924.91
3992.91
4154.59
4388.6
4607.68
4665.74
5054.04
5317.12
5337.95
5390.89
5535.69
6922.23
6996.43
7132.48
7144.94
7154.76
7361.36
7433.16
7516.22
8252.28
8571.94
8761.58
8877.34
9292.75
9435.96
9962.55
10047
10342
10406.7
10428.9
10533.8
10544.9
10606.9
10801.6
10869.2
10928.4
11257.2
11276.2
11337.6
11399
11425.3
11484.2
12141
12142.3
12647.3
12946.1
13513.2
13617.9
13747.5
14282.8
14286.7
14552.8
14623.9
14669.7
14747.7
15268.2
15329.9
15516
15700.8
15786.4
15947.3
16016.7
16343.4
16783.7
16828.4
16938.1
17987.8
18147.2
18481.4
18521
18754.1
18909.2
19054
19153.9
19440.2
19493.1
19775.6
19942.1
20006.7
20104.6
20136.6
20316.6
20616.1
20654
20673.6
20677.7
20733.1
21411.8
21619.3
21625.2
21818.2
21938.6
21968.8
21972.4
22223.1
22552.7
22757.4
23076.9
23566.1
23624.6
23636.1
23934.7
24236
24372.5
24507
24746
24805.7
25122
25311.7
25543.1
25659.9
25727.9
25785.6
25893.3
26156.9
26219.3
26275.7
26427.4
26448.3
26584.7
26694.5
27142.5
27267.3
27367.3
27448.3
27639.2
27815.6
28167.9
28745.6
28928.5
28958.4
29111.1
29164.6
29171.9
29556.7
29612.9
29906.1
29968.5
30349.5
30401.1
30611.4
30620.8
30658.4
30737.1
30791.7
31467.8
31588.4
32107.5
32258.9
32521.4
32897.4
32983.6
33195.4
33287.9
33487.9
33863.2
33875.7
34517.2
34541
34715.3
35097.1
35454.1
36143
36149.8
36149.9
36502.5
36507.3
36577.7
37034.5
37726
37914.8
37980.6
38109.3
38330.6
38478.9
38646.5
38820.1
38845.2
39159.2
39215.7
39460.2
39473.5
39625
39954.3
40094.5
40289.7
41130.4
41438.3
41445.1
41452.9
41603
41710
41846.9
41869.8
42305.7
42677.6
42735.4
42797.5
42949
43101.4
43408.1
43629
43758.2
43790.3
43924.8
44390.9
44403.5
44728.7
44938.9
45160.1
45766.7
46203.7
46510
46862.8
47101.4
47453.8
47476.3
47490.3
47494.7
47702.4
47862
47931.2
48696.8
49074.9
49151.4
49240.7
49390.5
49605.6
49665
49712.4
49941.7
50000.5
50209.7
50229.9
50260.7
50469.5
50663
50668.1
50985.4
51598.1
51821.2
52271.4
52352.9
52542.9
52781.1
52808.2
52944.5
53105.8
53245
53581.7
53622.6
53744
54124.3
54191.2
54248.7
54551.6
54902.3
55054.2
55168
55593.9
55598.4
55608.1
55817.9
55961.6
56185.9
56370.1
56637.1
56644.7
56909.5
57163
57204
57365.6
57596.2
57599
57642.8
57723.5
57884.1
57949.5
58236.3
58734.5
58875.3
59428.9
59529.8
59885.7
59973.7
60194.9
60307.9
60319.7
60619.8
60912
62161.4
62250.9
62618.3
62721.3
63023.7
63096
63581.3
63612.8
64254.3
64262.6
64291.9
64817.6
64886.1
64895.3
65688
65914
65918
65975.7
66092
66520.8
66687.1
66796.6
66805.8
66913.7
67140.2
67449.3
67623.1
68099.8
68098.1
68341.6
68385.6
68419.7
68689.1
68700.7
68843.6
68977.8
69033.1
69489.4
69526.7
69609.1
69700.5
69905.5
69923.4
70449
70626.5
70987
71013.4
71143.7
71296.2
71692
71773.8
72073.4
72098.5
72267.9
72430.3
72569
72598.5
73117.1
73266.7
73331.5
74328.1
74359.1
74500.9
74569.4
74843
74897
75078.4
75337
75536.4
75740.8
75790.2
75873.4
76028.8
76580.7
76665.7
76757.1
76867.6
76950.1
77005
77354.4
77842.3
78001.1
78115.7
78512.2
78555.5
78711
78787.2
78789.2
79146.9
79528.3
79689.9
80254.9
80273.1
80558.6
80777.2
80850.7
81352.9
81908.7
81905.6
82381.8
82379.3
82809.4
82942.8
82960.4
83108.7
83295.2
83617.8
83979.4
84088.5
84268.6
84279.4
84287.4
84706.4
84774.6
85154.3
85171
85438
85700.6
86171.1
86452.8
86482.8
86627.6
86797.9
86845.2
87258.4
87310.7
87698.5
87852.5
87896.2
87993.9
88070.2
88142.7
88214.1
88394.4
88489.4
88534.9
88618.9
88927.7
89429.8
89533.1
89850
89858.8
90202
90813.9
90986.8
91046.4
91868.1
91875.4
91932.4
92034.4
92631
92811.5
92880.2
92970.2
93470.4
93632.3
94232.2
94352.6
94516.6
94651.7
94752.9
94969.7
95002.3
95122.6
95152.6
95442.9
95899.9
96021.1
96107.4
96268.6
96400.8
96840.9
97309.3
97313.7
97525.7
97637.3
97878.3
98061.1
98280.6
98670.4
98886
99022
99133.3
99157.7
99546.1
99581.8
99629.8
100142
100163
100883
101027
101070
101274
101332
101351
101658
101703
101795
101912
102029
102191
102786
103152
103187
103539
103606
103625
103773
104085
104360
104516
104869
105246
105256
105474
105681
105766
106115
106321
106431
106485
106913
107007
107137
107155
107237
107701
108386
108430
108903
109095
109112
109392
109599
110042
110189
110385
110651
110873
111253
111289
111727
111887
112215
112237
112514
112638
113122
113296
113338
113370
113407
113509
113862
113954
114124
114146
114401
114417
114445
114648
114896
115018
115673
115725
116065
116113
116145
116252
116549
116792
117002
118089
118276
118564
118651
118769
118903
118996
119112
119306
119395
119658
120065
120182
120849
121200
121307
121626
121726
121931
122361
122392
122913
122935
124176
125170
125223
125412
125661
126129
126272
126316
126388
126523
126533
126809
126840
127261
127292
127382
127430
128668
128893
129027
129236
129294
129385
129705
129934
130239
130436
130570
131106
131210
131337
131631
131642
132569
132680
132786
132893
133082
133812
133857
133979
134571
134606
134849
135064
135180
135234
135314
136182
136230
136253
136630
137438
137453
137626
137756
137805
138142
138203
138396
138466
138539
138739
138986
139055
139120
139259
139665
139962
140081
140127
140463
140492
140650
140813
140857
140979
141365
141447
142004
142031
142353
142567
142645
142951
143128
143396
144118
144137
144191
144216
144444
144758
144856
145009
145019
145111
145136
145467
145528
145735
145917
145934
146015
146404
146479
146994
147171
147278
147336
147508
147622
147652
147944
148214
148232
148649
148712
148993
149033
149255
149299
149708
149880
150337
150550
150686
150704
150926
151027
151236
151271
151429
151455
151569
152042
152677
152735
152925
153080
153240
153347
153904
154223
155547
155866
156295
156428
156480
156653
156663
156892
157038
157253
157338
157518
157967
158219
158732
158771
159214
159312
159444
159791
160106
160683
160762
161152
161403
161432
161514
161899
161987
162008
162194
162241
162387
162624
162694
162753
162758
162760
162927
163019
163047
163872
164167
164279
164464
164811
165179
165287
165564
165964
165977
166419
166699
166700
166844
166853
167294
167379
167404
167575
167854
168314
168487
168965
169148
169196
169631
170164
170218
170580
170884
171020
171197
171277
171554
171700
171787
172462
172594
172729
172837
173398
173653
173936
174008
174200
174604
174605
175072
175231
175514
175920
176352
176392
176644
176732
176791
176936
177055
178002
178271
178425
178538
178614
178705
178777
178979
178990
179009
179069
179166
179421
179418
179625
179963
180528
180553
180710
180969
181044
181116
181171
181213
181257
181266
181730
182924
183249
183866
183899
183964
183981
184523
184800
184959
185347
185416
185570
185630
186035
186100
186235
186298
186894
187259
187451
187855
188233
188248
188345
188940
189446
189790
190076
190101
190252
190460
190636
190813
191314
191630
191654
191806
191939
192035
192245
192888
193528
194093
194249
194291
194304
194396
194434
194641
194831
195460
195599
196234
196429
196643
196725
197120
197388
197518
197592
197755
197853
197876
197902
198210
198345
198550
198599
198588
198620
198782
198867
199015
199076
199181
199886
