1214.05
1767.69
2537.95
3190.98
4460.58
5350.71
6194.56
11122.8
13603.2
15895.8
17927.9
18836.7
19060.2
19307.1
21523.3
22198.1
22866.8
23116.6
23494.4
24166.7
25794.5
28413.9
28831
30883.9
35212.3
35513.5
36045.7
36943.9
39268.9
39531.5
39547.2
40601.6
41866.6
41944
42892.1
43167.9
46527.6
47632
48573.7
57517
60707.5
62243.9
66007.8
66399.4
67566.2
68116.2
68412.4
73900.6
74477.7
79480
81413.3
86746.6
89090.8
89752.2
95034.5
95240.8
95550.8
96736.2
97610.8
99483.5
100289
103304
104109
104723
107680
107971
108081
109162
109353
109517
110522
110771
110835
111025
111073
112044
112094
113630
113732
113985
114224
114320
114688
115056
115394
115508
122040
123164
124026
124659
126132
127937
128267
128611
129718
131791
138821
140640
140717
141639
141660
142839
144605
147506
149058
149860
150621
152521
154282
154928
154942
156224
158010
158411
158762
159246
159913
160074
160700
162361
163130
165041
169332
170844
171276
173010
174852
175047
175961
176218
177908
178295
180179
180783
182300
183337
184405
185862
186298
187537
188256
189097
193098
193777
194686
194964
195322
195381
195667
195705
196401
196476
196551
196658
196661
196781
196949
198365
199609
