859.71
2296.81
2956.42
3084.15
3334.32
3699.4
3885.56
4178.77
4576.26
5015.74
5499.01
5856.2
6991.09
7009.35
7366.4
7539.57
8154.85
8232.12
8973.53
9198.72
9906.65
10119.3
10243.8
10526.7
10615.1
11781.8
12196.6
12629.7
12871.8
13133.2
13730.8
13842.6
14486.5
14776.1
15604.6
15640.1
15783.7
15870.1
16583.6
16673
17121.8
17330.6
17411.7
17510.4
17696.2
17754.8
18045.7
19223.6
19701.2
19734.2
21565.3
22199.9
22220.4
22598.1
22767
22909.4
22996.8
23426.7
23474
23828.3
24265.9
24373.8
24562.4
24879.2
24911.8
25106.4
25329.9
25882.9
26316.7
27215.8
27220.2
27322.4
27855.9
27889.5
27993.8
28171.3
29259.4
29456.4
30178.6
30376
31064
31360.8
31822.3
32184.1
32485.2
32837.8
32964.1
33008.8
33047.9
33397.8
33407.4
33940.4
34058.1
34368.1
35145.1
35596.2
35845.1
36825.4
37314.4
37361.5
37943.9
38286.4
38310.7
39037.1
39108.3
39407.1
39541.9
39597.7
39831.9
40620.1
40688
41268
41429.8
42002.5
42008.1
42353.5
42675.5
42717.2
42818.5
43802.8
43866.4
45101.7
45351.4
45436.2
45850.6
45869.4
46424.3
46688.4
48313
48585.9
48797.2
49520.6
49862.8
50173
50678.6
51488.5
51697.8
52034.2
52154.4
52533.8
52710
52875.9
53004.1
53114.9
53527.4
53875.9
54470.4
55236.7
55816
56338.6
56493.5
57058.7
57270
57320.1
58234.5
58602.6
59171.3
59591
60606.5
61198.4
61256.4
61276.8
61457.4
61536.7
61559.7
61923
62133.7
62865
62895.5
63248.3
63608.5
63697
63756.7
64142.4
64864.1
64897.9
65878.5
66308
66316.4
66486.8
66489.6
67189.6
67623.1
68274.5
68414.8
68678.8
68950.2
69005.9
70290.4
70355.4
71324.5
71332.6
71599.7
71874.5
71931.6
72311
72447.8
72881
72941.8
73234.6
74084.3
74166
76013.8
76551.9
77226.3
77796.8
77956.7
78175.2
78274.8
78327
78420.4
78615.7
78630.2
78719.4
79049.4
79184.9
79507.9
79692.2
79983.4
81973.5
83021.2
83350.5
84011
84155
84808.7
84880
84975
85736.1
86459.3
87532.1
87802.8
88722.8
89333.8
89892.6
89933.4
90172.9
90235.5
90257.1
90301.1
90963.3
91109.1
91403.7
91444.1
91517.4
91725.6
92897.2
93123.6
93178.4
93710.1
93734.7
94265.8
94534.4
94577.1
94588
94627
95118.2
95334.4
95367.6
95604.5
95889.2
96175.4
96183.1
96290.7
96374.3
96614.3
97179
97601.1
97986.2
97986
98166.5
98558
98604.3
98662.2
99103.7
99588
99655.4
99883.8
100101
100102
100260
100267
100292
100671
100781
100885
101858
102209
102268
102539
102927
103260
103576
103677
105776
106164
106576
106714
106766
107298
107476
107525
107786
107814
107895
107962
108105
108592
108606
109013
109108
109158
109327
109760
110026
110347
110363
110889
111581
112264
112307
112791
113070
113971
114364
114645
114859
114906
114974
115059
115389
116307
116386
117089
117560
120572
120712
120816
121033
121992
122857
123501
123704
123941
123995
125062
125088
125287
125488
125771
125781
125857
126340
126604
126879
126992
127512
127794
128003
128082
128339
128379
128917
129633
129765
130155
130682
130772
131271
131339
131622
132067
132113
132116
132577
132864
132933
133119
133298
133818
133834
134283
134759
135507
136132
136136
136635
136763
137152
137706
137755
138883
138929
139094
139141
139724
140201
140297
140359
140727
140765
140835
141293
141634
142335
142907
142931
143164
143280
143388
143416
144409
145120
145574
145617
145842
146406
146580
147206
147958
149236
149399
149455
150032
150605
151101
151701
151794
151942
152013
152121
152210
152374
152713
152955
153460
153459
153515
154500
155380
156107
156217
156594
157107
157179
157471
157998
158063
158377
158477
158837
159228
159554
159629
160283
160846
161691
162044
162918
162943
163694
164589
165727
165791
166678
166938
167055
167056
167119
167679
167690
168122
168236
168273
168458
168618
168997
169044
169754
170026
170153
170407
170557
170786
170925
170997
171039
171123
171254
171435
171472
171740
172045
172272
172270
173183
173259
173574
174013
174199
174617
174918
176151
176239
177740
178554
178620
179000
180068
180334
180476
180693
180931
181552
182928
183690
184181
185196
185319
185825
185921
186541
186935
187065
187229
187310
187536
188194
188377
188533
188691
188955
189117
189527
190816
191126
191436
191679
191743
192725
192919
193057
193440
193951
194539
195404
195417
195725
197353
198326
198652
199240
199845
