403.33
566.12
1351.92
2065.65
2080.76
2196.56
2199.43
2378.66
2675.26
2929.24
3153.93
3193.28
3517.48
3876.61
4108.72
4186.74
4569.89
4787.47
4790.51
5292.14
5822.05
5842.53
6395.72
6419.83
6579.31
7353.35
7494.65
7668.62
8254
8604.55
8922.14
9146.47
9355.4
9464.28
10366.2
11484.1
11639.3
11877.6
12099.6
12207.2
12907.8
13067.5
13164.7
13918.4
14420.1
14677.8
14897.5
15237.9
15642.8
16183.3
16416.7
16479.9
16488.3
16895.4
17443.2
17703.6
18258
18604
18811.3
18846.4
19278
19428.9
19702.3
19895.6
20352.6
20493.6
20587.3
21107.4
21354.8
21870.3
21960.1
22270.1
22556.9
22624
23116.4
23265
23622.3
23946.7
24034.9
24646.4
25321.2
25440.5
25499.8
25512.9
25542.3
25722.4
25754.4
25848.2
25857.9
26121.1
26423.3
26441.1
26491.8
26587.3
26909.8
27079
27323.3
27511.1
27818.7
28786.6
29000.4
29578.3
29908.3
30045.1
30147.1
30210.1
30458.6
30475.5
30520.6
30698.1
30864
30957.6
31203.1
31336.5
31490.6
31567.8
31670.1
31817.5
31946
32208.9
32271.9
32317.3
32453.7
32484.3
32566
32731.8
32920.3
33152.1
33385.5
33503.2
33549.5
33651.1
33806.8
33866.7
33928.6
33957.9
34126.6
34153.7
34209.9
34452.1
34524
34631.5
34697
34859.9
35834.6
36365.4
36838.1
37315.7
37432.6
38201.6
39593.9
39685.8
40150.4
40434.5
40872.6
40994.6
41461.3
41504.9
41646.1
41738
42338
42478.2
42590.7
42608.7
42822.5
43395.8
43616.8
43705.8
45006.1
45219
45269.1
45400.3
45521.3
45614.7
45773.6
45886.9
45949.7
46214.5
46433.7
46481.5
46504.6
46885.1
46904.7
47102.3
47175.3
47420.7
47449.3
47696.5
48269.8
48355.8
48639
48809.5
48873
49140.5
49520.6
49522.9
49848.9
49916.3
50065
50239
50425.8
50440
50576.2
50976.2
51300
51330.3
51670.8
51842.9
51995.1
52390.7
52525
52768.7
53399.7
53570.4
54831.2
55015.6
55822.5
56113.6
56208.7
56676.1
56962.4
57004.9
57200
57223.2
57321.3
57827.6
57989.9
57994.7
58272
58268.2
58734.2
59063.9
59406.5
59855.1
60510.8
60735.6
60798.6
60797.5
60894.5
60957.2
60970.5
61112
61483
61616
61661.4
62119.4
62195.5
62391.1
62405.5
62729.7
62950.1
63007.2
63492.7
63933.7
64115.7
64402.3
64560.2
64711.4
64968.7
65000.8
65254.1
65500.4
65995.9
66057.5
66254
66290.4
66553.6
66695.7
66883.2
67143
67756.5
67763.2
67996.1
68167.1
68281.3
68335.2
68621.6
68856
68892.8
69109.1
69190.4
69323.6
69500.7
69594.3
69980
70172.6
70216.9
70591
70600.5
70639.3
71166.2
71356
71372.1
71409.1
71574.7
71958.7
72161.4
72485.3
72798.4
72855.4
72851.7
73319.5
73759
74069.1
74354.4
74352.7
74593.4
74914.1
74961.2
75145.3
75282.3
75833.4
76138.4
76133.9
77377.5
77389.4
77974.3
78536.8
78541.9
78610
78634.6
79075.3
79436.4
79482.8
79579.9
79735.2
80251
80619.5
80753
81050.3
81197.2
81407.9
81549.2
81875.8
82559.2
82615.5
82742.6
82841.5
82987.7
83319.1
83498
83840.9
83862.5
84270
84450.8
84616
84641.9
85046.6
85376.8
85437.3
85506.2
85519.7
85694.8
85701.4
85741.2
86611
86746.2
87106.9
87146.9
87502.6
87790.9
87926.2
88013.3
88202.6
88263.7
88787.8
88912.9
89202.5
89377.9
89599.7
89766.6
89943.3
90123.3
90409.4
90432.7
91027.8
91247.1
92473.8
92921.2
93095
93513.8
93838.1
94364.2
94555.2
95222.6
95418
97154.6
97473.8
97579.8
97710.9
98150.5
98256.3
99020.8
99018.2
99826
100166
100387
100686
100684
100761
101065
101319
101599
102137
103031
103584
103952
104206
104256
104428
104473
104799
104843
104841
104916
105102
105207
105382
105567
105593
105643
105669
106001
106525
106566
106912
106949
107320
107354
107376
107488
107485
107771
107794
107827
107873
108141
108241
108283
108435
108592
108657
109136
109212
109474
109526
109520
109558
109934
110384
110806
110866
110989
111111
111261
111766
111825
112033
112199
112232
112721
113264
113646
113916
114312
114514
114762
114959
115219
115244
115243
115358
115391
115649
115723
115785
116083
116096
116107
116268
116314
116731
116907
117192
117197
117445
117503
117688
117741
117994
117998
117995
118104
118365
118397
118773
119244
119496
119743
119829
120356
120584
120767
120960
121023
121204
122341
122422
122544
122686
122838
123126
123136
123381
123472
124439
124512
124587
124655
124799
125227
125306
125545
125750
125833
126037
126284
126425
126656
126861
126883
127017
127534
127645
127956
128077
128176
128501
128555
128709
128771
129006
129432
130038
130083
130554
130829
130924
131129
131449
131553
131637
131765
131968
132024
132096
132358
132374
132391
132589
132649
132803
132938
132999
133194
133311
133341
133535
133759
133880
134091
134431
134489
134686
134787
134815
134977
135237
135403
135437
136864
137116
137521
137622
138704
138721
139007
139439
139749
141638
142372
142657
143134
143552
144557
144793
144924
145097
145131
145253
145293
145385
145471
145649
145761
145920
147323
148270
148468
148769
148888
149358
149607
150038
150064
150272
150347
150355
150428
150537
150702
150763
150972
151273
151538
151976
152004
152571
153176
153642
154083
154356
154468
154494
154839
155398
155444
155738
155763
155857
155997
156463
156637
156839
157326
157588
157774
157861
158193
158284
158484
158654
159078
159534
159545
159655
160498
160928
160967
161172
161297
161342
161418
161618
161902
161965
162250
162574
163055
163342
163408
163687
163967
164014
164070
164338
165073
165516
165638
165663
165709
167113
167685
167752
168181
168196
168415
169174
169563
169645
169902
170040
170543
170849
170867
170949
171252
171450
171638
172077
172302
172590
172760
173299
173487
173596
173707
173856
173968
174459
174537
174636
174836
174937
175024
175072
175340
175511
175675
175785
176138
176386
176728
177180
177204
177351
177787
177818
177841
178516
178916
179067
179506
179609
180090
180389
180724
181177
181377
181466
181539
181661
181746
181768
181842
182062
182415
182493
182689
182894
183052
183284
183706
184021
184081
184179
184356
184370
184403
184459
184519
184509
184649
184682
184737
184926
185256
186090
186724
186812
186840
187771
188351
188593
188934
189274
189363
189471
189680
189731
190108
190144
190931
191087
191367
191699
191752
191796
191875
192031
192277
192851
193099
193307
193659
194021
194143
194285
194518
194843
195284
195585
195660
195708
196089
196091
196281
196573
196636
196816
196938
197348
197588
197827
198004
198011
198152
198349
198441
198591
198808
198874
199038
199272
199660
199854
