1799.39
2930.48
3275.47
4357
4674.65
4961.41
5746.28
8026.93
8376.87
8583.84
9833.23
10371.2
10719.3
11441.5
12214.1
12809.8
15512.7
16758
17188.4
17591.8
18071.2
18139.2
19879.7
20245.6
20714
20751.9
21001.3
21437
21755.4
24663.2
24742.5
25035.1
25529
25562.8
26878.8
27510
27607.1
28258.5
28980.4
29167.2
29605.8
30229.1
33540.8
35922.5
36368.3
39639.3
41087.2
42145.5
42629
43937.3
57563.8
58324.3
58957.5
58969.3
63458.1
63844.7
64075.4
64339.6
67100.6
67512.7
68094.1
69400
82141.2
82883.4
86731.8
86738.2
88584.5
89222.1
94797
95335.5
95516.8
95941.4
96463.7
96791.7
97198.7
97942.3
98074
98339.6
98514.3
99247
99622.9
99657.1
99995.6
100199
101808
102699
102732
102939
103083
103107
104569
106413
106973
107039
107109
111632
112556
113208
114463
115648
116190
116498
117147
119060
121846
122908
123003
143770
147678
148052
148679
149210
153183
153224
154862
155042
157482
158108
158823
158851
159520
160017
160209
162934
163750
163944
164524
165474
165487
165907
166544
169328
169721
170434
170901
171026
171122
171385
171392
171750
172393
172746
173120
173378
173793
174650
176865
178051
179300
179339
179866
180295
180428
180743
180771
182473
182822
183479
184093
185283
186805
193977
194257
195592
196466
196736
197307
197659
