3322.79
5296.83
6163
7213.27
7825.31
9019.45
11098.6
11822.7
12107.9
13525.3
13534.1
14708.6
14714.1
15513.9
15934.6
16566.6
16591.4
16696.8
16850.3
17486.4
17974.2
18138.8
18885.9
19085.1
19455.4
21310.4
21928.9
22621.2
24875.8
25109.1
25876.1
25961.5
26802.4
26837
26921.5
27496.8
27610.8
28048.5
28240.7
29415.1
30790.6
32033.7
33257.2
33487
33962.2
36308.4
36619.1
37014.7
37287.6
38108.7
38476
38502.9
40810.9
41871.3
42988.1
43235.1
43669.2
44674.9
45028
47258.9
47761.6
48459.7
48988.6
51490.4
52686.6
56335.1
57397
60271.5
60668.9
60681.6
60812.1
61225.3
61298.3
62242.2
62278.1
62361.6
62882.2
63102.1
63169.4
63705.9
64657.5
65346.9
66097.7
66297.7
66460.1
68646.8
69027.5
69521.6
69909.9
70189.8
70319.3
70724.3
70928.8
72470.6
74407.4
76510.4
77421.6
78192.2
78462
80776.8
82109.9
82181.2
82434.5
83895.2
84369.1
84475.1
84567.5
84801.9
85030.8
85639.7
86620.9
87074.5
87250.9
88171.7
89109.4
89306.6
89918.9
90238.6
90359.6
90526.7
90873.5
91865.8
92255.3
96277.4
96527
96990.1
97720.6
98094.5
98241.3
98372.2
103390
104632
107269
108907
109695
109827
110374
110959
111130
111427
111650
111947
112035
115134
116085
117985
123112
123427
124273
124561
125531
126034
127440
132529
133825
134317
134766
134791
137746
138113
143031
143854
145148
146528
146604
147621
156758
157859
158018
158491
159426
160684
160907
162435
163152
163520
163856
164087
166791
167252
170541
171272
173985
174180
175607
176718
176944
178990
187243
187875
188728
190436
191463
192013
194375
197098
