412.26
619.38
927.7
1071.75
1223.71
1293.1
1620.32
2487.13
2742.41
3067.42
3605.82
3635.88
4215.64
4220.07
4557.67
5029.74
5154.82
5162.25
5373.59
5924.1
6012.7
6781.74
7049.18
7481.86
7574.04
7606.22
7735.49
8483.6
8550.48
8686.05
8888.89
8968.39
9244.97
9734.37
9948.87
10024.4
10089.9
10143.4
10382.3
10640.5
10932.4
10964.7
11043.5
11592.1
11846
12501.5
12945.9
13012.1
13033.5
13152.6
13234
13341.5
13662.8
14277
14715.5
15057.3
15183.3
15557.6
16100.5
17254.8
18111.8
18237
18306.8
18527.6
18783.9
18866.9
19025.2
19060.2
19436.4
19467.9
19785.8
19827.9
19905.4
19960.4
20449.1
20741.6
21082
21532.7
21665.1
21947
21969.3
21989
22243.6
22535.6
22567.3
22623.6
22957.3
23038.9
23280.2
23616.9
24154
24347.4
24895.7
25968.1
26258.8
26326.6
26716.8
26743.7
26965.2
27112.6
27167.1
27334.9
27452.9
27714.7
27759
27788.4
28179.6
28274.5
28407.2
28672
28813.8
29137.3
29155.5
29430.1
29708.6
29946.4
30235.6
30369.9
30394.2
31201.6
31207.5
31347.1
31523.7
31583.2
31812.9
32097.8
32241.7
32958.1
33018.9
35335.5
35935.2
36229.2
36482.2
36606.4
36652.7
36690.2
37131.1
37254.6
37279.5
37319.6
37586.8
37693.3
37965.7
38103.8
38456.8
38641.5
38663.9
38689.1
39407
39596.9
39813.4
39921.2
39980
40316.1
40497.2
40662.5
40706
40914.3
40933.7
41112.1
41326.1
41500.1
42131.9
42506.2
43036.2
43210.2
43215
43496.6
43918.9
44076.4
44188.1
44380.6
44603.4
44936.4
44982.2
45296.5
45407.3
45533.2
45577.7
45781.7
45804.2
46184.2
46252.2
46507.1
46848.9
46937.6
47101.3
47238.1
47254.6
47531.9
47664.6
48004.1
48395.9
49060.4
49920.7
50086.1
50127.5
50173.4
50266.5
50299.5
50325.2
50632.8
51135.3
51234.9
51756.4
52105.1
52352.8
52557.7
52678
52802.5
53214.7
53290.6
53545.9
53601.9
53733.5
53765
53843.8
54133
54261.8
54455.9
54478.5
54516.1
54766.3
54852.9
55174.5
55265.4
55277.1
55355
55485.2
55674.5
55717.1
55959.7
56070.8
56125.2
56274
56305.8
56318.8
57045.4
57045.2
57172.8
57617.6
57732.9
57898.9
58346.2
58457.7
58915.1
59235.7
59668.9
60256.8
60711.4
61405
61427.8
61620.6
62369.3
62504.7
62907.4
63085
63417.7
63681.2
63694.2
63753.4
63995.1
64041
64048.6
64262.1
64507.6
64610.8
64979
65065.3
65587.9
65698.8
65772.1
65782.6
65836.7
66406.9
66440.8
66735.2
66923
67214.1
67710.8
68149.9
68462.7
68503
68703.3
68798.9
69077.3
69177.5
69200.7
69475
69507.5
69510.7
69741.1
70292.7
70370.4
70456.7
71105.9
71349.5
71410.3
71463.1
71824.1
72452.7
72713.9
73108.1
73111.8
73590.4
74130.6
74197.7
74471
74520.6
74647.3
74862.6
75045.9
75128.2
75156
75570.2
75711.6
75725.8
75880.7
76082.7
76076.6
77059.8
77285.8
77700.3
77784.6
77786.8
78030.5
78054.6
78928.4
79317
79548.4
79652.9
79880.8
80042.1
80125.1
80591.6
80798.9
80859
80915.3
81081.6
81134.2
81499.8
81605.2
81708.2
81791.7
82311.9
82355.2
82576.8
82668.4
82855.8
83874.3
84315.5
84334.8
84480.2
84828.2
84893.5
85528.7
85917.4
85907.6
86413.7
86645.1
86679.1
86718.5
87008
87157.5
87195.4
87670.4
87826.5
87857.6
88127.7
88371.4
88583.9
88790.1
89170.4
89482.3
89706.8
89819.2
90306.9
90744.5
90735.3
90751.9
90993
91019
91219.7
91472
91495.8
91768.7
91839.1
91941
92370.3
92511.6
92556
93880.9
93893.5
94182.2
94184.9
94712.6
94731.4
95213
95255.6
95389.4
95956.6
96271.8
96873.7
98186.4
98225.5
98414.7
98585.7
98634.6
98792.9
98886.1
98998.1
99306.4
99629.1
99648.9
99696.9
100101
100261
100270
100446
100459
100610
100996
101335
102421
102548
102705
103046
103089
103172
103378
105439
105439
105663
105877
106129
107333
108033
108828
109048
109041
109321
109713
110732
111162
111537
111876
111913
112572
113278
113491
113594
113784
114497
114515
114657
115051
115196
115377
115374
116109
116160
116331
116373
116405
116654
117271
117467
117524
117616
118134
118161
118205
118510
118500
118734
119094
119459
120793
121037
121354
121693
122128
122515
122711
123521
123633
123707
124375
124833
124932
125057
125218
125309
125351
125412
127527
127854
127904
128111
128517
128548
128695
128895
129003
129035
129155
129624
129743
130155
130598
130836
130890
131076
131262
131465
131800
132320
132495
132756
132947
133193
133503
133547
133807
133857
133869
134077
134174
134265
134436
134717
134851
134894
135522
135797
135920
136009
136202
136292
136339
136495
136705
136774
136940
137237
137285
137754
137803
137878
137940
138414
138505
138507
140485
141324
141356
141924
142288
142897
143241
143567
144072
144650
145076
145101
145339
145522
145601
145781
145961
146046
146724
146776
147732
147742
148050
148148
149130
149440
149495
150123
150205
150254
150738
151778
152333
152512
152543
152574
153273
154222
154862
154916
155222
155349
155730
155810
156052
156398
156522
156751
157061
157244
157304
157498
157513
157533
158386
158865
159411
159647
159895
161909
162305
162593
163898
164109
164358
165836
166147
166406
166515
166572
166945
166963
167081
167689
168572
168798
169002
169519
170140
170779
171222
171279
171685
171892
172000
172219
172259
172622
172838
173036
173366
173849
173862
174095
174293
174590
174763
174814
175236
175350
175454
175475
175566
176140
176644
176811
177083
177272
177285
177462
177919
177942
177945
178396
178419
178633
178712
178990
179136
179279
179674
179728
180603
181192
181728
181875
182122
183009
183032
183296
183380
183399
183812
184064
184445
184567
184593
184892
185159
185190
185238
185346
185379
185589
185627
185767
185978
186809
187135
187465
187588
187971
188155
188733
189214
189242
189386
189664
189723
190052
190756
191062
191690
191890
192662
193738
193863
193928
194556
194706
194867
195213
196112
196178
196409
196438
197090
197293
197308
197363
197447
198025
198320
198351
198470
198555
198853
199664
199801
