1093.52
4940.06
5018.66
5307.67
7197.45
11313.6
12073.1
13990
14130.9
14451.7
17211.7
17911.2
19042.6
19231.6
19528.2
21717.4
23341.5
23740.3
24347.5
24977.5
25126.4
25227.3
25907.2
26201.5
26237
26929.1
27162.2
28343.8
28604.5
29071.1
29154.1
29496.8
29523.1
29706.4
29943.6
30229
30506.7
30556.9
30768.8
31147.2
32425.3
33585.4
37877.8
40178
41377.8
47989.1
50114.1
50325.1
61895.1
62300.5
62718
62912.4
62993
65603.2
65794.3
66182.1
66711.3
67079.1
68235.7
68306.1
70527.6
70892.3
71321.3
71330.4
71609.4
72092.5
72301.4
74190.8
74418.8
75684.5
77419.6
77540.1
78907.8
84902.6
85470.6
86115.1
86468.5
86854.4
87083.9
87365.5
88008.9
88360.6
88510.2
89649.3
90147.8
90218.8
90385.8
91964.3
92511.4
95120.1
95660.6
95712.6
96841.4
101152
102067
103282
106967
109200
111573
112209
112799
119452
120117
122175
122392
123214
128025
128274
130661
132266
134258
136650
137627
138630
139701
139903
141789
142239
142893
145017
147760
148223
148293
150617
161512
162090
163724
164079
168014
170143
170965
171576
171836
173077
174455
179570
180423
180806
181212
182141
183013
183036
184576
184972
188508
189645
192875
195517
196540
197025
198039
198997
199455
199610
