2160.37
3125.14
3354.79
4591.67
5311.6
10038.8
10526.2
11451.1
12412.9
12698.9
13471
13825.8
13957.2
14383.1
15589.5
16983.3
19784.1
20260.8
20543.6
21235.8
22116.7
31223.5
31529.9
33063.1
35869.7
37271.1
37783.3
38781.3
44967
45320.5
47068.4
50617.7
51209
51440.5
52274.3
53404.5
53579.9
53837.5
55109.3
56238.2
56391.9
58239.4
58960
58985.9
59484.9
61213.5
65116.7
67092.7
72172.1
72404.8
73046
76676.1
79750.7
81020.1
81865.7
91697.1
91815.2
92195.9
92375.7
93263.3
93419.8
104604
104997
105347
108691
109430
109757
109807
110148
110150
111201
111601
111810
113764
116979
117993
118013
118060
118577
118940
119559
119889
120217
123129
123492
124199
126004
127122
127463
127637
127981
128392
129870
130481
131003
131192
131476
131789
132024
132622
132875
135177
135618
136532
137275
141087
142063
143206
143985
144067
145192
145757
146184
163349
163382
164586
165011
165312
166174
167339
168041
171987
172684
173008
173351
174528
174743
184519
185102
188521
