516.24
572.75
1840.12
1873.61
2006.33
3051.63
3545.18
3618.39
4000.23
4722.39
5261.28
6370.9
6559.44
7129.01
8316.07
8506.06
8713.11
9256.93
9301.09
9607.33
10073.6
10742
10840.8
10899.9
11117.3
11754.3
11786.1
12987.8
14518.4
14725.3
19998
20196
21111.3
25056.4
26647.5
27547.9
29003.8
29300.6
30035.1
32089.5
33123.1
35216.2
35385.6
36085.9
37152.5
37458.9
43471.5
44912.7
45341.5
45371.5
47682.9
47843.4
48158.5
49597.9
49880.2
49961.4
50716.2
51401.1
52184.4
52539.4
52954.2
53533.8
54991.8
55759.3
56954.5
57867.6
58493.4
60714.8
61098.1
62501.8
63489
64460
64878
65154.1
65405.8
68565.1
69159.4
70108.8
71284
71337.7
73974.7
75059.4
75369.2
75470.7
75497
77446.9
78099.3
78451.6
78471.4
78479.1
78514.4
79532.2
83035.9
83907.6
84767.8
89400.1
89916.5
91794.9
92347.3
92409.3
93997.5
94023.5
94869.1
95059.3
95193.4
95242.7
96677.4
97187.4
97673
98936.9
99896.5
101380
102291
103746
105145
106420
106913
109375
112054
112547
113713
114551
114945
115243
115411
116127
116397
117001
117721
118803
118894
119763
120826
121495
121504
121660
122028
122679
123451
126330
127113
129290
130778
131174
132217
133104
133188
133322
135194
138498
139207
139734
141243
141394
141893
142038
142297
142431
143214
143881
143945
144217
146030
148754
150723
152359
152708
153030
153751
154545
154940
156209
157243
158190
159044
159777
161440
162272
162709
162878
163478
164873
165444
166182
166431
166480
166776
166961
168689
172655
173240
173496
174119
174718
174764
175025
175382
175620
176762
179773
180083
180258
183536
184339
185153
185552
185851
185925
186436
186807
187217
187696
189364
189928
190860
190981
191113
192646
192757
194323
194662
195686
196192
196509
197894
198669
