3267.58
4277.1
5801.6
6173.7
8382.54
9506.54
12042.2
12658.3
13222.8
13742.4
14324.2
15142.4
15479.4
16136
16409.5
16612
16825.6
17142.2
17407.1
18235.5
18376.2
19046.3
19444
19632
21531.9
22467.2
23333.2
24174.4
25229.1
26483.2
26546.4
26743.7
27027.3
27895.6
27922.9
28288.5
28644.8
28900.7
30461.7
32285.5
32476.3
32740.8
32836.1
33740.9
34565
34571.1
34838.3
35862.6
36470.7
36899.2
37522.9
39517.7
39570.7
39805.4
39952.9
40308.2
40461.8
40476.7
40814.2
41432.8
41748.5
41864
42393.3
42419.4
42650.8
42806.4
43047.9
43388.1
43453.7
43558.1
43966.1
45813.9
46108.3
46222.4
47165.4
48031.3
48590.3
48992.3
49739.7
49952.7
51980.1
52000.7
52647.1
53129.7
53631.4
53782.8
53956.5
54529.6
55415.5
55454.9
56135.2
56783
57155.8
57988.9
58333.8
61807.4
61993.7
66513.3
66938.4
67768.2
68479.1
68725
68927.8
68940.3
69054.2
69596
70237.3
72393.1
73501.6
73794
74056.2
74141.2
75405.3
75487.3
76482.5
76637.8
76907.1
77521.3
77882.4
79435
79913.8
80262.2
80445.4
80551.4
81103.7
81202.4
81907.3
83408.7
83989.7
84742.7
84769.8
85817.3
86024.2
86042.6
86841.8
87221.9
87950.4
88517.9
88619.3
88839
89747.6
90968.5
91396.1
91793.7
92027.7
92066
92339.3
92725
92758.8
92926.9
93421.4
93437.2
95968.6
96113.8
96506.5
96711.2
96907.9
96958.4
97038.2
97448.5
97465.5
97697.5
98740.4
100638
100905
102932
104237
104931
108280
110208
113541
114133
114498
114834
115090
117849
120194
120659
121296
121518
121962
123075
123403
123675
123872
124476
124821
124878
125391
125500
125855
126273
126569
127963
128239
129250
129325
129802
129860
129876
130338
132145
133466
133519
134304
134994
135154
138371
138548
140476
140756
140999
141561
142603
143708
144132
144779
148063
148484
148939
151635
152353
152638
153356
153385
154207
154362
154898
155290
155373
156195
156375
156660
157586
159026
159407
159663
159983
160644
161187
161722
162205
163696
163961
165713
166010
166009
166278
166837
166861
166993
167028
167568
167808
169172
169269
169386
169443
169901
170124
170528
170917
171446
171534
171713
172804
173114
173881
173967
174085
174405
174798
174938
175219
175865
176375
177123
179505
181612
181869
182030
182744
183155
183443
183545
183627
184361
185231
185353
185533
185947
186234
186557
186901
187379
187738
187931
188169
188814
189377
189402
189523
190472
191093
191771
192802
194065
194234
194883
195364
195965
196126
196474
196889
197033
197342
197533
197895
198468
198705
198740
199123
199942
