1096.04
2087.1
2608.81
4227.69
4446.86
5757.72
6664.56
6963.51
7340.64
8393.34
9262.17
9318.1
12657.3
13079.4
13769.2
13867.2
14429.5
17287.2
18310.2
22777.4
23283.5
25145.3
25847.4
28697.7
29226.3
30510.8
31476.7
31504.3
34617
37000.2
37257.1
38583.4
38947.8
40305
40408.7
43608.1
43769.1
45586.2
48521.1
49499.1
49759.7
49998.8
52320.1
54789.9
55096.2
57272.7
57449.3
57450.8
58051.6
62472.7
62499.1
63895.9
65037.4
67788.1
69268
69901
70395.6
75185.9
85046.4
86592.8
87723.9
88249
88725.1
90221.6
96384.2
97505.9
97892.8
98260.7
98609.7
98858.1
99421.1
99535.4
102204
105544
105785
106330
109013
112064
112481
113192
117963
122455
125497
128623
129884
130568
130842
132232
132672
133295
133479
134169
134706
136016
139977
140335
140630
140978
143284
143326
158529
158817
159841
161824
162797
165333
165572
166961
168241
170273
170667
172102
173330
174592
175826
176901
177683
178475
181841
182324
182655
182796
183418
186869
187492
187713
194501
195244
196777
199069
