999.98
1541.87
2098.1
2447.66
2710.38
2722.52
2852.21
3277.63
5080.22
5514.71
5914.59
7013.24
9611.6
10084.6
11465.4
11998.6
12497.3
15906.5
16145
16251.6
16375.1
16573.5
17440.3
17650
18299.3
20446.2
21612.7
21896.5
23142.9
23263.5
23892.4
24490
24536.3
24912.2
26446.9
26450.8
26614.7
27642.2
27684.1
30035.9
30139
30775.7
31316
33518.5
33776.4
33786.8
34220.2
37598.8
38403.6
38622
38703
39213.6
39554
39733.5
39985.6
40259.2
41114
41542.9
41570.4
41824.5
41840.2
41979.1
41989.5
41992.8
42391.9
42714.9
42955.4
43038.2
43522.4
44197.1
44349.4
45248.9
45325.8
46143.7
46285.5
47088.9
47432.2
47619.1
48154.9
48158.3
48863.8
49458.2
50036.4
51274.3
54585.3
55484.7
56323.9
56523.5
58933.4
59244.6
59825.9
60299.8
61472.8
62756.2
63062
63521.6
63694.5
64248.1
64492.5
65042.8
65117.9
65679.4
66558.4
66596.1
66773.5
66996.1
67728.2
68165.7
68296.9
68845.2
69382.5
69473.6
70250.8
71162.6
71242.7
71349.3
71357.2
71426.6
71792.5
71831.1
72923.1
73422.2
74029.9
75201.1
75442.5
75685
76916.8
77416.6
78062.1
78628
78988.7
79346.5
80066.8
81177.3
81798.5
81838.1
82652.8
82715.8
82909.8
83056.4
83382.5
83549
84485.4
85189.8
85885.2
86025.4
87847.1
88358.7
88643.8
88889.1
89311.4
90144.7
91339.3
92545
92968.6
93395.6
94017.3
94739.7
95625.5
97327.5
97347.5
97768.4
97952.8
98693.9
98707.3
98820.4
99093
99633.3
99810.8
100162
102073
103013
103387
103647
104648
104893
105232
105346
105944
106630
107144
107840
108250
109226
109793
111664
112300
113069
113224
113290
113728
113981
114146
114428
114623
114676
115300
115634
115900
116465
117073
120145
120567
121139
121204
121624
122920
123007
123476
123626
123743
126212
126495
126895
127660
128149
128737
129810
129946
130287
130441
130803
131050
131068
133065
134227
135318
135993
136393
137482
138197
139082
139108
139464
139890
140078
140490
140829
141315
141586
141994
142755
144441
144686
144702
145334
145625
145894
147555
150028
150509
153617
153741
153794
154226
154258
154346
154751
155326
155433
155974
157119
157727
158216
160676
160778
161431
161722
161749
161847
161877
161965
161990
162268
162317
162680
162791
163130
163685
163919
166503
167032
168099
168585
169363
170060
170160
170273
170681
171310
171786
172625
172666
172765
173359
173627
174344
174390
174860
174872
175077
175201
176613
178303
178760
179557
179563
180256
180643
180769
181013
181192
181332
181523
181709
181744
182233
182462
183205
183503
183758
184506
185302
185514
185821
185884
187361
187541
187665
188030
189498
189791
190703
191657
191997
192986
193592
194344
197150
197943
198327
198339
198839
199015
199407
199621
199795
