1377.44
1820.88
2185.68
2755.13
2837.02
3251.5
3747.24
4873.4
4917.53
5794.71
7731.3
7852.52
8134
9894.65
10150.3
10588.8
11520.7
11677.2
11782.2
11797.3
12435.7
12459.2
12487.2
12521.4
12741.6
13207.7
13573
14330.3
14958.8
15209.9
15328.6
15524.2
15828.5
15922.5
16138.7
16311.6
16467.6
17203.8
17306.8
17854
18014.9
18041.6
18370.6
18390
18531.8
18857.4
19476.3
19825.6
20429.9
21428.8
21810.6
21914.8
22570
22844.9
24184.7
24441.6
25149.9
25723.7
26075
29392.5
29560.8
29916.7
30068.9
30372.4
30593.6
30802.3
32621.4
32810.8
33838.6
34786.1
34806.9
34854.9
35797.8
36274.6
36325.1
36353.6
36571.6
36623.4
36944.4
37027.8
37210.6
37504.1
37618.4
37701.9
38519.9
40938.9
42263.8
42382.9
44422.1
45082.2
45712.6
50260.2
50924.6
52611.9
53427
54323.4
56689.6
56807.5
56882.5
57216.6
58182.2
59261.6
59464.2
60632.1
61332.5
61720.4
62294.1
62444
63091.8
69192
70411
70677.2
71882.2
72536.6
72656.2
72818.5
73924.3
74511.7
75548
75695.9
76017.7
77283.8
77434.3
77501.7
77819.8
81084.3
81198.2
81378.4
81791
82854.3
83764.5
83862.8
83964.5
84730.8
84980
85028.6
85401.9
85529
86121.2
86268.6
86596.9
87075.7
87242.4
87983.1
88288.9
88418.9
88463.6
88640.5
89221.8
89217.4
89513.4
89543.9
90044.3
90161
90351.3
90420.6
90656
90870.2
90919.5
91439.1
91784.5
95842.4
95857.3
98645
98721.8
98723.5
99016.8
99119.6
99523.5
100207
101038
102331
102829
104683
105472
108215
108361
109457
110760
110831
111258
113285
113696
113873
114066
114565
114705
115078
115089
117357
117784
118100
119557
120692
121144
121797
122030
122052
123403
123723
125307
126040
127188
128809
129709
130329
132033
132904
133214
133734
135297
135833
136296
136624
136913
136994
137081
137664
138401
138698
138899
139055
140487
140669
141012
141365
141473
141640
142769
143014
144157
144496
144769
144994
145128
145257
145608
145629
145712
146791
147092
147333
147666
148020
149268
149384
149716
149889
149897
150162
150309
150879
151599
151688
151810
152005
152325
152357
152674
153065
153555
154226
154857
155766
156183
156589
156636
157681
158840
159018
159156
160818
160863
162997
163226
163962
164524
165506
166566
166878
167345
167619
167893
167916
168820
169304
170109
170416
171315
172025
172261
172514
172862
172946
173568
174118
174231
174390
174505
175686
176003
176164
176314
176916
177097
177363
177848
178036
178818
179122
179275
180812
181415
182243
182552
187149
187195
187306
189534
191108
191458
191732
191908
192498
195078
195751
196018
197580
197935
198469
199556
199676
