521.19
1466.16
1576.7
2398.03
2507.24
2604.14
2831.74
2938.94
4046.18
4248.58
5136.01
5674.96
6104.52
6843.97
7307.16
7655.54
7810.26
8133.58
8413.1
8872.93
9411.3
9746.9
9799.93
9888.16
10437.9
10577.9
11661
12150.4
12158.5
12304.9
13017
13656.7
14496.6
15008.3
15789.4
16045.2
16508.1
16674.8
16953.7
17219.9
17333.5
17465
18294.9
18337.8
18631.7
18707.1
18900.7
18935.4
19051.1
19329
19501.2
19820.5
20281.6
20470.4
20983.7
21255.5
21741.9
21976.6
22409.9
22411.4
22679.3
22741.4
22914.4
23420.1
23437.8
23591.9
23748.7
23981.1
25325.8
25506.7
25603
26158.8
26176.8
26558
27469.8
28737.8
29067
29353.3
29878.3
29992.8
30326.3
30460.8
30512.5
31032.5
31178.3
31953.9
32360.5
32552.9
32669.6
32816.2
32880.6
33176.6
33537.5
33542.4
33862.9
33893.6
33995.2
34324.3
34354.3
36871.8
37376.2
37760.6
38839
39028.7
39121.8
39332.9
39598.2
39724.7
40161.2
40654.6
40758.4
41002.4
41495.4
41566.3
41607.6
41627.7
41655.1
41687.5
41811.3
41826.6
41941.7
42177.2
42776
42878
42980.4
43320.8
43548.5
43918.4
44106.6
44713.2
45042.2
45147.3
45536.3
45778.6
46011.3
46352.7
46865.8
47092.8
47455.4
47641.4
47944.2
48273.6
48359.9
48388.8
48634.7
48675.8
49233.4
49750.3
50228.6
50449.8
50470.5
50716
50907.8
51182.1
52198.4
52565.7
52815.3
52913.1
53248.6
53267.8
53667.4
54023.9
54361.5
54688.4
54828.1
55316.9
55388
55733.7
56142.7
56301.8
56518.3
56579.6
57641.5
58664.9
58796
58977.3
59016.4
59102.6
59145.9
59495.2
59584.2
59747.1
60382.9
60596.1
61060.4
61772.8
62002.2
62292
62592.2
62835.7
63082.7
63159.7
63644.9
63962.2
64122
64523.5
64731.4
64869.8
64941.8
65018.5
65240.6
65395.4
65519.2
65550.8
66143.6
66305.7
66314
66575.7
66693.9
66835.2
67721.8
68416.3
68981.8
69373.4
69437.3
69572.7
69601.4
69872.5
70328.1
70723.2
70727.1
70779.4
71080.6
71133.4
71488.7
71726.2
71775
71902.9
72031.9
72122.6
72178.8
72355
72834.7
73216.3
73264.6
73481.8
73804.9
73833.7
74342
75048.4
75059.9
75362.9
76004.8
76332.9
76497.3
76807.8
77196
77209.2
77277.2
77996.1
78548
78561.1
78898.2
79000.2
79193.2
79514.4
79869.4
80510.7
80860.6
80873.1
80956.4
81356.8
81404.1
82237.6
82280.8
82665.3
82907.3
83205.2
83510.3
83899.6
84252.9
84261
85718.9
85800.4
86223.7
86251
86792.9
87333
87897.5
88387.7
88440
88729.5
88756.7
88894.1
89276.6
89814.3
90248.5
90257.1
90554.5
90731.3
90764.6
90847.8
92483.8
92883.3
92901.9
92987.5
93080.6
93628.3
93759.7
93840.3
94315.9
94681.9
95222.4
95851
96044.9
96518.1
96875.5
97123.1
97360.1
97455
97621.2
97917.1
98143.5
98149.1
98453.1
98544.3
98874.9
99169
99340
99526.7
99672.4
99745.5
99831.1
100339
100453
100750
101607
102209
102875
102924
103465
103469
104028
104028
104055
104077
104162
104259
104697
104801
105063
105151
106272
106445
106822
106897
107637
107980
108332
108509
108759
109010
109137
109250
109619
109658
110154
110737
110932
111632
112432
112592
112874
112978
113115
113732
113854
113867
114280
114319
114319
114421
114764
114834
115047
115499
115775
115904
116013
116414
116700
116825
116977
117078
117451
117627
118419
118526
118588
118835
119636
119693
120249
120311
120685
120713
120976
121833
122526
122791
123036
123147
123359
123355
123373
123491
123747
124843
125026
125578
126055
126435
127497
127926
128010
128597
129659
129656
129662
129836
130017
130497
130511
130914
131100
131132
131341
131389
131930
132433
132496
133171
133765
133779
134406
134518
135336
135616
135709
136494
137259
137431
137722
138478
139140
139715
139796
139877
140091
140162
140631
140678
141275
142150
142673
142907
143006
143037
143828
143988
144334
144420
144706
144910
145156
145772
145929
145972
146579
146955
146987
147009
147053
148453
149243
149657
149836
150436
150520
150686
150823
150880
151739
151796
152401
152429
152434
152591
152671
153050
154063
154323
154648
154755
154805
155171
155594
155628
155924
156022
156107
156104
156378
156555
156716
158852
160509
160846
161315
161329
161543
161591
161653
161770
161800
161841
161874
162110
162168
162177
162486
162627
162700
162899
163006
163341
163725
164293
164300
164534
165047
165255
165948
166544
166753
166858
167265
167403
167656
167783
168059
168537
168738
168805
168847
168869
169222
169338
169335
169499
169528
169747
169829
169854
169985
170116
170298
170373
170613
170732
171173
171568
172470
172666
172900
173122
173978
173982
174080
174348
174608
174642
175079
175192
175261
175410
175696
175842
176074
176276
176366
176789
177174
178441
178792
179186
179333
179490
179717
179715
179759
180231
180253
180393
180409
180407
180788
181003
181208
181320
181789
181925
182044
182050
182128
182189
182270
182492
182557
182816
183583
183690
184197
184915
184968
185250
185682
186005
186237
186685
187414
187682
187842
188061
188148
188251
188297
188313
188386
188462
188474
189117
189199
189287
189589
189730
190600
190648
190810
190941
191145
191309
191617
191941
192417
192569
192945
192998
193413
193880
194239
195257
195303
195314
195339
195390
195510
195630
196546
196756
197409
197654
197987
198011
198049
198124
198139
198197
198407
198491
198610
198667
198689
198695
198919
198995
199396
199497
199701
199710
199811
