212.6
578.4
990.71
1386.13
1963.19
2386.27
3445.19
3509.75
3513.12
3601.04
4659.63
4902.56
5129.48
5415.33
5801.03
5999.36
6334.79
6576.59
6828.52
7955.2
8613.36
9444.79
9811.61
10013.5
10136.2
10465.1
10974.2
11835.1
13962.9
14615.1
15164.2
15466
16202.3
16859.6
17569.4
17638.3
18095.5
19368
19971.8
20004
20258.5
21302.4
21560.9
23342
23487.3
23952.4
24354.7
25110.2
26080.1
26830.9
27577
28452.8
29878.7
30373.5
30551.4
30718.7
31442.8
31689
31939.6
32003.2
32024.1
32469.4
32732.7
33033.9
33075.9
33530.5
33573.9
33620.5
34301.3
34482.2
34686.5
35062.8
35146.2
35268.2
35861.6
36311.3
36336.1
36381.1
36608.6
36874.2
38108.4
38925.1
38939.6
39744
40290.9
40465.6
40533.8
41195.6
41503.5
41507.3
41643.8
41791.3
43169.2
43452
43528.7
45426.7
45753.3
46474.5
46767.3
47183.5
47454.4
48320.6
49995.1
50286.1
51089.1
51508.9
51584.6
51596.5
51823.6
51902.2
52573.2
52742.1
53126.7
53475
54469.5
54492.9
54907.2
55614.6
55727.6
56060.4
56145.2
56555.8
56670.2
58229.7
59031.7
59428.8
60078.1
60164.2
60381.9
60905.8
61981.4
62005.3
62062.6
62769.6
63117.6
63165.5
63249.8
63339.2
63798.3
64533.1
66371.4
66857.7
67035.1
67427.2
68146.8
69362
70307.6
70948.7
71358.1
71881.3
72328
72666.4
72836.2
72885.4
73281.9
73811
74114.8
74330.5
74491.4
74773.3
74845.3
76483.4
76621.3
77206.6
77555.1
79544.9
79585.5
79988.2
80012.6
80759
81407
81428.1
82179.2
83011.1
83406.4
83632.4
84021.1
84137.5
84628.7
84995.6
85827.6
86128
86788.9
86906.6
88018.6
88350.8
89466.3
90257.1
90311.9
90891.8
91004.4
92469.7
92712.2
92967.5
93400.3
93792.6
93984.2
94022.2
94034
94188.5
94952.9
95122
95311.9
95495.3
97769.6
99212.1
100669
100785
101135
101686
101733
102062
102299
103107
105169
106359
106957
107040
108330
108366
109077
109290
109707
110187
110673
111094
111392
111760
112153
112465
112517
112648
113360
113611
114672
114869
115278
115410
115524
115548
116298
116483
116762
117111
117928
118342
118468
118860
119120
119188
119528
119916
120197
120568
121495
121554
123056
123204
123391
124006
124231
125486
126117
126878
128364
128549
129299
130079
130139
130838
130926
132285
132451
132587
132875
133162
133296
133521
133825
134338
134564
134824
135075
135150
135731
136006
136703
137066
137304
137481
137569
137801
137873
139175
139599
139780
139807
140842
141221
141703
141902
142260
142561
143047
143142
143437
143750
144266
144870
145048
145908
146434
147117
147536
148306
149053
149124
149533
150227
150704
151471
152305
153901
154873
155507
157494
157971
158399
158683
160004
160659
161515
162260
162702
164341
165207
165539
165739
166316
166570
167007
168148
168432
168450
168827
169370
169825
170185
170232
170597
171827
172696
173609
173727
173865
174400
175521
176289
176617
176650
177531
177541
178293
178474
178581
179200
179749
180004
180270
180589
181734
182964
183939
185152
185254
185957
189315
189743
190007
192038
192380
193200
193290
193640
193909
195315
196174
196261
197915
198480
198528
