158.62
397.34
603.53
936.46
997.74
1098.16
1350.01
1663.05
2035.42
3119.24
3623.07
4007.69
4311.94
5041.07
5405.24
5561.06
5976.53
6371.24
7068.01
7281.95
7519.27
7841.83
8935.72
9033.68
10149.8
10414.8
10731.5
11132.5
11522.4
11597.5
11691
12361.8
12949.3
13213.9
13660.7
13772.8
14783.7
14871
15803.2
15846.9
16583.4
16992.7
17195.1
17280.4
17296.7
18019.4
19074.7
20162.2
20545.3
21380.1
22219.8
22411.5
22573.9
22676.5
22718.6
22869.9
22974.4
24726.1
24757.5
25000.9
25023.2
25731.4
25911
26075.6
26665.5
26932.6
26944.7
27049.5
27321.8
28619.4
28768.9
29172.4
29459.3
30367.5
31270.9
31520.1
31761
32161.5
32827.4
33041.1
33110.4
33628
33735.2
33890.9
33935.3
35342.3
35532.7
36195.8
36934
38326.2
38999.3
40135.5
40180.8
40268.6
41605.1
41994.3
43794.7
44335.3
44406.7
44596.5
45106.3
45343
45670.6
46037.4
47426.7
47687.7
47942.7
48232.2
48252.8
48548
48945.7
49154.4
49186.2
49291.4
49306.2
49478.5
49786
50607.8
50651
50825.3
51426.7
52074.1
52315.3
52694.9
52708.6
53221.9
53722.2
53722.1
55249.8
55296.6
56061.6
57198.4
58525.5
59595.5
60593.5
60995.2
61138
62990.3
63856.8
64551.7
65329.2
65342.1
67861.3
68711.5
68897.5
70301.5
70438.8
70541.2
70630.6
71235.6
72072
72889.8
73476.1
73508.1
73835.7
74454.5
74486.1
75433.4
75478.6
75724.6
76542.9
76816.7
78458.6
78985.8
79991.6
81233.4
81963.5
82402
82404.6
83630.5
83819.3
83820
83944.3
83975.4
84366.3
84373.9
84604.5
84996.5
85093.7
85405.5
85547.1
86179.6
86466
86753
90297
90981.4
91219.3
91727.9
92106.8
92137.8
92931.3
93763.7
94495.3
95025.9
95057.7
95185
95439.6
95498.3
95528.9
96642.3
97154.4
97178.3
97286.2
97315.2
97506.9
98321.5
98868.6
99161.6
99211
99527
100022
100051
101104
101259
101442
101741
102149
102217
102423
103278
103876
104388
105680
106046
106928
108446
108742
110118
111062
111124
111231
111417
111685
112430
112631
114225
115579
116029
116161
116214
116677
117018
117264
117588
117797
118529
118814
119459
120191
120540
120825
120859
121634
122276
122568
122793
122848
123106
123562
123580
123933
123952
124128
124495
124840
125210
125271
125455
125856
126185
126319
127370
128629
130720
131451
131657
132598
132679
132747
133460
133812
133855
134037
135431
135589
135814
136545
136771
136990
137523
137593
138855
139121
139360
140149
140669
140953
141113
141339
141759
141917
142292
143204
143592
143770
144341
144925
145031
145785
146131
146486
146610
146705
147899
147931
147982
148334
148860
149380
149608
149827
150642
151038
151231
153004
154451
154583
154682
155407
155796
156912
158009
158045
160179
161039
161046
161418
161446
162135
162171
162552
162593
164011
164192
164474
165728
166565
166722
166851
166860
168338
168615
168794
169297
169389
171228
172322
172600
173633
173673
174611
175770
175976
176009
178119
178602
179035
179259
179540
179736
179838
180096
180385
180698
181067
181659
181697
181955
184129
184968
185423
185647
186312
186807
187086
189499
190525
192420
194331
194922
194951
195093
195396
196632
196787
196973
198622
199127
199147
