142.28
247.13
402.29
489.63
496.83
562.76
593.09
672
871.82
1074.83
1101.93
1171.43
1256.49
1271.48
1417.96
1455.85
1925.71
2029.07
2268.23
2286.82
2330.27
2411.23
2521.09
2557.87
2737.88
2757.92
2765.81
2945.64
3222.83
3382.71
4291.15
4348.85
4364.5
5117.02
5449.88
5757.76
5786.6
6091.01
6123.72
6483.23
6535.92
6565.05
6843.78
6894.42
7042.73
7865.01
8798.57
8903.54
9030.54
9094.37
9230.11
9779.28
9848.14
10553.3
10654.2
10796
10819.7
10986.3
11062.6
11256.2
11436.5
11668.3
12030.2
12430.9
12442.7
12674.9
12771.6
13151.5
13194.1
13433.7
13470.2
13712.5
13814.2
13943.8
13992.3
14108.4
14178.9
14407.9
14768.2
14919.9
15355.2
15503.9
15567
15620
15756.4
15850.8
15891.4
16003
16010.8
16323.8
16429.7
16435
16558.6
16634.8
16730.7
16824.4
16976.7
17194.9
17221.6
17443.7
17611.4
17635.9
17733.8
17840
17895.3
18205
18419.1
18442
18555.4
18677.7
18867.6
18909.5
19067.6
19217.4
19295.5
19864.1
20518.6
20736
20804.1
20832.7
20909.6
20937.1
20947.7
20955.7
21173.8
21181.3
21409.8
21464.7
21620.2
21942.4
21942.9
22282.6
22346.7
22471.4
22918.4
22971.9
23032.3
23059.6
23487.7
23514
23665.2
23738.8
24021.7
24158.8
24489.6
24627.4
24939.7
25241.8
25455.7
25533.6
26067.3
26078.9
26355.3
26360.4
26371.2
26573.6
26830.8
26863
27007.1
27116.2
27255.8
27498.6
27572.9
27670.1
28012.4
28162.1
28228.8
28259.9
28305.6
28626.9
28712.6
29506.5
29579.5
29735
29923.1
29957.3
30056.1
30173.6
30179.7
30377.6
30537.7
30656.9
30787.1
30807.7
30952.5
31303
31315.6
31590.9
31728.1
31836.9
32097.8
32321.1
32361.2
32432.7
32441.6
32561.5
32732.6
32903.3
32959.1
33295.9
33603.6
33746.9
33814.2
34135.8
34246.5
34400.5
34783.2
34824.8
36059.8
36094.1
36334.1
36586.3
36603.2
36953
36991
37040.5
37218.7
37569.9
38116.2
38418.2
38745.8
39144
39316.5
39374
39482.3
39554
39591.6
39677.4
39680.7
39899.3
39958.2
40269.6
40928
41015
41114.5
41130.4
41475.6
41595.5
41652.4
41720.5
41873.2
41878.3
41919.1
41983.7
42137
42499.1
42637.4
42640.9
42709.5
42906.9
42927.2
43022.7
43134.6
43210.7
43537.5
43677.4
43856.9
43869.5
44008.5
44303.6
44308
44677.9
44682.7
44779
44886.5
44912.9
45116.1
45399.3
45778.8
45819
45838.7
46452.3
46551.9
47000.7
47186.4
47458.1
47541.7
47654.1
47872.1
48037.6
48053.2
48088.5
48354.8
48821.3
49416
49648.8
49754.2
50029.1
50129.4
50233.3
50380.6
50456.3
50487
50797.9
51234.9
51233.3
51238.1
51687.1
51826.1
52229.5
52401.5
52401.1
52668.7
52870.2
52936.6
52972.9
53496.5
53916.2
54157
54487.1
54490.2
54538.6
54832.9
54986.4
55358.3
55361.9
55436.2
55815.2
55864.6
56245.7
56321.5
56483.4
56923.4
57021.6
57158.5
57355
57428.6
57453.2
57637.3
57842.1
57969.9
58144.8
58336.4
58388.7
58567.1
58646.4
58774.6
58854.5
58919.1
59337.4
59489.2
59537.7
59905.8
59941.7
60192
60218.7
60253.5
60317.6
60601
60924.1
61009.1
61150.9
61513.5
61687.6
61803.1
61980.8
62033.5
62098.3
62655.5
62720.1
62903.5
63075.8
63145.2
63323.5
63443.4
63540.6
63561
63761.5
64174.4
64173.6
64236.8
64290.7
64512.3
64522.9
64544.1
64765
65252.4
65492.4
65760.6
65851.7
65983.5
66106.5
66179.7
66302.5
66388.3
66389.9
66459.2
66474.7
66726.8
66779.2
67011.8
67068.3
67109.7
67323.1
67352
67924.9
68777.7
68788.7
68823.7
68974.9
69007.6
69065.4
69159.8
69210.9
69387
69636.3
69873.9
69936.1
69968.2
69984.9
69979.8
70161.6
70506.2
70717.8
70815.6
71049
71071.4
71365.8
71560.6
71592.3
71615.6
71686.6
72102.8
72137.1
72268.3
72575.8
72587.3
72775.6
72937.3
73059.7
73292.4
73573.3
73614.7
73937.7
74085.4
74166.8
74211.5
74429
74574.4
74835.5
75106.6
75538.5
75768.2
75954
76082.9
76304.6
76565.5
76644.4
76774
76913.5
77214.3
77344
77344.9
77495.9
77616
77788
77861.2
77878.5
77966.7
78118.1
78186.5
78218.1
78274.8
78587.4
78780.4
79003.7
79021.3
79111.6
79136.2
79300.5
79545.9
79753.8
80202.7
80203.8
80480.9
80717.5
80921.3
81039.6
81157.7
81211.8
81476.1
81633.7
82163.9
82433.7
82479.1
82494.1
82614.3
82877
83015
83115.3
83178.4
83638.9
83901.9
84480
84514.7
84547.6
84843.2
84930.8
84961.1
85008.6
85160.9
85269.8
85350.1
85506.2
85587.9
85589.4
85586.1
85885.1
85917.2
86220
86389.6
86580.1
86923.8
87134
87208.9
87522
87587.6
87662.7
87794.3
88223.1
88314.1
88767.2
89020.6
89301.2
90203.5
90345.6
90595.2
91259
91431.4
91644.3
91966.8
92115.9
92136
92185.1
92421.8
92545.2
92971.4
93415.1
93571.3
93651.4
93794.2
94169.7
94411
94650.4
94877.6
94939.8
94946.2
95014.8
95028.4
95300.8
95733
95800.4
95824.2
96015.5
96209
96381.5
96637
96818.9
97374.4
97369.7
97402.4
97433.3
97432.3
97696
98147
98291.2
98671.7
98801.3
99106.1
99787.8
99858.2
100097
100476
100493
100694
100729
100818
100897
100901
100917
101007
101029
101122
101217
101426
101800
101893
101950
101990
102000
102051
102067
102080
102403
102400
102407
102533
102667
102740
102971
103035
103094
103203
103279
103278
103662
103676
103900
103947
104323
104600
104656
104928
105046
105210
105418
105508
105585
105700
106139
106192
106423
106463
106783
107049
107650
108553
109232
109375
110895
110932
110985
111605
111886
112085
112476
113241
113581
113639
113959
114362
114381
114710
114816
115019
115033
115260
115368
115414
115634
115725
115804
115906
116089
116223
116235
116441
116530
116832
116844
116969
117180
117216
117389
117440
117506
117846
117873
118041
118172
118506
118838
118892
119025
119172
119400
119423
119701
119742
120047
120281
120542
120668
120945
121125
121462
122052
122155
122219
122286
122291
122690
122754
123066
123165
123373
123406
123930
124000
124276
124678
124775
124914
124942
125093
125260
125473
125487
125537
125913
126023
126314
126322
126428
126677
126931
127040
127043
127157
127187
127492
127624
127757
127767
128415
128641
128904
128964
129361
129399
129813
129854
129883
129925
130032
130263
130257
130551
130627
130674
130789
130912
130986
131098
131196
131363
131650
131716
132244
132708
132899
132892
133217
133299
133338
133370
133494
133612
133678
133806
133806
133969
134006
134128
134238
134278
134313
134576
134763
134766
134868
135153
135202
135309
135549
135803
136320
136372
136719
136751
136994
137356
137417
137502
137716
137724
137745
138017
138370
138442
138775
139488
139648
139735
139969
140168
140334
140409
140709
140735
140831
141339
141435
141872
142346
142627
142802
142813
143150
143742
143998
144234
144373
144511
144823
145027
145144
145554
145667
145723
145753
145967
146002
146039
146360
146380
146459
146752
146815
146923
147084
147160
147160
147192
147269
147287
147478
147520
147633
147722
147761
147850
147977
148303
148321
148396
148430
148523
148531
148849
148871
149194
149659
149757
149828
149903
150121
150173
150522
150636
151123
151435
151534
151924
152224
152242
152310
152416
152525
152924
152942
153586
154227
154305
154354
154423
154578
154604
154789
154818
154922
155130
155260
155378
155471
155854
155908
156407
156791
156839
157491
157566
157603
158163
158185
158563
158779
158850
158936
158965
158985
159031
159287
159333
159563
159947
160183
160464
160554
161775
162335
162350
163009
163216
163275
163620
163616
163689
163679
163873
163948
164107
164302
164437
164825
164845
165021
165036
165093
165272
165418
165500
166125
166218
166354
166402
166746
166998
167107
167176
167300
167430
167463
167487
167845
168018
168213
169242
169944
170391
170643
170987
171450
171508
171511
171548
171687
172877
172962
173148
173305
173478
173653
173692
174008
174056
174389
174409
174451
174626
175047
175266
175299
175341
175948
176063
176152
176170
176447
176446
176657
176795
176871
177109
177228
177242
177246
177376
177658
177670
177737
177878
177915
178243
178238
178300
178295
178532
178895
178901
179033
179030
179278
179408
179588
179612
179848
179906
180062
180235
180449
180560
180995
181030
181322
181724
181964
182246
182453
182503
182644
183174
183512
184081
184298
184289
184559
184808
184840
185051
185315
185331
185495
185720
186019
186072
186213
186364
186477
186661
186720
186728
186797
187223
187257
187264
187606
188327
188797
189478
189581
189850
190248
190468
190773
190845
191062
191110
191204
191336
191523
191612
191598
192237
192299
192630
193116
193374
193674
193693
193807
193882
194274
194473
194589
194757
194983
195012
195128
195275
195422
195494
195585
195789
195765
195815
195973
196055
196348
196340
196403
196470
196595
196906
197009
197030
197194
197304
197531
197694
198027
198289
198533
198784
198815
199055
199295
199477
199618
199642
