4498.29
11471.2
11928.9
18768.5
21218
28611.4
28753.3
28976.8
34354
34466.8
35602
42555.9
42868
43333.9
43451.4
47142.2
47793.3
50526.3
52217.9
55765.4
59836.5
60299.6
80894.5
81498.1
82585
87953.3
89618.7
91870.5
92013.1
103370
105694
107916
110764
111645
115140
116645
116700
116966
122355
126505
127682
129413
130580
133430
135728
136707
137090
142717
147526
155729
158744
160039
160651
163060
164153
165866
166498
172141
176092
176727
178481
180347
182147
184852
189054
189441
190224
191982
198042
