198.83
569.03
691.1
1102.57
1512.77
1796.49
2324.64
2679.23
2975.1
2992.35
3262.08
3794.05
3838.76
4048.92
4331.96
4469.96
6637.86
7759.38
8546.72
8701.14
8952.9
9237.73
10002.9
10782.8
10892.7
10946.5
11156.1
11248.7
11311.4
11521.9
12051.5
12275.9
13361.9
14690.9
15051.2
15263
15417.9
15507
15842.3
16204.6
16892
17804.7
18268.3
18538.9
18616.2
18839.6
19142.9
19333.2
19444.5
19469.8
19543.8
19574.8
19611
20064.4
20184
20673.4
20723.7
20805.3
20928.5
20940.8
21171.6
21226.1
21295.7
21360.9
21702.4
21716.7
22055.3
22261.9
23166.7
23650.3
23857.6
23875.3
24163.9
24377.5
24605.7
25125.1
25367.8
26505.1
26738.4
27036.7
27284.2
27382.8
27419.7
27538.4
27629.6
27650.9
27686.7
28446.3
28672.6
28750.4
29167.3
29183.3
29948.2
30087
30609.7
30834.3
31009.8
31133
31419.4
31476
31573.3
31751.9
32148.5
32484.1
32703.5
33373.8
33967.7
34300.9
34330.9
34872.5
35150.9
35626.8
35716.4
36107.5
36244.1
36322.7
36412.5
36462.6
36695.7
36906.5
36909.4
37072.4
37198.5
37461.2
37593.3
37739.5
37756.2
38089.8
38178.8
38240.1
38993.8
39248
39376.6
39698.4
40559.7
40867.9
41324.8
41563.1
41863.3
41899.5
42056.4
42601.9
42643.6
42971.6
42989.8
43361.3
43454.4
43712
44580.2
44950.2
45077.6
45226
45361.1
45469.7
46268.1
46389
46503.4
46527.9
46590.9
46693.7
46728.3
46779.5
46869.9
46941.4
46999.6
47015.2
47500.5
47581.5
47721.9
47821.9
47848
48036
48133.4
48354.2
48382
48462.9
48858.1
48973.1
49195.1
49412.7
49692.3
49981
50009.5
50034.6
50197.1
50452.2
50792.6
51285.9
51474.7
54139.5
54890.6
55002.5
55073.3
55222.4
55395.2
55874.2
55952.1
56494.3
56557
56672.7
57006.7
58754
59323.6
60242.1
60489
61130.8
61257.3
61284.1
62144.1
62458.9
62477.6
62977
63117.3
63125.3
63157
63511
64053.5
64596.2
64641.3
64817.6
65155.9
65345.2
65413.2
65457.4
65633.3
66045.5
66057.1
66245.8
66251.3
66440.4
66499.7
66553.4
66644.4
66751.8
66905.5
67764.2
68518.3
68967.1
69834.8
70201
70206.9
70481.3
71154.3
71365.9
71818.3
72247.2
72290.8
73726.2
74236.8
74454
74692.4
74879.1
74890.8
74972
75069.2
75081.3
75242.1
75438
75875.1
76006.4
76308.2
76321.1
76548.8
77260.6
77291.5
77453.7
78504.2
78997.7
79131.4
79297.5
80097.9
80228.5
80335.8
80481.1
80611.7
80759.8
81148.2
81410.8
81776.1
81911.2
82190
82196.7
82269.4
82348
83219.7
83888.3
83926.8
84056.2
84812.3
84976
85340.3
85448
85600.8
85730.5
86608.8
86919.2
88076.3
88493
88797.9
89123.6
89195.6
89247.1
89272.4
90502.5
90657.5
91028.7
91508.7
91868.9
92071.2
92394.4
92573.8
93327.2
93353.7
93911.5
94252.8
94876
94948.1
95257.3
95566.9
95608.3
96068.8
96182.3
97617.7
97812.2
98405.1
98681.4
98732
99078
99285.7
100301
100670
100672
101082
101492
101914
102099
102975
103348
103618
104009
104417
104811
105122
105427
105482
105524
105702
105911
106713
106982
107482
107823
108020
108254
108297
108364
108609
108887
109438
110072
110424
110776
112679
113222
113381
114075
114974
115989
116271
117611
117748
118109
118236
118733
118802
118989
119069
119237
119543
119792
120028
120375
120937
121047
121471
122277
122689
122930
123138
123155
123605
123802
124105
124557
124810
124988
125188
125359
125390
125416
125642
125831
125995
126045
126169
126273
126314
126596
127275
127340
127413
127846
128104
129828
130030
130198
130671
130793
131308
132384
132833
132849
132980
133017
133241
133291
133820
134937
135188
135380
135641
135883
136358
136784
137076
137744
138222
138694
138699
139254
139710
139817
139861
140153
140464
140567
140768
141039
141251
141737
142643
143544
144222
144420
144496
145026
145450
145719
146338
146544
146738
146911
146993
147278
148055
148203
149130
149133
149651
150041
150240
150515
150692
151180
151838
151963
152148
152679
153152
154074
154145
154685
154902
155170
155203
157082
157400
157497
157610
157734
158084
158110
158456
158488
158794
159325
159353
159784
160121
160684
160713
161024
161177
161541
161983
162212
162836
162852
162921
163085
163212
163522
164010
164914
165507
166720
167077
167128
167230
167415
167488
167829
167914
168064
168137
168761
168929
169468
169572
169670
169704
169765
169818
170105
170102
170139
170178
170648
171034
171659
171882
171900
171937
172282
172570
172709
173054
173376
173507
173592
173833
174285
174332
174395
175132
175184
175228
175988
176180
176666
176866
179187
179994
180165
180439
180545
180655
180673
180839
181177
181355
181562
182107
182456
182627
182915
183069
183307
183326
183592
183746
184241
184649
184850
185133
185866
186162
186516
186833
187067
187173
187255
187608
189275
189758
190772
190839
191189
191453
191537
191732
192012
192070
192720
193007
193050
193061
193579
193809
193860
194743
194754
194747
194901
195186
195404
195918
196067
196311
196589
196899
198651
198681
198744
199184
199309
199725
199841
199922
199984
