2694.91
3442.45
23563.8
24485.9
24913.1
25439.9
26110
26321.5
30139.8
30547.8
32013.3
33798.7
34044
36456.1
37616.8
37996.2
39083.5
44160.4
45332.4
46342.6
46541.1
47335.5
47808.7
48828.2
50028.7
50042.4
50673.7
51060.6
54737.4
59741.4
61034
61903.2
62869.2
63301.5
64964.1
66193.7
70079
75380.3
75456.8
75957.9
76391.6
77053.5
77331.1
78941.1
79084.2
79102.4
79397.8
83402
84943
85658.7
85872.7
86686.9
87116.2
91254.3
92765.1
93850.1
94034.1
94375
94780
97368.5
97643.2
97999.5
108783
109524
109931
113215
114772
115157
115974
116595
116993
117508
118004
118545
118918
119613
120633
121261
122540
124759
128727
129455
131788
133070
134183
134336
147715
160744
161241
162513
164179
165812
166161
166784
168105
168159
171987
172367
172695
173542
174003
175303
177061
181229
181343
183286
183671
186586
187379
187944
188139
188959
191626
192133
