877
1107.68
1441.47
1821.99
2253.21
4826.24
5075.09
6105
6757.73
7602.88
8032.41
8385
8429.31
8776.55
10504.9
11003
11070.3
11218.5
11380.7
11527.1
11574.8
11995.7
12054.5
12610.3
12710.9
12918.6
12996.6
13246
13779.6
15375.9
16525.6
16651.8
17007.4
17404.5
17673.9
18462.7
18730.6
19177.9
19726
20096.9
21155.8
21521.5
22822.5
23007.7
23117.3
23637.2
23851.1
24242.8
25699.1
26249.5
27000.5
27178.5
27455.6
27597.8
27964
28372.2
28416
28558.4
28777.8
29304.7
29420.2
30007.6
30150.1
31223.9
31603.7
31626.2
31761.8
33040.9
33163
33893.2
34371.5
34478.3
34825.5
35106.6
35156
35382.9
36177.1
36860.5
37005.4
37109.5
37637
39114.2
39316.5
39853.6
40261
40543.5
40694
40744.2
41395.3
41637.4
42195.8
42401.7
42491.8
42970.8
43839.8
43923.3
44180.2
44461.4
44483.3
44490.7
44692.9
44960
45175.3
45383.9
45397.1
45856
46424.6
46729.5
47650.2
47733.5
47849.8
48129.5
48713.9
49090
50705
51583.1
51846.6
52018.3
52605.6
53043.3
53246.8
53869
54069.8
54258.5
54783.2
55435
55566.3
55805.9
55827.6
55907.3
56344.4
56911.9
57055.4
57199.5
58573.3
59421.6
59656.4
60546.2
61203.8
61478.7
61703.4
61741.9
62083.9
62256.8
63816.5
64905.6
65118.3
65192.3
65566.3
65591.1
66996
67980.3
68687.5
68955.3
69783.3
69997.9
70155.5
70176.2
70456.5
70480
70638.5
71335
72258.6
72458.8
73258.2
73464.3
73752.5
73825.2
76094.7
76390.2
76484.1
76638.6
77356.7
78468.1
78746
78872.1
79060.4
79089.8
80881.4
81297.2
83119.1
83280.8
84065.2
84448.8
84754.5
85267.7
85581.3
85627.6
85897.6
85908.8
86000.7
86334.6
86459.2
86934.2
87140.1
87436.9
88003
89065.6
89367.2
90142.5
90146
90290.4
90759.4
91108.5
92128.3
92498.7
93258.9
94723.8
95219.9
95331
95953.6
96045.5
96218.7
96532.1
96701.9
97117.1
97599.7
97769.6
98038.2
98090.6
98096.1
98958.4
99647.4
100279
100604
100741
101675
102263
102878
103347
103359
103557
103730
104785
104787
105569
106192
106888
106957
107375
108478
108740
108961
109160
110181
111680
111795
112095
114330
114739
114991
115252
115367
115405
115580
115621
118208
118962
119380
119457
120361
121074
122486
122579
122728
123558
123657
123667
123692
123876
124373
124444
124841
125294
125372
125500
125813
126189
126771
127163
127282
127409
127480
128495
129319
129520
131076
132127
133216
133744
134782
134897
135370
136267
136632
137236
137291
137425
137738
137999
138287
139058
139434
140051
140305
140739
141187
141207
141364
141897
142906
143459
143593
144264
144584
144795
145321
145408
145601
145735
145801
147550
147731
148800
149154
149227
149302
149465
150398
151442
151655
151818
152591
152973
153705
154325
154752
154822
158460
158831
158861
159245
159629
159759
159757
160650
161392
161536
162594
163065
164090
164446
164921
165408
165942
166025
166245
166345
166529
166536
166733
168654
168932
170208
170796
171256
171995
172080
172506
172615
172621
172930
173583
173647
174339
174673
175221
175672
175972
176701
176950
178197
178463
178475
178646
178726
179530
179874
180474
180775
181577
182838
183169
183934
184055
184146
184477
186093
186393
186740
186764
187203
187938
187952
188148
188240
188301
188595
188669
188911
189702
190466
191003
192094
192402
193912
194032
194550
194617
194608
194836
195534
195616
195661
196180
196284
196434
197114
197419
197436
197482
197620
198085
198181
198468
198582
198895
199150
199304
199371
