386.16
733.84
1067.93
1713.61
1824.61
2062.1
2091.02
2218.13
2701.54
2754.44
3217.45
3248.8
3544.53
3901.24
3931.94
4279.82
4625.49
4813.05
4939.65
5074.34
5351.09
6166.3
6332.02
6616.49
7053.86
7531.12
8121.11
8302.16
8563.26
9951.99
9949.37
10283.1
10471.8
10491.3
10519
10623
10853
11225.5
11443.2
11485.5
11511.8
11745
11831.6
11915.2
12159
12403.6
12605.6
12632.2
12851
12897.2
13036.4
13346.2
13797.9
13951.4
13955.3
14442.9
14566.8
14572.2
15199.5
15199.9
15294
15663.5
15740.2
16039
16248.6
16555.9
17225.6
17419.1
17535.7
17740.2
17785.8
18799.9
18825.7
19006.9
19091.7
19223.1
19300.4
19456.4
19898.3
20336.3
20346.1
20570.4
20579.7
20991.9
21320.7
21524.3
22281.9
22288.1
22641.1
22650
22654.8
22676.4
23115.4
23265
23651.7
23744.4
24054.7
24666.9
24756
24787.9
25111.4
26189.4
26469.9
26996.7
27346.9
27921.2
27977.5
27988.7
28273.9
28273.8
28784.5
28945.2
29339.8
29477
30040.6
30430.9
30967.7
31146.2
32023.4
32452.2
32777.6
32946.9
33078.1
33683.8
33865.8
33897.8
33918.7
34136.7
34455.4
34481.9
34724.3
34969.5
34998.3
35205.7
35369.7
35944.6
36023.1
36201.8
36227.8
37210.3
37353.9
37677.9
37700.4
37756.6
37781.4
38145.7
38251.9
38492.6
38529.1
38910.8
39106.2
39462.8
40157.3
40172.5
40359.5
40731.9
40954.5
41018.1
41080.4
41174.7
41731.3
42361.7
42384.7
42659.3
42842.9
43347.8
43377.1
43616.7
43674.5
43789.9
43922.8
44177.5
44728.5
44906.2
45199.4
45322.1
45918.6
45947.6
46243.3
46785.5
47212.7
47434.6
47664.3
47954.5
48269.1
48383.3
48507.2
48664.9
49034.2
49138
49936
50175.3
50280.4
50785.6
50943.6
51532.7
51859.3
51866.5
52215.3
52375.4
52601.7
52618.3
52898.7
53293
53709.3
53827.4
54238.9
54802.7
56014.6
56135.2
56361.2
57026.3
57751.2
57969
58411.9
58524.7
58788.2
58809.4
59705
60214.1
60324
60327.8
60463.8
60749.8
61052.5
61506.2
61639.1
62129.8
62400.2
62939.9
63397.5
63462.6
63502.9
63942.5
63998.9
64104.2
64148.8
64589.9
64631.9
64781.6
65034.3
65295.1
65610.8
65682.7
65718
65930.9
65995.7
66621.8
67101.6
67144.5
67401.4
67797.6
68231.6
68330.8
68382.7
68728.3
68762.7
68914.3
69052.2
69257.4
69350.6
69614
70114.7
70270.9
70271.8
70331
71174.8
72011.4
72155.3
72236.8
72359.3
72709.1
72710.9
72804.1
72845.5
73554.4
73779.7
74812.3
74918.8
75857.1
75883.1
76416.4
77119.7
77793.2
78053.4
78626.9
79508.9
80066.4
80475.5
80525.4
80678.9
80750.3
80977.3
81217.8
81376.3
81690
81702.8
81872.1
82024.8
82638.5
82771.3
82906.8
83277.9
83412.7
83731.6
83795.6
83803.3
83807.3
83862.7
84297.1
84475.2
84648.4
84726.1
85077.6
85532.1
85545.9
85746.2
85799.2
86055.8
86771.8
86791.5
86929
87377.8
87548.3
87748.4
87817.8
88037.1
88126.2
88269.5
88333.2
88768.3
88898.8
89294.9
89405.6
89461.1
89694.6
89820.7
89906
89969.1
90119.8
90208.2
90476.1
90688.2
90699.1
91055.9
91130.7
91272.1
92106.7
92133.9
92219.6
92273.1
92358.5
92919.9
93047.9
93133.1
93387.9
93543.3
93867
93932.9
94016.5
94091.9
94385.3
94583.4
94626.4
94897
94897.4
95432.7
95709
95956.4
96737.3
96885.4
96896.3
97254.1
97264.8
97729.2
97863.4
98014.2
98154.8
98177.8
98424.6
98885.5
99046.3
99059.4
99200
100065
100251
100394
100450
100469
100607
100784
100913
101288
101423
101724
102178
102220
102372
103610
105225
105343
105412
105733
107498
107507
107522
107744
107880
108012
108235
108261
108459
108975
109160
109200
109197
109213
109891
110264
110298
110845
110927
111435
111430
111429
111943
112559
112740
113296
113620
113681
113726
113945
114340
114375
114866
115143
115383
115674
115714
116101
116127
117201
117213
117332
117723
117753
117934
118417
118848
119304
119445
119605
120276
120405
120514
120740
120801
121018
121051
121906
122261
122448
122549
122912
123026
123302
124339
124465
124565
124713
124834
125045
125114
125154
125547
126143
126612
126681
127223
127251
127541
127685
128041
128249
128503
128868
128954
129126
129519
129576
130055
130122
130321
130522
130515
130638
130915
131136
131441
131455
132101
132590
133791
133861
133884
134247
134351
134383
134729
134943
134948
135410
135677
136253
136301
136999
137000
137130
137141
137314
137416
137549
137784
137999
138376
138419
138494
138501
138535
138739
139246
139455
139540
140183
140201
140356
140961
141748
141806
141841
142161
142565
142737
143340
143682
143849
143903
145274
145288
145342
145409
145630
145767
145775
145917
146426
146440
147161
148096
148478
149281
149971
150442
150771
151580
151903
152041
152793
153118
153366
153563
153743
154502
154818
154840
155400
155584
155785
155808
155888
156643
157023
157048
157427
157428
157752
157832
158545
159114
159192
159280
159802
159872
160894
161062
161205
161358
162006
162119
162332
162566
162585
162926
163067
164099
164319
164381
164442
164660
164907
165046
165118
165772
166495
166582
166728
167018
167484
167679
167777
168132
168217
168375
168429
168848
169588
169819
170403
170925
172023
172057
172785
173065
173327
173428
173508
173618
173869
174016
174076
174108
174128
174350
174816
175018
175102
175110
175657
175865
176020
176059
176149
177175
177764
178079
178360
178616
178626
179530
180455
180579
180597
180733
180990
181405
181499
182145
182367
183305
183682
184191
184877
184948
184930
185267
185746
186199
186483
186593
186856
187389
187489
187856
188549
189303
189335
189766
190036
190118
190395
190448
190557
190969
191107
191145
191390
191876
192574
192607
192747
193099
193157
193337
193348
193687
193823
193920
194173
194357
194644
195544
195659
195750
195794
195889
196534
197234
197352
197598
198408
198512
198823
199435
199480
199652
