189.23
293.72
318.51
343.16
553.95
667.43
913.87
1190.5
1406.61
1621.64
1658.4
1835.9
1944.21
1963.73
2151.66
2456.41
2499.26
2986.66
3160.33
3463.79
3793.26
3811.08
3886.12
4011.55
4023.75
4361.85
4642.5
4926.16
5015.11
5341.51
5535.32
5667.11
5798.58
5809.93
5952.86
6202.19
6604.84
7395.56
7813.71
8304.11
8905.52
8982.3
9119.79
9526.94
9544.94
9682.98
9909.28
10165.6
10310.9
10615.2
10814.1
10944.9
11013.3
11435.6
11592
11700.5
11871.2
12082.8
12129.9
12271.2
12444.5
12493.9
12572.2
13143.9
13187.5
13459.3
13588.6
13594.8
13809
13860.8
14198
14555.8
14610.7
14824.7
14848.6
15437.2
15501.2
15552.6
15749.4
15963
16001.1
16029.4
16031.9
16032.8
16294.3
16742.6
16754.9
17074.6
17301.2
17406.5
17771.1
18104.9
18486.3
18849.1
18943.7
18965
19083
19546.3
19727.6
19844.6
19944.4
20137.3
20194.1
20257.1
20413
20784
21571.6
21802.9
21990.2
21994.1
22120.6
22168.8
22336.4
22364
22448.1
22503.2
22661.6
22802.9
22924.2
23277
23528.3
23903.2
24012.7
24261
24454.9
24461.2
24521.6
24585.6
24776.7
25172.9
25169.4
25629.4
26283.8
26847.1
26893.7
27216.3
27438.1
27485.1
27729.9
27831.9
28197.1
28372.3
28828.2
29233.6
29246.6
29670.8
29673.9
29812.7
29872.5
30017.2
30037
30108.5
30617
30669.6
30777.8
30818.9
31065.1
31222.5
31270.9
31412.1
31704.7
31728.1
31873.9
31901
31971.2
32355.2
32391
32556.6
33787.1
33943.2
34165.1
34535.3
34640.5
34764.6
35150.5
35158
35208.7
35333.1
35535
35781.7
35840.8
35972.5
36032
36212.8
36649
36652.2
36922.8
37189.6
37335
37495.8
37709.9
37994.8
38183.8
38775.4
39100.4
39310.3
39319.3
39721.9
39964
40438.1
40547.6
41061.4
41120.7
41681.5
41878.1
42070.6
42077.5
42618.1
42971.6
43047.1
43118.9
43130.6
43434.2
43624.5
43751.1
44165.2
44461.7
44896.9
45032
45265.7
45598.9
45601.5
45970.4
46312.3
46455.7
46517.4
46573.4
46767.6
47210.1
47339.5
47533.8
47739.9
47744.9
48085.1
48179.2
48253.1
48393.8
48728.6
48857.8
48951.6
49252.2
49494.3
50101.6
50301.6
50434.1
50570
50605.2
50635.1
51065.9
51574.8
51631.6
51990.7
52626.3
52817.3
52918
53236.2
53528.5
53670.9
53738.6
53884.6
53932.2
54748.3
54775.1
54971.4
55223.6
55290.5
55417.1
55436.9
55645.5
55777.2
55827.1
55933.4
56181.4
56207
56277.9
56428.7
56590.7
56750.2
56890.6
57581.8
57822.6
58472.3
58518.3
58613.3
58671.1
59175.2
60044.8
60188.4
60298.9
60526.1
60540.7
60715.7
60921.4
61226
61293.2
61372.6
61480.2
61929.6
61999.2
62068.9
62345.3
62604.3
63189.3
63295.2
63309.9
63306.9
63594.3
63666.8
63793.3
63809.4
63873.5
63977.1
64141.7
64464
64863.2
64903.7
65070.7
65182.3
65273.7
65648.5
65839.7
66235.9
66297.7
66383.2
66696.9
67170.3
67273.4
67465
67801
67942.2
67991.4
68074.2
68083.2
68507.8
68533.5
68629.1
68952.7
69288
69412.8
69530.5
70005.3
70066.7
70661.9
70977.7
70979.9
71499.8
71774.5
71913.4
71974.2
72122.9
72385.6
72511.4
72638.3
73432.5
73994.4
74027.9
74216.9
74614.6
74651.2
74695.8
75492.8
75499.8
75822.9
76190
76283.2
76350.9
76667.4
77443.1
77643.7
77678.5
77682
78007.1
78111.1
78168
78691.8
78736.1
78815.7
79286
79738.9
79757.1
79966.1
79997.6
80821.1
80915.5
81415.8
81483.5
81703.7
81797.2
82411.1
82488.8
82706.7
82897.4
83194.8
83718
84226.9
84295
84964.8
85124.5
85152.7
85175.7
85200.5
85248.9
85276.4
85770.3
85830.7
85845.2
85987.4
86093.3
86408.8
86421.3
86457.6
86504.1
87569.7
87590.4
87626.7
87705.3
88035.4
88669.4
88683.2
88897.7
88963.2
89032.7
89404.7
89563.1
89789.3
89812.6
90300.4
90525.1
90581.1
90872
91185.2
91319.5
91347.2
91449
91499.7
91832.9
91912.1
91926.1
92428.6
92721
92736.9
92979.9
93218.1
93239.2
93283.6
93302.3
93943.1
94053.2
94049.1
94094.7
94479.4
94765
95150.3
95245.1
95423.8
95445
95894.3
96024.4
96058.3
96261.3
96321.2
96452.7
96468.2
97067.8
97239.8
97428.4
97843
98048.2
98553.9
98772.1
98855.5
98886.2
98948.3
99128
99836.2
99860.3
100098
100190
100304
100337
100494
100567
100743
100972
101151
101162
101200
101193
101395
101920
102427
102661
103159
103389
103525
103748
103808
104979
105075
105207
105279
105395
105632
105789
106120
106659
106829
106854
107291
107470
107546
107766
107907
108050
108047
108343
108396
108416
108543
108556
108591
108872
108980
109152
109333
109471
109857
109973
110460
110580
110688
111054
111329
111798
112734
112799
112900
113127
113248
113374
113523
113565
113723
113943
113955
114370
114584
114979
115322
115363
115369
115544
115564
115611
115769
116583
116760
117096
117111
117152
117458
117533
117641
117911
118037
118152
118539
118598
118618
118897
118988
119202
119610
120110
120193
120219
120235
120281
120307
120564
120663
120740
121176
121209
121331
122402
122577
122764
123655
123802
123938
124118
124188
124303
124312
124638
124682
124814
124849
124996
125425
125612
125737
125895
126989
127137
127167
127714
128177
128695
128730
128906
129264
129335
129611
129741
130278
130618
130647
130845
131038
131085
131334
131437
131832
132160
132520
133363
133592
133656
133828
133837
134592
134845
134912
134959
135134
135228
135247
135432
135975
136435
136515
136924
137295
137462
137505
137527
137608
137751
137837
138117
138366
139058
139689
139807
140080
140634
140818
141161
141313
141416
141644
141713
141903
142018
142486
142651
143136
143416
143506
143597
143739
143796
144493
144953
145096
145294
145403
145419
145453
145535
145671
145810
145806
146350
146339
146389
146849
146895
147031
147021
147697
147780
147804
147834
148281
148997
149012
149196
149321
150156
150219
150386
150837
151597
151703
151826
152319
152353
152436
152753
153011
153210
153539
153867
153884
155306
155453
155786
156319
156440
156490
156636
156931
156936
156963
157765
158000
158022
158128
158263
158296
158318
158550
158818
158896
158957
159135
159493
159612
159621
159967
160138
160152
160626
160967
161124
161321
161628
161811
161832
161940
162319
162820
163831
164047
164095
164123
164157
164476
164590
164710
164723
164762
164935
165137
165161
165225
165451
165514
165582
165767
165826
166109
166355
166444
166455
166516
166562
166876
167134
167314
167392
167398
167470
167492
167816
168276
168653
168713
168777
168913
169381
169409
169557
170017
170304
170588
170841
170989
171097
171129
171218
171657
171858
172391
172843
172942
173147
173168
173390
173726
173716
173887
173902
174017
174014
174150
174243
174398
174485
175027
175089
175545
175669
175751
177028
177130
177226
177419
177567
177598
177772
177976
178259
178377
178399
178401
178817
179390
179393
179668
179726
179997
180438
180471
180521
180797
180849
180895
181120
181141
181331
181376
181430
182160
182471
182767
183533
183866
184031
184107
184331
184520
184814
184923
185193
185276
185640
185798
185948
186026
186283
186392
186982
187139
187196
187284
187428
188131
188729
189005
189078
189072
189094
189291
189373
189589
189949
189960
190032
190274
190365
190498
190511
190791
191640
191770
192447
192795
192987
193069
193105
193382
193517
193703
193944
194026
194523
194733
195167
195253
195307
195398
195686
195694
195983
196115
196114
196289
196505
196626
196674
196687
196860
197024
197033
197128
197287
197322
197663
197913
198101
198404
198546
198557
198602
198659
198762
198813
198884
199090
199271
199347
199504
199656
199926
199960
