187.46
771.94
1031.92
1413.11
1654.62
1822.09
2275.28
2763.63
2863.53
3008.03
3018.31
4020.74
4647.24
4951.17
5024.37
5361.04
5738.07
7238.86
7539.65
7960.25
8591.2
8736.9
8937.25
9420.43
9521.77
10320
10966.2
11109.9
12455.6
12819.3
13231.6
13672.2
13826
13830
14510
14693.3
14885
15111.9
15571.6
15770.4
15988.4
16035.5
16716.5
18073.9
19106.7
19393.3
19747.3
20138.9
20806.8
21199.8
21392.4
21589
22368.1
23166.1
24744.9
24904.4
25646.6
26223.7
26447.1
27117.6
27507.5
27918
28813.5
29479.4
29851.6
30139.2
30683.4
30804
30864.3
32714.3
34121.1
35224
35981.9
36039.2
36533.5
36662.7
37153.2
37510.3
37725
38204.1
38327
38721.7
38796.9
38810.5
38854.6
39026.3
39120.8
39336.6
39336.1
39356
40237.9
40487.4
40573.4
41143.9
41345.2
41696.1
42103.7
42634.7
43438.2
43595.6
43769.4
44120.3
44179.8
44424.4
44488.7
44509.5
44681.6
45183.2
45406.3
45624.5
46067.4
46340.3
47483.2
48069.1
48460.3
49285.1
50452
52012.4
52829.9
53089.8
53908.9
54347.8
54996.5
55232.2
55457.4
55669
56134.6
56468.2
57661.4
57919.9
58696.2
58924.2
59188.8
59878.4
60156.1
60390.9
60737.7
61243.1
61609.1
63039.4
63817.8
64000.7
65838.4
66240.8
66327
66409.1
66844.3
67186.8
67295.8
68018.4
68558.5
69297.7
70002.8
70420.7
70980.3
71082.2
71527.6
71837.2
71944.5
72410.8
72653.6
73806.9
74015.1
74017.4
74357.5
74403.2
74712.4
76292.1
77173.2
77899.1
78843.2
79211.8
79511.8
79983.3
82722.3
83389.5
84241.2
84254.8
84478.5
84699.7
85229.1
87008.5
87266.7
87682.8
88132.6
89022.4
89381.6
89427.1
89578.6
90536
90888.1
91240.3
91931.7
94493.1
96037.6
96282
96494.5
96502.7
97317.9
97440.1
97552.9
97864.1
98784.4
99141.7
99253.1
99633.2
99686.2
99998.4
101329
101403
102247
102259
103300
103676
104469
104892
104978
105003
105167
106744
107678
108814
110481
110708
111021
113665
115029
115329
115394
115457
115772
116621
117113
117192
117386
117940
118567
119209
119230
120127
120605
121812
122171
122203
122948
123677
123985
124652
125428
125753
126079
126391
126882
127007
129288
129360
130085
130301
130735
131362
131437
131712
132672
133356
133668
134475
135454
135804
135998
136461
136929
136939
137160
137345
137640
138125
138146
138366
138821
139766
139839
140122
140840
141185
141337
141730
141879
142215
142277
142457
142695
143001
143159
143281
144519
147722
149256
149342
149841
150195
151613
151835
152296
153430
154070
154346
156324
156468
156510
156959
156989
157131
157457
157565
157788
158035
158287
159146
159641
159735
160003
160179
160568
160645
160856
161134
162343
162455
162851
163520
163630
163860
164602
164999
165544
166300
166895
167139
168048
168802
170245
170612
173183
173492
173810
174178
174265
175030
176244
177054
177478
178387
178835
179322
180448
180473
180731
181763
181781
181855
183484
183515
184120
185160
186407
186560
186629
186869
186866
187208
188277
189076
189079
189974
189979
190297
190520
190855
190912
191674
193099
193729
197025
198126
199525
