208.06
730.04
1455.48
2104.26
2832.2
2873.72
3473.45
4772.49
5476.61
6670.47
7039.4
7614.78
7686.15
8346.71
8767.19
9902.39
10076.3
10699.1
11620.1
12570.9
12996.6
13033
13460.8
13667.4
14739.1
15444.1
15705.3
15823.4
18762.5
19277.8
20020.1
20582.4
20636
21113.3
22793.6
22906.1
23490.1
25449.4
26148.3
28113.1
29245.6
29427.8
29628.3
29873
30592.4
30629.9
31319.9
32944.4
33573.1
33995.2
34240.4
36187.3
36315.8
37297.4
37780.8
37852.6
38279.3
38434.2
38472.8
38798.4
38841.7
39189.3
39195.1
40927.2
41090.1
41559.2
43235.9
43416.9
43965.2
44002.2
44271.9
44343.9
45208.9
45396.2
45768.7
46204.9
47317.6
48315.6
48625.8
49695.4
52206.4
52911.1
53816.5
54370.1
54781.2
55009.6
55527.9
56266
57180.4
58423.1
58987.4
59355.2
59365
60914.3
61438.6
62393.9
63156.2
63576
63828.3
64742
65960.9
66495.8
66866.2
67349.9
67997.5
70265.9
71570.4
71674.3
73818
74181.9
74569.2
75532
76018.9
76378.8
76778.9
76827.8
77072.9
78566.7
78959.8
80497.6
82133.1
82206.8
82867.1
83108.9
84073
84449.7
84533.5
86954.7
89171.4
89193.4
90742.7
91773.1
92294.5
92593.7
93018.9
95856.4
96252.1
96921.4
97127.1
97281.5
98289.9
98931.5
99111.9
99158.6
99391
100243
100492
101093
102607
102736
103520
104201
104389
104585
104734
104767
105402
106225
106542
107741
110423
110448
110456
111632
113041
113877
114097
114333
114703
114778
115170
116259
117675
119928
120100
120385
122511
122992
123424
123686
123882
124579
125335
125414
126186
128059
128179
129089
129847
130027
130885
133154
133375
135748
136097
136762
137007
137165
137444
137945
138163
138619
138988
139570
139884
139962
140418
140739
141660
141915
141981
142032
142591
143034
146805
149024
151091
151387
152009
153439
153517
153878
154148
154590
154976
155962
156158
156808
157392
157687
158032
159552
159967
160101
160980
161023
161899
161989
162174
162519
163206
164262
164648
166977
167203
168233
168508
168580
169226
170152
170145
170522
172617
174835
174843
176078
176232
178417
179008
180077
180167
181410
181890
183196
183367
183978
185748
186354
186551
186713
187675
188088
188952
189015
190260
190653
190686
191043
192433
192915
193426
194076
196866
197700
199223
199617
199897
