7039.81
10341.6
12792.3
19823.2
19897.5
21076.1
22862.1
22880.3
24684.9
24821.6
29884.8
30350.5
35419.9
38682.7
40341.5
42101.2
43747.8
46738.1
47381.6
50377.6
53704.7
54495.1
56345.2
57259.1
67310.7
69109.2
70753.3
71552.7
76790.9
81269.5
84474
87764.7
89795.1
91097.9
98619.1
98936.3
99316.2
103155
105219
109032
119440
122162
126319
128505
129024
130410
130398
131093
143804
149929
153051
156708
158136
160587
166616
167991
176565
177426
178302
182484
183083
184666
186240
190027
190046
193043
194085
197121
198286
199778
