1823.75
3024.15
4477.63
4641.01
4739.49
4741.87
5651.45
6066.21
6078.31
6115.09
8860.99
10872.8
10880.2
10882.9
10892.6
10895
10898.5
10904.4
11146.7
11152.6
12130.9
15950
16482.5
17349.9
25721.9
28221.3
28727.8
28733.2
30256.3
30772
32052
32644.6
32703.4
32846
32856
32915.9
32938.7
33003.5
33115.5
33442.8
33484.6
33491.6
33787.3
33791.1
34060
34094.5
34104.2
34142.8
34176.2
34186
34188.3
34205.8
34211.5
34289.7
34665
34997.9
35600.2
36210.4
36213.7
36241.9
36255.3
36308.3
36362.5
36415.2
36417.9
36454.2
36470.5
36504.3
36552.8
36647.5
36652.7
36658.7
36661.9
36663.7
36666.8
36672.5
36761.3
36763.1
36960.9
37117.1
37154.6
37167.1
37177.6
37183.6
37192.8
37196.3
37200.3
37208.4
37215
37237.5
37282.2
37287.8
37293.3
37308
37313.1
37342.1
37349.5
37409.3
37421.5
37447.3
37451.1
37478.8
37481.9
37519.5
37533
37535.1
37537.2
37539.4
37543.3
37545.4
37548.9
37552.9
37554.7
37560.2
37563.1
37572.5
37602.4
37622.7
37639.2
39479.7
39488.4
39491.6
39512.1
39519.2
39582
39585.8
39618.8
39657.3
39714.1
39723.4
39729
39743.2
39743.6
39747.8
39759.3
39791.5
40285.4
40534.8
40540.5
40678.8
40683.5
40689.2
40696.4
40895.4
41210.7
41228.8
41237.8
41250.2
41262.4
41506.4
42422.5
42445.1
42458.6
43387.7
43415.5
43418.6
43421.1
43508.7
43638.2
43655.3
44585.1
44588.9
44620.6
44677.3
44687.5
44697.4
44752.8
45275.2
45335.1
45404.5
45410.9
45420.9
45436.8
45446.9
45657.9
45723.5
45724.4
45727.5
45772.8
45775.5
45777.2
45797.6
45807.7
45818.1
45829.2
45833.4
45930.5
45965.2
45991.7
46040.1
46084.1
46095.4
46106.1
46113.9
46132.9
46136.1
46232
46256.1
46309.4
46546.6
46779.1
46899.3
46902.5
46930.7
47153.5
47383.2
47395
47411.3
47731.2
47739
47760.1
47857.6
47877.6
47919
48187.2
48205
48254
48257.3
48275.5
48290.5
48789.7
48791.2
48794.1
48796.4
48819.4
48822
48824.6
48826.9
48842.3
48856
48870.2
48892.1
48896.3
48893.3
48895.3
48917.9
48926.6
48929.9
48926.4
48929.5
48939.6
48941.7
48946.7
48951.9
49051.4
49060.9
49484.5
49488.4
49534
49536.1
49617.2
50228.7
50235.1
50241.8
52365.2
52369.8
52372.6
52385.8
52394.1
52398.1
52403.9
52717.3
52790.5
52796.9
52831.7
53041.3
53102.1
53106.9
53108.5
53111.6
53125.9
53131.4
53150.3
53156.9
53163.7
53167.4
53172.4
53176.2
53180.4
53184.1
53237.5
53241.4
53243.4
53249.1
53256.9
53262.1
53268
53271.6
53275.5
53279.2
53285.4
53292.8
53301.3
53338.6
53373.7
53418.8
53443.6
53452.3
53452
53474.2
53479.5
53482.3
53488.3
53503.5
54571.2
54602.8
54608.9
54624
54627.7
54631.6
54652.4
54666.7
54674.1
54676.7
54686.8
54692.5
54696.1
55025.2
55027.3
55031.7
55081.8
55588.3
55602.6
55604.8
57120.4
57150.5
57689.8
57696.9
57735.6
57757.2
57770.7
57777.2
57779.3
57791.9
57814.2
57818.5
57829.2
57833.2
57840
57844.4
57869.4
57883.4
57888.2
57890.7
58199.6
58213.4
58587.7
58603.9
58610.6
58621.6
58641.6
58653.5
58678.8
58683
58685.6
58703.6
58705.8
58732.2
58737.3
58743.3
58749.6
59395.2
59421.4
59435
59454.1
59470.7
59479.9
59510.6
59520.1
59571.3
61173.5
61235.4
61268.2
61404.3
61422.9
61428.7
61434.2
61436
61438.7
61453.7
61456.7
61469.6
61487.5
61491.8
61497.9
61504.9
61524.9
61539
61553.3
61565.3
61578.3
61588.4
61601.7
61607
61647.5
61650.3
61664.2
61669.9
61740.7
61783
61826
61840.1
61843.9
61891.3
61920.7
61973.7
61975.6
61977.3
61984.2
62004.7
62006.3
62008
62021.5
62048.2
62052.1
63126.6
63479.5
63485.5
63603.1
63646.4
64602.5
66395.6
66516.7
66837.1
66839.6
66844.6
74083.3
74086.7
74163
74185.4
74191.9
74195.2
74812.1
75979.2
76207.5
76237.1
78215.6
78216.8
78219.1
78242.1
78244.3
78249
78252.7
78276.6
78313.8
78337.3
78381.8
78388.8
78391.5
78457.3
78461
78757
78789.2
78807.9
78809.6
78856
79298.1
79819.7
79903.1
79931.6
79933.9
79959.6
79979.9
79989.9
80000.5
80033.8
80060
80084.8
80087.4
80089.4
80097.1
80100.4
80106.8
81444.9
85088.4
85230.5
86461.6
86574.8
93616.2
93671.9
93877.2
94059.6
94163.8
94190.5
94212.7
95070.5
95074.3
95299.3
95445.8
95549.9
95553.3
95559.2
95740.5
95791.9
95841.9
96269.6
96272.9
96290.2
96415.4
96427.8
96540.8
96544.8
96593.3
96595.6
96626.3
96792.9
97183.8
97445.3
97473.3
97486.6
97772.5
98160.1
98178.9
98193.2
100020
100027
100035
100041
100043
100059
100062
100068
100114
100143
100255
102043
102045
102053
102057
102059
102067
102072
102075
102086
102089
102105
102107
102141
102146
102625
102635
102657
102659
102775
102908
102944
102950
102955
102956
102970
102973
102974
102981
102983
102984
102986
102987
102989
102997
103327
103327
103363
103366
103368
103397
103399
103402
103406
103413
103420
103422
103424
103427
103428
103430
103433
103437
103440
103442
103446
103448
103660
103662
103668
103670
103673
103677
103678
103683
103684
103694
103704
103715
103733
103734
103738
103757
103762
103769
103771
103776
103782
103785
103788
103792
103817
103820
103824
103825
103827
103829
103833
103835
103838
103840
106255
106829
106868
106873
106876
106903
106910
106915
111790
111796
111800
111801
111804
111844
111847
111849
111851
111858
111861
111862
111875
111904
111905
111909
112681
112687
112756
112762
113024
113025
113029
113108
113123
113163
113166
113168
113171
113175
113337
113325
113326
113340
114325
114338
114390
114657
114849
115232
116954
117352
117493
117511
117551
117558
117584
117603
117878
118029
118329
118457
118567
118603
118609
118624
121776
122253
122325
123073
123075
123097
123339
123740
124790
125037
125339
125380
128066
128146
129198
129309
129566
129627
129640
129654
129661
129667
132680
132890
134370
135278
135313
135479
135517
135520
135525
135528
135673
135741
136175
136351
136379
136455
136475
136483
136582
138177
138182
138186
138212
138224
138251
138268
138272
138275
138295
138308
138313
138316
138324
138326
138334
139732
144559
145736
145868
145895
145908
145915
146527
146665
153461
153472
153771
153816
153884
153886
156508
156533
156839
156846
156859
156876
156891
156892
156925
158014
158016
158038
158039
158041
158042
158043
158045
158047
158049
158064
158069
158077
158079
158081
158102
158132
158134
158167
158174
158194
158203
158205
158235
158264
158325
158332
158335
158338
158338
158342
158344
158390
158392
158396
158397
159216
159992
160005
160013
160024
160028
160032
160036
160040
160041
160045
160048
160049
160051
160056
160057
160071
160074
160078
160082
160089
160092
160095
160097
160208
160210
160218
160220
160221
160224
160234
160236
160670
160683
160689
160708
160750
160777
160866
160886
160890
160895
160904
160906
160912
160913
160914
160917
160919
160924
160926
160928
160929
160931
160936
160938
160940
160941
160945
162570
162634
162930
162941
162996
163026
166124
169183
169324
169539
173136
173192
173223
173281
173366
173473
173661
173760
174472
174515
178504
181651
181685
182428
185922
187631
187732
187747
187768
187839
187861
187881
187890
187919
187938
187966
188344
188357
188800
190855
190959
191352
191458
191519
191707
191798
191845
191872
193354
193440
193837
197699
201656
203432
203679
203888
203973
203991
206912
206916
206948
206949
206998
210000
210031
210036
211370
211376
211658
211665
211672
211676
211678
211682
211683
211688
211690
211691
212283
212285
212287
212309
212310
212311
212314
212316
212317
212319
212320
212321
212322
212324
212325
212328
212330
212331
212333
212334
212338
212342
212344
212346
212348
212349
212350
212352
212354
212356
212357
212358
212360
212362
212363
212364
212366
214063
214358
214443
214466
214472
214541
214581
214609
214866
214887
215022
215226
215671
215673
215681
215684
215689
215693
215695
215695
215701
215703
215704
215707
215710
215714
215717
215721
215723
215725
215730
215731
215733
215735
215738
215743
215745
215747
215750
215754
215757
215759
215760
215761
215764
215767
215769
215775
215776
216158
216206
216209
216447
216634
216637
221882
221902
221987
222221
222291
222318
222328
222347
223085
224189
224193
224200
224236
225330
225405
225645
225653
225654
225723
225724
225738
225741
225768
225770
225770
227049
227071
227117
227119
227120
227125
227126
227129
227132
227164
228870
228874
228939
228941
228943
228944
228946
228947
228948
228949
228950
228951
228951
228952
228971
228996
229392
229408
229409
229424
229426
229422
229424
229428
229429
229434
229437
229438
229562
229633
229643
229644
229648
229649
229650
229664
229666
229668
229670
229671
229688
229691
229692
229694
229695
229696
229698
229699
229702
229703
229712
229713
229714
229715
229716
229718
229720
229721
229721
229723
229725
229728
229729
229731
229733
229734
229736
229739
229740
229742
229743
229745
229747
229751
229753
229754
229758
229765
229767
229770
229771
229776
229779
229783
229787
229790
229796
229799
229800
229801
229802
229803
229803
229805
229807
229810
229811
229818
229819
229820
229820
229822
229841
229844
229863
231517
231553
231557
231604
231604
233227
235171
235174
235189
235196
235204
235208
235219
235221
235227
235229
235231
235236
235239
235247
235249
235259
235262
235267
235276
235281
235288
235298
235303
235317
235346
235404
235407
235420
235423
236527
236529
236530
236533
236534
236535
236538
236539
236542
236543
236545
236546
236547
236548
236549
236550
236552
236552
236554
236555
236556
236560
236561
236563
236576
236577
236579
236580
236581
236582
236583
236585
236654
236656
236657
236658
236850
236852
236854
236855
236856
236857
236926
236982
236987
236988
236989
236993
236997
236998
237000
237001
237003
237005
237006
237007
237009
237011
237011
237013
237013
237016
237016
237019
237020
237021
237043
237045
238297
240304
240506
240509
240511
240511
240527
240529
240531
240532
240533
240534
240535
240536
240538
240543
240544
240602
240603
240606
240618
240620
240621
240622
240624
240625
240628
240633
240636
240637
240638
240639
240658
240696
240697
241121
241123
241125
241127
241128
241129
241130
241131
241163
243411
243414
243766
243831
243867
243884
243916
243952
243962
243946
243949
243975
243982
243986
244047
244060
244062
244083
244101
244618
244633
245035
245046
245317
245323
245334
245335
245366
245372
245409
245417
245422
245424
245425
245430
245472
245484
246772
246818
247532
247573
247938
248153
248170
248179
248234
248262
248280
249673
249843
249848
250000
250024
250105
250110
250150
250246
253579
253609
253611
253615
253617
253619
253636
253639
253644
253648
253660
253694
253698
253700
253703
253713
253719
253721
253754
254258
254265
254280
254293
254302
254306
254329
254609
254676
254678
254690
254693
254696
254702
254947
254964
255736
256009
257189
257213
257228
257244
257247
257254
257265
257299
257423
257647
257709
257728
257731
257737
257754
257759
257920
257934
258105
258135
259290
259326
259379
259389
259396
259400
259416
259423
259461
259485
260243
260306
260321
260325
260334
260638
260849
260935
260991
261020
261031
261047
261065
261109
261135
261406
261411
261454
261462
261663
261678
261681
261686
262694
262712
262715
262760
262762
262778
262783
262785
262790
262791
262794
262800
262805
262831
262835
262838
262839
262846
262848
262849
262855
262919
262981
262963
262985
262976
262996
263001
263004
263010
263036
263043
263046
263063
263068
263076
263086
263106
263441
265332
265354
265941
266000
266018
266060
266392
266398
266409
268293
268531
268564
268932
269879
269888
273400
273838
273865
274135
274208
278808
278907
278915
278917
278924
278928
278930
278931
278932
278933
279014
279051
279097
282695
282758
282777
282778
282801
282805
282822
285060
285741
285912
286092
286097
286166
286188
288772
296192
297263
297486
301941
301965
301970
302015
302083
302218
302493
306982
310110
310190
310208
310231
310313
311403
311409
311564
311625
311684
311757
311767
312078
312140
312167
313143
313556
313592
313596
313599
313631
313658
313663
313728
315376
318268
318278
318292
318293
318298
318300
318302
318304
318311
318315
318318
319085
319087
319091
319092
319096
319098
319100
319103
319106
319285
319292
319300
319740
319790
319793
320080
320100
320147
320149
320165
320188
320410
320486
320489
320502
320504
320511
320518
320525
320528
320532
320536
320539
320549
320551
320569
320572
320744
320755
320821
322080
322102
322106
322109
322130
322131
322233
322242
322245
322251
322255
322257
322510
324603
324622
324624
324642
324709
325024
325031
325036
325691
325871
325876
325881
325894
325902
326076
326127
326475
326482
328428
328438
328441
328443
328455
328469
328472
328477
328486
328488
328491
328493
328494
328497
328499
328500
328502
328504
328505
328505
328507
328508
328726
330186
332677
332764
332791
332812
332873
332898
332976
333061
333468
333505
334151
336724
336741
336825
336893
338227
343704
343740
344178
347544
348773
348807
348874
349108
351058
351173
351185
351432
351719
351726
352322
352339
352445
352508
353008
353092
353105
353138
353161
353269
353339
353357
353385
353390
353418
353714
353722
354069
354085
355220
355229
355246
355263
355829
355831
355836
355837
355837
355839
355844
355845
355846
355849
355852
355855
355856
355857
355861
355862
355877
355878
355880
355883
355910
355912
355916
355917
355920
355924
355927
355928
355930
355934
355935
355939
355943
355945
355946
355947
355949
355950
355980
355983
355976
355977
355982
356012
356014
356019
356025
356030
356580
356581
356582
356583
356585
356586
356587
356588
356591
356592
356593
356595
356597
356599
356601
356602
356603
356604
356605
356608
356608
356610
356614
356617
356622
356624
356625
356627
356669
356670
356675
356678
356678
356682
356683
356688
356689
356690
356691
356701
356702
356735
356782
356785
356792
356808
356821
356833
356842
357666
357674
357676
357678
357685
357693
357695
357697
357707
357714
357723
357725
357736
357737
357744
357754
357770
357780
357785
357787
357789
357801
357803
357811
357816
357820
357822
357826
357826
357828
357829
357833
357836
357863
357868
357871
357877
357888
358135
358137
358264
358265
358270
358279
358286
358981
358983
360336
360342
360359
360456
360462
360468
360488
360507
360540
360549
360551
360555
360567
360578
360584
360609
362327
362328
362331
363165
363172
363178
363181
363187
363203
363382
364030
364878
367228
367281
370306
370375
370566
370600
370697
372296
372798
373201
373221
373237
373300
374205
374211
374681
374684
374697
374702
374725
374751
374766
374856
374860
374886
374890
374912
374924
374949
374986
374993
375079
375099
375107
375109
375134
375159
375173
375200
375204
375215
375217
375233
377819
378626
378718
378742
378816
378833
378835
378869
378872
378883
378895
378900
378912
378903
378917
378922
378923
378940
378944
378950
378968
378998
379313
379574
379580
379586
380351
380420
380545
380863
380867
380897
380958
381283
381892
381942
385790
385835
385852
386023
386025
386047
386048
386059
386065
386080
386082
386084
386093
386103
386120
386129
386229
386272
386280
389231
389234
389238
389243
389245
389249
389255
389260
389263
389265
389272
389279
389292
389297
389304
389308
389311
389314
389319
389331
389340
389362
389390
389394
389417
389420
389422
389433
389450
390049
390062
390075
390122
391322
391373
391908
392259
392269
393146
393151
393180
393593
393701
395926
395928
395932
395934
395937
395943
395962
395966
395970
395984
396086
396092
396153
396159
396174
396209
396228
396414
396418
396438
396458
396485
396495
396514
396518
396534
396576
396594
396621
396628
396634
396643
396646
396650
396658
396690
396696
396700
396704
396711
396707
396709
396717
396731
396749
396773
397038
397041
397046
397048
397055
397063
397073
397075
397078
397084
397088
397091
397113
397171
397182
397188
397190
397195
397212
397245
398027
398032
398067
398076
398415
398442
398477
398491
398516
399566
399587
399620
404887
404889
404892
404894
404896
404897
404900
404904
404907
404915
404994
404995
405006
405068
405071
405075
405103
405108
405110
405114
405115
405503
405506
405509
405541
405545
406823
406825
406827
406829
406891
406903
406906
408092
408108
408110
408116
408130
408132
408201
408224
408242
408248
408336
408337
408348
408357
408359
408360
408361
408363
408363
408366
408367
408373
408835
408843
408847
408850
408853
409074
409132
409135
409138
409140
409143
409156
409158
409161
409164
409169
409190
410312
410471
410499
410556
410557
410560
410585
410602
410610
410623
410658
410661
410687
410700
410709
410712
410720
410729
410736
410742
410743
410745
410747
410748
410757
410758
410765
410767
410774
410776
410777
410780
410783
411384
411672
412121
412140
412161
412166
412178
412362
412390
412392
412393
412397
412398
412400
412402
412408
412409
412411
412416
412418
414932
414944
414946
414952
414955
414962
414966
414975
414982
414984
414985
415005
415649
415662
415663
415680
415687
415691
415694
415707
415708
415710
415712
415719
415721
415724
415726
415728
415730
415732
415734
415736
415738
415740
415743
415746
415747
415749
415751
415786
415790
415791
415807
415829
415834
415846
415976
416214
416234
416268
416295
416299
416306
416309
416319
416329
416324
416348
416366
416368
416369
416372
416500
416570
417503
417508
417829
418722
418727
418740
418861
418904
418912
418919
418925
418932
418935
418939
418942
418944
418946
418948
418949
418951
418954
420502
420514
420518
420535
420547
420549
420551
420552
420668
420676
420681
420686
420688
420691
420694
420697
420699
420701
420704
420708
420710
420714
420716
420721
420726
420729
420733
420736
420739
420743
420752
420763
420797
420856
420881
420886
420907
420913
420929
420932
421236
421240
421241
421245
421250
421252
421255
421272
421274
421276
421278
421282
421284
421286
421288
421289
421297
421299
421302
421304
421307
421308
421310
421311
421313
421315
421319
422847
422849
422854
422856
422865
422867
422871
422874
422878
422884
422885
422889
422890
422894
422895
422901
422904
422911
422914
422917
422922
422924
422927
422931
422940
422945
422948
422953
422956
422958
422962
422967
422971
422978
422980
422983
422987
422989
422993
422998
423002
423006
423009
423010
423043
423045
423047
423049
423053
423056
423058
423063
423065
423091
424013
424082
424146
424149
424151
424153
424155
424159
424163
424165
424183
424191
424193
424205
424208
424223
424238
424240
424242
424247
424264
424273
424279
424294
424297
425479
425529
425537
425542
425550
425577
425586
425590
425900
425944
426221
426235
426239
426246
426269
426286
426305
426309
426312
426314
426327
426332
426338
426342
426355
426369
426424
426448
426460
426464
426478
428362
428454
428469
428480
428487
428488
428513
428519
428520
428547
429374
429379
429387
429392
429396
429408
429445
429453
429455
429462
429464
429467
429468
429485
429489
429499
430176
432861
432863
432868
433485
433498
433501
433503
433509
434311
434315
434318
434344
434357
434359
434366
434368
434370
434376
434381
434383
434393
434393
434685
434713
434746
434790
435070
435152
435182
435208
435211
435236
436138
436161
436185
436166
436535
436542
436546
436547
436549
436551
436554
436557
436563
436565
436568
436570
436571
436572
436574
436575
436576
436578
436578
436579
436580
436581
436583
436584
436585
436587
436588
436589
436589
436592
436593
436594
436595
436596
436597
436598
436599
436600
436601
436603
436605
436605
436607
436609
436610
436611
437274
437367
437374
437377
437385
438212
438396
438413
438681
438696
438705
438710
438727
438730
438841
438846
438885
439191
439194
439198
439204
439210
439226
439243
439229
439250
439280
439258
439267
439283
439293
439510
439531
439525
439573
439600
439612
439625
439594
439664
439640
439677
439649
439691
439697
439706
439678
439747
439760
439801
439808
439891
439919
439922
439932
439954
439960
439988
439996
440035
440041
440048
440049
440055
440059
440061
440063
440066
440067
440069
440072
440073
440074
440074
440076
440078
440080
440081
440082
440084
440085
440086
440088
440089
440093
440094
440095
440097
440098
440100
440101
440102
440103
440103
440104
440105
440105
440106
440107
440108
440111
440112
440114
440115
440115
440188
440190
440191
440191
440239
440241
440245
440446
440461
440469
440471
440474
440475
440706
440735
440735
440736
440715
440745
440746
440747
440748
440754
440756
440756
440772
440778
440784
440788
440798
440939
440964
440972
440994
441008
441013
441026
441038
441043
441077
441084
441092
441152
441153
441154
441155
441156
441157
441162
441165
441173
441174
441176
441176
441178
441181
441183
441185
441186
441204
441207
441208
441210
441211
441212
441213
441214
441216
441218
441219
441220
441223
441225
441225
441227
441228
441229
441230
441231
441235
441237
441238
441239
441240
441243
441244
441246
441247
441248
441249
441251
441252
441254
441255
441256
441257
441258
441260
441264
441897
441918
441935
441943
441944
441946
442698
442712
442717
444005
444007
444012
444015
444021
444021
444024
444036
444042
444052
444168
444185
444539
445012
445007
445032
445112
445158
445179
445207
445208
445213
445230
445249
445258
445265
445271
445355
445423
445474
445494
447227
447239
447240
447244
447251
447785
449284
449300
452143
452157
452158
453392
453418
453422
453425
455083
455139
455315
455320
455361
455364
455366
455380
455384
455399
455493
455497
455500
455506
455595
455596
455646
455765
455778
455806
455821
455921
455966
455967
455981
455999
456010
456012
456101
456711
456801
456911
457302
457310
457687
458803
458808
458812
458819
458850
458918
459016
459630
459676
459691
459808
459926
459931
459953
459956
459963
459965
459972
459976
460275
460277
460301
460303
460305
460325
460328
460357
460362
461728
461729
461758
461761
461763
461771
461778
463083
463089
463107
463110
463113
465154
465169
465217
465237
465245
465284
465299
465360
465367
465370
465372
465381
466017
466106
469285
469306
469330
473204
473223
473229
473238
473218
473221
473224
473225
473282
473286
473298
473298
473300
473302
473307
473309
473310
473365
473369
473405
473450
473475
473616
473621
474643
475392
475410
476090
476092
476208
476211
476215
476238
476243
476251
476255
476272
476278
476282
476299
476391
478047
478132
478147
478162
481555
481564
481568
481574
481577
481583
481604
481607
481611
481614
481628
481631
481635
481643
481789
481799
481834
481872
482059
482266
482286
482332
482340
482343
482353
482356
482426
482440
482451
482466
482617
482627
482648
482655
482821
482825
483861
483872
483892
483897
484010
484412
484465
484508
484548
484598
484602
484653
484688
484726
484754
484862
485191
485201
485250
485255
485306
487952
488286
497156
497170
497175
497743
497751
497753
497771
497773
497820
497975
498020
498035
498044
502733
503047
503124
503186
503482
503799
504319
504322
505323
505356
505368
506163
506173
506677
507046
507135
507510
508294
508300
508318
508321
509787
509813
510259
510261
510262
510539
510541
510543
510557
510559
510627
512369
512409
512433
512443
512447
512458
512463
512488
512526
513831
513850
513854
513861
515598
515899
515922
516006
516176
516187
516200
516202
516225
516244
516270
516285
516314
516781
516821
516838
516842
516846
516850
516854
516861
516899
516910
517411
517428
517438
517706
517727
517736
517740
517752
517770
517774
517777
517953
517986
518088
518095
518103
518122
518165
518591
518616
518621
518626
518636
518644
518823
518834
520032
520062
520116
520118
520122
520123
520127
520129
520132
520137
520139
520590
520595
520604
520606
520607
520610
520613
520618
520619
520620
520623
520625
520629
520632
520638
520639
520934
520939
520941
520949
520971
520976
520981
521000
521003
521005
521007
521008
521011
521015
521019
521025
521027
521034
521036
521038
521039
521845
521847
521852
521853
521856
521857
521860
521865
521866
521867
521868
521870
521938
521993
521996
521998
522001
522002
522004
522005
522009
522010
522012
522024
522025
522026
522028
522029
522031
522033
522035
522037
522041
522043
522045
522046
522049
522051
522056
522058
522061
522068
522072
522075
522122
522134
522135
522136
522142
522147
522148
522151
522162
522168
522170
522177
522181
522187
522188
522189
522194
522196
522200
522201
522206
522211
522212
522254
522262
522263
522265
522267
522268
522270
522270
522271
522273
522275
522276
522278
522280
522281
522283
522285
522286
524412
525092
525650
525662
525666
525670
525707
525845
525854
525899
526085
526093
526309
526805
526859
526869
526915
526947
527688
527746
527954
527973
527977
528351
528329
528331
528334
528338
528343
528345
528361
528389
528392
528388
528403
528384
528414
528416
528411
528433
529731
529938
530075
530077
530431
530434
530446
530451
530473
531607
531677
531685
531718
531724
531727
531731
531733
531736
531738
531741
531745
531751
531753
531758
531762
531769
531915
531927
533307
534656
537222
537868
537877
537912
540889
541002
541011
541035
541036
541169
541780
541835
541853
541922
541959
541966
548653
548767
548907
551641
552979
553675
553772
553779
553874
554033
554041
555159
555172
555444
557430
557507
557580
557584
557587
557589
570765
570803
571208
573595
574070
574072
574083
574089
574102
574094
574116
574119
574142
574145
574154
574167
574180
574182
574200
574202
574205
574209
574212
574214
574221
574223
574228
574230
574238
574240
574247
574252
574259
574267
574272
574275
574281
574284
574287
574289
574299
574302
574334
574337
574340
574344
574366
574375
574387
574394
574402
574413
574455
574510
574586
574600
574637
574640
574678
574683
574687
576747
576796
576791
576818
576841
576843
576847
576858
577099
577119
577151
577166
577608
577642
577753
577786
578854
578937
579698
579701
579713
579722
579724
579846
579892
580093
581288
581296
581314
581318
581424
581428
581959
581966
582162
583055
583061
583066
583247
583251
595537
599182
600999
601630
601693
605634
608613
609146
609167
609173
609529
609732
610073
610083
610098
611499
611516
611533
611542
611961
611964
611985
611997
612002
612005
612429
612467
612470
612472
612500
612506
613913
613935
614033
614043
614088
614561
614564
614570
615126
615204
615994
615996
616002
616007
616010
616065
616082
616086
616116
616646
616695
616717
616726
619776
619787
619797
619809
619817
619860
619866
619872
619865
619866
619927
619933
620179
620677
620759
621338
621395
621409
621443
621501
621516
621571
621623
621748
621787
622092
622183
622390
622425
624737
624744
624844
625214
629678
629879
633717
636151
636218
636231
636279
638233
638249
638260
638269
638329
638374
638379
638532
640664
641196
641252
641279
641563
641575
642654
642659
642672
642694
642727
642752
642785
654076
654108
654149
654502
654506
661079
661832
661864
661950
661968
662022
662426
662461
662475
662527
662541
662561
662591
662593
662645
662670
662686
662765
662900
662908
664861
664879
667901
669627
669643
669665
669670
669687
670546
670549
673349
673380
673402
673431
673460
673476
673874
673935
673956
673983
675368
679066
679454
684021
684433
684535
685050
685057
685074
685079
685099
685106
685093
685161
685184
685192
685324
685343
685476
685565
685578
686488
696245
699640
700792
701043
701045
701071
701097
701201
702989
702999
703006
703101
705363
705366
705463
705539
705565
705580
705601
705609
705910
705920
705926
711731
711769
711832
712688
713139
713144
713151
713194
713197
713229
714482
715796
715908
715913
715928
727200
730333
731648
732329
744794
746578
749630
752383
752486
753657
755070
756989
757515
757548
757561
760091
760097
762912
768952
769898
771089
771264
771270
772113
772280
772308
772476
772975
773602
773691
773756
774174
775447
775650
775724
775750
776055
776051
776118
776412
776420
780509
782112
782248
782253
782285
784492
790671
790754
792086
792176
792180
792182
792350
792514
792516
792519
792539
792552
799867
799875
799877
799952
800020
800134
800151
800206
800230
801965
802002
802026
802037
802043
802045
802051
802055
802066
802072
802079
802086
802678
804510
806620
806624
806626
807566
807957
807971
808255
808273
809554
809594
809597
809604
809624
809750
809795
809810
809843
809849
809863
810105
810188
810191
810221
810395
810406
810461
810480
810482
810542
810621
811245
811317
817464
817986
818023
818045
818694
818737
818764
818835
818997
819862
819909
825496
825533
825744
826414
826476
826507
826738
828714
828871
829104
829232
829427
829455
829524
829531
829572
829778
829807
829820
829832
829943
829948
830162
831833
832710
832747
835210
835321
835492
836057
836110
836790
836955
836964
837184
839397
839628
839722
839739
840853
840905
840988
841011
841050
841055
841063
841067
841073
841077
841090
841099
841104
841143
841389
841391
841396
841400
841404
841477
841481
843393
843411
843427
843428
843430
843445
843446
843449
843452
843458
844610
844661
844671
844703
844717
844946
844952
844958
844965
844976
844980
844989
845003
845028
845031
845045
845050
845069
845081
845083
845097
845127
845219
845236
845361
845759
847568
848772
848859
848861
848877
848878
848880
848881
848887
848901
848902
848911
848917
848923
850671
850680
850682
850785
850833
850838
850841
850914
850988
850992
851002
851019
857246
857264
857367
860058
860248
860333
860361
860402
860408
860413
860426
860454
860481
860483
860490
860507
860509
860512
860530
860746
860747
860778
860780
860782
860784
860788
860789
860799
860801
860802
860804
860810
860812
860815
860818
860820
860821
860824
860826
860848
865533
865546
865561
865562
865572
865575
865594
865596
865619
865622
865623
865624
865633
865643
865644
865645
865647
865648
865649
865654
865656
865658
865659
865661
865685
865686
865688
865689
865691
865693
865694
865696
865698
865699
865701
865703
865704
865706
865707
865709
865711
865712
865715
865717
865718
865720
865724
865726
865727
865731
865732
865734
865736
865738
865746
865749
865963
865973
865979
865981
865983
865986
865987
865995
865998
866007
866010
866015
866018
866021
866106
866136
866138
866142
866097
866104
866106
866108
866109
866111
866112
866113
866115
866116
866121
866127
866128
866130
866131
866133
866134
866135
866136
866137
866139
866139
866140
866143
866144
866145
866148
866149
866151
866184
866185
866186
866186
866187
866188
866189
866190
866191
866192
866193
866195
866195
866196
866198
866198
866199
866211
866212
866213
866214
866216
866216
866252
866254
866272
866273
866274
866277
866279
866281
866257
866258
866259
866261
866263
866270
866271
866273
866274
866327
866328
866278
866333
866334
866334
866288
866290
866290
866292
866294
866300
866305
866310
866311
866346
866325
866340
866381
866385
866367
866368
866369
866360
866364
866384
866385
866389
866389
866390
866391
866392
866395
866396
866396
866397
866398
866411
866412
866445
866446
866446
866447
866448
866449
866453
866455
866456
866457
866458
866459
866462
866463
866463
866464
866465
866466
866466
866468
866469
866470
866471
866472
866473
866474
866476
866477
866505
866505
866506
866509
866527
866529
866530
866531
866531
866532
866534
866534
866557
866558
866560
866561
866574
866576
866577
866577
866578
866579
866580
866581
866582
866585
866585
866594
866595
866597
866598
866599
866601
866604
866604
866605
866606
866607
866609
866610
866612
866615
866618
866619
866620
866622
866627
866630
866631
866632
866634
866636
866637
866638
866640
866641
866660
866661
866662
866663
866664
866665
866666
866667
866668
866669
866906
866907
866909
866912
866913
866916
866919
866922
866924
866926
866931
866933
866997
866999
867202
867204
867208
867208
867214
867214
867218
867223
867223
867225
867227
867228
867228
867229
867231
867236
867237
867238
867240
867244
867250
867251
867251
867252
867256
867257
867257
867261
867262
867262
867263
867264
867265
867266
867267
867267
867269
867273
867275
867276
867281
867282
867283
867289
867305
867308
867308
867325
867326
867327
867328
867329
867330
867330
867332
867333
867334
867335
867342
867343
867346
867350
867351
867352
867362
867420
867459
867496
867531
867532
867533
867562
867563
867564
867564
867565
867570
867576
867577
867581
867582
867583
867584
867585
867587
867588
867589
867590
867591
867600
867601
867622
867623
867624
867626
867631
867641
867642
867644
867647
867649
867651
867653
867654
867656
867662
867662
867665
867676
867684
867689
867690
867692
867693
867694
867708
867710
867712
867714
867716
867935
867937
867939
867941
867942
867943
867944
867948
867949
867950
867951
867952
867953
867954
867955
867956
867957
867958
867959
867960
867963
867964
867965
867966
867967
868020
868031
868047
868050
868053
868056
868058
868059
868061
868100
868108
868109
868110
868111
869498
869508
869515
869519
869520
869521
869523
869528
869535
869536
869538
869540
869541
869541
869543
869544
869545
869546
869548
869558
869559
869560
869561
869562
869565
869566
869570
869576
869576
869578
869582
869583
869604
869605
869606
869611
869612
869613
869617
869617
869618
869619
869620
869621
869622
869622
869623
869624
869625
869627
869628
869630
869631
869633
869633
869634
869637
869638
869639
869640
869641
869641
869642
869643
869644
869645
869646
869647
869648
869649
869650
869651
869652
869653
869654
869680
869696
870092
870093
870094
870096
870097
870109
870111
870113
870118
870120
870135
870146
870152
870193
870606
870610
870612
870619
870622
870623
870631
870664
870665
870667
870670
870673
870693
870696
870700
870701
873046
873061
873066
873074
873086
873146
873770
873787
873816
873828
873980
873996
874037
874127
874409
874478
874481
874490
874585
874668
874688
874734
874792
881895
881927
883336
883379
883387
883469
883600
883602
883605
885303
885509
885513
885778
885832
885842
885914
885938
885959
885961
885970
886021
886040
886402
886404
886449
886501
886569
886683
886685
886690
886814
886869
886912
891030
891073
891077
891079
891453
891455
891459
891464
892370
892392
893932
893991
894013
894015
894042
894049
894059
894065
894234
894253
894256
894289
894295
894313
894315
894318
897355
897392
897395
897410
897426
897427
897439
897459
897463
897506
897525
897542
897581
897583
897584
897598
897609
897611
897617
897633
897638
897767
897770
897783
897787
897797
897800
897801
897804
897809
897843
897851
898078
898085
898086
898087
898088
899385
899401
899409
899414
901232
901258
901274
901277
901278
901289
901289
901291
901303
901307
901310
901310
901315
901317
901318
901319
901323
901325
901328
901334
901335
901337
901338
901341
901341
901343
901343
901348
901350
901351
901352
901353
901357
901358
901359
901360
901362
901363
901364
901371
901373
901374
901378
901379
901386
901387
901408
901441
903088
903104
903119
903143
903152
903155
903157
903165
903169
903172
903175
903176
903177
903179
903184
903188
903189
903192
903194
903312
903313
903315
903316
903317
903319
903319
903320
903321
903322
903324
903324
903325
903341
903342
903344
903345
903347
903349
903350
903350
903351
903352
903353
903354
903355
903356
903356
903357
903358
903359
903360
903362
903363
903365
903366
903367
903368
903368
903369
903370
903371
903372
903375
903376
903377
903380
903380
903389
903390
903418
903422
903424
903430
903431
903439
903441
903442
903456
903458
903458
903459
903462
903463
903470
903493
903494
903495
903496
903498
903500
903500
903501
903503
903503
903504
903505
903506
903507
903508
903509
903509
903510
903511
903512
903512
903513
903514
903514
903517
903517
903519
903519
903651
903653
903657
903666
903670
903681
903682
903689
903690
903691
903693
903697
903698
903700
903708
903714
903715
903734
903737
903744
903755
903755
903763
903766
903776
903784
904144
907456
907501
907508
907519
907523
907528
907534
907535
907545
907549
907551
907552
907555
907558
907563
907953
908758
908761
908767
908767
908773
908774
908777
908779
908782
908785
908787
908791
913308
913318
913328
913380
913383
913413
913414
913417
914271
914355
914369
914408
914442
914483
914506
914488
914625
914636
914646
914650
914651
914658
914660
914666
914675
914675
914680
914681
914699
914705
914728
914700
914704
914706
914717
914720
914725
914731
914732
914921
915009
915011
915377
915393
915397
915399
915401
915406
915423
915446
915449
915453
915464
915480
915533
915537
915540
915551
915563
915573
915578
915588
915875
915915
915919
915938
915942
915944
915945
915948
915954
915966
915970
915972
915973
915981
915985
915987
915991
915992
915994
915995
915997
915998
916000
916001
916022
916094
916096
916097
916099
916100
916101
916103
916105
916107
916109
916110
916111
916112
916115
916117
916119
916120
916122
916123
916124
916125
916126
916128
916170
916183
916187
916381
916448
916449
916450
916451
916453
916454
916456
916460
916462
916463
916464
916711
916714
916893
916909
916932
916937
916951
916959
916980
916982
917002
918433
918449
918512
918546
918571
918639
918797
918808
918816
918818
918820
918825
918827
918828
918829
918833
919189
919199
919206
919208
919209
919212
919217
919219
919219
919223
919224
919225
919228
919229
919230
919232
924199
924205
924207
924211
924212
924218
924220
924220
924221
924227
924230
924232
924236
924237
924242
924247
924251
924252
924255
924257
924258
924266
924272
924276
924279
924281
924282
924284
924286
924288
924291
924301
924305
924412
927059
927061
927081
927092
927110
927933
927975
927991
928000
928005
928028
928035
928092
928121
928159
928144
928169
928183
928190
928171
928179
928181
928205
928210
928211
928213
928216
928218
928220
928224
928226
928321
928323
928445
928765
928795
928807
928888
928929
928955
928964
928981
928975
928986
929411
929441
929467
929541
929568
929656
929661
930068
930071
930099
930116
930118
930127
930141
930145
930158
930175
930182
930193
930197
930211
930233
930242
930245
930247
930267
930268
930271
930277
930281
930283
930286
930294
930296
930308
930315
930339
930341
930377
930403
930408
930412
930418
930426
930463
930467
930472
931062
931444
931464
931468
931524
933159
933183
933478
933698
933711
933718
933731
933781
935214
936093
936170
936177
936430
936718
936722
936756
938535
938671
938690
938705
938736
938757
938980
938995
938996
939003
939014
939018
939031
939038
939047
939051
939064
939128
939135
939183
939326
939329
939343
939350
940800
940833
940835
940837
940855
944706
944716
945189
945196
945203
945215
945228
945305
945374
947106
947124
947697
947710
947717
947721
947753
947782
947792
947797
947874
947925
947975
948009
948025
948047
948075
948077
948121
948411
948439
948460
949766
949777
950559
950560
950594
950596
950597
950617
950643
950657
950661
950696
950711
950718
950722
950740
950791
950823
950877
952419
952436
952492
952500
952550
952553
952557
952604
952626
952932
952958
953027
953054
953622
953636
953647
953651
956431
956440
957571
957573
957579
957596
957611
957614
957619
957618
957626
957973
958252
958287
958458
958463
958484
958716
958720
958723
958785
958794
959125
959128
959149
959161
959191
959337
959572
959575
959578
959591
959595
959601
959609
959621
959633
959660
959673
959678
959684
959692
959700
959710
959713
959716
959723
959735
959756
959766
959780
959808
959811
959854
959931
959960
959962
960188
960441
960446
960466
960470
960473
960485
960488
960518
960526
960755
960772
960786
960801
960805
960809
961053
961057
961060
961061
961164
961198
961200
961216
961219
961224
961226
961309
961311
961353
961361
961691
961696
961844
961874
961879
961882
961889
961892
961908
962010
962155
962164
963624
963628
964673
964714
964719
964725
964729
964730
964736
964817
964838
964843
964900
964915
964919
964921
964926
964944
964981
964983
964985
965059
965070
965080
965087
965179
965181
965185
965174
965441
965518
965540
966519
966632
966759
966855
966877
967213
967238
967358
967364
967459
968177
968359
968363
968415
969561
969588
969953
969966
969976
969978
969980
969982
969986
969991
969995
969999
970002
971891
972042
972044
972046
972114
972191
972194
972195
972197
972199
972200
972201
972203
972204
972208
972209
972211
972212
972216
972221
972222
972224
972226
972228
972230
972309
972316
972319
972321
972324
972326
972329
972335
972336
972388
972394
972409
972412
972413
972418
972419
972432
972441
972505
972547
972551
972552
972557
972559
973867
973873
973890
973894
973895
973897
973899
973900
973902
973904
973907
973909
973911
973913
973915
973916
973919
973923
973928
973953
973955
973960
973961
973962
973966
973975
973977
973979
973980
973984
973987
973989
973990
973992
973999
974001
974004
974006
974007
974010
974013
974016
974017
974018
974024
974026
974031
974043
974053
974060
974064
974075
974079
974080
974081
974084
974087
974088
974089
974093
974103
974105
974107
974109
974112
974114
974115
974117
974119
974120
974122
974136
974137
974138
974201
974203
974231
974233
974234
974248
974262
984013
984016
984019
984020
984061
984059
984077
984079
984081
984109
984112
984169
984197
987293
987319
987348
987381
987404
987408
987411
989531
989539
991159
991167
992862
992912
993095
994976
995022
996504
996929
997024
999219
999801
999840
999885
