171.83
236.38
1000.39
1738.07
2097.98
2769.06
3224.9
4521.5
6296.71
7448.37
10671.1
12633.8
12871.5
13221.4
13668.3
14268.8
14377.6
14848.2
15888.9
17614.1
18222.5
18638.1
18731.9
20535
21629
22622.4
23983.1
23992.2
24227.7
24729.3
25468.8
26506.3
27043.2
28890.8
29533.2
29668.6
30158.3
31106.2
31250.3
32015.1
32106.3
33036.3
33515.6
35709.7
37414.5
38288.2
38334.5
38659.5
38667.2
40181.3
43613.9
43935.6
44422.5
45400
45567.5
45893.2
45898.5
46104.8
47694.3
48008.2
48759.6
49115.3
50357.2
53963.5
57022.5
57866.3
58230
58396.2
59488.8
59984.6
60929.4
61889.6
62093.3
62782.3
63152.4
63540.3
65268.5
65529.4
65705.3
65839.3
67218.6
67482.4
67605.5
68623.4
69181.8
69628.3
71539.6
72713.2
72923
73670.8
73834.7
74271.7
74803.8
75462
77575.4
77953.9
83369.1
83635.5
83879.2
84020.7
84304.4
85628
86237.2
86331.6
86428.4
86866.9
86925.6
87114.7
87151.1
87612.2
87909.2
88327.5
93262.7
93267.3
93548.6
94059.3
94628.4
94917.1
95389.2
95838.7
96413.1
96499.4
97129.1
97749.4
98721.5
98857.5
98962.6
99429.7
99438.5
100207
101461
102715
103734
104530
105057
105148
105436
105723
107716
107881
108536
110167
110310
110413
110843
111245
111493
112290
112475
112895
113076
113859
114536
114613
115768
116001
116469
116984
117113
117681
119233
120570
121495
125037
125227
125468
125949
126392
127354
127751
129555
131612
133119
133524
133609
134419
134757
134775
135001
135852
137592
138930
139568
141328
142017
142971
143775
143874
144387
144996
146376
146854
147206
149935
150180
151985
153574
154305
154650
156564
157954
159892
160387
161889
162354
162470
162612
163080
164063
164805
164865
165031
166807
166864
168054
169123
169726
169902
170294
171512
171982
172391
173230
174272
174623
175902
178374
180935
182126
182993
183062
183854
184789
185458
185685
187563
187969
188067
188475
188983
190134
190164
190794
191428
191626
191999
192052
193383
193686
194258
194496
194730
194876
194902
195205
196872
198005
198522
199188
199229
