601.72
1162.5
1233.14
1748.08
2195.37
3440.73
3459.5
3510.57
3716.86
3948.96
4620.77
4892.25
5592.05
6519.01
7081.07
7549.98
8269.11
8630.79
8739.15
9345.11
9695.19
10443.5
10504.4
12514.4
13703
13952.1
14334.9
14568
14932.3
15082.4
15681.1
16194.5
16934.4
17073.5
17207.7
17251.5
17374.2
17653.3
18330.9
18447.3
18728.9
18882.7
20051.4
22672.2
23485.1
23619.7
24933.5
25100.9
25124
25336.3
25945.6
26560.8
28739.2
29156.1
29297.4
29831.6
30032.2
30169.8
30413.8
30789.1
30788.4
31141
31173.6
31841.9
32080.5
32362.1
32451.3
33213.2
33547.9
35020.5
35209.6
35718.2
35747.3
36793.1
37069
37288.6
38461.7
38505.4
39063.2
39374.7
39461.1
39535.1
39815.6
39930.8
40329.8
41443.8
41666.9
41756.8
42213.7
42980.7
44097.2
45176.8
45190.6
46333.8
47892.1
48659.8
49038
49515.3
49796.2
50024.7
50121.9
50924.5
51069.8
51079.1
51381.6
52325.9
52732
53627.5
55779.6
56155.1
56187.3
56805.4
57981.4
58649.1
59221
59365
59763.2
60301.1
60915
61359.3
62596.2
63137.1
64481.6
64626.7
64852.4
64874
65579.5
65595.4
66995.7
68447.1
68806.8
69035.2
71448.3
71784.1
72297.3
72786.7
73299.2
73632.6
73962
74313.2
74366.7
74507.4
74510.5
75679.5
76017.1
76247.8
76535.4
76934.3
77276.1
77780.5
78511.5
80748.1
81080.5
81999
83194.2
83628
83668.4
83979.2
84705.9
85700
86169.7
86202.5
86248.5
86296.9
86930.8
87183.5
87322.5
87386.1
88097.7
88439.7
89453.4
89635
90261.8
91151.7
91396
91444.3
91867.8
92312.8
92491.3
93076.5
93457.9
93739.2
93851.3
93924.6
95417.4
96147.6
96743
96754.7
97067.1
97410.1
98100.2
98524.8
98907.2
99315.8
99425.5
101070
101526
102026
102333
103551
103862
104712
104905
105219
106577
107010
107286
107633
107719
108934
109413
109749
109907
110078
110108
110615
110922
111544
112405
112939
113127
113539
113859
114077
115580
115796
116382
117568
117809
119000
119518
120329
120513
121059
121392
124205
124711
125119
126259
126533
126736
127384
127538
127558
127722
128592
129204
129855
130722
130777
131289
131292
131372
133177
133453
133715
133829
133966
134249
134385
134632
135031
136260
136557
137570
138176
139007
139324
139376
139458
140782
141067
141610
141913
142711
143504
143758
146207
146519
146906
148612
149243
150225
150506
152350
153377
154226
155348
155468
155477
155789
156001
156370
156525
156672
157836
159222
159303
160225
160355
161534
161739
161994
162872
163169
163591
164343
164624
164783
165196
165856
166072
166090
166706
167146
167175
168286
169009
169831
170341
170870
171202
171378
172022
172765
172832
173186
173328
173382
173484
174622
176401
177080
177711
178705
179061
179825
180435
180677
181326
181849
182188
183445
183616
183725
184348
184393
184487
185216
185951
187420
187865
187852
188131
188644
189205
190097
190579
191285
191312
191715
192564
193074
193340
193620
194146
194245
194689
194695
194727
196587
198280
198535
