247.66
2605.83
6831.62
9249.66
11027.4
12164.1
13239.3
16379.9
20067
20736
20830
21444.3
23380.6
27248.1
27723.5
29506.3
34822.5
36292.2
36537.6
38606.5
40347
47585.2
48303
48768.8
50588.6
51151.5
51812.7
55133.3
55656.6
55914.5
57385
57419.1
59258.1
59740.5
60945.9
63044.7
63229.6
64542
64811.2
66542.5
68257.5
70580.4
71273.6
73227.9
73600.2
74381.6
75131.5
75317.7
77584.8
78143.9
78465.3
79217.2
79503.1
79826.7
80290.5
81913.2
83116.9
83177.7
84444.9
85817.2
86514.9
87054.7
87089.4
90546
90700.4
92459.3
93887.8
95498.8
95758
96347.5
97786.8
101542
104255
108529
108839
109403
110143
112210
118055
118823
120252
120347
120380
122358
123583
125217
125588
125763
130436
131632
133683
133797
135257
135313
135970
136573
137496
138236
139878
141647
147560
148229
148385
149334
149909
150400
151671
151788
151887
154225
154589
158193
159345
159602
161532
164873
165638
165872
166140
166959
168108
169084
176242
176261
176340
182845
183171
183452
183905
186147
189781
190935
191091
192188
194366
197960
198355
198559
199342
199668
