831.21
1030.55
2021.46
3729.65
4623.29
5365.93
6118.03
6311.45
7349
7877.35
8696.11
8699.27
8899.18
10326.6
11334.9
15360.2
18306.5
18662.7
20621
21060
21211.9
27513.7
27994
28567.5
28753.7
29027.9
29178.7
30399.1
30497
31065.8
31119.9
31666.9
32313.8
32413.3
33540.2
33738.2
34106.2
34334.5
34616.2
36091.1
37446.5
38188.3
38803.3
39505.8
39930.2
40001.6
40173.8
40339
42995.9
44900.5
45122.1
45395.3
46164.7
50190.7
52699.2
52990.3
53446.1
57379.4
60027.3
62788
63579.9
67238
67519.3
68800.1
69072.8
69673.8
73964.1
74234.7
74345.2
75250.5
75944.7
79402.3
84223.2
85380.2
87298.8
87746.6
88562.8
88722.8
90201.7
90354.6
90593.2
99100.8
99987.6
100678
101287
103389
103528
104829
105804
106157
106238
106956
107029
107119
110746
113014
117486
118264
118777
120193
120396
131833
132651
133710
138256
140646
141545
142472
147783
148270
150739
154221
155569
156357
156743
159277
159486
159928
163574
166503
183971
185990
198802
199178
