869.01
1617.3
2409.17
2435.19
2757.06
3539.27
4018.04
5944.05
6261.81
7178.77
8352.87
8993.81
9217.72
9776.08
9783.34
10220.4
12742.7
13666.1
16385.7
18196.1
18640.5
19005.3
19118.3
20657.7
20869.6
21248.2
22396.4
22517.1
23113
23597.7
23699.5
24226.8
24261.6
25148.1
25615.8
26592.4
26938.2
27347.4
27729.1
28028.8
28805.1
30469.3
30917.5
31692.2
32108.4
33890.5
33928
34014.6
34425.9
34604
37815.8
38301.3
38488.6
38624.9
38898.7
39085.6
39795.8
40052.5
40311
40667.9
40896.3
41141.6
41867.7
41947.9
42105.8
44122.8
45058.6
45529.4
45714.8
46772.2
47384
47658.4
47966.7
48042.3
48619.8
48687.7
49360.5
50671.8
51496.5
51709.3
54290.6
55092
55315.3
55478.8
56128.1
56671
56923.4
59298
59599.3
59981.5
61789.9
63172.6
63450.4
63972.3
64101.7
64596.3
64635.9
65344.4
65386.8
65483.2
65812.5
67195.3
68037.5
68051.5
68294.2
68679.8
69128.4
69588.1
69925.6
70025.8
70574
71176.1
71405.5
71551.9
72128.2
74430.9
75185.7
78592.7
78818
79301.7
79580
80849.1
80875.6
80893.1
81095.5
82252.8
82269.1
83151.7
83941.5
83939.2
84655.1
85287.8
86148.5
86356.4
86455.9
88199.8
88906.9
89429.9
89598.9
89655.5
90259.9
90394.5
90907.1
91503.1
93462.6
93710.8
94258.8
97865.8
98548.7
98856
99133
101092
103693
107566
107652
108049
108734
109089
109414
110119
111530
112126
112620
113317
113625
113640
113675
114115
114183
114601
114829
115074
115529
115918
116754
117494
117995
119376
121891
122271
122535
123450
123755
124854
126105
126819
128289
128472
128765
129674
129792
130299
131430
132050
133413
133455
134117
135260
135552
136503
137664
139119
139402
141770
142298
142465
144001
144934
145051
145175
145855
145999
146210
146967
149416
150128
150374
151259
154440
154625
155011
155089
156576
156846
157212
157237
157582
158088
158442
161334
161736
161893
162066
162454
162887
162897
163207
163357
163383
163466
164264
164415
167387
167620
168268
168548
169203
169350
169844
170122
170530
170858
171520
172498
173617
173649
174001
174182
174513
174669
175018
175213
175376
175396
175930
176152
177221
177413
179737
181547
181962
182758
183328
183737
183848
184875
187382
187643
187820
187863
188079
189211
189296
190233
190612
190845
192036
192496
192666
193270
194023
194045
195085
197427
197548
198667
198710
199742
