302.17
559.08
1283.55
2317.46
2611.53
2803.57
3288.6
3624.46
3794.23
4449.4
4703.78
4753.4
4987.56
5772.43
6785.03
8204.74
8551.32
8736.98
8890.94
9147.86
9811.91
10336.2
10472.8
10675.1
10721.4
11235.2
11576.5
12073.5
12115
12209.4
12446.2
12927.3
13090.1
13159.6
13230.9
13688.5
13787.4
13973
14457.8
14509.4
14520.7
16676.3
17315.4
17610.7
17678.6
17698.7
18015.9
18380.3
18767.2
18894
19772.7
20228.5
20564.1
21357.3
22208.6
22287.2
23613.5
23818.5
24219.1
24891.1
25175.6
25209.5
25934.5
26144.7
26399
26609.2
26918.7
27011
27220.6
27329.6
27530.1
27704.4
28084.5
28303.9
28405.2
28492.5
28526
29311.6
29434
29945.8
30086.4
31115
32823.7
33071.3
33873.6
34161.6
34689.4
34848.3
34888.7
35369
35740.6
36440.2
37172.8
37447
38058.3
39033.9
40374.3
40974.3
43299
43464.5
43544.4
43756
43963.6
44567.4
45429.3
46743.7
46952.5
47232.5
47908.8
47970.3
48048.9
48596
48818.6
48838.7
49765.4
50022.1
50288.6
50657
51978.1
52659.3
52796.4
52950.1
53255.5
54817.7
55103.1
55383.3
55738.5
56372.9
57348.9
57846.7
57970.9
58382.2
59406.1
59823.1
60907.2
60943.6
61926.8
62433.6
62988.1
63438.6
63680.2
63763.2
64227.4
64640.7
65060.3
65116.4
65209.3
66311.4
66956.3
67467.2
67898.8
68847.3
69006.3
69789
70134.8
70405
72722.2
74821.2
75119.6
75726.2
75936.9
76083.2
76683.8
77647.2
77672.6
77686.7
77935.3
78228.8
78606
78973.1
79342.6
80289.5
80515.7
81474.1
83227.1
84800.8
85246.5
85305.8
85555.6
85721.9
86179.6
86331.1
86884.4
87136.8
88513.4
89516.5
90098.3
90733.4
90963.4
91047.7
91291.9
91300.7
92589.5
93826.9
94522.6
94734.1
95139.8
95767.7
96333.6
96862.9
96973.1
97356.8
97514.1
98383
98684.3
99581.2
99842.1
99965.9
100141
100170
100318
100757
101390
101536
102832
103218
103757
104878
105928
106265
107730
108516
108746
109351
109465
109506
111820
111984
112442
112753
113482
113719
113820
113900
114167
115074
115141
115680
116158
116675
116947
117813
117821
118201
119630
119733
120049
120341
120357
120822
122093
122136
122966
125134
126986
127547
127673
127857
128280
128493
129073
129143
129180
129452
130639
131017
133209
133262
133781
133861
134008
134024
134272
135232
135513
135646
136299
136540
136888
136995
137965
137985
138546
138840
138973
139304
139632
139678
140253
140984
141394
141568
142130
142273
142603
142971
145530
145860
146300
146348
146746
146794
147205
149509
149727
151587
152366
152474
153494
153477
154172
154654
155093
156125
156472
157449
157659
157661
158358
159687
159813
161481
161958
164226
164296
164625
164664
165076
165688
165721
167287
167373
167710
167785
169247
169356
169973
170581
170686
171034
171278
172683
172873
174635
175959
177181
178000
178202
178407
178439
179046
179539
180432
181930
183182
183353
183418
183633
183633
183866
184637
184638
185712
186206
186846
188154
189147
190426
191980
192070
192519
193010
193971
194665
194683
195227
196023
196449
197982
198022
198537
199361
