6896.09
11115.7
11988.4
20137.2
22264.7
23185.8
24337.1
25017.3
25977.9
27423.8
28397.1
30279.8
31718.4
34146.1
35473.4
35964.4
36860
37016.9
37468.1
38082.2
46422.8
46863.7
47817.9
49130
51300.4
54922.6
56022
60002.4
62749.6
63324
66678.1
68814.7
68851.3
70424
70695.4
80090.1
82573.9
83067
85929.6
88562.1
91856.9
94521.6
95088.9
95744.5
96117.3
97437.9
100610
104709
108959
113703
115901
118334
118621
119443
120436
121652
122731
123740
124535
128522
130804
131343
131569
133396
134334
137828
139447
141324
141760
147395
148105
150623
150664
151373
153496
155847
156143
156477
158603
159129
159731
161580
163820
164547
164948
165278
165571
167956
168878
170486
176120
177493
182519
183291
185676
188307
188528
188826
190432
192132
197578
198171
