227.5
290.94
360.11
414.01
494.93
512.08
697.25
1211.43
1461.9
1560.28
2018.53
2019.8
2284.37
2326.98
2486.54
2559.11
2640.02
2720.34
2820.11
3113.18
3123.13
3185.1
3535.3
3697.62
3971.79
4032.61
4323.97
4337.41
4514.12
4521.62
4863.03
4928.08
4944.72
4953.74
5106.4
5204.77
5225.74
5293.5
5300.34
5530.39
5556.43
5713.92
5734.29
5805.76
6274.15
6290.22
6390.63
6550.91
6963.13
7172
7205.68
7326.58
7468.96
7488.63
7743.39
7800.78
7898.16
8097.85
8404.61
9079.83
9160.71
9168.68
9178.61
9226.12
9445.42
9564.8
9623.18
9738.67
9879.65
10172
10547.9
10573.5
10803.2
10828.9
11123.6
11151.2
11271.2
11294.9
11425.4
11458.9
11599.8
11740.8
11853.8
11890.1
12024.3
12041.1
12075.2
12303.8
12345.5
12494.2
12698.4
12873.8
12999.6
13320.7
13482
13606
13654.4
13833.6
14060.6
14195.2
14241.5
14834.7
14915.7
14951.5
14996.9
15045.8
15096.6
15559.1
15672.6
15732.3
15773.9
15982.1
16149.2
16165.4
16292.3
16369.9
16370.6
16472.7
16580.7
16584.5
16638.6
17042.4
17084.2
17276
17338.1
17408.7
17443
17791.6
17890.7
18310
18416.6
18486.2
18564.3
18686.9
18855.8
19003
19423.4
19458.8
19502.3
20154.7
20427.2
20752.3
21155.2
21218.8
21335.6
21767.4
21839.1
22200.4
22206.8
22584.9
22735.8
22987.5
23182.5
23266.5
23508.8
23580.3
24104.2
24208.7
24353.4
24357.6
24441.5
24527.4
24769.5
24784.8
24847.3
25041.1
25061
25145.3
26096.6
26190.4
26197.8
26288
26636.8
27047.8
27108.5
27242.1
27363.6
27371.2
27528.9
27809.7
28071.7
28301.5
28461.1
28480.3
28810.6
28817
29008.6
29124.5
29263.3
29519.4
29527.1
29690.1
29724
29728.9
30031.3
30400.8
30770
31767.4
31785
31883.4
32985.6
33272.8
33622.1
33854.2
33861.7
34019.9
34106.7
34318.8
34361
34545.5
34817
34996.4
35386
35719
35848.3
35979.2
36102.8
36328
36421.8
36457.2
36530.6
36629.2
37500.6
37835.3
38739.5
39321
39495
40215.3
40427.6
40553.4
41073.3
41112.1
41129.5
41430.3
41519.7
41540.3
41709.9
41770.2
41993.7
42198.5
42420.3
42595.4
42717.7
42823.8
42957
42976.6
43361.2
43453.1
43505.6
43592.4
43679.3
44162.7
44278.3
44366.5
44712.1
44732.5
45077.9
45229.3
45271
45360.4
45490.4
45804.6
46235.4
46808.5
46957.3
47033.9
47283.9
47651.9
47742.7
48017.2
48134.6
48388.2
48450
48866.8
49001.9
49358.2
49920.5
50115.3
50219.4
50237.4
50365.1
50680.7
50724.8
50889.3
50916.2
51159.4
51699.4
51698.6
51772.7
52112.8
52146.9
52151.5
52281
52405.7
52452.8
52578.3
52792.3
53076.9
53347.8
53499.7
53739.5
54241.8
54310.2
54509.5
54559.2
54629.7
54649.9
54733.2
54885.3
54956.7
55057.7
55099.9
55262.8
55413
55559.6
55635.4
55637.3
55825.9
56408.6
56405.4
56762.1
57114.7
57143.4
57286.9
57335.4
57529.7
57745.3
57822.7
57977
57986.3
58107
58288.1
58560.8
58585.1
59182.5
59256.9
59314.4
59358
59456
59518.4
59534.4
60193.7
60707.7
60965.7
61030.7
61098
61352.9
61459.6
61704.3
61913.1
62287
62310.1
62802.4
62867.5
63156.1
63185.9
63273
63398.1
63461.4
63614.8
63743.8
63865.6
64074.6
64186.8
64236.6
64602.5
64661.1
64745.9
64849
65374.7
65512.6
65656.6
65715.1
65834.5
65935.4
65937.1
66602.2
66667.3
66711.9
66915.5
66963.2
66986.6
67050
67542.6
67947.6
68037.5
68387.2
68438.3
68773.7
68847.8
68956.5
69087.1
69154.1
69213.1
69240.3
69257.3
69274.8
69350.4
69399.9
69677.8
69810
70001.1
70273.5
70358
70780.3
71684.6
72204
72659
72836.5
73132.6
73156.7
73616.6
73745.3
73854
74158.3
74503.7
74700.9
74855.6
74961.7
75086.4
75134.2
75250.8
75265.7
75541.9
75660.5
75792.6
75902.6
76315.3
76492.7
76532.5
76849.3
76976.7
77200.4
77233.6
77275.5
77462.3
77558.1
77845.2
77907.7
78453
78617.2
79017.1
79032.9
79619.7
79673
80191.5
80354.4
81025.5
81053.8
81574.2
81690
81956.6
82027
82153.7
82171.7
82469.6
82598
82634.8
82693.4
83044.4
83712.7
83822.9
83849.7
83959.2
84055.6
84107.2
84378.7
84466.1
84489.5
84565.5
84618.3
84676.1
84813.3
84863.4
85011.9
85200.1
85193.4
85296.2
85363.3
85381.9
85400
85443.7
85567.9
85659.9
85757.3
85941.6
86019.9
86040.8
86077.9
86168
86257.8
86294.8
86306.2
86536.2
86538.3
86686.4
86888.1
86881.5
87054.1
87135.9
87389.7
87833.1
87890.6
88089.7
88365.8
88686.1
88829.9
89003
89206.2
89478.3
89720.7
89748
90243.3
90434
90625.6
90782.5
91413.9
91899.1
92163.8
92223.9
92727.9
92775.2
92785.2
92887.2
92902
93001.3
93028.5
93089.4
93420.1
93442.5
93777.1
93904.1
94192.4
94581.6
94897.5
95935.4
96038.7
96058
96178.6
97330.2
97730.4
97738.4
97975.6
98242.2
98251.2
98403.8
98416.5
99578.6
99599.5
99717.2
99768.7
100035
100047
100105
100148
100172
100203
100306
100439
100582
100979
101083
101165
101274
101634
101728
101857
102025
102520
102667
102697
102927
102993
103172
103291
103470
103603
103766
103835
103964
104039
104150
104249
104391
104467
104547
104597
104719
104745
104887
104960
105135
105427
105721
105731
106059
106349
106550
106973
107025
107043
107123
107437
107471
107721
107755
107776
107924
108679
108992
109094
109307
109512
109712
110073
110161
110264
110293
110540
110885
111768
112283
112504
112496
112548
112756
112764
112929
113010
113151
113367
113437
113504
113628
113689
113743
114002
114128
114167
114183
114280
114405
114517
114564
115058
115301
115756
116115
116539
116539
116572
116935
118023
118057
118605
119624
119881
120098
120296
120746
120905
120952
121129
121359
121425
121459
121708
121713
121757
122101
122329
122613
122939
122999
123101
123200
123605
123951
124680
124928
124930
125115
125233
125720
126104
126175
126268
126556
126679
126722
127066
127077
127235
127339
127561
127763
127911
127952
128262
128286
128347
128443
128630
128630
128968
128997
129006
129025
129250
129309
129471
129628
129660
129910
130022
130248
130375
130403
131081
131301
131388
131438
131628
131786
131791
132166
132686
132917
132934
132995
133004
133137
133350
133503
133535
133670
133693
133723
133780
133919
133955
134051
134259
134530
135412
135468
136440
136684
136815
137037
137386
137475
137640
137732
137834
138203
138236
138335
138419
138442
138497
138569
138772
138818
139079
139085
139183
139350
139390
139529
139667
140107
140160
140172
140339
140826
141164
141421
141818
142102
142272
142490
142524
142625
142908
142972
143309
143345
143565
143778
143797
144364
144454
144639
144901
145962
146696
147017
147294
147300
147572
147932
148049
148170
148321
148726
148906
149058
149538
149801
149818
150195
150252
150600
150686
151148
151416
151517
151579
151624
151873
152097
152106
152671
152731
152971
152996
153228
153249
153343
153470
153513
153635
153696
154106
154331
154891
155165
155676
156138
156237
156503
156505
156536
156566
156998
157081
157264
157623
157953
158107
158329
158370
158789
158966
159215
159668
159731
159849
159854
160018
160171
160343
160395
160479
160539
160723
160859
160873
160885
161091
161182
161234
162083
162088
162112
162157
162186
162333
162386
162469
162649
162759
163073
163091
163190
163241
163376
163579
163700
163805
164073
164260
164279
164364
164491
164643
164985
165170
165306
165787
165913
165922
166006
166266
166348
166353
166573
166602
166801
166901
166945
166996
167310
167492
167530
167570
167968
168295
168439
168663
168839
168854
169054
169201
169335
169374
169518
169560
169562
169582
169881
169968
169985
170060
170273
170343
170499
170718
171187
171217
171421
171433
171764
171991
172288
172458
172638
173274
173329
173396
173755
174176
174542
175417
175445
175599
175865
175878
175893
176014
176063
176163
176218
176321
176432
176562
176600
176620
176809
176821
176840
176953
177209
178029
178043
178281
178557
178655
178795
179096
179491
179666
179859
179869
179938
180190
180368
180467
181111
181130
181305
182236
182516
182793
182880
183032
183077
183277
183388
183388
183515
183656
183725
183765
183778
183958
184027
184045
184229
184314
184546
184570
184745
184988
185048
185228
185294
185396
185709
185927
186093
186121
186128
186303
186420
186445
186542
186752
186799
186920
186992
187089
187125
187124
187134
187254
187321
187331
187391
187443
187607
187647
187696
187754
187793
188099
188192
188334
188372
188487
188510
188555
188579
188735
188777
188812
188875
189119
189611
189649
189915
189960
190171
190366
190543
190615
190677
190697
191014
191132
191448
191493
191585
191802
191828
192053
192124
192508
192817
193189
193303
193484
193688
193753
193856
193951
194005
194026
194085
194305
194323
194391
194449
194459
194491
194829
195031
195252
195252
195485
195548
195727
195728
195801
196047
196077
196076
196189
196234
196692
196883
196886
197380
197567
197704
197780
197818
198023
198083
198469
198742
