1867.95
1909.28
2560.1
3243.49
9988.9
10122.2
10872.4
11069.5
11357.6
11738.5
12210
12418
12537.3
13087.1
13505.1
14864.8
15537
16471.3
16862.9
17003.3
17591
17844.5
19464.4
19916.2
21727
22274.9
22851.4
23700.3
24126.6
26751.8
27850
28606
30241.5
30892.6
31272.5
31332.9
31991.3
32062.4
32823.8
33087.2
33127.7
33994.3
35151.9
35840.5
36537.8
37443.7
38220.8
38257.9
39430.3
39674.2
40876.2
41037.5
41628
42071.1
42643.1
42837.1
44734.7
44789.1
45459.5
45544.7
46344.6
47232.8
47890.2
48567.4
48759.6
49272.2
50130.7
50774.9
51517
51679.5
52230.6
52684.7
56033.6
57028.9
57661.4
58544.4
59231
59518.4
59637.6
60544.9
61626.3
61667
62370.9
62379.8
62857.1
63371.1
63866.4
64539
64675.4
64793.1
64811.3
64866.9
65134
65912.1
66533.2
67510.8
68857.6
69720.8
69873.9
70739.7
71223.2
71268.3
71292.6
71404.8
71942.1
72023.1
72069.1
72959.5
73186.3
73726
74795.7
76245.7
78198.5
78437.9
79225.2
79750.5
79774
86154.6
86867.3
87322.3
87345.1
87568.3
89335.6
89580
89698
90319.7
91121.4
91573.7
91798.7
92513.1
94895.9
96034.1
96375.1
96959.3
97760.6
97968.9
99020.7
99556.9
99891.4
100551
104393
104833
105871
106181
108551
108614
108978
110259
110463
110943
111001
112789
114584
114612
115951
117118
117960
119360
120541
120692
120744
122390
123063
123349
123865
126027
127814
128347
128682
131485
131957
134670
134998
135213
135222
135980
136134
136249
137321
137541
138263
140176
140368
141069
141397
142847
143621
144083
145471
146810
146984
147402
147664
148924
149548
151680
151898
152153
152289
152306
153934
154418
155187
155471
155734
156021
157414
157852
158232
158291
158387
158742
160050
161105
165088
166136
166259
166359
166452
167301
167718
169576
169641
170566
171647
173530
173624
175492
175943
176561
178015
178206
178677
178888
179241
179298
179602
179906
180406
181187
181220
182974
183573
183672
183699
184401
184822
185180
185220
188780
189482
190503
190858
191629
192170
194195
196346
197995
199792
