314.56
1449.02
1553.32
1608.02
1784.22
2259.34
2746.92
2990.83
3795.99
4169.66
4656.82
5177.8
5256.29
6296.76
6505.39
6624.85
7280.5
8200.15
8234.17
8884.11
9722.52
9781.1
9970.72
10647.2
10738.8
10922.3
11225.2
11403.8
11676.2
11780.8
12182
12235.8
12625.1
12700.2
12700.3
13720.5
14291.2
14573
14668.8
14674
15422.4
15811.7
16443.5
16556.6
16711.2
17385.2
17498.4
17576
17890.8
19204.9
19289.7
19326
20091.5
21191.8
21602
22016.4
22343.6
22491.6
22735.2
22813.7
23434.2
24109.5
25055.1
25168.1
25164
26076.6
26556
27467.8
27600.7
28335.2
28410.9
30042.6
31000.6
31401.7
31758.8
31813.4
32224.4
32442.8
32605
32696.8
32759
32958.5
33014.9
33697.6
34964.6
35005
35664.4
36183.5
36241.2
36317.2
37051.6
37141.4
37251
37762.9
37830.1
38057.6
38644.1
39672
40087.9
40286.3
40365.1
40464.8
40848.1
41248.9
41317.5
41526
41594.9
42170
42511.6
42533.5
43250.7
43615.7
43889.2
44210.1
44404.2
45246.5
45297.5
45908.4
46103.7
46187.3
46546.3
47722.1
47884.3
48487.7
48889.9
49030.8
49189.8
50082.1
50630.9
51004.5
51482.5
51680.4
51890.1
51892.2
52005.1
52384.4
53231.4
53662.5
53762.2
54219
55668.8
55793.7
56417.9
56847.9
56899.1
57512.6
57555.2
58289
58517.9
58727.6
59102.6
59469.5
59645.7
59764
60053.3
60215.3
60439.6
61109.6
62073.7
62554.5
62704.6
62830.2
62915
63136.4
63663.9
63966.4
64317.8
64383.4
64452.8
65705
66334.6
66998.3
67125
67277.8
67515.7
67560.1
67968.1
67986.8
68698
69128.1
69425.3
69485
69694.9
69915.5
70034.1
70305.5
71063.2
71772.4
71797.2
71884.5
72172
72331.8
72504.8
72700.5
72848.6
73206.3
73574.1
73677.2
73968.9
74024.9
74717.6
75368.8
75714.9
76087
76233
77349.9
77631
77755.9
78222.4
78263.9
78823.8
79490.9
79555.5
80069.4
80371.6
80605.1
81162.8
81601.1
81832.3
82897.7
83020.1
83229.5
84051.8
84285.8
84703.6
84963.5
85247.6
85991
86563.4
87350.4
87502
88013.8
88384.2
89097
89877.6
89947.4
90094.8
90436.6
90848.6
91004.5
91496.6
91593.5
91825
92348.4
94442.8
94752.3
94950.6
95133.5
95396.9
95752.3
95875.9
96264.4
96353.9
96499
97121.8
97288.8
97622.6
97968.1
98755.1
99229.2
99389.4
99757.9
99929.7
102676
103867
104622
104627
104843
105744
105985
106123
106482
106558
107219
107480
107548
107662
108009
108118
108145
108419
108765
108826
109333
109499
110120
110193
110263
110491
110829
110888
110981
111477
111504
111521
112068
112341
112454
112506
112836
113068
113217
113377
113853
114900
115172
115244
115477
115757
116019
116596
116898
116941
117158
117325
117592
117613
117619
117766
117898
118309
118548
118731
118952
119020
119741
120246
120370
120423
120455
121187
121321
121696
122771
123527
123635
123952
124724
125049
125220
125520
125817
127287
127334
127609
127917
128072
128078
128446
128621
129246
129674
130271
130322
131321
131689
132515
132812
132978
133872
134043
134062
134219
134518
134537
134827
134934
135003
135151
135310
135897
135970
137194
137267
137717
137931
138029
138579
139007
140075
140301
140942
141075
142618
142694
143170
143350
143810
143894
145173
145634
145643
146189
146698
146707
146896
147114
147753
148015
148157
148907
149518
150009
150896
151251
151458
151476
151750
151857
151876
152179
152241
152619
153506
153617
154259
154797
155006
155083
155337
155495
155631
155932
156745
157151
157443
157542
157597
157877
157898
157974
158513
159225
159639
159850
159914
160358
160694
160758
160888
164125
164641
164671
165163
165838
165879
166084
166361
166757
167139
167163
167649
167926
168135
168620
169377
169514
169735
170047
170158
170421
170576
171292
171901
172281
172766
173060
173321
173412
173492
173691
174402
175172
175317
175501
175930
176114
176223
176321
176881
177200
177731
177807
177931
178381
179026
179342
179926
180035
180103
180203
180235
180815
180970
181695
181980
182054
182757
183213
183345
183513
183510
183769
184101
184744
184982
184989
185167
185427
185532
185834
186560
189160
190229
190342
191019
191178
191411
191441
191534
192158
192173
192496
193223
193837
194006
194593
194670
195569
195819
196128
196182
196497
196799
197737
198787
198858
199277
199552
199940
