165.39
418.61
1338.57
1793.22
2703
3031.51
3761.97
5223.17
5381.92
6009.91
6267.1
6455.02
7919.51
7962.71
8232.64
8454.06
8564.59
10198.1
10381.7
11077.4
11143.5
11678.2
12009
12149.5
12511
12798.6
13001
13726.3
15471
15970
16162.8
16336.5
16494.8
16673.1
17265
18090.8
18838.5
18989.5
19612.7
19917.2
20262.4
21877.7
22060.2
22687
22701.3
23646.6
24628.7
24791.1
24837.8
25184.3
25880.5
26143.7
26353.3
28055.6
28117.7
28972.8
29208.8
30957.2
31104.5
31457.7
32053.5
32130.6
32183.4
34116.1
34645.9
35336.2
35392.1
36392.9
36735.7
37331
38404.5
38927.5
39319.7
39539.2
39628.1
39985.7
40019.7
40216.2
40503.4
40693.7
40903.3
42421
42653.8
42733.4
42733.1
44396.1
45202.2
47722.1
47888.7
48193.4
48603.9
50497.4
50701.7
51084.2
51632.1
51800.1
51859.9
51935.7
52151.8
52273.1
52384.6
52926.2
53156.6
53548.5
53551.6
53729.9
54230.7
54736.2
55023.8
55343.6
55364.5
55389.9
55689
55969.3
56591.5
56986.2
57331.3
57634.9
57855.4
58159.5
58430.7
58937.4
59456.6
60400.1
60653.8
60935.6
61197.4
61384.5
61703.1
62077.9
62359.2
63665.7
64192.7
64844.8
65229.4
65613.2
65652.8
67222.3
68833.7
69076.9
69578.4
69683.1
70618.5
70931.8
71224
71473.5
72197.5
72328.1
72528.7
73159.6
74654.3
74845.1
75452.2
75653.7
75952.1
76655.3
77629
77856.6
78193.4
78228.1
78473.8
78480
79257.3
79544.7
79790
80016.4
83955.9
84507.4
84896.7
85113
85647.7
85813.1
86066.5
86646.4
86789.8
86980
87219.4
87815.4
87873.3
88907.9
89586.5
89843.5
90229.5
90385.4
91662.3
92795.4
93372.9
94301.9
94439.5
94745.3
95055.9
95112.5
96074.8
96379.6
96576
96823.4
98276.5
99162.9
100456
100546
101341
101766
102059
102111
102396
102461
102602
102840
103568
104301
105640
106912
107263
108115
109253
109398
109713
111081
111426
114329
114557
115459
115827
116174
118014
118035
118498
118806
119053
119366
120629
121880
121894
122319
122717
122973
123120
123314
123399
123795
124158
124434
124958
125087
125213
126986
127342
127867
129139
129524
129931
130013
130838
130952
131220
131259
132312
133850
134539
136066
137027
137606
137999
138098
138271
139122
139623
139884
141062
141596
143202
143957
144000
144134
145073
145283
145380
145658
145942
147504
149521
149840
151418
151649
151844
151989
152378
152916
153000
154048
154471
154936
155797
155882
156377
156591
157002
157516
157619
158532
158654
158744
159315
159474
159620
160196
160728
160727
161169
163378
163962
165111
165591
166439
167274
167350
167350
168448
169218
169414
171285
171318
171598
171856
172216
172810
173004
174235
174325
174858
174936
175781
176454
176948
177900
177939
178197
178396
179268
179768
180015
180659
181422
182108
182166
182527
182727
182923
183346
183738
183937
184272
184338
184765
185784
187110
187501
187871
188041
188172
188406
188496
188733
189059
189206
190560
190994
191373
192698
193157
193757
194005
194387
194640
194747
194944
195108
195190
195323
195706
195732
196147
196664
196925
196919
197665
197739
197812
198066
198231
198481
198705
198796
198913
199521
199918
