56
76
98
120
141
163
142
141
163
142
141
163
142
141
163
142
141
163
142
141
163
142
141
163
142
141
163
142
141
163
142
141
163
142
141
163
142
141
163
142
141
163
142
141
163
142
141
163
142
141
163
142
141
163
142
141
163
142
141
163
142
141
163
142
141
163
142
141
163
142
141
163
142
141
163
142
141
163
142
141
163
142
141
163
142
141
163
142
141
163
142
141
163
142
141
163
142
141
163
142
141
163
142
141
163
142
141
163
142
141
163
142
141
163
142
141
163
142
141
163
142
141
163
142
141
163
142
141
163
142
141
163
142
141
163
142
141
163
142
141
163
142
141
163
142
141
163
142
141
163
142
141
163
142
141
163
142
141
163
142
141
163
142
141
163
142
141
163
142
141
163
142
141
163
142
141
163
142
141
163
142
141
163
142
141
163
142
141
163
142
141
163
142
141
163
142
141
163
142
141
163
142
141
163
142
141
163
142
141
163
142
141
163
142
141
163
142
141
163
142
141
163
142
141
163
142
141
163
142
141
163
142
141
163
142
141
163
142
141
163
142
141
163
142
141
163
142
141
163
142
141
163
142
141
163
142
141
163
142
141
163
142
141
163
142
141
163
142
141
163
142
141
163
