522.91
1458.83
2204.32
2401.28
2712.68
3671.23
6575.09
12477.6
13021.2
15942.4
16181.3
16966.9
18251
18758
19680.5
22187.8
25218.4
27808.8
28555.4
29159.6
29766.4
30248.4
30827
33453.2
34284.3
37503.3
39516.9
40444
46189.6
47921.8
50253.8
50440.4
51318.8
53081.7
54141.9
54439
56474.4
59204.9
59482.1
60167
60475.9
62176
63060.1
66050.2
68532
73837.7
74589.1
74895.1
75307.7
79443
80372.8
81143.5
86474.3
86560.8
88854.4
89372
89952.6
91507.6
92207.9
93941
95084.2
97146.5
97283.2
98171.9
98936.9
99791.8
104300
104869
105202
106111
106165
106372
110082
110470
110972
111819
113048
115103
115304
115474
117783
119356
120878
123862
124690
126660
130821
131959
132748
133643
133869
134965
136190
136459
138503
138598
141966
142464
143052
146089
146457
148547
149669
150639
155608
159847
161085
161381
161621
161877
162338
164550
168238
168284
171935
172572
173290
176660
178055
181007
181884
183051
183125
185469
185949
190471
192604
193035
194000
194671
195477
197720
