211.14
749.05
918.51
1304.52
1451.82
1788.75
1941.37
2303.48
2511.22
3447.22
3463.46
3575.14
3731.47
4303.7
4644.55
4929.52
4935.91
5047.63
5115.54
5406.78
5428.49
5960.58
6038.05
6180.68
6375.98
6489.52
6557.76
7611.8
7766.66
8116.07
8268.38
8499.8
9368.19
9716
9951.73
10078.5
10391.5
10809.2
11496.4
11698.3
12133.7
12233.5
12296.3
12383.4
12738.5
13125.2
13553.2
13857.3
14157.8
14710.7
14856.5
15172.2
15391
15705.4
15775
15932.1
15993.4
16175.6
16269.7
16271.5
16798.2
16862.9
16875.2
17713.3
17816.1
17894.8
18032.8
18099.6
18114.8
18213.9
18367
18554.1
18964.9
19285.6
19489.2
19576.4
20859.5
21028.6
21691.8
21822.1
21852.8
22272.8
22516.1
23172.3
23637.3
24389.2
24582.2
24582.5
24789.4
25019.7
25142.2
25206.2
25682.1
25720
25742.1
26039.5
26724.2
26932.5
26939.9
27565.2
27653.4
27983.5
28298.4
28411.2
28870.7
28952.3
29108
29364
29560.1
30115.3
30560
30787.3
31418.9
31770.1
32222.4
32591.7
32869.9
33044.4
33260.7
33600.6
33616
33632
33900.3
34210.4
34515.6
35515.8
36964.4
37415.3
37439.2
37723.9
37788.8
37804.5
38016.3
38258.8
38274.5
38325
38580.3
39238.2
39283.9
39294.6
39525
39536.8
39806.5
39831.2
39896.2
39949.1
40325
40692.5
40869
41140.6
41643.2
42063.9
43689.3
44424.3
44868.1
45403.7
45910.6
46417.6
46798
47455.7
47513.4
47542.6
47830.6
48062.4
48850
49555.8
49914.8
49970.1
50096.7
50173.2
50533.7
50555.7
50797.1
51929.6
51981.1
52195.9
52229.8
52284.4
52306
52447.9
52738.3
52815.5
52962.7
53220.8
53434.4
53449.9
53479.9
53682.2
53713.8
54005.8
54018.7
54174.1
54229.6
54304.4
54531.7
54762.3
54934.9
54988.7
55110.6
55167.4
55291.8
55555.6
56134.4
56705.1
56729
56750.7
56756.4
57535.4
57728.6
57858.9
57917.4
57958.1
58249.2
58301.3
58426.5
58786.1
59025.4
59092.1
59098.9
59308.7
59314.8
59765.2
59839.8
59907.1
60118.5
60290.2
60480
60904.4
61164.2
61483.9
61535.4
61961.3
62012.1
62207.9
62390.1
62667.5
62922.7
63852.2
63933.2
64711.2
65808.8
65883.4
66730.8
66880.5
67278
67422.6
67423
67756.3
67863.3
68148
68248.1
68950
69271.2
69354.6
69437.2
70789.4
71032.8
71045.9
71129.6
71198.8
71955.6
72295.2
72408.7
72994.9
73028.2
73561.7
73580.5
73601.5
73973.7
74426.4
74501.9
74707.8
75066.6
75217.8
75531.3
75557.5
75564.7
75900.5
76104.3
76130.4
76972
77074.1
77481.8
77849.5
77874.9
77986.3
78275.9
78659.4
79294.7
80177.3
81054.9
81456.8
81516.3
81845.6
82270.5
82394.6
84942.8
85059.5
85704.4
86299.9
86341.6
86408.2
86472.2
86822.2
86985.7
86981.5
87597.4
88255.9
88558.9
88584.3
88629.9
88731.7
89047.6
89790
90116.6
90524.5
91056.4
91481.8
91504
91523.8
92066.6
92404.1
92659.1
92892.6
92973
93575.1
93714.7
94160.5
94165.1
94281
94434
94739.5
94936.5
95337.8
95578.9
95580.3
95608.5
95618.1
95766.6
96168.3
96567.1
96619.1
96684.9
96970.3
97037.3
97169.4
97241.9
97315.2
97455.1
97848.2
97945.3
98076.4
98220.7
98301.2
98597.7
98763.2
98941.1
99040.6
99190.1
99309.4
99414.2
99477.6
100033
100364
100510
100858
101071
101082
101655
101737
101924
102059
102278
102432
102669
103148
104075
104474
104590
104881
105025
105315
105850
105923
105962
106313
106705
107383
107660
109260
109344
109851
109956
110509
110750
110818
111182
111263
111463
111509
111646
111954
112407
112728
112849
114464
114563
114969
114987
115104
115641
116544
117157
117337
117532
118417
118550
118691
119253
119655
119900
120068
120504
120588
120980
121012
121451
121750
122053
122147
122413
122611
123238
123602
124162
124452
124488
124876
125042
126304
127398
127596
128343
128671
128972
129637
129671
129681
129820
129871
129962
130088
130287
130448
131125
131125
131439
132159
132496
132565
132790
133443
133568
133661
134328
134437
134453
134561
134651
134683
134841
135556
135622
135699
136120
136300
136766
137003
137480
137897
138008
138182
138370
138388
138424
138853
139400
139697
140919
141776
142188
142543
142579
143283
143681
143830
144009
144420
145137
145170
145599
145807
146094
146348
146540
146620
147426
147417
148261
148301
148407
149209
149484
149556
149727
150069
150122
150321
150388
150523
150887
151253
151676
152171
153173
153411
153618
153841
154154
154267
154836
154845
155096
155375
155496
155499
155804
156121
156198
156510
156848
156866
157024
157382
157437
157494
157833
158060
158558
159005
159416
159641
160116
160283
160303
160388
160530
160766
160819
161105
161210
161214
161494
161715
161768
161958
162393
162851
163263
163562
163754
163983
164072
164292
164589
165324
165846
166919
167448
167767
167808
168577
168919
168925
169294
169935
170534
171083
171140
171454
171460
171460
171605
171629
171691
171823
171988
172478
172475
172927
173166
173394
173479
173731
174051
174163
174317
174931
174978
175144
175559
175549
175711
175934
176394
176743
177110
177178
177357
177755
177762
177850
179128
179474
179892
180159
180857
181171
181229
181598
181649
181817
181884
182138
182248
182261
182260
182739
182781
182865
182860
183317
183416
183608
183668
183981
184217
184561
184565
184740
184770
184959
185015
185110
185565
185775
186525
186885
187283
187543
187764
187809
188558
188602
190115
190184
190277
190373
190653
190784
190894
190907
191363
191405
191641
191750
191939
192310
192499
192654
192817
192964
193197
193611
193889
194148
194445
194950
195040
195139
195374
195441
196531
196676
196773
197111
197232
197432
197454
197756
197977
198272
199119
199249
199529
199731
