1035.17
2463.43
2616.33
4789.02
4830.14
5209.49
9203.55
9441.04
12086.6
14471.6
17039
18015.8
18469
19119.4
21014.4
21063.2
21629.2
22603
22790.2
23753.9
24056.1
25372.8
25400.4
25617.4
29098.6
30370.6
31325.5
31394.4
34800.9
35261.6
38290.4
40303
40872.2
41897.2
43352.4
43724.3
44801.5
45833.5
46421
49598.1
49768
50252.9
51718.8
52842.7
52876.7
54364.6
55630
58005.2
58568
59143
61114.8
63469.3
63702.1
64184.3
67134.1
67570.4
68806.7
69007.6
69189.4
69927.5
71076
71582.6
72854.6
73544.5
76733.3
77328.2
79142.1
79668.4
81506.8
81713
85394.2
85397.9
85617.9
86099.6
88019.4
89549.1
91889.4
93412.4
94019.2
95651.9
97400.8
97765.4
99587.9
100655
100756
101149
103302
104961
107378
109265
109409
109604
110596
110838
113669
114758
114757
117865
118124
119784
124517
127592
128239
128457
128978
129904
130698
131194
131516
131545
132041
132291
133095
133729
135163
135960
136767
136782
138144
138394
140510
141119
141255
142146
142921
143487
147630
148323
150205
150486
152275
153246
153415
154700
156018
156998
160977
163272
175717
177112
179083
180348
180591
181827
184109
184944
186119
187993
189442
190352
190845
190914
191693
192090
192176
192815
197057
198520
198867
