6575.74
8248.08
9208.5
10732.2
13905.4
14655.7
16625.6
16855.2
21488.5
22290.2
23003.1
24738.9
24749.8
25893.7
26179.8
26708.7
30039.6
30459.3
31166.6
31960.8
37924.2
38915.6
39665.4
39898.1
41291.8
45739.3
46405.8
49547.6
50785.7
51532.3
53519.6
53619.3
54223.6
54812
55515.3
57316.1
61643.4
63183.6
64057.8
65825.1
66908.3
66947.3
68072.6
69093.6
71166.5
71655.9
74369.4
74422.5
74607.1
74817.3
74996.2
77806.8
77844.9
79266
79579.8
79833.7
80360.5
81437.7
83188.4
85599.1
86157.5
89109.5
89185
92301.2
92983.3
96376.2
96400.5
99072.9
99548.4
100882
102395
105186
105463
105839
110342
111886
112451
113261
113886
114410
114651
119906
120927
121361
125422
126814
128367
129932
130091
130609
132783
135129
136144
139523
141484
142231
142997
144489
144654
145354
145517
145865
146469
148749
149035
150200
150946
153104
157003
160970
162966
163000
163589
164552
169098
169611
170120
170138
171509
172389
172682
172709
174002
174382
174892
175300
177399
178880
180985
181413
182743
183288
186342
188323
189085
191840
193197
194349
196126
197923
