3322.45
7656.08
9524
10319.7
15028.7
16009.6
21364.7
22606
24491
27092.6
30970.6
34006.5
36571.2
37710.8
42564.1
43169.3
46346.1
51227.6
52796.9
53812.8
56066.7
57042.5
59023.9
61884.4
63890.5
68321.1
68875.6
70914
71084.2
75468.4
76607.9
76611.2
76664.3
80574.8
81297.2
81799.3
82604.2
83345.3
84098.1
88630.8
90992.7
91585.7
97355.2
100550
105286
106555
107877
110365
110467
112330
112868
116256
117431
119097
121751
122723
124056
124213
129560
132111
134494
138409
139293
140690
140847
141876
143925
145964
146622
146798
148233
148974
149426
152286
153263
155946
155977
156940
159419
159647
161348
162418
169263
170638
171378
174567
175140
176825
178867
179062
180406
183716
184507
187116
187539
191509
194570
195324
197204
197756
