2718.93
3777.68
5396.18
6025.69
6283.3
6468.24
7980.64
8246.98
10219
11157.2
11693.9
12025.9
12163.3
12524.1
13015.3
15488.7
15985.7
16176.1
16353.5
16702.7
17278.9
18104.9
19626.6
19935.1
22076.4
22701.5
23662.3
24642.4
24811.3
24851.3
25203.3
25894
26156.8
26366.3
28132.2
28990.7
29239.7
30976
31122.5
31471.4
34661.2
35349
35405.8
36418.7
36750.9
37350.1
38417.3
38943.3
39335.5
39552.2
40033.5
40232.2
40519.5
40711
40923.7
42440.1
42671
42756.6
42747.4
44409
45218.1
47753
47904.2
48624.2
50718.5
51098.1
51653.2
51815.8
51884.5
51953.4
52289.4
52406.2
52941.3
53563.2
53565.5
53742.4
54750.1
55049.1
55360.8
55379.9
55704.2
55988.7
56695.5
56999.6
57350.1
57649.8
58172.5
58444.6
58952.2
60417.6
60668.3
60949.8
61211.5
61404
61717.1
62372.3
63695.9
64205.9
64860.9
65243.1
65629
65668.7
67244.5
68849.1
69091.3
69592.8
70632
70955.2
71489.5
72215.1
73177.6
74860.6
75466
75985.8
77642.6
77871.2
78210.5
78243.5
78490.9
78494.9
79810
80032.4
83978.3
84922.2
85662.7
85831.1
86078.8
86810.6
87274.8
87837.7
89600.3
89860.7
90243.5
90401.2
91680.3
92813.8
94318.9
95072.7
95128.5
96393.6
96840.4
99177.1
100468
101794
102075
102492
102618
102854
103581
104320
105659
106942
109417
109729
111098
111440
114344
114572
115843
118055
118517
118821
119068
119381
121898
121910
122333
122732
122986
123331
123811
124172
125105
125227
127000
127361
127883
129151
129544
129948
130866
130974
131235
131273
132326
134553
136083
137041
137619
138027
138110
139142
139636
139899
141611
143220
143972
144014
145091
145396
145674
145962
149536
149854
151440
151666
151861
152005
152392
152930
153020
154062
154483
154949
156003
156393
157017
157531
158560
158668
158758
159333
159492
159643
160211
160740
161184
163393
163978
165127
165606
166453
167291
167363
167363
168463
169238
169428
171302
171614
171884
172231
173021
173302
174251
174340
174874
175797
176473
176964
177916
177954
178212
179285
179783
180031
180672
181439
182131
182181
182540
182935
183361
183951
184784
185798
187122
187515
188189
188511
188747
191007
192711
193179
193774
194023
194404
194653
194766
194958
195125
195204
195339
195721
195750
196164
196684
197755
197828
198080
198248
198720
198927
199534
199934
