500.37
891.47
942.67
1008.61
1753.44
1822.65
2133.64
2856.89
3024.39
3039.54
3325.74
3439.47
3840.94
3949.43
4441.96
4640.34
5385.23
5607.47
6329.22
6510.85
6734.79
6733.12
7041.64
7076.69
7260.9
7300.82
7497.27
7661.98
8308.91
8564.13
8700.59
9009.41
9085.04
9235.37
9464.57
10043.2
10635.8
10911.8
11817.2
12525.1
12790.9
13271.4
13699.5
15114.9
15145.1
15918.5
16154.7
16296.4
16655.3
16857.6
17249.8
17861
18374.6
18679.4
19067.9
19291.6
19299.6
19563.8
20186.1
20217.3
20216.2
20685.7
20868.4
21067.8
21268.4
21775.2
22179.7
22535.7
22565.5
23008.9
23706
24077.9
24104.2
24364.5
24509.3
24860.6
25268.7
25776.5
26755.8
27010.2
27253.4
27303.7
27514.4
28056.6
28064
28135.3
28278.5
28806
28973.9
29336.4
29432.5
30125.7
30478.3
31296
31397.8
31443.7
31820.6
32317.8
32559
32796.4
33118.6
33554.5
33579.8
33950.4
34130.5
34272
34604.9
34618.1
35050.4
35324.4
35428.1
35563
35752.3
35958.9
35983.7
36052.2
36102.7
36394.5
36511
36714
37363.5
37503.1
37715.9
37772
38036.5
38696.8
39613.1
39940.1
40072.4
40475.4
40759.8
41084.8
41114.3
41156.8
42203.7
43384.7
43784
43803.2
43933.1
43940.4
44120.5
44701
44761.1
44991.5
45024.4
45935.8
46724
46890.8
46897.3
46958.6
47904.5
48539.1
48552.9
48739.7
48853.7
49079.6
49099.8
49350.1
49619.2
49646.2
49849.2
50219.1
50572.5
50597.9
50666
50732.6
50866
51319.1
51380.1
51401
51573.7
51823.8
52004.8
52518.6
52715.7
52880
53666.7
53695.8
54351
54631.4
54656.8
54691.8
54913.2
55459.8
55737.6
55809.8
55866.1
56459.9
56709.9
56844
57275.8
57308.6
57869.3
57908.3
58406.6
58611.2
58614.1
59127.3
59444.9
59699.6
60331
60764.8
61062.6
61307.2
61444.1
61574.1
62365.1
62901.6
63203
63559.4
63599.7
63637.2
64068.7
64900.2
65554.5
65964.4
65986.8
66126.7
68830.3
69155
69977.3
69981
70261.9
70315.8
70791.2
71428.4
71487.5
71589.9
72136.4
72388
72418.5
72442.8
72662.3
72686.1
72717.7
72756.1
73664.5
73676.9
74206.5
74279.8
74532.6
74533.6
74900.7
74931.8
75431.8
75634.9
76044.9
76682.2
76806.4
76896.1
77568.3
77658.2
78224.1
78290
78531.8
78791.5
79315.6
79882.4
79899.7
79971.5
80212.5
81167.6
81291.5
82517.7
83423.4
83806.2
83960.4
85012.2
85358.3
85376
85620
86226.6
86393.3
86521.9
86634.3
87242.3
87436.1
87531
87543.2
87630.3
88107.2
88155.2
89193.3
89239.1
89481.9
89764.4
89946.8
90339.8
90856.1
91006.4
91604.8
92451.7
92716.8
92905.8
93005.5
93044.6
93293.8
93680.5
93804.9
94074.5
94097.2
94326.3
94346.1
94666.7
95031.4
95172.2
95503.1
96070
96071
96156
96230.8
96467.3
96572.3
96617.1
96640.3
96899.9
97122.5
97235.5
97315.8
97636.1
97740.1
97822.6
98079.3
98852.7
99079.3
100111
100124
100515
100595
100670
100694
100884
100913
101668
102121
102117
102344
102400
102415
102667
102863
102937
102974
103038
103153
103232
103429
103657
104080
104351
104440
104477
104639
105638
105843
106266
106732
107074
107122
107129
107228
107544
108418
108472
108681
108811
109042
109181
109419
109689
109800
109865
109953
110198
110421
110475
110895
111169
111353
111776
111975
112199
112239
112750
113224
113341
114107
114162
114589
115024
115087
115167
115236
115814
115967
116430
116446
116510
116767
117106
117453
117839
117976
118066
118214
118275
118612
119006
119109
119222
119350
119356
119541
119985
120284
120421
120645
120914
121207
121741
121821
122003
122009
122257
122435
122538
122900
122960
123134
123802
123848
124250
124560
124665
124666
124788
124882
125452
125620
126386
126677
127024
127461
127625
128012
128080
128084
128220
128382
128446
128514
128811
128916
129084
129096
130566
130695
130978
131489
131849
132194
132293
132539
132582
132678
132724
132776
132814
132911
133138
133307
133439
133462
133622
133864
133946
133982
134096
134374
134389
134440
134762
134844
135158
135165
135274
135406
135931
136690
136948
137018
137324
137627
138011
138090
138255
138447
138485
138878
139085
139359
139424
139556
139744
139777
139851
140141
140297
140316
140539
140546
140947
140987
140984
141296
141418
141483
141504
141572
141689
141881
142112
142190
142281
142499
142641
143356
143727
143724
143840
144013
144298
144625
145410
145469
145661
146341
146783
147499
147632
147722
148229
148237
148322
148332
148716
148828
149603
149740
150117
151029
151103
151212
151285
151332
151532
151554
151820
151839
151924
152054
152054
152072
152210
152356
152416
152807
152834
154131
155290
155383
155853
156177
156221
156730
157531
157597
158594
158832
159232
159480
159770
160118
160305
160713
162717
163165
163351
164045
164650
164826
164868
165402
165477
165648
166465
166799
167345
167647
167804
167908
168047
169033
169342
169917
170189
170249
170505
170782
170840
170873
170891
171060
171181
171553
171861
171879
172027
172265
172531
173112
173572
173654
175210
175485
175607
175685
176607
176628
177117
177179
177272
177471
177616
177639
177689
177915
178013
178153
178142
178484
178524
178538
178734
178996
179574
179882
180240
180247
180962
181340
181836
182675
182864
182940
183452
183720
183860
184230
184311
184415
184470
185142
185852
186433
187006
187557
188033
188346
188626
188680
188939
189051
190019
190168
190321
190414
190727
190745
191050
191191
191320
191516
191582
192519
192525
192864
193176
193575
193771
193975
194058
194365
194753
195342
195646
195668
195715
195789
195805
195919
196005
196053
196141
196498
196579
197012
197172
197274
197407
197656
197901
198061
198448
198746
198906
199093
199710
