524.44
912.17
968.26
1045.23
1770.89
1872.33
2153.66
2893.04
3971.88
4669.95
5424.4
6539.87
6756.43
7064.65
7284.11
7517
7707.49
10249.7
10660.5
10935
12546.2
13730.2
15135.7
15172.4
16320.3
16674.8
16881
17270.1
18402
19318.7
20702.8
21284
21801.7
22202.1
24100.2
24386.1
26784.7
27077.7
27321.4
28082.5
29464.1
31328.8
31425.7
31840.1
32350.9
32819.4
33577.6
33614.9
34293.3
35077.3
35770.9
36006.1
36131.9
36418.5
36774
37528.8
37740.2
38725.7
40096
41134.8
43404.1
43957.4
44145
46745.6
46908.3
46925.3
47008.3
47927.6
48581.1
48598.3
48758.8
49097.6
49877.8
50233.8
50594.3
50640.4
51338.3
51427.7
51588.5
52048.8
52741.5
53727.5
54660.1
54683
54722.6
56740.9
56863.6
57328.9
57927
61098.1
61337.1
61463
61590.8
63583.5
63641.4
63663.5
64928.6
65983.4
66005.1
69176.3
70007.5
70321.8
70350.3
72159.4
72511.2
72713.2
73689
74553
74556.4
74927.3
74950.5
76832.2
76917
78326.6
78554.3
79332
79919.4
79922.8
80231.3
81193.8
81319.8
85036.8
85382.4
85639.3
86252.2
86538.7
87266.9
87554
87563.3
89222.7
89270.6
89527.4
89968.7
90877.1
91628.4
92483.1
93829
94110.2
94365.7
95200.4
96090.1
96105.8
96249.6
96504.4
96917.6
97173.9
97340
98097
100141
100532
100617
100918
102370
102738
102895
102971
103028
103068
103173
103457
103684
104100
104460
104497
105656
107579
108465
108828
109069
109201
109714
109901
110222
110918
111797
112044
112222
113247
114134
115845
116468
116796
117138
117474
117862
118082
118239
119240
120001
120317
120444
120685
120939
121764
122030
122464
123935
124685
124692
124819
125488
126407
126699
127039
127644
128066
128114
128407
129118
130592
131025
131512
132325
132750
133166
133479
133967
134396
134418
135962
136727
136973
137346
138133
138417
138480
139377
139793
140165
140321
140350
140977
141007
141003
141315
142139
142465
143861
144035
144652
145438
145491
147521
147657
148357
148765
148848
149625
150140
151047
151120
151234
151563
151630
152078
152442
154152
157558
157617
158856
159793
160325
162735
163377
164067
164673
165672
167365
167674
169055
169391
170523
170904
170924
171905
172054
172291
173142
173590
175630
177200
177294
177488
178167
178503
178577
179613
180273
180997
182704
182890
182970
183481
183742
183883
184257
184385
184441
184498
185161
185872
188062
188379
188652
188723
188955
190185
190747
191079
191539
192570
192888
193791
193992
194386
195390
195825
196532
197191
198088
198462
198949
199737
