743.92
777.39
1367.31
1490.43
2502.81
4691.69
5685.99
8302.72
8754.15
8894.14
11678.5
12078.9
13208.6
13661.4
17300.7
18628.1
20003.3
20176.7
24539.8
25678.7
26035.5
26112.6
26818.8
27178.2
28361.2
31162.4
31518.2
32206
34113.8
34712.7
36693.9
37350
37996.1
39744.9
41084
41389.2
43299.2
44617.5
44981.2
45016.3
45815.9
46949.4
47156.2
47340.2
47821.4
48508.4
48649.2
50087.5
57168.4
59481.7
59492.2
61903.6
62843.4
62838
63259.5
64157
65111.4
65483.3
66218.6
68980
69572.2
70853.6
71069.5
73095.8
74785.6
74979.3
78037.5
79622.4
80319.3
80516.5
81872.6
83044.5
84343.7
85144.3
85729.5
85774.9
86449.7
87468
87529.9
87547.4
88627.2
88903.7
89543.2
89880.7
90096.4
91272.2
92613.6
93581
94374.2
96067.7
96831.9
97448.2
98567.2
98672.2
98969.3
100820
102053
102481
103929
105865
108891
109564
109764
111261
111354
111534
113050
116208
116835
117394
122038
122491
122748
123247
124885
127155
128602
129216
131919
133410
133822
135058
138925
139767
141210
143468
143775
145811
146131
146122
146708
148556
148570
149036
149446
150716
151393
152703
154869
154938
155821
156077
156963
160515
161190
162298
163798
164104
164984
165059
165959
167980
168380
170070
172470
173051
174628
174810
175196
175550
176211
177605
177681
182687
182805
183860
184204
185127
186999
190395
192605
192857
194654
195916
197819
198161
199978
