117.5
235.97
499.55
840.67
1191.27
1211.02
1568.06
1691.16
2487.2
2874.36
4254.21
4781.06
5002.05
5023.82
5485.21
5592.12
5887.98
5942.59
6233.37
6263.43
6730.4
7098.62
7841.09
8081.68
8209.79
8427.32
8471.87
9548.66
11915.7
12388.7
12598.4
12638.2
13079.2
13285.7
13807
14244.9
14863.4
15065.6
15212.2
15310.7
15523.7
16306.5
16719.7
17079.8
17230.3
17404.7
18342.1
18474.2
18826.2
19265.9
19912.2
20246.4
20313.7
20516.4
20793.8
21363.8
21561.2
21947.4
23019.3
24166.4
24409.3
24436.9
24727.6
25144.6
25198.3
26696.7
26720.4
26973.8
27654.3
28018.1
28320.4
28751.4
28821.6
29242
29774.5
29995.9
30181.7
30179.3
30390.7
30593
30801.1
31196.3
31500.5
31846
31848.6
33623.3
33665.9
33839
34443.1
34449.9
35018.7
36388.9
37096.7
37129.1
37153.2
37825.5
37829.1
37954
38529.3
38702.8
39594.3
40495.5
41040
41092.6
41410
41912.2
43977.6
44431.5
44722.1
44791.9
46095.2
46188
46512.4
46772.6
46902.6
46905.6
47184
47181.4
47849.3
48015.1
48403.6
48846.1
49267.5
49504.4
49636.3
50278.9
50607.1
51079.1
51220.8
51970.1
52150.4
52219.7
53272
53867.3
53903.4
53914.9
54256.9
55322.3
55664.6
57013.2
57829.4
58989
59134.6
59238.8
61179.4
61388.9
61974.4
62582.9
62693.7
63092.1
63432.1
63987.8
66050.8
66617.1
66947.2
67720.1
68480.2
69121.4
69438.1
69592.9
70084.2
70330.6
70364.5
70401.9
70525.3
70873.1
72393
74018.4
74673.7
74756.8
75219.9
75440.4
77043.1
77334.4
78580.4
79381.4
79723.9
79923.3
80609.3
80956.3
81002.2
81292.3
81838.5
81874.3
82725.5
82959.1
83588.3
83621.3
84179.8
84661.4
85557.4
85629.4
85905.8
86132.6
86433.7
86616.5
86679.4
86821.3
86955.8
87071
87082.1
87449
87998.8
88129.2
88403.9
88434.5
89558
89664.9
89962.2
90047.1
90571.1
90898.3
91650.9
92240.9
92830.8
93375
93372.5
94150.1
94273.6
94864
95280.8
95718.8
96400.2
96822.1
96896.5
97138.4
97286.4
97909.7
98754.3
99107.5
100968
101245
101427
102275
102465
102692
103001
103051
103672
104038
105026
105430
105488
106099
108039
108372
109117
109367
110219
110924
110989
111670
111762
112596
112880
113731
113778
113897
114927
115113
116018
116016
116208
116396
116462
117288
117369
117650
118117
118889
119325
119709
119984
120073
120463
120560
121438
121837
121925
121924
121962
122010
122047
122053
122350
122742
123067
123097
123688
123951
124242
124389
124842
125124
125560
126824
126941
127062
128304
128379
128612
128934
129756
130107
130330
130733
130847
131299
133138
133624
133887
137176
137503
137970
138002
138294
139506
140014
140826
141132
141556
141611
141808
142425
143247
143332
143647
145275
145717
146017
146380
146966
147681
148078
148296
148913
149210
149771
150378
151038
152335
152440
152733
152985
153673
153965
154013
154428
154458
154550
155139
155305
155901
156286
156783
157507
158444
160392
160432
160864
161296
161586
161830
162023
162983
163324
163485
163905
164300
164349
164443
164835
164927
165386
166000
168299
168503
168788
169397
169511
169806
170229
172674
174752
175110
175461
175841
176007
176360
177242
177323
177492
177832
178335
179479
180423
181583
182112
182567
183024
183018
183045
183492
183529
184011
184072
184310
185164
185950
186159
187276
187554
190322
190506
190774
190867
191814
192256
192277
192614
192648
193087
193356
193646
194626
194992
195669
195913
196099
196151
196636
196772
197028
197701
197828
198013
198131
198375
199049
199391
199959
