596.53
817.95
1200.44
1346.23
2690.49
3255.01
3399.47
4043.01
5538.93
6322.85
6683.87
7666.46
8104.07
8179.59
9895.78
12082.4
12349.1
13185.8
13241.5
13774.4
13865.3
14060.5
14362.3
16594.5
17442.9
17452.2
18465.1
19483
19855.2
20073.7
24535.3
24777.9
25077.6
25151.4
25394.7
25514.9
26842.3
27457.9
28273.8
29622.3
30787.1
30795.6
32444.2
32940.1
33557.2
34448.4
35044.8
35584.8
35618.6
36275
36592.6
36920.9
37763
39450.5
40093.8
40257.8
41061.6
41713.3
42083.9
42437
42443.5
43086.1
44390.4
44814.5
46285.8
46610.9
46683.5
47387.4
48317
48404.7
48718.4
50308.9
50861.3
51267.7
52398
53198.3
53219.7
53990.6
54218.2
54685.7
54770.1
54776.9
54940.4
55196.6
56463.1
56489.4
56877.9
57092
57853.1
58166.3
58517.8
58703.5
59521.1
60196.2
62488.5
64246.5
64704.5
64794.7
64953.1
65446.9
66453.2
67474.5
67520
68125.1
68559.9
69255.6
69565.2
71685
71681.3
71698.6
72721.7
73173.4
73355.6
73971.5
74027
74274.9
74885
75122.2
75250.5
78277.3
78910.9
80246.7
80787.9
81220.1
82041.2
82585.2
82736.3
82845.9
82938.7
83772.2
88404.1
88993.1
89073.6
89374.3
89386.6
89450.5
89610.5
89738.2
90028.1
90436.8
90718.8
91040.1
91254.2
91269.6
91412.3
91690.1
92414.1
92451.1
93181.6
94075.6
95680.2
95701.1
96301.8
96373.5
97092.2
97177.8
97282.9
97506.7
97864.1
98105.2
98676.4
98704.5
98990
100468
101023
101083
102414
102769
105172
106234
106245
106266
106310
108417
108610
108681
109265
109726
110572
112017
112016
112606
113313
114922
115086
115418
115897
116142
116246
116666
117239
117389
117437
117594
118227
119467
119855
119933
119995
120354
120895
121562
121999
122336
122625
123260
123556
123911
124426
124480
125097
125547
126008
126022
127274
127991
129523
130529
130707
130852
130954
131445
132002
132969
133355
134156
134702
134748
134844
134957
135382
135385
136652
138065
139671
140246
141266
141307
141468
142464
143494
144587
144751
144839
145325
147475
148220
148324
148443
148447
148870
149053
150030
150589
151682
151953
153839
154520
154822
155013
155607
156086
157038
157322
157465
157566
158244
158295
158401
159632
161298
165564
165800
165799
166490
166543
166713
167429
167746
167831
169941
170738
171403
172541
172738
172806
173556
173709
174250
175004
175047
176777
177395
177855
178150
178656
178854
179188
179202
179378
180233
180413
180527
180977
181447
182235
182674
182897
183258
183980
184176
184966
185014
185401
185930
188428
189262
189363
189598
190284
190309
191364
191834
192272
192415
192699
192852
192955
193064
193166
193344
194162
195751
197704
198076
198381
198657
199168
199480
