726.64
5621.03
8779.61
10770.7
11527.7
11707.6
12435.6
14045.3
14701.4
14801.9
17319.2
17333.5
18572.9
22409.2
23964.3
25435.8
28843.4
29422.5
30107.1
30548.2
33120.3
35518.7
36797.3
38408.9
40899.2
41113.6
43550.5
45192
51872.1
52131
54494.5
54710.1
55669.7
56171.6
58435.1
59201.2
59726.3
59920.9
60817.1
60849.1
61271.5
61749.7
62046
62115.6
63908.1
64316.2
64637.5
67090.2
68766.5
69096.6
74097.1
74982.3
77450.7
80977.4
83873
84334.7
84968.3
85223.4
87923.8
88403.7
90951
93524.8
95415.7
97664.6
98276.2
99593.2
101433
102570
103645
103762
104810
105009
109741
109800
118641
121151
121447
121632
127417
127630
129036
129237
129335
129774
131601
133626
133711
136466
138228
138476
138818
142223
142813
145360
147347
147978
151572
152311
157721
159300
159768
160904
162112
162179
163756
164023
164600
165296
165315
165491
165654
166049
167606
168285
169932
170401
170658
170789
171431
172978
176543
176796
177231
177585
179524
180481
181579
183307
186275
186355
187322
189078
190800
191545
192959
196047
197905
197963
