475.28
1662.91
1691.24
2074.77
2912.34
3695.78
3765.73
4326.39
4900.2
4975.7
5064.69
5128.89
5406.33
5533.25
5666.51
6020.64
6160.89
6348.21
6533.13
7118.13
7614.63
7682.11
7763.38
7822.97
8333.13
9064.37
9957.14
10367.5
10837.5
11307.1
11338.9
11555
11715
11938.1
12112.4
12144.7
12368.2
12498.8
13727.3
13857.7
14328.3
14660.7
14916.1
15108.1
15814
15841.5
15876.6
15916.7
16255.2
16672.6
16840.8
17261.5
17334.7
17721.6
17981.8
18029.7
18094.3
18125.8
19315.5
19347
19937.6
19988.4
20996.1
21504.4
21524.1
22017.3
22538.3
22730.1
22933.5
23020.3
23272.7
23316.8
23366.2
24125.1
24179.9
24688.1
25139.8
25260.4
25833.5
26111.1
27273.7
28216.2
29108.1
29203
29591.1
29882.4
31362.6
33057
33248
34164.6
34561.6
35356.3
35555.9
35638.7
36316
36476.7
36887.2
37619.1
37994.1
38167.7
38481.8
38573.2
39142.6
39343.6
39571.2
39965.1
40330.6
40478.6
40888.5
41771.8
42295.7
42457.7
42466.5
42536.2
43004.1
43106.3
43316
43924.9
44900
45103.9
45130.2
45185.1
45293.8
46184.1
46678.5
46845.2
47041
47562.3
48307.9
49217
49291.3
49488
50491
51421
51498.7
51843.3
51955.8
52609.5
52775.4
53011
53136.1
53557.7
53850.5
54076.5
54459.8
54601.1
54749.6
54825.1
54851.9
55087.2
55503.8
55866
55947.4
57013.2
57441.3
57441.2
58376
58509.1
58650.6
59100.2
59780.6
60224.2
60312.2
60342.5
60923.1
61237.9
61230.3
61389.2
61640.3
61831.6
62591.3
62674.2
62943.7
62993.7
63486
63766.1
63981.9
64231.4
64281.9
64417.3
64799.9
65618.3
65860.7
66096.1
66472.5
66943.6
67702.4
68316.4
68436.1
68684.6
68923.2
68987.4
69197.8
69578.9
69675.5
70814.5
71475.9
71858.8
73127.6
73612.3
74392.5
74404.9
74712.4
74908.1
75441.7
75804.7
75990.6
76339.7
76784
76841.6
77345.9
78323.6
78465.8
79556.9
80727.5
81485.7
81962.6
82603.4
82732.4
83156.2
83220.8
83605.6
83608.9
84108.1
84174.4
84667
84949.5
85332.1
85719.9
86209.9
86400.7
86713.2
86962.3
87284.3
87364
87619.5
87708.2
87716.9
87788.7
87873.2
88117.1
88152.5
88314
89159.3
90056.4
90236.4
90367.4
92071.6
92542.7
92839.8
93009.1
93218.4
93776.3
93883.9
94919.6
95226.4
96529
96883.2
97035.1
97492.2
97672.3
97877.3
98215.3
98530.7
99013.5
99077.2
99421.1
99608.4
100127
100869
100882
101196
101603
101861
101967
102325
102348
102488
102948
103009
103364
103402
103471
103772
104260
104464
104512
104901
105011
105308
105532
106652
106960
107119
107714
107957
108779
108998
108996
109502
109751
110806
112048
112156
112489
112811
113023
113086
113303
113469
113702
113829
114467
115184
115958
116283
119699
120333
120689
120961
121046
121071
121245
121506
121555
123136
123693
123912
124062
125009
125053
125292
125412
125901
126285
126712
126825
127171
127647
127909
128076
128126
128157
128885
129124
129176
129187
129416
129631
129900
130873
131391
131471
131802
132200
132629
133264
133311
133319
133788
133958
135751
136193
137089
137664
137879
138003
138083
138156
138285
138690
138752
139142
139278
139676
141872
141897
142031
142648
142771
143085
143175
143183
143821
144864
146053
146887
147152
147808
148747
149378
149638
149855
150174
150350
152094
152412
152534
153090
153177
153346
153653
154338
155353
156706
157188
157850
158120
158485
158870
159144
159292
159357
159394
159643
160083
160382
160663
162040
162064
162190
162699
162945
164046
164368
164379
164392
164437
164503
164696
165370
165373
165478
165793
166378
166538
166719
167548
168910
169387
169770
169815
170105
170137
170153
171661
171665
171668
171967
172003
172425
172466
172668
173347
173464
173510
173674
174103
175747
175952
176087
176352
176359
176394
176503
176873
177367
177410
177416
177476
177794
177842
178092
178184
178371
178466
179022
179060
180289
181649
182536
182633
182640
183127
183705
183703
183876
183940
184149
184438
184504
184650
184825
185041
185324
185806
185952
185986
186424
186599
186732
186920
187410
187595
187723
188382
188599
188637
188710
188933
189121
189252
189835
189878
189939
190063
190315
190457
190673
191383
191745
192033
193136
193273
194395
194482
194742
194827
195310
195359
196077
196181
196355
196463
197168
197857
198777
199106
199403
199775
