1323.02
1332.86
1366.47
2278.59
3173.67
3176.97
3204.79
3208.31
3380.17
3813.62
3859.21
3912.97
4410.09
4421.87
4424.37
4441.82
4480.57
4724.29
4947.99
4959.58
5002.54
5049.56
5300.02
5306.8
6000.94
6305.09
6331.89
6341.53
6346.5
6348.67
6411.54
6503.86
6631.94
6696.66
6704.22
6714.22
6720.89
6733.15
6734.7
7220.62
7229.56
7305.98
7340.88
7345.34
7408.69
7782.73
7954.92
7962.12
7984.47
8044.26
8191.14
8445.6
8477.06
8480.7
8515.77
8528.51
8594.12
8595.55
8611.46
8627.52
8636.5
8645.85
8652.98
8728.65
8741.59
8994.18
9014.39
9022.16
9031.79
9032.84
9038.28
9041.29
9059.8
9070.05
9080.65
9116.76
9137.32
9165.75
9167.33
9176.1
9185.51
9197.47
9199.14
9204.19
9213.21
9224.36
9256.74
9262.54
9307.38
9321.93
9356.38
9372.15
9406.61
9449.13
9507.93
9514.46
9529.54
9543.77
9576.52
9582.22
9595.34
9610.71
9629.7
9630.79
9777.64
9825.63
9831.45
9866.01
9918.77
9925.87
9943.45
10426.2
10493.3
10496.8
10498.5
10537.8
10549
10557.5
10584.5
10844.5
10862.3
10869.6
10881.9
11107.6
11113
11113.8
11202.6
11308.4
12390.5
12411.9
12419.5
12444.3
13167.3
13167.9
13168.9
13172.8
13183.1
13181.3
13207.6
13212.4
13221.9
13241.3
13273.7
13280.5
13309.6
13316.3
13320.3
13336.2
13342.9
13359.8
13361.4
13384
13395.3
13409.5
13449.5
13477.5
13477.2
13519
13525.1
13528.5
13539.1
13550.9
13550.7
13558.7
13565.3
13590.3
13613
13626.3
13630.9
13633.1
13664
13681.9
13707.1
13715.9
13722.3
13730.7
13731.3
13733.3
13859.4
13893.6
13952.2
13965.8
13971.4
13988.8
13993.2
14005.8
14006.6
14022.2
14068.3
14072.5
14114
14126.8
14130.1
14255.5
14263.2
14295.4
14302.9
14319.1
14352.7
14487.6
14490.6
14496.5
14497.8
14527.5
14593
15070.2
15083.6
15098.1
15114.7
15249.7
15260.2
15412.1
15426.5
15492.2
15494.1
15492.3
15496.2
15497
15506.1
15515
15526.1
15532.7
15548.1
15567.8
15579.4
15618.4
15618.8
15660.1
15697.9
15706.8
15711.2
15717.6
15733.5
15742.3
15749.6
15759.3
15775.2
15820.2
15839.2
15902.6
15970.9
15971.1
16035.7
16037.7
16059.3
16109.4
16110.8
16156.6
16505.3
16515.4
16614.7
16619.5
17079.3
17106.7
17649.9
18174.4
18213.8
18245.5
18301.3
19866
20212.8
20258.8
20419.1
20568.3
20616.8
20643.3
20664.6
20694.5
20813
20917.9
21259.8
21478.3
21854.7
21935.4
21961.8
21968.8
22026.7
22056.2
22064.6
22067.2
22088.4
22094.2
22102.1
22110.7
22118.2
22131.7
22251.6
22269.4
22287.9
22295.5
22301.3
22331.5
22354.9
22441.5
22475.6
22563.3
22579.1
22683.7
22968.6
23394.9
23418.9
23446.3
23452
23477.9
23499.5
23553.9
23571.8
23597.1
23645.7
23719
23731.2
23742.2
23740.5
23743.4
23808.8
23817.4
23834.8
23852
23886.3
23890.7
23932.2
23936.1
23952.3
23956.7
23967.1
23970.2
24028.7
24033.8
24051.9
24053.1
24057.8
24197.1
24527.9
24543.3
24585.5
24731.1
24857.3
25750.4
26083.9
26135
26140.4
26147.1
26159.6
26192.5
26234.9
26254.3
26286.1
26300.5
26302.2
26359.9
27251.6
27260.1
27268.1
27287.1
27301.7
27398
27424.1
27438.1
27481.2
27504.9
27550.9
27554.6
27598.2
27600.4
27620.4
27628.5
27657.7
27712.7
27812.1
27825
27853.3
27908.4
27909.3
27960.4
27964
28025.3
28138.8
28134.5
28141
28179.6
28219.1
28234.7
28274
28303.9
28319.8
28327.5
28362.9
28369.2
28388.6
28411.2
28644.3
29034.7
29043.8
29398.1
29415
29433.2
29459.3
29459.8
29484
29499.4
29504.2
29510.5
29512.7
29521.7
29522.1
29529.6
29531.4
29541.2
29562.6
29577.8
30150.8
30239.2
30274.9
30331.9
30330.3
30483.1
30569.7
31103.8
31554.2
31638.4
31887
31974.6
31980
32028.8
32028.5
32051.7
32120.4
32141.6
32145.1
32167.6
32172.3
32187.2
32191.3
32200.8
32218.2
32225.9
32237.6
32257.4
32303.8
32343.1
32343.9
32353.2
32398.4
32406.9
32470.8
32485
32717.7
32783.3
32827
32843.2
32848.1
32914.2
32930.3
32985.1
32986.9
33096.6
33234.5
33265.4
33276.4
33285.5
33300.5
33306.5
33361.7
33429.7
33450.2
33459.1
33468
33469.8
33474.9
33578.1
33591.4
33605.9
33621.5
33641.8
33681.3
33831.6
33838.9
33874.4
33892.5
33915.6
33969
34010.2
34030
34051.4
34056.2
34067
34072.3
34189.5
34347.7
34845.4
35144.2
35486.7
35538.8
35544.6
35553.9
35571.8
35580.9
35582.4
35606.7
35654.2
35663.9
35667
35674.9
35695
35697.5
35709.1
35715.4
35735.5
35776.4
35786.1
35792.5
35824.4
36026
36081.4
37970.8
39074
39143.9
39170.2
39572.8
39676.5
39990.6
40020.4
40088.6
40134.6
40156.7
40998.4
41104.4
42100.3
42978.9
43001.3
43062.4
44787.9
44793.7
44927.6
44972.8
44981.3
45016.1
47020.7
47033.2
47071.8
47397
47401.5
47442.5
47481.7
47525.4
47797.9
47799.7
47806.3
47846.4
47863.9
47894.4
47895.9
47901.4
47914.5
47917.3
47935.3
47945.2
47968.1
47987.2
47999.8
48004.1
48055.4
48057
48058.9
48070.2
48092.4
48094.1
48094.9
48105.8
48124.9
48141.3
48154.9
48164.1
48168.4
48188.7
48198.5
48203
48206.1
48245.5
48253.5
48257.4
48261.2
48263.8
48266.1
48352.3
48368.6
48381
48400.6
48403.3
48412.3
48426
48432.6
48464.1
48472.2
48497.5
48542.6
48584.3
48613.4
48636.5
48700.1
48766.8
48824.3
48935.8
48974.5
49041.8
49061.8
49063.5
49509.9
49550.2
50266.8
50289.7
50397.6
50836.7
50844.5
50881
50886
50897.5
50914.4
50935.8
50950
51027.1
51057.1
51156
51200
51428.3
51490.6
51874.4
51897
51973
51992.4
51997.4
52010.2
52058.6
52075.9
52088.5
52939
53629.9
53717
54113.4
54234
54237
55163.7
55256.1
55301.7
55385.2
55418.1
55461.4
55479
55498.5
55510.9
55667.3
55732.4
55832.1
55867.8
56003
57294.3
57311.1
57328.8
57346
57353
57362.5
58818.5
58861.9
61328.9
61345.2
61346.8
61360.7
61390.7
61410
61447.8
61451.1
61476.2
61478.7
61483.9
61506.3
61848.2
61912.6
61913.9
61918
61918.9
61995.8
61996.8
62023.4
62083.8
62452.2
62578.1
62579.1
62646.5
62829.7
62834.8
62842
62857.6
64084.6
64121.2
65323.3
65327.5
65355
65389.7
65458.6
65498.8
65535.2
65546.4
65610.4
65676.2
65683.9
66067.5
66077.1
66097.3
66140.9
66170.5
66173.8
66176.4
66198.3
66200.8
66204.3
66216.9
66220
66230.1
66293.6
66308.9
66331.5
66355.5
66364.2
66426.6
66815.1
67795.9
68455.4
68844.3
69039.9
69043.5
69045.8
69183.7
69419.1
69425.2
69437
69882.6
71650.5
71723.8
72055.8
72787.6
73985.2
74543.8
74572.6
74795.2
74845.5
74893.4
74929.3
74953.6
74961.1
75014
75619.6
75648.4
75848.4
75849.9
75868.7
75879.8
75879.4
75882.4
75911.2
75920.5
75923.9
75932.3
75933.3
75936.2
75944.5
75951.8
75976.5
76009
76062.1
76162.2
76176.2
76192.9
76194.5
77127.8
78909.5
78942.7
78969.8
78989.7
79130.9
79186.3
79223.3
79225.6
79252.6
79259.1
79284.9
79296.4
79312.1
79375.5
79382.9
79592.2
79771.2
79891.2
79938.9
80213.8
80218.2
80231.6
80240.9
80252.4
80271.3
80286.8
80303.9
80309.3
80314
80358.4
81333
81507.7
81840.5
82026.8
82058.9
82087.2
82097.6
82098.7
82241.4
82261.4
82266
82359.3
82504.6
82573.4
82595.9
84562.6
86627
86765
86789.2
86835.9
86888.2
86949.3
87034.2
87039
87050.1
87058.7
87080.6
87092.7
87108.9
87144.2
87168.5
87293.3
91262.2
91300.2
91352.6
91354.2
91382.6
91388.1
91465.4
91615.7
91734.2
91735.3
91741.8
91799
91810.8
91817.4
91818.8
91826.6
91856.2
91893
92096.7
92118.3
92285.9
92322.3
92334.8
92336.7
92410.6
92424.4
92473.8
92488
92513.3
93480.6
95901.8
95919.6
95986.3
96009.7
96064.9
96081.7
96089
96144.1
96626.6
96643.9
96684.9
97011.6
97108
97155
98319.9
98323.1
98344.6
98355.1
98392.1
98428.2
98440.4
98467.9
98519.7
98528.4
98537.6
98557.6
98988.1
99069.6
99188
99227.6
99282.4
99286.7
99297
99300.8
99327.2
99364.2
99724.9
106944
107033
107039
107057
107084
107104
107133
107135
107190
107214
107281
107285
107318
107330
107345
107369
107422
108001
108074
108176
108219
108729
108733
108740
108754
108766
108770
110614
111109
111243
111250
111306
111329
111519
111538
111574
111607
111612
111636
111649
111722
111744
112511
112526
112620
112641
112656
112686
113721
113856
113868
113951
113956
113961
113969
113983
113988
114038
114039
115790
116012
116082
116106
116439
118637
118666
118718
118723
118727
118743
118825
118839
118842
118846
118867
119314
119393
119405
119454
119760
119835
119844
119892
121050
121566
121627
121667
121734
121753
121781
121799
121836
121842
121865
121874
123487
123491
123551
123570
123630
123703
123716
123724
123758
123808
123813
123821
123836
123860
123857
123874
123898
123897
123920
123939
132673
132686
132701
132710
132715
132935
132942
132968
133154
133168
133188
133200
133223
133243
133297
133322
133351
133383
133417
133737
133775
133813
133839
133902
133952
133970
133988
134041
134095
134172
134194
134227
134253
134257
135060
135082
135538
135552
135571
135614
135618
135625
135672
137283
137349
137355
137866
137890
137914
137957
137966
137980
137994
138001
138002
138010
138031
138478
138501
139498
139521
139668
139711
139721
139734
139770
139796
139801
139852
140001
140008
140165
140817
140854
140876
140883
140900
141001
141034
141492
141503
141520
141537
141541
141545
141577
141614
141680
141698
141713
141952
142022
142031
142057
142176
142200
142608
142640
142687
142755
142896
142898
142914
143201
143222
143286
143364
143378
143393
143438
143442
143448
143466
143494
143505
143514
143522
143523
143596
143603
143613
143625
143629
143632
143668
143715
143971
144533
144629
144642
144650
144768
145059
145081
145107
145113
145127
145144
145204
145205
145206
145247
145493
145508
145526
145530
145594
145618
145661
145687
145703
145709
145717
145730
145740
145745
145766
145798
145815
147356
153940
154294
154312
154336
154347
154362
154362
154388
154399
154423
154449
154479
154502
154506
154542
154583
154634
158979
176997
177023
177098
177107
177112
177116
177134
177219
177225
177553
177619
177644
177676
177755
177807
177922
179727
181898
182265
182866
182911
182928
182960
182961
182977
183036
183045
183054
183251
183514
183603
183615
183624
183634
183644
183797
183823
183842
183849
183855
183861
183881
183947
184104
184297
184336
184354
184452
184513
184838
184877
184975
184984
185008
185031
191023
191055
191132
191144
191171
191411
191431
191435
191477
191497
191521
191530
191586
191809
191818
191859
191887
191890
191929
191967
193015
193018
193039
193084
193124
193261
193292
193357
193834
193909
193911
193976
194005
194011
194021
194067
194089
194112
194119
194752
194805
194833
194844
194847
194888
194902
194907
194917
194983
194987
194989
196735
196993
197028
197071
197164
197221
197252
197276
197281
197295
197305
197321
197378
197388
197404
197457
197488
197518
197645
197691
198530
199774
199787
199826
199862
