1311.98
1321.64
1326.14
1330.44
1334.03
1339.53
1342.84
1348.62
1351.13
1354.11
1361.44
1363.2
1366.1
1367.31
1370.1
1389.93
3172.93
3176.5
3380.13
3775.22
3791.05
3808.36
3826.99
3839.78
3856.28
3859.08
3883.28
3898.18
3908.34
3936.33
3944.06
3979.45
4149.78
4152.03
4173.02
4191.17
4220.07
4269.23
4369.19
4372.98
4400.38
4401.87
4409.76
4420.83
4423.38
4424.97
4438.96
4441.69
4446.03
4450.44
4457.17
4463.37
4468.96
4472.16
4474.55
4478.55
4480.4
4487.65
4494.7
4507.55
4723.85
4891.6
4947.92
4959.26
5002.29
5010.29
5021.57
5027.35
5040.8
5047.3
5059.98
5065.98
5073.92
5074.99
5078.61
5082.21
5098.46
5101.25
5109.96
5115.62
5126.5
5130.69
5136.86
5144.77
5147.41
5166.08
5173.47
5176.06
5186.09
5192.48
5254.51
5266.98
5271.4
5282.01
5283.76
5292.4
5311.72
5322.68
5330.03
5335.99
5350.61
6240.84
6262.99
6264.5
6300.45
6305.03
6310.87
6330.24
6331.45
6339.79
6345.8
6348.11
6350.3
6411.43
6695.98
6702.35
6704.09
6716.46
6723.24
6730.5
6733.06
6734.5
6736.8
6740.07
6748.93
6753.63
6762.34
6769.2
6773.92
6796.57
6956.84
6958.83
6979.41
7067.9
7085.35
7097.52
7122.59
7141.49
7149.74
7190.11
7192.77
7205.27
7208.39
7236.38
7257.21
7260.84
7266.09
7277.58
7284.03
7288.14
7300.9
7303.01
7312.09
7315.37
7319.4
7326.43
7331.53
7340.35
7531.95
7548.17
7555.58
7560.83
7571.16
7589.93
7725.06
7857.09
7870.63
7880.32
7954.58
7983.75
8163.9
8445.4
8448.27
8477.05
8479.33
8489.77
8501.99
8514.93
8524.8
8529.15
8548.79
8559.87
8567.2
8573.79
8575.4
8578.72
8576.64
8580.12
8585.89
8588.76
8593.61
8594.76
8606.06
8611.39
8618.29
8621.47
8627.35
8628.29
8629.63
8631.34
8635.27
8638.66
8651.55
8652.95
8653.68
8663.88
8664.76
8671.37
8676.5
8680.19
8682.99
8685.56
8688.32
8696.16
8698.92
8699.35
8711.7
8713.84
8723.07
8727.27
8730.44
8728.4
8731.92
8741.17
8751.21
8755.65
8765.72
8993.01
8995.09
9003.56
9011.41
9016.18
9031.5
9035.53
9037.93
9040.81
9043.68
9055.04
9058.07
9069.92
9071.22
9074.71
9077.44
9081.18
9089.74
9095.99
9103.78
9106.01
9107.86
9112.8
9114.46
9115.46
9124.24
9130.71
9139.59
9142.32
9146.17
9152.39
9156.66
9160.95
9167.87
9171.66
9174.21
9180.82
9184.79
9185.79
9191.32
9196.86
9196.66
9200.68
9204.03
9203.95
9208.81
9211.93
9229.98
9233.52
9237.92
9242.85
9249.32
9254.97
9258.44
9288.16
9306.22
9316.7
9321.54
9344.28
9348.51
9356.1
9371.37
9375.69
9386.58
9391.52
9394.58
9399.78
9406.07
9451.76
9458.27
9459.7
9460.28
9464.71
9475.36
9488.94
9505.78
9516.31
9526.91
9528.69
9532.19
9532.32
9534.67
9534.73
9537.81
9542.17
9549.04
9554.77
9557.63
9582.8
9596.24
9603.85
9613.4
9610.57
9618.57
9621.67
9656.88
9678.47
9692.4
9697.19
9706.93
9830.63
9859.69
9865.33
9888.98
9890.42
9894.27
9898.35
9899.72
9916.15
9921.93
9923.43
9924.86
9930.06
9941.61
9943.43
9944.54
9949.89
9958.86
10003.3
10034.5
10082.5
10095.2
10099.1
10115.6
10131
10158.2
10200.5
10212.8
10410
10445.2
10468.4
10488.3
10520.4
10541.1
10546
10551.1
10553.8
10555.8
10557
10558.1
10563.6
10564.8
10612.3
10627.8
10655.6
10676.6
10715.1
10720.7
10731.7
10734.5
10739.2
10746.1
10750
10753.4
10758.1
10762.9
10773.5
10777.9
10779.8
10788.8
10795.8
10800.9
10806.6
10810.3
10813.8
10819.6
10828.7
10838.3
10848
10856.5
10859
10871.5
10873.8
10886.8
10896.3
10898.5
10903.4
10924.4
10937.5
10940.2
10951.8
10989.3
10998.1
11002.1
11008.5
11011.6
11028.9
11032.5
11036.2
11069.1
11090.6
11112
11113.6
11123.8
11594.1
11687.1
11744.3
11766.7
11781.5
11796
11802
11846.9
11853.1
11859.5
11868.8
11871
11886.9
11891.2
11897.9
11917.2
11929.3
11931.7
11942.5
11949
11952.7
11966
11979.2
11983
11989.2
11992.4
12000.5
12016.4
12022.5
12026.2
12030.7
12041.1
12046.9
12061.3
12066.1
12075.4
12081.1
12089.6
12094.1
12095.8
12101.1
12107
12111.8
12126.7
12142.4
12146.1
12153.3
12164
12165.7
12169
12173.4
12178.4
12179.7
12186.9
12201.1
12206.2
12214.7
12223.1
12224.7
12237
12242.7
12245.2
12249
12253.6
12250.8
12256.7
12259.7
12261.1
12264.3
12270.4
12279.8
12287.8
12292
12296.9
12300
12303.5
12308.3
12318.5
12322.3
12324.4
12333
12338.5
12345
12355.4
12368.8
12380.9
12384.6
12385.8
12389.7
12400.9
12403.1
12411.9
12413.4
12418.3
12429.5
12438.4
12442.5
12445.9
12447.8
12451.4
12465.8
12468.4
12482.2
12486.9
12493.5
12502.9
12512.8
12521.2
12526.9
12539.8
12555.7
12557.6
12569
12575
12576.9
12593.5
13113.8
13118.6
13128.3
13142.8
13150.2
13157
13163
13167.9
13168.5
13171.5
13180.9
13182.9
13181.8
13189.3
13197.1
13199.1
13206.1
13210.3
13213.8
13219.4
13216.4
13219.9
13227
13229.8
13232.6
13231.7
13236.9
13240.1
13247
13255
13256.9
13268
13268.5
13281
13284.5
13287.3
13290.6
13299.8
13302.2
13304.4
13312.3
13315.8
13316.8
13321.9
13335
13337.7
13339.1
13345.7
13345
13347.6
13348.2
13352.1
13354.1
13359.2
13362.9
13373
13379.8
13389.9
13391
13391
13407.5
13410.6
13413.6
13414.3
13422.9
13425.7
13428
13433.8
13437.8
13441.3
13442.2
13456.6
13457.7
13463.1
13469.1
13469
13477.5
13475.8
13487.7
13492.6
13497.3
13517.7
13522.2
13524.4
13535.5
13537.3
13535.5
13539.2
13549.6
13550.4
13557.8
13564.1
13563.8
13572.9
13585.6
13591
13590.7
13594.1
13600.9
13603.1
13606
13612.4
13614.5
13615.8
13620
13626.2
13630.7
13632.9
13641.5
13644.9
13654.4
13667.3
13681.8
13683
13686.7
13698.5
13706.7
13715.8
13719.4
13730.4
13731.2
13731.2
13736.8
13747.5
13749.9
13748.2
13755.8
13757.8
13755.2
13762.1
13766.3
13770.5
13776.1
13778.3
13791.1
13859.1
13875.4
13878
13915.5
13926
13952
13958.4
13970.9
13972.9
13974
13985.9
13987.4
13994.6
13999.6
13998.7
14003.4
14005.3
14017.7
14021.9
14023.9
14025.6
14038.2
14041.8
14046.2
14046
14049.5
14053.5
14053.2
14058.8
14069.8
14073.1
14074.3
14097.8
14105.1
14111.9
14126.3
14178.1
14216.3
14255.5
14262.5
14272.5
14275.5
14293.7
14296.3
14302.2
14310.2
14328.6
14325.6
14328.6
14336.9
14353.3
14357.6
14433.9
14449.7
14471.3
14487.5
14490.2
14493.7
14497.1
14502.3
14526.8
14543.2
14550.2
14583
14592.4
14604.9
14611.7
14615
14622
14627.3
14636.9
14643.2
14655.1
14679.8
14713.4
14733.4
14741.2
14745.9
14753.2
14757.3
14760.4
14771.1
14773.2
14782.8
14979.3
14998
15069.8
15072.9
15077.9
15083.5
15093.1
15097.2
15102.9
15108.5
15114.2
15117.2
15119.8
15124.3
15132.8
15139.3
15141.3
15146.2
15157.7
15165
15166.9
15170.4
15174.7
15213.1
15217.9
15227.9
15249.4
15247
15252.9
15267.1
15277.2
15285.6
15301.1
15311.8
15316
15328.2
15330.7
15335.2
15343.3
15348.8
15348.9
15376.6
15382.9
15384.4
15397.4
15400.9
15409.3
15411.8
15426
15433.9
15441.8
15445.6
15461.2
15477.9
15489.8
15494
15499.9
15504.4
15504
15511.3
15514.4
15519.2
15517.3
15520.5
15524.4
15528.3
15528.2
15532.2
15537.1
15542.9
15545.4
15546.3
15548.8
15560.8
15568.7
15570
15577.9
15580.2
15581.7
15586.3
15598.6
15614.6
15619.2
15623.9
15633.7
15638.8
15641.6
15643.6
15646.6
15654.2
15655.6
15660.7
15664.5
15667.3
15669.3
15672.4
15676.1
15678.8
15703.6
15705.7
15710.5
15717.4
15718.6
15724.8
15727.2
15731.6
15734.2
15741.3
15745.4
15748.8
15753.6
15755.9
15758.5
15756.3
15770.1
15773.3
15780.8
15787.6
15787.7
15790.8
15792.6
15796.5
15803.7
15803.1
15800.4
15809.1
15815.6
15818
15818.6
15831.3
15831.4
15837.4
15841.3
15847.6
15848.7
15853.3
15855.1
15874.2
15871.3
15882.3
15885
15883.7
15890.3
15901.1
15903.1
15899.6
15905.2
15907.3
15910.9
15913
15909.9
15917
15922.1
15928.3
15934.6
15935.5
15934.7
15936.3
15940.3
15952.1
15961.4
15965
15973.8
15976.5
15980.4
15988.8
15992.2
15997.2
16002.9
16007.7
16014.2
16019.3
16035.4
16033.3
16037.6
16039.6
16053
16063.7
16062.8
16073.2
16075.9
16092.1
16093.8
16091
16095.5
16099.8
16108.5
16104
16106
16108.4
16112.7
16119.4
16121.5
16125.1
16128.7
16132.6
16147.4
16150.8
16161.9
16163.7
16172.3
16182.5
16184.6
16187.9
16234.3
16241.6
16406.9
16447.7
16452.9
16465.5
16498.2
16505.8
16515.4
16516
16521.9
16615.3
16619.1
16623.9
16629.2
16631.2
16637.3
16639.6
16644.5
16647.2
17067.9
17086.6
17089.1
17094.5
17100.9
17103.6
17109.3
17111.2
17114.6
17122.6
17156.6
17270.4
17277.1
17300.5
17305.2
17309
17321.1
17318.9
17322
17326
17338.1
17436.4
17438.2
17444
17448.9
17452.7
17460.9
17471.7
17478.9
17650.7
17756.5
17780
17789.1
17812.1
17834.5
17852.3
17862.1
17903.7
18176.2
18178.7
18188.6
18191.1
18196.8
18206.5
18211.9
18215.4
18222.5
18225.6
18232.3
18234.8
18241.8
18245
18251.2
18256.9
18261.5
18270
18283.5
18287.8
18290.7
18294.4
18298.8
18300.3
18302.2
18313.3
18318.3
18322.8
18331.1
18533.7
18549.7
18568.5
18582
18586.5
18590.6
18599.9
18603.4
18622.4
18656.6
18670.2
18716.3
18954
19199.5
19281.2
19302.9
20418.4
20474.1
20503.1
20524.8
20535.7
20559.9
20567.1
20568.2
20568.8
20571.6
20583.1
20588.6
20590.8
20598.4
20605.6
20615.3
20642
20646.9
20653.6
20664.2
20667.4
20677.9
21140.7
21143.2
21148.3
21171.4
21179
21190.7
21196.6
21200.9
21210.7
21231
21237.9
21244
21258.9
21261.1
21275
21289.5
21308.8
21323.1
21354.1
21378.5
21404.4
21486.5
21494
21527.7
21537.7
21540.8
21548.4
21550.5
21570.4
21578.3
21582.8
21604.8
21633
21654.9
21664.6
21668.4
21676.3
21678.9
21695.2
21699.1
21697.9
21703
21702
21708.1
21707.3
21710.6
21715.1
21719.3
21721.7
21726.7
21733.8
21745.2
21763.4
21767.1
21771.1
21828
21834.5
21846
21853.9
21861.1
21873.3
21882.8
21884.6
21892.7
21916.9
21919.7
21923.6
21931
21937.3
21944.9
21949.4
21961.4
21970.6
21982.6
21996.1
22001.1
22009.2
22013.9
22017.5
22023.1
22027.3
22042.7
22049.3
22066.3
22067.8
22075.2
22084.6
22092.9
22098.6
22100.7
22115.3
22123.1
22140.4
22171.8
22254.9
22268.4
22271.2
22274.9
22288.5
22298.4
22302.9
22305.6
22316.5
22321.7
22374.4
22409.9
22422.7
22426.8
22441.4
22452.1
22464.7
22477.2
22486.6
22492.5
22509.4
22512.9
22517.5
22524.1
22525.9
22529.1
22533.6
22537.1
22540.8
22550.4
22562.7
22578.4
22683.7
22968.5
23375.3
23386.3
23393.8
23404.7
23418.6
23445.5
23449
23451.7
23472.7
23477.4
23498.9
23524.8
23539.5
23550.2
23553.4
23570.6
23579.7
23596.5
23609.6
23616
23645.7
23670.7
23702
23708.2
23718.5
23730.2
23741.6
23739.7
23741.7
23749.5
23754.4
23760.8
23765.4
23786.3
23789.3
23815
23820.7
23836
23840.9
23843.9
23848.2
23851.4
23858.6
23862.7
23886.2
23890.4
23917.1
23951.8
23956.7
23983.9
24000
24004.7
24008.6
24011.9
24015.5
24027
24030.6
24031.7
24040.2
24042.6
24050.1
24052.9
24057.5
24059.1
24089.3
24094.9
24104
24125.4
24136.2
24168.3
24182.8
24196.6
24253.7
24504.6
24527.4
24543.1
24548.4
24598
24600.4
24601
25750.4
26108.1
26116.7
26119.2
26122.9
26130.7
26133.7
26135.8
26137
26144.2
26147.8
26160.6
26171.3
26176.8
26183.8
26191.5
26199.2
26204.5
26229.3
26234
26251.6
26261.4
26269.9
26274.8
26276.3
26281.6
26284.6
26286.1
26292.8
26294.8
26301.5
26348
26359.7
26744.9
26787.5
27248.7
27267.3
27286.3
27301.7
27309
27322.9
27342.7
27359.3
27365.7
27373.8
27397.6
27430.4
27481
27504.6
27533.6
27550.6
27554.5
27570.5
27598.1
27600.2
27619.1
27625.6
27628.4
27631.3
27657.6
27712.3
27770.7
27811.8
27823.9
27907.9
27926.5
27951.4
27963.7
27971
28009.8
28014
28018
28022
28027.7
28034.3
28036.5
28045.9
28050.5
28054.6
28059.3
28061.5
28066.5
28079.8
28083.6
28130.4
28133.6
28137.5
28140.8
28134.3
28179.1
28237
28241.8
28245.8
28253.7
28255.9
28259.4
28268.5
28271.7
28280.9
28285.6
28302.4
28304.6
28318.7
28325.7
28327.1
28329.7
28340.8
28362.3
28467
28473
28478.8
28481.9
28486.4
28488.7
28491.7
28493.3
28496.3
28498.6
28572.3
28583.3
28614.4
28632.5
28640.2
28973
29030.3
29035.7
29049.3
29060.7
29065.5
29074
29076.1
29082.8
29092
29202.4
29221.5
29226.6
29229.3
29245.3
29254.3
29276.2
29370.3
29374.6
29389.6
29395.3
29415
29432.8
29435.6
29444.8
29446.4
29449.7
29458.9
29460.2
29466.5
29473
29476.5
29484.3
29491.7
29487.8
29493.8
29501
29497.3
29500.8
29512.5
29515.6
29519.7
29524.6
29527.2
29525.5
29530.4
29532.5
29539
29536.9
29542
29555.4
29566.1
29563.4
29573.4
29581.4
29578.5
29599.8
30155.8
30211.1
30240.2
30248.3
30250.5
30252.8
30259.1
30278.1
30280.4
30289
30296.3
30331
30573.9
30646.6
30652.8
30671.8
30679.4
30684.4
30705.5
31197.7
31208.7
31379.9
31383
31384.5
31387.2
31390.6
31543.9
31559.5
31571.3
31576
31578.8
31580.7
31584.9
31594.4
31596.8
31619.8
31626.5
31629.3
31637.3
31652.7
31660.7
31662.9
31678.3
31681.5
31684.5
31762.8
31797.4
31813.3
31827.8
31834.7
31870.1
31897.4
31953.3
31962.3
31972.5
31979.9
31980.3
31982.6
31987.9
31991.9
32010.2
32020.6
32037
32039.6
32047.3
32052.5
32118.4
32121.3
32172
32176.9
32184
32186.3
32191.1
32195.9
32218.7
32228.9
32232.2
32238.5
32244.6
32254.3
32259
32265.4
32267.1
32269
32271
32273.5
32276.9
32282.6
32305
32312.4
32314.9
32319.6
32323.2
32329.9
32335.3
32338.2
32346.9
32353.1
32354.4
32370.4
32373.6
32383.4
32386.3
32391.9
32397.1
32401
32406.7
32421.9
32436
32440.7
32448.1
32467.9
32470.8
32471.4
32484.6
32487.6
32573.6
32595.1
32718.3
32769.2
32777.6
32784.4
32790.1
32796.4
32808.6
32813
32815.9
32820.8
32826
32838
32841.8
32843.7
32848.6
32916.5
32924.6
32938.1
32945
32949.2
32954.6
32965.7
32984.4
32990.2
32986
33032.6
33035.3
33045.5
33057.4
33062.2
33074.7
33078.7
33090.8
33095
33097.1
33103.1
33107.3
33116.1
33122.1
33139.8
33146.7
33154
33161.8
33184.9
33205.1
33226.3
33244
33250
33257.6
33262.7
33265.1
33279.1
33285
33300.2
33305.8
33307.1
33319.6
33341
33352.4
33351.9
33384.1
33391.7
33395.8
33403.6
33403.2
33406.2
33423.1
33442
33443.7
33448
33451.3
33456
33463.7
33467.9
33474.1
33478.1
33488.3
33495.3
33499.3
33502.1
33504.1
33520.5
33528.5
33530.6
33537
33541.1
33577.7
33573.1
33581.6
33581.3
33591.1
33585.7
33592.4
33598.2
33608.6
33621.4
33622.6
33681.9
33831.3
33838.9
33841.9
33846.8
33873.2
33884.7
33886.3
33892
33893.7
33895.9
33894.2
33901
33909.4
33913.6
33915.5
33941.5
33950.3
33959.2
33975.4
33981.2
33984.4
33979.3
33992.1
33998.5
34004.6
34014.8
34029.1
34034.2
34038.2
34036
34050.9
34052.5
34049.9
34054.8
34067.9
34063.6
34071.4
34074
34082.7
34085.8
34087.6
34096.1
34117.4
34137.7
34166
34230.6
34319.5
34321.2
34324.4
34329.2
34337.1
34340.4
34348.6
34355.2
34360.4
34364.5
34394.7
34403
34419.6
34422.9
34424.6
34421.1
34429.2
34436.1
34441.7
34444
34449.1
34459.3
34465.6
34477.5
34709.7
34717.8
34731.1
34763.2
34767.6
34781.2
34791.4
34795.3
34799.1
34801.9
34819.8
34824.3
34826.8
34831.6
35176.3
35212.9
35216.8
35229
35232.5
35256.2
35258.5
35263.5
35267.2
35271.8
35276.3
35288.8
35296
35463.7
35477
35539.3
35544.2
35556.3
35558.7
35562.6
35585.8
35589.7
35596.2
35611.5
35614.7
35616
35618.5
35622.4
35641.1
35643.4
35645.4
35659.7
35666.8
35668.7
35671.3
35675.7
35681.9
35691.2
35690.7
35695.5
35700.2
35703.4
35718.2
35721.3
35723.8
35731.3
35735.3
35743.7
35749.2
35752.3
35756.9
35762.4
35768.1
35774.9
35786.6
35791.6
35795.1
35813.4
35838.9
35840.3
35850.5
35882.8
35902.4
35927.7
35947.9
36037.3
36045.4
36048.5
36059.1
36103.6
36110.9
36126.8
36129.1
36154.5
38885.4
38912
38924.3
39074.5
39108.2
39114.3
39124.9
39132.4
39141.1
39143.9
39154.3
39155.7
39169.7
39174.6
39676.4
39990.4
40020.2
40083.1
40088.5
40126
40134.2
40156.3
40164.7
40180.3
40183.9
40192.4
40206.1
40209.9
40213.8
41104.3
41719.4
41766.5
42529.6
42542.5
42544.4
42555.3
42559.5
42560.8
42948.6
42955.7
42959.7
42969.4
42979.6
42979.8
42984.6
42990.7
42992.5
42997.5
42997.3
42999.1
43065
43150.3
43210.2
43241.7
43255.4
43273.7
43279.2
43287.4
43293.3
43298.7
43302.6
43305.2
43309
43313.1
43326.6
43329.5
43396.9
43421
43492.6
43495.5
43500.2
43501.6
43505.9
43508.2
44735.5
44740.3
44787.5
44792.7
44824.4
44858.7
44875.4
44887
44889.8
44916.2
44927.1
44978.3
44980.9
44983.3
44991.4
45015.7
45031.7
45033.3
45613.8
45624.9
45636.1
45639.1
45644.6
45653.9
45666.4
45675.7
45678.7
45684
45686.1
45698.6
45703
45708.8
45715.9
45719.6
45725.7
45728.9
45743
45751.1
45753.9
45756.5
45759.3
45761.4
45772.2
45787.2
45802
45823.9
45826.5
45887.1
45899.5
46696.9
46703.4
46712.8
46716.5
46722.8
46727.5
46729.5
46738.7
46797.9
46808.4
46827.6
46852.8
46860.6
46877.6
46886.5
46890.7
46901.7
46908.1
46910.6
46913
46947.2
46978.9
46982.7
46999.5
47004.5
47024.4
47051
47067.9
47092.1
47373.6
47382.4
47396.2
47400.6
47412.4
47442.2
47443.2
47456.8
47461.9
47463.6
47468
47473.6
47484.9
47495.3
47498.6
47515.9
47526.6
47579.4
47726.3
47746
47762.5
47765.1
47771.8
47780.7
47788.7
47792
47800.2
47806.3
47812.3
47825.7
47830.2
47836.2
47839.5
47844.9
47845.9
47848.7
47853.2
47867.5
47869.6
47870.9
47877.6
47882.3
47889.1
47892.9
47895.4
47896.5
47901.1
47910.5
47917.2
47922.9
47928.7
47937.6
47944.3
47947.1
47957.7
47959.7
47962.9
47964
47969.1
47978.8
47997.3
48003.5
48007
48013.9
48020.4
48023.7
48029.8
48035
48036.8
48056.8
48056.8
48067.9
48080.9
48087.7
48093.2
48093.1
48094.7
48097.5
48103.7
48106.8
48114.5
48116
48125.3
48125.7
48131.1
48131.7
48134
48136.1
48138.6
48141.5
48142.5
48149.5
48150
48160.1
48167.7
48169.7
48172.6
48173.8
48173.3
48174.9
48182
48182.2
48185.7
48185.3
48187.6
48194.3
48195.1
48203.5
48202.8
48205.6
48211.4
48216.1
48218.2
48220.9
48235.8
48242.8
48252.9
48257.9
48260
48265.6
48266.6
48268.6
48270.1
48285.5
48300.5
48318
48321.5
48325.9
48330.3
48334.3
48352
48368.5
48376.6
48385.7
48394
48400.3
48400.3
48403.3
48407.8
48412.1
48414.1
48417.2
48425.7
48440.4
48443.6
48450.7
48458.4
48463.7
48468.6
48477.7
48497.4
48504
48506.1
48517.9
48524.2
48526.9
48532.3
48542.3
48543.2
48546.9
48555.8
48569.8
48581.4
48584.1
48602.7
48610.2
48615
48622
48627
48629.1
48633.3
48634.7
48635.9
48638.2
48642.6
48644.6
48646.1
48648
48658.8
48660.4
48669.6
48671.1
48680.3
48700.7
48713.5
48722.3
48725.9
48728.8
48741.2
48745
48748.5
48755.5
48757.1
48766.2
48823.6
48935.3
48969.6
48974
48980.1
49001.9
49004.2
49021
49032.1
49042.3
49061.2
49063.4
49068.3
49293.3
49485.9
49496
49500.7
49504.5
49510.4
49519.7
49525.2
49530.1
49549.6
49553
49555.1
49586.3
50269.8
50276.3
50284.9
50289.1
50292.1
50297.4
50301.2
50321.5
50323.8
50363.5
50380.2
50398.4
50430.6
50436.2
50834.8
50839.1
50844.4
50845.1
50847.9
50850.1
50855.8
50863
50871
50878.4
50885.1
50887.5
50890.6
50888
50893.7
50896.8
50899.7
50908
50911.5
50911.7
50915.3
50919.9
50926.7
50933.6
50936.6
50938.8
50943.5
50952.3
50958.2
50965.7
50968
50969.4
50972.8
50975.8
50979.8
50977.3
50982.4
50985.9
50996.8
50995.7
51000.5
51003.1
51030.4
51031.8
51038.7
51048.9
51062.2
51075.7
51092.9
51115
51121.4
51122.1
51132.9
51138.8
51140.7
51146.7
51151.4
51158.5
51162
51166.5
51176.8
51180.8
51181
51182.8
51187.2
51189.4
51192.3
51197.4
51198.6
51202.1
51209.3
51211.9
51213.7
51216
51224.5
51236.5
51247.2
51251.3
51256.2
51266.3
51273.7
51275.7
51275.2
51280.9
51287.5
51296.2
51307.5
51326.3
51365.8
51380.4
51384.3
51390
51395.7
51405
51415.6
51419.5
51428.8
51430.6
51435.7
51437.8
51436.4
51439.3
51438.4
51442.5
51446.1
51447.8
51460
51467.5
51467.8
51479.6
51489.1
51491.6
51501.3
51516.3
51518.5
51521.1
51524.3
51530.6
51531.9
51541.2
51547
51559.9
51576.1
51585.9
51618.2
51623.6
51681.3
51689.6
51698.8
51712.5
51715.1
51723.3
51725.6
51731.7
51738.2
51741.8
51752.3
51758.4
51765.1
51770.3
51776.2
51780.5
51798.3
51799.3
51806.9
51813.1
51816.6
51821.8
51830.8
51855.7
51874.4
51875.7
51878.6
51882.6
51892.9
51896.9
51915.1
51972.5
51976.5
51983.7
51990.6
51997
51998.4
52009.3
52014.1
52012.5
52017.2
52020.3
52022.4
52023
52029.1
52029.7
52035.3
52037.6
52041.3
52041.4
52046
52050.4
52052.7
52056.3
52061.9
52063.9
52076.7
52133.2
52443.1
52453.3
52455.5
52459.6
52461.4
52467.7
52546.8
52548.9
52562.9
52571.9
52581.6
52583.7
52586.7
52591.5
52596.2
52602.3
52608.2
52939.8
52941.5
53310.1
53330.6
53335.7
53862.6
54106.1
54113.9
54122.2
54125.9
54176.4
54194.8
54199.3
54208.3
54214.7
54223.6
54226.8
54230.4
54235.3
54236.9
54238.5
55100.2
55103.1
55105.7
55109
55115
55124.1
55128.7
55139.9
55142.9
55147.4
55151.1
55158
55164.6
55167.9
55184.3
55191.1
55197.2
55214.6
55229.2
55234.4
55258.1
55268.2
55275.5
55278.6
55301.2
55316.5
55319.9
55342
55348.1
55348.5
55351.9
55353.9
55363.7
55367.5
55380.2
55388.6
55390.6
55398.3
55406.4
55470.8
55478.6
55486.6
55490.2
55493.7
55492
55496.8
55499.1
55506
55514
55517.4
55525.9
55530.9
55535.7
55544
55559.7
55562.7
55571.6
55593.7
55597.1
55599.9
55603.8
55609.5
55608.8
55621.5
55619.8
55638.6
55646.6
55649.2
55656.9
55655
55662.2
55668.7
55677.9
55680.7
55684.8
55695.4
55705.2
55717.8
55744.8
55768.9
55770.4
55774
55814.6
55826.2
55832
55838.7
55840.2
55867.2
56242.4
56244.4
56258.6
56260.1
56263.5
56275.7
56299.9
57285.2
57294.1
57308.5
57310.3
57315.2
57328.3
57345.8
57351.3
57359.3
57361.6
57363
57369.8
57374.9
57378
57382.1
57388.8
57391.8
57397
57403.9
57417.4
57430.4
57438.4
58164.2
58168.2
58188
58201
58208.5
58228.7
58537.1
58561.7
58574
58580
58581.7
58589.6
58593.1
58599.7
58606.9
58615.4
58621.9
58625
58633.9
58638.5
58641.9
58647.2
58654.1
58663.4
58664.6
58678.2
58684.3
58687.6
58691.1
58695.2
58699.2
58702.5
58758.8
58762.2
58834.5
58842.1
58847.2
58861.5
58878.8
58906
58916.6
58924.1
58926.3
58929.1
58942.1
58942.9
58950.7
58949
58961.1
58959.8
58965.9
58966.3
58972.4
58975.5
58974.4
58979.1
58981.3
58985.8
58987.3
59006
59026.3
59303.4
59308.8
59311.5
59362.2
59376.6
59383.1
59391.1
59394.8
59399.4
59403.3
59404.7
59426.6
59437.2
59443
59465.9
59478.9
59481.3
59485.7
59490.5
59495.5
59533.8
59722.7
59728.5
59758.8
59766.9
59777.2
59783
59787.3
59789.3
59793
59796.8
59807.8
59810.4
59813.3
59817.8
59821.7
59826.2
59830.1
59834.2
59836.7
59839.4
59842.5
59851.2
59870.8
60035.6
60049.9
60061.1
60063.2
60065.9
60071.8
60078.8
60095.8
60098.4
60101.3
60104.4
60109.7
60112
60119.2
60128.5
60135.5
60143.1
60146.9
60149.1
60149.5
60152.6
60155.2
60155.9
60163.5
60170.3
60172
60179.2
60183.1
60190.6
60194
60197.9
60200.4
60206.7
60210.2
60209.9
60214.2
60216.3
60221.9
60227.1
60230.1
60231.6
60234.1
60241
60257.4
60266.7
60271.5
61285.7
61312.5
61314.1
61322.7
61327.9
61335.7
61340.9
61343.4
61346.4
61348.1
61358.7
61361.9
61366
61369.2
61372.9
61378.5
61380
61392.9
61417
61418
61431
61435.1
61447.8
61449.1
61450.7
61476.1
61478.5
61505.9
61847.9
61861.9
61918.8
61995.4
61996.8
61997
62002.1
62020.9
62022.7
62030.9
62033.1
62035.4
62041
62053.7
62057.6
62061.7
62064
62074.8
62077.1
62080.1
62083.6
62083.4
62092.7
62094.1
62098.3
62102.4
62109.2
62118.2
62120.2
62131.4
62155.9
62175.6
62184.3
62194.9
62447.2
62458.7
62464.3
62467.1
62469.6
62483.1
62486.2
62492.7
62510.3
62517.4
62521.6
62529.6
62534.5
62543.8
62551.2
62556.7
62563.4
62569.1
62576.5
62579
62646.1
62812.4
62814.7
62841.9
62857.4
62866
62871.6
63038
63058.7
63098.8
63102.3
63120.8
63127.1
63128.6
63131.7
63139.4
63148.8
63151.7
63161.1
63161.7
63169.3
63172.6
63175.7
63183.9
63188.2
63186.5
63197.7
63210.6
63225.9
63894.8
63908.9
63914.5
63912.6
63917.7
63922.9
63926.7
63929.8
63934.6
63938.7
63937
63945.8
63952.3
63969.6
63975.1
64089.1
64104.8
64108.6
64110.2
64113.2
64118.6
64126.8
64129.8
64134.1
64136.4
64146.7
64157.7
64170.2
64654.8
65323.3
65327.3
65354.7
65389.6
65413.3
65454.9
65458.4
65494.9
65499.8
65510.6
65512.3
65533.7
65543.6
65548.1
65551.3
65553.9
65556.9
65559.9
65568.6
65581.6
65593.4
65601.4
65609.8
65612
65621
65622.5
65624.5
65655.4
65661.3
65666.9
65677.3
65685.1
65686.6
65923.4
65925
65942.8
65944.8
65954.4
65961.1
65970.6
65978.5
65982.9
65989.5
66000.1
66014.9
66017.2
66029.5
66033
66050.6
66060.6
66071.5
66068.8
66076.5
66078
66092.8
66094.3
66097
66099.4
66107.2
66119
66122.2
66126.5
66128.5
66137.6
66142.4
66148.8
66153.5
66156.1
66162.4
66167
66171.1
66172.4
66182.8
66187.5
66190.3
66211.8
66216.3
66219.1
66221.5
66229
66238.8
66244.6
66249.6
66253.9
66255.6
66256.7
66287.1
66289.7
66303.3
66310.8
66314.1
66325.4
66334.6
66341.8
66357.4
66427.2
66493.1
66495
66508
66704.8
66709.1
66713.5
66729.6
66740
66740
66753.1
66750.6
66758.2
66763
66767.9
66764.5
66772.5
66774
66778.1
66780.3
66782.3
66798.3
66810
66822.1
66834.6
67192.7
67197.1
67198.5
67213
67255.9
67327.8
67335.3
67346.3
67363.3
67372.8
67422
67787.8
67795.1
67812.5
68416.3
68486.3
68502.5
68507.6
68509.1
68510.3
68518.9
68529.6
68531
68546
68571.7
68582.5
68651.8
68656.6
68676.9
68683
68696
68697.7
68699.4
68716.4
68720
68746.1
68753.8
68756.4
68761.9
68770.4
68785.6
68791.1
68795.3
68837.2
68843.3
68845.2
68873.6
69040.5
69044.1
69047.3
69050.2
69052.6
69057
69081.5
69089.6
69111
69183.4
69279.6
69361.5
69418.4
69422.6
69427.7
69429.9
69433.7
69437.6
69441.8
69450.2
69456.1
69459.6
69465.1
69485.8
69490.9
69494.4
69498.4
69559.9
69575.9
69602.1
69629.7
69644
69707.5
69718.2
69724.2
71306.5
71591.5
71599.5
71648.4
71655.5
71658.7
71661.6
71672.4
71674
71680.3
71687.9
71702.5
71712.6
71717.4
71731.8
71744.4
71807.6
71809.3
71816.9
72105.2
72422.8
72434.6
72457.1
72474.2
72486.1
72489.1
72496.5
72501.6
72505
72517
72534.4
72540
74517.1
74520.4
74541.6
74546.8
74566.7
74573.5
74583.4
74600.6
74609.4
74689.5
74725.7
74742.8
74747.5
74751
74753.5
74759.7
74773.7
74774.5
74779.2
74790.8
74797.1
74802.9
74808.1
74812.3
74813.8
74832.9
74881.4
74884.6
74887.9
74889.3
74897.7
74905.6
74917.5
74928.6
74931.2
74936.1
74953.4
74956.1
74960.8
75010.6
75592.3
75619
75681.6
75703.3
75713.4
75738.1
75742
75745.8
75759.6
75775
75788.8
75835
75847.4
75878.6
75882.4
75894.6
75911.1
75919.4
75923.1
75924.2
75926.5
75931.7
75934.2
75935.7
75944.1
75951.3
75976
76008.9
76062
76163.7
76167.3
76169.8
76173.9
76177
76185.3
76191.8
76199.2
76200.7
76211.6
76248.9
77091.5
77101.1
77109.3
77116.5
77121.6
77128.3
77135.1
77137.5
77139
77142.9
77151.6
77156.7
77164.6
77192.9
77468.2
78917.6
78941.6
78948.8
78951.1
78969.5
78989.3
79080.8
79101.7
79130.2
79147.8
79175.1
79181.2
79186
79190.2
79194.4
79206.9
79209.7
79216.7
79218.1
79222.8
79225
79226.2
79227.7
79237.8
79242.8
79252
79254.5
79260.4
79269.9
79272.9
79282
79312
79317.4
79339.4
79349.6
79353.6
79360.7
79376.3
79563.6
79673.6
79677.4
79687.8
79693.6
79695.7
79707.8
79707.1
79713.3
79719.3
79728.4
79733.5
79744.7
79751.9
79755.5
79756.7
79759.1
79767.7
79768.8
79774.8
79788.7
79803.1
79818.1
79828.4
79831.6
79900.2
79904.7
79909.1
79913.7
79914.8
79937.8
79963.2
80210.2
80215.5
80217.7
80229.4
80251.8
80254.1
80263.1
80271
80285.5
80291.6
80303.9
80309.2
80314
81384.3
81415.4
81454.8
81464.6
81503.8
81509.1
81513.6
81514.9
81523
81542.1
81553.1
81560.4
81568.2
81571
81579.6
81583.2
81592.2
81606.5
81616.6
81620.1
81632
81636.6
81653.5
81656.2
81666.1
81673.6
81679.9
81685.9
81698.9
81700.9
81712.9
81723.1
81726.3
81736.1
81786.4
81790.7
81793.2
81810.4
81813.5
81821.9
81824.5
81843.6
82059.5
82066.4
82088.1
82098.4
82100.8
82107.8
82110.3
82261.1
82312.9
82318.1
82321.8
82324.4
82325.8
82328.7
82331
82339.2
82341.3
82353.5
82358.7
82507.5
82513.3
82525.6
82528
82532.4
82573.9
82594.6
84562.3
86626.6
86727
86760.1
86763.4
86767.2
86774.1
86776.8
86779.8
86789
86799.4
86806.2
86812.6
86817.7
86825
86833
86834.1
86843.7
86852.3
86855.6
86858.2
86861.7
86866
86869.7
86876.4
86887
86901.6
86905.9
86908.8
86917.6
86920.2
86937.5
86948.8
86950.1
86962
86965.3
86967.2
86977.2
86980.5
86982.3
86984.8
86995.9
86999.2
87000.5
87003.5
87006.3
87016.4
87023.6
87033.3
87035.3
87044.9
87048
87058.4
87067.6
87073.1
87075.1
87076.9
87079.3
87085.6
87089.4
87093.5
87097.1
87109.5
87112.8
87117.1
87118.7
87128.2
87167.9
87200.3
87210.4
87226.3
87293
91277
91293.3
91297.7
91299.7
91300.8
91314.3
91317.5
91322
91338.6
91346.4
91351
91353.8
91356
91364.3
91365.8
91372.2
91385.8
91387.3
91393.9
91398.4
91402
91404.8
91414.6
91424.9
91437.3
91467.4
91495.2
91535.9
91565.9
91574.1
91579.5
91590.7
91592.6
91600.5
91607
91615.1
91627.5
91629.3
91734.7
91750.2
91779.9
91786.7
91804.4
91815
91826.3
91831.5
91856.9
91858.3
91861.6
91870.6
91895.3
91901.9
91905.1
91907.7
91910.6
91922.8
92005.6
92077.3
92079.8
92089.2
92091.7
92096.4
92112.9
92191
92197.6
92220.8
92237.2
92241.1
92259.5
92262.8
92265.1
92271.2
92276
92282
92288.7
92293.3
92296.2
92301.1
92304.6
92307.4
92318.5
92327.4
92333.9
92335.8
92338.3
92343.7
92351.2
92353.7
92356.3
92367.5
92376
92381.3
92420.1
92439.6
92451.3
92460.3
92516.5
92542.1
92549.2
95102.5
95901.3
95916.5
95919.5
95975.8
95985.7
96000.2
96006.3
96009.5
96013.5
96016.8
96020.3
96021.7
96027.4
96031.6
96036.7
96045.7
96053.6
96055
96064.8
96065.8
96070.5
96072.9
96076.2
96080.9
96083.6
96085.8
96088
96091
96097.5
96104.3
96114.4
96131.1
96134
96145.7
96151.1
96163.8
96181.3
96621.2
96627.2
96641.7
96652.6
96667.3
96675.4
96682.6
96693.2
96698.7
97037.6
97116
97132
97147.5
97168.8
97174
97193.8
97199.6
97203.2
97207.3
97209.6
97214.5
97220.8
97232.5
97246
97255.4
97269.4
97278.1
97284.5
97289.3
97300.7
97305.9
97309.3
97320
97330.1
97345
97350.2
97440.3
97527.9
98319.4
98322.6
98354.7
98440.4
98467.3
98518.9
98528.4
98534.1
98537.1
98539.8
98557.5
98560
99069.1
99173
99179.6
99241.9
99243
99254
99261.8
99277.4
99283.3
99285.9
99289.6
99293.5
99295.3
99300
99306.2
99319
99323.1
99325.7
99331.5
99339.3
99345.2
99351.9
99356.6
99364.8
99367.5
99375
99383.6
99395.4
99397.1
99404.7
99409.4
99414.2
104480
104682
104707
105713
105720
105723
105725
105736
105742
105772
105777
105789
106943
106964
106982
106988
106991
106998
107001
107035
107037
107040
107065
107069
107074
107077
107086
107089
107106
107108
107119
107122
107126
107132
107134
107143
107150
107168
107173
107182
107185
107195
107203
107206
107213
107219
107221
107228
107230
107238
107241
107246
107250
107265
107268
107278
107283
107290
107296
107309
107318
107320
107328
107340
107344
107348
107360
107367
107369
107392
107411
107419
108001
108021
108219
108496
108729
108733
108740
108745
108753
108759
108766
108767
109271
109286
109290
109296
109303
109315
109325
109338
109362
109988
111109
111167
111243
111249
111261
111262
111270
111274
111281
111306
111329
111335
111348
111513
111515
111519
111523
111551
111588
111601
111615
111632
111648
111658
111661
111664
111679
111682
111721
111738
111743
111755
111860
111922
111929
112256
112270
112277
112304
112313
112317
112324
112326
112338
112350
112357
112360
112365
112368
112389
112404
112416
112420
112426
112432
112437
112441
112445
112448
112458
112461
112466
112488
112494
112509
112522
112525
112530
112533
112544
112551
112555
112558
112561
112563
112565
112574
112576
112582
112584
112593
112610
112613
112614
112621
112639
112642
112658
112663
112664
112673
112680
112684
112687
112702
112763
112847
112883
112884
112892
112891
112893
112894
112899
112897
112902
112907
112916
112918
112920
112925
112940
112944
112951
112958
112965
112971
112978
112985
112995
113072
113078
113083
113086
113088
113090
113099
113107
113118
113131
113136
113140
113144
113147
113154
113164
113163
113166
113169
113178
113181
113699
113722
113749
113762
113824
113832
113934
113939
113955
113964
113967
113970
113973
113978
113986
113989
113995
113999
113999
114000
114003
114008
114020
114033
114039
114046
114052
114064
114630
114637
114642
114648
114654
114668
114672
114677
114688
115789
115891
115910
115921
115935
115943
115973
115981
116030
116083
116085
116088
116105
116110
116134
116143
116172
116185
118470
118473
118504
118526
118664
118671
118680
118717
118722
118725
118727
118739
118744
118753
118770
118774
118839
118841
118867
119207
119213
119218
119220
119225
119269
119271
119274
119280
119283
119291
119294
119298
119312
119318
119326
119328
119345
119347
119353
119360
119370
119378
119384
119387
119391
119394
119398
119403
119416
119433
119436
119454
119761
119775
119837
119842
119846
119854
119865
119868
119874
119885
119892
119897
119921
119923
119975
121566
121577
121667
121734
121734
121745
121749
121754
121762
121781
121795
121799
121800
121823
121836
121838
121842
121864
121874
122343
122345
122348
122352
122359
122362
122369
122536
122539
122548
122558
122565
122579
122584
122587
122592
122599
123299
123303
123308
123319
123331
123339
123350
123366
123391
123409
123433
123453
123467
123486
123487
123515
123525
123560
123570
123577
123601
123622
123629
123702
123711
123714
123716
123719
123724
123730
123736
123754
123766
123773
123786
123791
123793
123809
123805
123808
123816
123822
123818
123821
123828
123834
123840
123838
123859
123874
123877
123891
123897
123899
123913
123924
123927
123925
123930
123939
125316
125324
125329
125352
132647
132664
132669
132674
132692
132694
132703
132718
132730
132742
132745
132763
132776
132785
132792
132807
132843
132847
132851
132857
132859
132864
132904
132911
132915
132936
132959
132966
132976
132994
133051
133068
133169
133189
133201
133207
133213
133217
133227
133234
133258
133296
133322
133332
133351
133382
133392
133395
133405
133411
133417
133701
133705
133737
133775
133902
133909
133951
133970
133987
134031
134040
134046
134087
134092
134100
134110
134157
134166
134171
134174
134183
134191
134194
134227
134236
134239
134246
134253
134256
135060
135081
135092
135102
135538
135552
135567
135571
135580
135594
135607
135609
135614
135616
135621
135627
135628
135632
135639
135641
135645
135661
135666
135671
135682
135701
135704
137219
137236
137248
137260
137273
137279
137280
137282
137299
137304
137309
137318
137329
137333
137346
137351
137358
137372
137373
137374
137382
137388
137391
137392
137395
137406
137415
137425
137435
137439
137443
137455
137463
137468
137472
137478
137483
137487
137509
137523
137538
137560
137844
137852
137867
137877
137895
137901
137905
137914
137918
137946
137953
137957
137958
137964
137966
137980
137981
137990
137993
137995
138002
138004
138013
138019
138023
138028
138036
138040
138048
138056
138064
138068
138070
138477
138501
139210
139504
139521
139558
139566
139576
139592
139596
139599
139619
139627
139629
139645
139663
139711
139734
139746
139754
139759
139769
139783
139789
139800
139802
139806
139812
139821
139823
139827
139829
139852
139857
139860
139872
139876
139883
139891
139900
139903
139988
139991
140000
140007
140008
140027
140033
140121
140817
140876
140883
140900
140901
140924
140941
140966
140981
141001
141033
141037
141080
141102
141316
141445
141453
141455
141462
141465
141471
141476
141480
141490
141498
141503
141522
141525
141530
141535
141543
141546
141548
141553
141558
141562
141566
141580
141589
141598
141599
141602
141607
141613
141615
141617
141618
141641
141652
141663
141672
141674
141679
141683
141689
141696
141698
141710
141712
141722
141949
141952
141958
141964
141969
141972
141999
142002
142007
142018
142024
142033
142045
142052
142060
142076
142081
142085
142089
142098
142103
142106
142112
142120
142126
142128
142138
142151
142153
142174
142200
142206
142218
142286
142608
142614
142625
142631
142640
142645
142678
142680
142682
142685
142755
142785
142793
142806
142819
142830
142835
142872
142873
142876
142884
142899
142912
142914
142949
142973
142975
143116
143124
143190
143200
143205
143208
143210
143226
143235
143240
143244
143248
143263
143276
143284
143287
143290
143295
143304
143311
143330
143358
143366
143368
143368
143385
143386
143390
143390
143398
143400
143402
143411
143418
143438
143441
143447
143458
143461
143467
143469
143473
143482
143500
143501
143508
143514
143523
143524
143535
143540
143541
143543
143555
143561
143565
143571
143573
143579
143580
143583
143587
143596
143598
143601
143604
143614
143616
143618
143619
143624
143628
143629
143630
143632
143636
143640
143659
143671
143674
143678
143683
143688
143692
143697
143709
143720
143746
144533
144629
144638
144649
144729
144732
144780
144855
145001
145016
145060
145070
145079
145088
145092
145095
145100
145112
145115
145128
145148
145151
145155
145159
145167
145168
145171
145173
145183
145195
145201
145208
145212
145224
145226
145232
145253
145265
145274
145282
145294
145297
145304
145308
145314
145321
145327
145335
145337
145342
145345
145383
145468
145473
145489
145492
145493
145504
145526
145541
145548
145571
145594
145603
145617
145644
145659
145688
145691
145704
145707
145717
145718
145727
145729
145732
145739
145745
145751
145758
145766
145767
145797
145806
145814
145829
145846
147308
147319
147322
147331
147342
147348
147351
148213
148220
148229
148254
148257
148301
148345
151282
151286
154146
154161
154167
154169
154182
154190
154195
154200
154200
154202
154207
154214
154215
154226
154251
154257
154267
154281
154293
154296
154311
154320
154335
154341
154344
154351
154364
154368
154386
154394
154399
154411
154422
154436
154442
154444
154466
154470
154478
154489
154501
154505
154531
154548
154558
154583
154603
154655
176790
176805
176842
176853
176861
176867
176877
176883
176897
176902
177001
177025
177051
177070
177082
177085
177091
177093
177096
177106
177112
177115
177122
177136
177158
177165
177175
177197
177219
177225
177544
177553
177619
177643
177653
177675
177744
177760
177764
177782
177788
177791
177799
177803
177808
177924
177927
177938
177970
177979
177983
179214
179269
179279
179294
179301
179728
180057
180061
180069
180073
180087
180090
180094
180097
180100
180104
180141
180370
180423
180460
180466
180470
180472
180477
180485
180499
180507
180513
180536
180541
180545
180547
180559
180564
180579
180612
180616
180619
180621
180634
180640
180644
180652
180658
180673
180680
180684
180691
180703
180715
180728
180735
180741
180753
180761
180764
180772
180782
180785
182149
182161
182266
182817
182843
182847
182859
182870
182877
182882
182886
182890
182910
182913
182916
182941
182947
182971
182974
182978
182987
182996
183000
183009
183011
183019
183020
183029
183032
183036
183041
183048
183052
183056
183063
183097
183102
183110
183117
183121
183124
183132
183147
183151
183157
183162
183169
183172
183179
183193
183201
183221
183231
183237
183245
183248
183256
183263
183264
183268
183373
183376
183380
183388
183393
183401
183405
183408
183426
183439
183448
183479
183503
183537
183564
183576
183581
183585
183595
183601
183604
183612
183614
183620
183622
183626
183643
183646
183655
183659
183664
183667
183668
183673
183684
183798
183814
183815
183826
183843
183848
183849
183856
183881
184042
184066
184254
184264
184269
184277
184292
184298
184300
184343
184354
184434
184442
184451
184479
184483
184484
184487
184490
184494
184498
184522
184529
184535
184538
184838
184839
184855
184871
184877
184878
184933
184950
184955
184958
184974
184977
184986
185001
185014
185017
185031
185037
190505
190509
190517
190521
190529
190530
190865
191011
191022
191045
191055
191135
191138
191143
191153
191171
191172
191178
191180
191183
191205
191215
191219
191220
191227
191235
191240
191251
191281
191435
191478
191492
191515
191522
191527
191540
191544
191550
191552
191563
191567
191573
191591
191809
191828
191829
191824
191832
191844
191848
191852
191855
191859
191865
191871
191877
191886
191889
191926
191928
191932
191974
191978
192921
192941
192967
192997
193011
193017
193024
193029
193038
193040
193054
193063
193123
193261
193266
193283
193291
193389
193766
193809
193834
193837
193852
193857
193859
193867
193887
193896
193912
193917
193922
193923
193926
193937
193945
193959
193965
193967
193971
193974
193981
193987
194007
194010
194015
194020
194044
194048
194053
194059
194064
194082
194085
194089
194093
194099
194101
194107
194112
194116
194118
194122
194127
194751
194764
194769
194779
194782
194786
194794
194798
194803
194806
194812
194824
194827
194830
194834
194838
194841
194847
194859
194868
194872
194878
194894
194910
194918
194927
194941
194943
194946
194956
194963
194965
194969
194980
194983
194985
194989
194991
195012
195019
195026
195044
195056
195083
195273
195308
195351
195359
195370
195377
195379
195381
195386
195419
195539
195548
195603
195611
195636
195637
195640
195653
195658
195662
195674
195681
195690
195695
195699
195707
195713
195719
195723
195728
195739
195745
195872
195883
195886
196970
196992
197015
197028
197036
197071
197072
197107
197146
197163
197203
197205
197230
197240
197251
197268
197280
197294
197301
197305
197311
197319
197321
197323
197343
197347
197358
197362
197365
197375
197378
197384
197387
197389
197395
197400
197415
197424
197427
197433
197435
197462
197473
197475
197485
197501
197518
197594
197645
198381
198530
199614
199621
199643
199654
199656
199659
199662
199672
199679
199690
199695
199720
199725
199737
199740
199779
199785
199787
199794
199817
199820
199825
199828
199831
199836
199840
199855
199860
199862
199864
199867
199883
199930
199934
199936
199939
199942
199944
199966
199975
199978
