1321.64
1348.62
1351.13
1354.11
1361.44
1363.2
1366.1
1389.93
3791.06
3808.37
3827
3839.79
3859.09
3883.29
3898.19
3908.35
3936.34
3944.07
3979.46
4149.79
4152.04
4173.03
4191.18
4220.08
4269.24
4472.17
4474.56
4478.56
4480.41
4891.61
5027.36
5047.31
5065.99
5136.87
5144.78
5147.42
5173.48
5176.07
5186.1
5192.49
5254.52
5266.99
5271.41
5292.41
5322.69
5330.04
6704.1
6730.51
6733.07
6740.08
6753.64
6769.21
6773.93
6796.58
7260.85
7284.04
7288.15
7315.38
7319.41
7326.44
7555.59
7589.94
7725.07
8548.8
8573.8
8575.41
8578.73
8621.48
8629.64
8631.35
8635.28
8652.96
8671.38
8676.51
8680.2
8683
8685.57
8688.33
8711.71
8751.22
8755.66
8765.73
9074.72
9077.45
9096
9106.02
9114.47
9115.47
9124.25
9139.6
9156.67
9160.96
9185.8
9191.33
9204.04
9208.82
9211.94
9229.99
9254.98
9375.7
9386.59
9391.53
9394.59
9399.79
9451.77
9458.28
9459.71
9475.37
9488.95
9505.79
9534.68
9534.74
9537.82
9618.58
9656.89
9692.41
9697.2
9706.94
9921.94
9923.44
9958.87
10200.5
10410
10445.3
10488.3
10563.6
10564.9
10612.3
10627.8
10655.6
10676.7
10720.7
10746.1
10750
10753.4
10758.1
10762.9
10828.7
10838.3
10873.9
10898.5
12142.4
12146.1
12153.4
12186.9
13113.8
13118.6
13128.3
13142.8
13171.5
13197.2
13199.1
13206.1
13213.8
13216.4
13227
13229.8
13232.6
13231.7
13247
13255
13315.8
13348.2
13352.1
13391
13428
13456.6
13457.7
13469
13477.5
13564.1
13572.9
13591
13594.1
13601
13612.5
13686.7
13974
14021.9
14053.5
14105.1
14336.9
14357.6
14433.9
14449.7
14471.3
14502.4
14604.9
14611.7
14615
14622
14627.3
14643.2
14771.1
14773.2
14782.8
14979.3
14998.1
15132.8
15157.7
15165.1
15166.9
15170.4
15174.8
15247.1
15252.9
15277.2
15285.6
15301.1
15311.8
15316
15349
15409.3
15441.8
15445.6
15461.2
15477.9
15489.8
15499.9
15504.1
15514.4
15517.3
15520.5
15537.1
15542.9
15545.4
15570
15578
15646.6
15654.2
15655.6
15792.6
15809.1
15837.4
15853.3
15874.2
15885
15890.3
15910.9
15913
15922.1
15928.3
15940.3
15976.6
15980.4
15992.2
15997.2
16002.9
16014.2
16019.3
16053
16073.2
16075.9
16092.1
16093.8
16104
16150.8
16161.9
16163.7
16172.3
16241.6
16406.9
16447.7
16465.5
16515.4
17156.6
17270.4
17277.1
17300.5
17309
17321.1
17318.9
17322
17326
17338.1
17436.4
17438.2
17444
17448.9
17452.7
17478.9
17756.5
17789.1
17834.5
17852.3
17862.1
18188.6
18191.1
18196.8
18206.5
18211.9
18241.8
18245
18313.3
18318.3
18322.8
18331.1
18533.7
18549.7
18568.5
18582
18586.5
18590.6
18656.6
18670.2
18716.3
18954
20583.1
20588.6
20598.4
20605.6
21244
21703
21726.7
21771.1
21892.7
21949.4
21982.6
22009.2
22013.9
22017.5
22023.1
22042.7
22049.3
22075.2
22316.5
22321.7
22409.9
22441.4
22452.1
22464.7
22509.4
23579.7
23848.2
24000
24004.7
24008.6
24011.9
24015.5
24027
24040.2
24042.6
24050.1
24089.3
24094.9
24125.4
24598
26116.7
26119.2
26122.9
26133.7
26137
26276.3
26281.6
26294.8
26744.9
26787.5
27322.9
27342.7
27359.3
27365.7
28009.8
28014
28018
28022
28034.3
28036.5
28045.9
28050.5
28054.6
28059.3
28061.5
28066.5
28079.8
28083.6
28130.4
28133.6
28327.1
28340.8
28478.8
28481.9
28486.4
28488.7
28491.7
28493.3
28496.3
28498.6
28572.3
28640.2
29065.5
29082.8
29202.4
29221.5
29226.6
29229.3
29370.3
29374.6
29389.6
29395.3
29444.8
29446.4
29449.7
29466.5
29473
29484.3
29487.8
29493.8
29497.3
29515.6
29527.2
29530.4
29539
29536.9
29555.4
29573.4
29581.4
29599.8
30155.8
30240.2
30248.3
30250.5
30259.1
30289
31197.7
31208.7
31379.9
31383
31384.5
31387.2
31390.6
31543.9
31559.5
31571.3
31576
31594.4
31596.8
31619.8
31629.3
31987.9
32020.6
32037
32047.3
32228.9
32232.2
32265.4
32267.1
32269
32271
32273.5
32276.9
32312.4
32314.9
32319.6
32329.9
32353.1
32370.4
32373.6
32383.4
32406.7
32421.9
32436
32440.7
32573.6
32595.1
32769.2
32777.7
32790.1
32796.4
32808.6
32813
32815.9
32820.8
32945
32949.2
32954.6
32965.7
33095
33226.3
33262.7
33384.1
33395.8
33403.6
33442
33443.8
33448
33488.4
33495.3
33592.4
33838.9
33894.2
33915.5
33979.3
33998.5
34050.9
34063.6
34071.4
34082.7
34096.1
34166.1
34230.6
34319.5
34321.2
34324.4
34329.2
34337.2
34340.4
34355.3
34360.4
34364.5
34394.7
34441.8
34444
34449.1
34459.4
34465.6
34477.5
34709.7
34717.8
34731.1
34781.2
34791.4
34795.3
34824.3
34826.8
34831.6
35212.9
35216.8
35229
35232.5
35258.5
35263.5
35267.2
35271.8
35276.3
35288.8
35296
35463.7
35477
35556.3
35589.7
35596.2
35614.7
35641.1
35643.4
35645.4
35659.7
35700.2
35703.4
35731.3
35743.7
35749.3
35752.3
35756.9
35762.4
35838.9
35840.3
35850.5
35882.8
35927.7
36110.9
38885.4
38912
38924.3
39114.3
40206.1
40210
40213.8
41719.4
42955.7
42959.7
42969.5
42979.6
42984.6
42997.6
42999.1
43150.3
43210.3
43241.7
43255.4
43287.4
43293.3
43298.7
43302.6
43305.2
43309
43313.1
43326.6
43329.5
43396.9
43421
43492.6
43495.5
43500.2
43501.6
43505.9
43508.2
45624.9
45653.9
45743.1
45751.1
45772.2
45787.2
45802
45823.9
45826.5
45887.2
45899.5
46696.9
46703.4
46712.9
46716.6
46722.8
46727.5
46729.5
46908.1
46910.6
46913
47004.5
47092.1
47468
47473.6
47495.3
47498.6
47515.9
47746
47762.5
47765.1
47771.8
47780.8
47788.7
47792
47839.5
47893
47901.2
47910.5
47978.8
48020.4
48023.7
48029.8
48035.1
48036.8
48080.9
48087.7
48114.5
48131.1
48131.7
48172.7
48173.8
48174.9
48182
48185.8
48187.7
48205.6
48218.2
48252.9
48270.1
48285.5
48300.5
48425.8
48463.7
48546.9
48622
48627
48629.1
48633.3
48634.7
48635.9
48642.6
48644.6
48646.1
48648
48658.8
48660.4
48680.3
48713.5
48722.3
48725.9
48728.8
49001.9
49004.2
49293.3
49485.9
49500.7
49504.5
49519.7
49525.2
50284.9
50292.1
50297.4
50301.2
50321.5
50323.8
50363.5
50380.2
50430.6
50436.2
50847.9
50850.1
50855.8
50888
50893.7
50908
50911.5
50952.3
50958.2
50972.8
50975.8
50979.8
51048.9
51062.2
51075.7
51092.9
51115
51121.4
51138.8
51146.7
51151.4
51182.8
51187.2
51189.5
51192.3
51197.4
51198.6
51211.9
51213.7
51216
51224.5
51236.5
51247.2
51251.3
51256.2
51273.7
51275.7
51287.6
51365.8
51384.3
51390
51395.7
51405
51415.6
51419.5
51438.4
51442.5
51479.6
51689.6
51738.2
51741.8
51780.5
51997
52017.3
52022.4
52035.3
52041.4
52046.1
52050.4
52052.8
52056.3
52061.9
52063.9
52453.3
52455.5
52459.6
52461.4
52467.7
52546.8
52548.9
52562.9
52571.9
52581.6
52583.7
52586.7
52591.5
52596.2
52602.3
52608.2
53310.1
53330.6
53335.8
54106.1
54122.2
54126
54176.4
54208.3
54214.7
54226.8
54230.4
54237
55100.2
55103.1
55105.7
55109
55115
55158
55184.3
55191.1
55214.6
55229.2
55234.4
55268.2
55348.1
55351.9
55490.2
55506
55517.4
55525.9
55544
55599.9
55609.5
55638.6
55646.6
55649.2
55656.9
55840.2
56263.5
56275.7
56299.9
57374.9
57378
57382.2
57388.8
57391.8
57397
57403.9
57417.4
57438.4
58168.2
58188
58201
58208.5
58228.7
58589.6
58593.1
58615.4
58663.4
58664.6
58684.3
58687.6
58691.1
58695.2
58699.2
58966.3
58972.4
58974.4
58979.1
58981.3
58985.8
58987.4
59006
59026.3
59362.3
59376.6
59391.1
59394.8
59399.4
59403.4
59404.7
59426.6
59437.2
59443
59465.9
59478.9
59481.3
59485.7
59490.5
59495.5
59533.8
59722.8
59728.5
59758.8
59766.9
59777.2
59783
59787.3
59789.3
59793
59796.8
59851.2
59870.8
60035.6
60050
60061.1
60135.5
60143.1
60146.9
60149.5
60152.6
60155.9
60172.1
60210.2
60234.2
60241
60257.4
61285.7
61312.5
61314.1
61322.7
61327.9
61358.7
61366
61369.3
61372.9
61378.5
61380
61418
61431
61450.7
61995.4
61997
62002.1
62020.9
62053.7
62057.6
62061.7
62083.4
62492.7
62534.5
62576.5
63151.7
63188.2
63914.5
63912.6
63917.7
63922.9
63926.7
63929.8
63937
64126.8
64129.8
64134.1
64136.4
65454.9
65458.4
65543.6
65593.4
65601.4
65923.4
65925
65942.8
65944.8
65954.4
65961.1
65970.6
66076.5
66092.8
66094.3
66097
66107.2
66119
66122.2
66128.5
66137.6
66153.5
66156.1
66172.4
66182.8
66187.5
66190.3
66238.8
66244.6
66303.3
66325.4
66334.6
66341.8
66493.1
66495
66508
66704.8
66709.1
66729.6
66740
66750.6
66758.2
66763
66764.5
66772.5
66774
66778.1
66780.3
66782.3
66798.3
66810
67192.7
67197.1
67198.5
67213
67255.9
67327.8
67335.3
67346.3
67363.3
67372.8
68546
68571.7
68753.8
68756.4
68761.9
68770.4
68785.6
69485.8
69490.9
69575.9
69602.1
69629.7
69644
69707.5
69724.2
71599.5
71680.3
71687.9
71702.5
71712.6
71717.4
71731.8
71744.4
71816.9
72422.8
72434.6
72496.5
72501.6
72505
72540
74600.6
74609.4
74689.5
74725.7
74753.5
74774.5
74779.2
74808.1
74812.3
74813.8
74832.9
74889.3
74897.7
74905.6
74917.5
74931.2
74936.1
75742
76191.8
76211.6
76248.9
77091.5
77121.6
77151.6
77156.7
77164.6
77192.9
78951.1
79237.8
79242.8
79269.9
79272.9
79282
79312
79317.4
79339.4
79349.6
79353.6
79360.7
79563.6
79673.6
79677.4
79707.1
79728.4
79733.5
79774.8
79909.1
79937.8
80217.7
81384.3
81415.4
81454.8
81464.6
81503.8
81513.6
81514.9
81523
81542.1
81560.4
81568.2
81571
81606.5
81712.9
81736.1
81786.4
81790.7
81793.2
81810.4
81843.6
82110.3
82339.2
82341.3
82353.5
82358.7
82532.4
86774.1
86776.8
86779.8
86799.4
86806.2
86812.6
86817.7
86825
86833
86834.1
86852.3
86855.6
86858.2
86861.7
86869.7
86920.2
86937.5
86967.2
86982.3
86984.8
87016.4
87023.6
87058.4
87073.1
87075.1
87076.9
87079.3
91338.6
91364.3
91365.8
91372.2
91387.3
91402
91404.8
91414.6
91424.9
91437.3
91495.2
91535.9
91565.9
91600.5
91627.5
91629.3
91804.4
91815
91858.3
91861.6
91895.3
92304.6
92307.4
92327.4
92333.9
92351.2
92353.7
92367.5
92376
92381.3
92439.6
92451.3
92460.3
96016.8
96020.3
96021.7
96027.4
96031.6
96045.7
96064.8
96070.5
96072.9
96076.2
96080.9
96085.8
96114.4
96131.1
96134
96163.8
96621.2
96641.7
96667.3
96698.7
97255.4
97278.1
99351.9
99364.8
99367.5
99375
99395.4
99397.1
99404.7
99409.4
99414.2
105713
105720
105742
105772
105777
105789
106988
107037
107065
107069
107074
107077
107108
107132
107213
107250
107278
107296
107309
107318
107344
107369
109296
111243
111664
111682
111738
111743
111860
112270
112277
112304
112313
112317
112326
112350
112357
112360
112365
112368
112404
112416
112441
112445
112448
112544
112551
112555
112574
112576
112582
112584
112610
112613
112614
112664
112673
112680
112684
112702
112763
112847
112884
112891
112893
112894
112897
112902
112907
112940
112944
112951
112958
112978
112985
112995
113118
113147
113154
113164
113169
113178
113699
113749
113762
113824
113832
113934
113939
113978
114000
114008
114020
114046
114052
114637
114672
114677
115943
115973
115981
116030
118473
118717
118770
118774
119269
119271
119291
119294
119298
119318
119326
119328
119347
119360
119387
119391
119403
119454
119775
119842
119865
119868
119874
119885
119921
119923
119975
121842
122343
122345
122348
122352
122359
122362
122369
122565
123299
123303
123308
123319
123391
123433
123714
123716
123754
123766
123793
123816
123818
123821
123897
125316
125324
125329
132669
132730
132851
132976
133051
133068
133207
133213
133217
133234
133392
134157
134171
134183
134191
134194
135607
135609
135614
135639
135641
135645
135671
135682
135701
135704
137219
137236
137248
137273
137279
137304
137333
137346
137372
137373
137374
137388
137391
137392
137395
137425
137435
137439
137443
137463
137468
137472
137478
137483
137487
137509
137523
137560
137844
137852
137877
137901
137905
137946
137953
138048
138070
139789
139806
139812
139823
139903
139991
141445
141455
141471
141476
141562
141566
141598
141599
141602
141607
141613
141641
141679
141689
141969
141972
142052
142076
142081
142085
142089
142098
142631
142678
142680
142682
142685
142872
142873
142884
142949
142973
142975
143116
143190
143200
143206
143208
143210
143226
143263
143276
143311
143358
143385
143386
143390
143402
143411
143418
143461
143482
143514
143524
143540
143616
143619
143629
143659
143674
143746
145112
145148
145151
145155
145167
145168
145171
145265
145304
145314
145327
145335
145337
145342
145383
145473
145504
145717
145727
145729
145739
147308
148213
148229
151282
151286
154190
154195
154214
154444
177051
177070
177082
177096
177938
177970
177979
177983
179214
179269
179279
179301
180141
180370
180423
180460
180466
180470
180472
180477
180485
180499
180507
180513
180579
180616
180619
180621
180634
180640
180644
180652
180658
180735
180741
182149
182161
182817
182843
182847
182996
183000
183009
183011
183019
183020
183032
183041
183102
183121
183124
183132
183147
183151
183157
183162
183169
183172
183179
183193
183201
183231
183237
183245
183263
183264
183380
183388
183393
183401
183405
183408
183426
183439
183448
183479
183503
183537
183564
183576
183581
183585
183595
183601
184343
184434
184442
184451
184498
184538
184933
184950
184955
184958
191205
191215
191219
191220
191235
191240
191251
191281
191492
191515
191544
191567
191573
191877
191974
191978
192921
192941
192967
192997
193266
193837
193917
193922
193923
193926
193937
193945
193959
193965
193967
193971
194010
194015
194020
194089
194794
194798
194859
194878
194894
194927
194941
194943
194946
194980
194983
195713
195719
195739
195745
195872
195883
197301
197305
197347
197362
197365
197389
199621
199643
199654
199656
199659
199662
199672
199679
199690
199695
199720
199725
199737
199740
199779
199785
199787
199794
199818
199820
199825
199855
199860
199867
199883
199930
199937
