1703.82
2833.69
3148.7
4397.48
7083.77
7161.11
7342.39
7529.14
8300.7
11064.4
11789.6
14494.8
14883
17792.2
18250.1
19188.9
22028.8
23332.6
23412.7
26002.8
32559.5
33228.3
34417.8
34442.9
35983.2
36612.8
36721.9
38267.8
40033.8
42238.8
42868
43272.4
43589.9
45508.4
45553.9
46435.2
46649.7
48594.3
48972.4
49522.7
50204.1
50251.2
55759.6
56367.2
58971.8
59601.7
60311.8
63021.7
63380.4
63630.5
67464.6
69063.5
69403
70098.4
70512
70946
74662
74923.6
76013.9
76882.3
80155.1
82244.5
83554.1
84125.1
84223.8
85287.1
85516.1
87832.5
88265.8
88493
89829.3
90097.5
90115.1
90536.4
91015.6
91387.8
92428.7
92476.7
94069.6
94337.7
95245.7
97625.2
97647.3
98562.5
