1353.14
2352.38
2701.59
3668.5
4597.45
5169.49
5845.65
6056.97
6370.33
6816.14
6967.24
7722.05
7776.25
8104.17
8487.2
8562.4
10250.5
10296.4
10498.4
11082.2
11646.8
12018.2
13118.8
16045.6
16144.5
16462.7
17650.1
18042
18720
18746.9
18822.2
19212.2
19837
20893.8
21515.4
22355.2
22544.2
27985.2
28469.1
31169.3
33821.7
33929.8
34178
34716.6
36206
36358.4
36385.9
39083.9
39477.7
39522.9
40075.8
40462.7
42495.7
42725.4
43199
43421.8
44480.9
44920.5
46800.9
47361.1
47936.3
48242.7
48283.6
48473.1
48558.9
48646.9
48783.6
48917.5
49290.6
49373.7
49710.8
49867.6
51459.2
52914.9
55359.8
56287.2
57232.4
58597.4
58750
58770
58895.4
59244.8
60222.5
62648.7
62714
64210.9
64724
68898
69739.2
69939.9
70753
71634.2
71691
73101.1
73833.3
76153.5
76407
79236.3
82406.6
82583
83481.7
83814
84580.7
85447.8
85879.1
85988.1
86174.9
86687.4
86820.6
86972.9
89107.6
89338.1
89907.3
90321.2
90675.2
90778.6
91263.9
91487.5
91777.3
92225.5
92434
92801.8
93413
93497.2
97212.2
97284.5
98317.3
99647.3
