2551.86
3449.82
3795.65
3821.9
4195.87
4706.56
4717.72
4769.39
4862.47
5583.37
5661.27
6257.4
7132.33
7173.43
7909.26
7938.93
8434.2
9218.36
9346.62
9714.88
9914.51
11132.3
13520.9
13828.8
15215.8
15421.7
17097.9
17111.2
17254
17695.3
17884.9
18101.8
19263
19653
22611
22760.1
23097.2
23390.8
24571.6
24946.9
26005.9
26257.5
26624.2
26635.8
28162.1
28310.2
29527.8
29595.8
29898
30224.7
31448.8
31994.7
32557.9
32936.8
33084
33249.4
33588.8
34049.6
34314.1
34447.2
34815.8
34830.7
34984.5
35283.6
35667.5
35871.6
36379.7
36498.7
37708.1
38331.4
42625.2
43223.8
43427.8
44375.4
44485.5
44780.6
46370.6
48789.6
49032.7
50180.7
50884.5
51526.4
51776.4
51967.3
52014.3
52151.6
52261.1
52395.7
52870.4
53067.2
54256.2
54517.7
54816.7
55594.7
55937.2
56084.1
57191.9
57528.5
57581.2
58568.3
59603.9
60488.4
60559.9
61627.9
62584
65676.8
66077.4
67476.7
68666.7
69958.2
70425.7
70733.2
70924.1
70996.1
71910.8
72544.4
72738.9
74725.7
74914.6
76582.1
76841
76915.4
78673.9
79280.6
79627.5
81306.7
81862.3
82222.3
82290.2
82591.7
85834.1
86407.9
87477.4
87765
87834.3
88784.3
89164.9
89190
89634.7
89845.2
89952.4
90430
90500.1
90720.9
91425
91970.4
92522.1
92920.9
92959.7
93032.9
93221.4
95428.6
96005.9
96138.6
96576.2
97347
98463
98549.6
98687.4
99008.6
99578
101631
102513
102569
103775
104527
105598
105753
106564
106922
107700
108052
108248
108859
109194
109548
111418
111442
111542
111786
112557
113260
114252
114501
115236
115652
115956
116357
117293
117714
118122
118182
118460
118586
118995
119648
120064
120612
120692
121827
121917
122417
122466
122870
124816
124836
124892
125330
125683
125857
126271
127716
127876
128198
128246
130564
131097
132511
133016
134926
135747
135920
136119
136271
137912
138186
138653
138994
139172
139500
141431
142165
142543
143526
144915
145553
145581
149293
149424
150613
151079
151608
152297
155154
155809
156849
156943
156988
157131
157247
157601
159540
160386
161514
161834
163445
163494
163639
164174
164502
164571
164650
164931
165175
165864
166289
167932
168738
168855
169350
169420
169572
169862
171193
171672
172317
173382
173595
174038
175118
176161
176278
176413
176562
177859
178370
178419
178514
179021
180542
181090
181610
181707
182124
182304
182379
182649
182926
183280
183299
183613
183686
183960
184623
184818
185709
187965
188263
188977
189467
191623
192616
192819
193929
193978
194114
195498
198141
198164
198235
199918
