659.4
1298.25
2653.88
3354.97
3370.56
4054.24
7043.77
7293.46
9109.86
9741.77
9802
10105.7
11113.9
11687
12133.9
12745
13108.9
13971.5
14556.7
16205.6
16551.5
16785.9
17553.3
17707.2
18002.3
18973.1
19345.8
21565.3
22583.7
22658.5
22684.1
22936
23009.7
23072.5
24121.2
26937.1
27093
27363
27425.5
27892.1
28263.7
28367.5
28732.3
29205.7
29437.8
30669.4
30933.1
30973
31912.1
32267.8
32801.6
33978.7
34182.2
34961.1
35065.7
35519.9
36084
36171.6
37072
37983.3
39364.5
39503.2
41592.2
41904
42893.3
43400.5
43538.8
43659.3
43686.3
44208.2
45584.4
45768.7
47351.1
47467.5
47992.4
48733.9
49224.2
49710.4
49767.1
50388.3
50768.2
51091.2
52143.7
52854.2
54278.6
56084.8
56273
57117.1
57395
58734.3
60864.8
61959.8
62480.8
63771.8
66146.6
67881.7
68434.2
68544
68695.8
68880.5
69389.3
69660.4
69872.9
70197.3
70204.9
71625.5
71901.2
72420.6
72800.4
72969.4
73415.5
74473.3
75455.6
75489.4
76362.6
77198
77954.4
78761.7
79264
80062.8
81821.3
81985.1
82401.6
82447.4
83045.1
83829.5
84320.3
84365.2
84524.2
84583.5
85051.2
85159.5
85585.9
85918.1
86773.4
86826
87613.3
88286.2
90079.7
90662.2
91596.2
92111.3
92201
93057
93609.9
93815.1
95645.4
98618.5
98649.7
98902.2
99610
99903.3
100048
100443
101094
101098
101149
101697
101725
103438
104382
104649
105952
106254
106795
107307
107855
108226
109912
110538
110773
111120
111471
112350
112423
113434
113905
114482
114863
115297
115987
118750
119071
119742
121458
121875
122162
122252
122535
124270
124376
124479
125229
125436
125938
126043
126777
128059
128058
128210
128508
129499
129508
130545
130973
132069
133178
133265
134083
135001
135152
135197
137548
137703
138473
138836
139637
140920
141689
142071
142933
144163
145957
147000
147238
147420
148018
148750
149275
149413
150113
150852
150950
151030
152268
152849
153083
153146
153787
153869
155197
155955
156037
156152
156895
158674
158981
160208
160402
160527
160705
160976
161152
161206
161424
161694
162454
162518
162794
163181
163992
165939
165998
166201
166415
166470
166700
166831
166859
167119
168065
168402
168944
169592
170102
171381
171619
172226
174147
174168
174674
182116
183323
184325
185516
186837
187148
187902
187989
188116
188225
189000
189726
189894
189970
190302
191035
191336
191483
192061
192367
193721
194843
195045
195200
195437
195674
196096
196354
196605
197429
197977
198593
199500
199919
