896.68
1300.86
2379.77
3153.7
3441.25
4327.01
5076.49
6617.06
7033.02
8221.02
8595.2
10013.4
11491.7
11574.4
12140.3
12335.8
12784.1
13794.5
14112.6
14432.3
14800.7
14943.8
15033.7
15338.5
19457.9
19602.4
20223.7
20484.5
21510.1
24970.5
24975.1
25022.2
25627.3
25876.1
26300.9
26662.8
32098.2
34353.3
35028.7
42222.8
44217.5
48035.4
55328.1
56191.1
61098.4
62310.3
62557.7
62797.3
64954.2
65423.5
69094.5
69926.5
70929.8
71437.9
72304.3
72990
75802.1
76179.2
77697.2
81176.7
82292.6
83303.3
83510.9
84236.6
84509.1
84698.2
86029.9
87604.9
89986.1
91210
92030.4
92606.5
93919.1
94432.5
94616.3
94657.2
94842.5
95357.1
95699
95928.6
96508.9
96672.2
96958
97130.9
97235.8
97518
98244.4
98998.4
99051.4
100410
100742
101746
101988
102502
102932
103596
106475
107449
107668
108329
109498
110169
110475
110700
111393
111971
112241
114123
114207
115539
115590
116022
118397
120646
122942
123215
124991
125421
127088
127763
128192
128481
128593
129063
129535
129716
129841
130637
131669
132225
132522
133102
133146
133583
133963
135031
135807
135864
135863
136313
136469
136976
137208
137921
138096
139223
139584
141442
141907
144487
144837
145987
147484
147927
150147
151193
151356
151528
151873
152882
153056
153624
153801
153988
154369
154985
157593
157608
158439
158811
160020
161415
166681
169703
170118
170432
170701
173676
174825
178362
178798
179440
179905
181450
185640
186449
190102
192510
194306
194740
195577
195899
198087
199735
