2594.37
3024.43
3406.41
3482.8
4029.13
4665.67
5754.92
6455.23
7361.68
7958.99
10712.2
12613.9
12948.3
14413.5
16085
16317.2
16496.2
17121.2
17984.8
19910.6
21920.7
23413.9
24803.7
28942.6
29208.1
29290.3
29406.2
30214.8
30465.2
34943.3
35283.6
36893.9
39765.3
41820
42898.2
43078.2
43457.4
43950.9
45100
45857.7
47338.8
47691.4
48346.9
50096.1
51264.2
52735.8
55787.1
56325.1
57203.2
58758.5
59329.8
60419.6
60744.1
60887.9
63157.4
63628.4
67948.8
69782.6
69950
70134
70948
71251.9
72238.9
72634.4
73216.7
73767.2
73789.3
76454.8
76715.1
77742
78225.3
81585
85611
86509.8
88493
89194.5
92805.4
93549.2
93658
95169.5
97600.7
97749.3
99684.5
100788
102357
102790
103139
103285
103468
104183
104436
104683
105408
106213
106811
107878
108117
108763
108961
109162
109306
109964
110526
111837
113059
113578
114405
115396
115522
117290
117769
117953
118283
120058
120551
120697
125160
125288
125558
125688
126183
126744
126867
130729
132528
136268
136337
136946
138434
139145
141274
142439
143193
143707
144883
145325
145759
147086
147511
147730
147770
152211
153495
153810
154282
156345
159520
162371
163386
163587
163711
164207
164688
164820
165491
165770
167125
169054
175998
177041
178628
180312
180310
180828
182007
183089
183559
184675
187194
188040
188711
191416
193798
194016
197278
