1112.5
1375.6
1816.51
3695.27
3922.61
4402.33
5574.58
7495.85
7812.01
7982.14
8468.16
8632.8
9240.83
9243.13
9546.87
9610.15
10121.8
13124.6
13254.6
14662
15729.1
15829.9
16637.8
19465.7
19624.2
20379
20763.5
21274.1
22064.6
24558.4
24693.5
24834.3
27350.2
28787.2
29893
30641.6
30851.8
33760.3
36170.1
36993.3
37553.3
38049
38069.3
38286
38650.3
38866.2
39680.8
40278
40358.3
40717.6
44231.2
45883.9
45901.6
46606.7
46719.9
47210.6
47256.2
47788.6
47929.9
50282.4
51743.2
53432.3
56349
56508.8
56910.7
57995.6
58989.1
60344.4
60812.6
62334.9
62480.8
63129.3
63396.6
64120.1
65030.8
65747
65789.9
66855
67187.1
67656.6
69695.3
70126
70179.8
70841.1
70944.5
70949.8
71666.5
73299.1
73416.2
73965.4
74031.9
75218.2
75331.8
75956.5
76823.9
77683.5
78634.8
79059.6
80419.2
80551.4
81934
82535.4
83352.3
84330
84431.4
84542.3
85175.5
85950.6
86658.7
86673.1
87375.6
87627.1
88891.7
90012.5
90935.3
91044.1
92603.3
92840.8
93939.7
94330.8
94503.6
95412.1
95682
96091.2
97054
97537.4
97936.7
98086.8
99345.2
100201
103033
103823
105202
105592
106281
106641
106858
107431
107641
107832
107855
107967
108603
108656
108988
109955
110040
110175
110920
111023
112148
112575
112671
113001
113305
114277
116473
116572
116848
118777
119502
119673
121369
124240
124443
125929
126363
126860
127465
128423
128571
130222
131491
132368
132668
135058
135229
135655
135686
135947
136902
137114
137893
140704
140982
142235
142565
142953
143167
143926
144150
144745
145780
146423
149608
150052
150903
151071
151095
151526
151589
151783
152268
152665
152856
152940
152984
153110
155172
155999
157123
157512
158669
159081
160187
160721
160977
161320
161356
161433
161689
161769
161885
162113
162710
163013
164390
165483
166620
166700
168074
168329
168826
169452
169815
169831
169935
169975
170293
170531
170933
171067
171446
172020
172291
172714
173098
173267
174221
175760
176640
178686
179552
181267
182195
182917
183019
183592
183600
184177
184318
185053
185088
185767
186997
188129
188532
189606
189731
190083
190508
194124
194466
196218
197865
198407
198796
198817
199014
199342
199528
199819
