162.32
272.96
703.13
899.51
1276.46
1420.41
1747.43
1921.26
2283
2488.02
2714.83
2883.38
3424.24
3439.32
3446.07
3548.97
3702.37
4277.45
4614.77
4901.45
4915.08
4942.55
5030.22
5082.17
5378.05
5407.95
5881.53
5934.63
6013.33
6160.06
6357.04
6445.14
6525.21
7590.68
7747.19
8092.5
8186.96
8250.48
8480.32
8747.93
8761.03
9348.94
9696.92
9851.77
9932.08
9976.31
10051.4
10366.8
10711.5
10781
11448.6
11669.8
12081.7
12184.4
12255.1
12359.2
12562.2
12716.9
13084
13448.2
13536.6
13826
14136.4
14584.6
14669.8
14721.7
14835.5
15135
15348.2
15666
15701.3
15738.4
15911.4
15966.7
16154.6
16243.2
16245.9
16562.8
16672.5
16725.3
16775.6
16827.2
16853.7
17268
17311.3
17687.8
17751.7
17869.3
18011.2
18078.2
18081.3
18187.8
18340.2
18532.9
18546.8
18910.9
18940.8
19263.5
19437.8
19555.1
20271.9
20470.8
20825.5
20966.1
21003.1
21661.4
21738.4
21798.3
21833.9
22082.3
22232.6
22252.1
22494.3
22599.5
23129.2
23151.6
23156.7
23476.8
23607.4
24367.3
24539.7
24559.5
24764.2
24998.7
25112.2
25189
25328.3
25649.4
25649.3
25696.5
25701.3
26006.8
26352.4
26706.4
26905.5
26908.9
27012.8
27170.1
27472.7
27625.4
27947.4
28169.4
28281.1
28381.6
28835.3
28923.5
29065.2
29162.2
29331.7
29528.9
29530.8
29886.4
30084
30537.2
30565.3
30760
30793.3
31398.3
31691.1
31741.5
32025.6
32202.2
32562.1
32846.9
33014.7
33144.7
33201.1
33224.7
33569
33592.5
33609
33765.7
33877.9
34170.6
34483
34489.1
35492.9
36585.9
36939.6
37097.5
37197.8
37383.2
37393.9
37408.2
37408.6
37636.7
37699.9
37702.2
37757.9
37788.5
37815
37958.5
37993.3
38110.8
38236.5
38236.5
38290.7
38391.7
38485.3
38492.6
38558.6
39152.1
39209.7
39262.7
39268.9
39492.3
39514.4
39782.2
39786
39805
39873.8
39915.8
40187.2
40275.2
40544.3
40672.1
40746.5
40850.9
41123.3
41358.3
41621.4
42045.1
42626.7
42998.7
43666.9
44396.2
44734
44839.7
45354.3
45603.7
45890
46379.2
46772.7
47433.3
47476.8
47520.3
47783.3
47984.4
48037.6
48207.8
48385.7
48405.2
48822.6
48904.9
49527.8
49893.8
49948.5
50073.5
50136.6
50492.1
50509.2
50523.1
50777.5
50786
51060.8
51729.7
51896.6
51961.3
52167.7
52206.4
52242.6
52264.1
52423.4
52716.7
52793.6
52933
53105.8
53162.5
53408.8
53409.1
53430.4
53658.9
53695.3
53933.2
53987.2
53994.2
54154.8
54204
54279
54492
54723.8
54913.4
54968.7
54976.8
55041.6
55084.5
55137.6
55271.4
55282.5
55530.3
55996.5
56116.9
56680.2
56699.3
56712.7
56732.6
57517.1
57566.1
57698.2
57760.3
57828.8
57895
57918.8
57939.6
58222.8
58267.2
58405.4
58767.8
58901.6
58996
59068.1
59069.8
59265.2
59288.6
59382.8
59748.1
59816.9
59876.8
60020.4
60089.1
60268
60463.7
60803.1
60877.5
61136.6
61456.8
61476.6
61507.4
61941.6
61952.1
62185.3
62362
62627.6
62894.1
63185.9
63427.8
63643.8
63831.6
63909
63984.3
64339.4
64689.3
65779.3
65862.7
66329.8
66693.3
66860.9
67167.4
67255.7
67394.4
67393.8
67737.7
67844.6
68121.5
68220.4
68506.1
68582.7
68597.4
68645.6
68696.9
68733
68887.6
68922.5
69024.8
69251.9
69338.6
69401.8
70342.4
70768.1
71003
71023.7
71107
71178.7
71921
72263.7
72276.3
72387.7
72969
72996.5
73202
73335.8
73429
73543.8
73563.1
73575.8
73795.2
73948.2
74232.3
74393.3
74475.5
74512.1
74652.3
74997.2
75039.9
75197.7
75497.6
75519.5
75545.9
75636.3
75731.8
75840.7
75882.8
76015.9
76069
76104.2
76930.6
77030.3
77451.3
77816.8
77856
77954.2
77970.7
78250.3
78488.4
78619.5
78632.8
79207.2
79260.4
79311.2
79693.1
79723.9
79952.8
80156.1
80711.2
81022.6
81432.9
81490.2
81820.1
82183.3
82217.7
82246.5
82350
82637.1
83712
84921.1
85034.7
85667.1
86222.2
86280.4
86312.7
86387.5
86454.6
86796.2
86960.5
86956.2
86958.3
87045.5
87440.9
87562.7
88213
88300.9
88411.5
88538.1
88554.9
88610.9
88713
88817.7
89005.7
89586.3
89767.8
90097.6
90501.4
91000.1
91415.2
91459.7
91482.5
91491.2
91530.7
91691.9
91984.8
92042.4
92231.4
92267.1
92380.4
92637.6
92804.5
92859.5
92957.1
93010.7
93307
93549.2
93665.8
94115.7
94129.2
94260.5
94417.5
94708.7
94846.3
94903
94947.2
94952.1
95304.6
95345.1
95406.6
95535.7
95547.9
95553.1
95585.9
95594.7
95676.2
95793.1
96102.8
96124.2
96515.7
96580.3
96659.1
96937
97005.1
97139.6
97219.3
97273.2
97434.7
97818.5
97922.7
98021.8
98197.1
98276.9
98577.3
98732.3
98912.6
99011
99167.4
99284.7
99347.4
99373.4
99446
99591.7
99603.4
100007
100136
100333
100487
100599
100833
101049
101055
101346
101361
101485
101623
101704
101902
102041
102251
102312
102399
102406
102535
102642
102686
103121
104047
104404
104446
104567
104861
104992
105281
105824
105863
105870
105872
105923
106192
106277
106289
106536
106681
107361
107637
107733
109231
109321
109684
109826
109929
110097
110189
110345
110481
110718
110786
110989
111158
111205
111438
111465
111615
111931
112387
112706
112826
114433
114543
114547
114702
114733
114933
114964
115086
115609
116517
116602
116909
117131
117219
117268
117500
117726
117976
118166
118264
118386
118391
118491
118512
118669
119057
119157
119223
119268
119634
119877
120035
120334
120470
120563
120736
120812
120958
120985
121417
121588
121696
121728
122021
122123
122158
122385
122583
122838
123209
123239
123288
123322
123372
123572
124142
124435
124467
124827
124981
125018
125265
125278
125689
126250
126836
127018
127373
127544
127864
128322
128645
128944
129128
129617
129647
129652
129792
129852
129854
129920
130060
130267
130419
130457
130641
130724
130932
131105
131410
131803
131914
132128
132468
132520
132759
132994
133418
133546
133641
133842
134144
134238
134275
134411
134432
134543
134617
134667
134818
135211
135215
135521
135592
135680
136090
136270
136332
136734
136953
137017
137453
137615
137807
137873
137982
138163
138310
138352
138344
138405
138829
139223
139372
139679
140543
140901
140961
141756
142150
142518
142549
142908
143262
143659
143807
143966
144140
144287
144377
145100
145096
145528
145561
145782
146052
146073
146321
146512
146546
147401
147396
148081
148241
148266
148378
149172
149346
149457
149532
149707
150001
150041
150094
150122
150289
150364
150450
150507
150868
151077
151230
151529
151658
152154
153138
153381
153602
153824
153876
154032
154199
154244
154347
154453
154724
154807
154821
155073
155340
155350
155471
155458
155469
155778
155879
156074
156090
156166
156254
156483
156811
156835
156999
157201
157253
157363
157414
157470
157789
157807
158029
158286
158537
158977
159381
159591
159583
160081
160235
160254
160347
160417
160509
160578
160685
160794
160916
161078
161184
161183
161283
161475
161650
161735
161900
161950
162264
162368
162792
162867
163236
163287
163544
163731
163956
164032
164267
164555
165291
165721
165810
167138
167421
167732
167784
168036
168283
168289
168556
168897
168905
169270
169456
169903
170018
170514
170660
171061
171111
171188
171422
171431
171437
171559
171580
171674
171801
171953
172457
172454
172902
173014
173148
173352
173402
173454
173689
173941
174025
174127
174300
174410
174475
174502
174907
174958
175086
175293
175516
175522
175690
175910
176215
176367
176727
176840
177075
177153
177338
177729
177738
177824
177971
178235
178582
179032
179091
179452
179855
180123
180603
180682
180820
181142
181201
181192
181330
181560
181632
181782
181853
182108
182205
182238
182241
182309
182645
182711
182717
182757
182842
182838
183056
183215
183286
183396
183567
183638
183958
184012
184162
184200
184199
184525
184543
184601
184672
184712
184739
184938
184993
185076
185543
185758
186344
186497
186742
187233
187524
187737
187793
188031
188520
188581
189357
190095
190164
190217
190246
190337
190381
190531
190590
190700
190768
190868
190873
191339
191376
191612
191715
191901
192289
192361
192478
192635
192687
192790
192933
193179
193557
193800
193859
193913
194124
194250
194398
194424
194591
194901
194922
194997
195103
195209
195348
195417
195673
196503
196638
196735
196737
196786
197089
197212
197401
197431
197731
197951
197995
198115
198254
198447
198618
198644
198680
198868
199081
199215
199506
199706
