323.76
716.73
962.71
2577.09
2868.56
3113.41
3378.8
4409.1
4497.5
5881.28
6217.55
6292.66
7169.53
7310.52
7797.36
8125.22
8517.31
8585.62
8900.93
10047.4
10112.1
10569.1
10615
10830.6
10892.7
10976
11363.9
11452.4
12027.3
12164.2
13036.7
14305
14696.3
14755.2
15728.7
16598.9
16968.8
17698.7
18778
20283.9
21383.9
21571.7
22024.8
22920.1
23659.8
24404.6
24522.8
24880
25756.5
25785.9
25987.1
26246
26385.2
26435.8
27056.1
27395.3
27471.3
28723.8
28938.1
29132.1
29629.9
30629.4
31064.6
32137.1
32529.3
33808.2
35621.3
36165.2
36165.4
36516.1
38653.3
38834.2
38871.3
39185.5
39233.8
39310
39415.9
40108.8
40296.7
41168.9
42653.7
42725.9
42747.9
42970.7
43425.7
43770.2
43878.4
44249.9
45183.9
45462.1
45506
46023.6
46224.1
46314.3
47476.9
49246.8
49689
49865.1
49955.7
50021.3
50213
50228.5
50689.8
51616.3
51832.5
52605.8
52775.2
53633.1
54038.5
54275.3
54644.6
54787.3
54914.1
55178
55765
56229.7
57659.5
57905.1
57972.2
58756
59721.1
59944.6
60317.7
60388.1
60882.4
61259.6
61478.6
61801.6
61959.4
62156.4
62292
64276.7
64926.3
65980.8
66182.5
66530.5
66940.6
67969.4
68230.6
68367.7
68437.9
68701.3
69074.4
69467.2
72631.6
72770.7
73527.4
74518.4
74644.3
76893.4
76960.3
77029.2
77695.1
77864.3
78015.2
78420.7
78731.2
78806.8
79157.9
79668.3
79710.9
80870.2
81598.8
81923.2
81928.3
82142.7
82367.5
82955.7
83036.5
84308.9
84833.2
85449.6
86196.3
86437.3
87333.7
87701.8
88556
88944.6
88947.4
89097.9
90304.9
90642.4
91428.6
91893.9
91939.6
92390.4
93058.5
93476.7
94098.1
95143.7
95910.9
95913.6
96423.6
96748.9
96868.9
97342.5
97626.5
98381.3
98682.3
98895.4
99026.5
99039.5
99659.5
99975.2
100156
100188
100207
101084
101371
101723
101729
102215
104109
104182
104303
105751
107162
107258
107812
108205
108410
109603
109707
110046
110066
110198
110896
111270
111898
112385
112537
112607
112823
113136
113428
115686
115749
116560
116563
117940
118177
118920
119028
119128
120954
121350
121374
121651
121952
122417
122966
123739
124187
124609
124836
125034
125433
125462
125797
125793
125857
126202
127267
127311
127461
128058
129729
130789
130823
131225
132336
132386
132644
132821
133536
133830
134220
134301
134614
135089
135321
136497
136571
136705
137294
137865
137972
138510
138544
138760
139125
139245
139409
139441
139683
140151
140276
140650
140837
140891
141313
141471
142643
143529
143941
144134
144241
144655
144784
145148
147695
147883
148217
148318
148639
149125
149426
149730
149812
149892
150360
151261
151381
151957
152056
152143
152693
152944
153217
153357
154526
155451
156241
156307
156685
156921
157265
158045
158087
158153
158498
158757
158847
159491
160128
160345
160645
161430
161584
162782
164111
164665
165986
166317
166392
166860
166979
167331
168004
168852
168984
169024
170288
171015
171850
173959
174199
175080
175262
175608
175943
176356
176665
177073
177103
178218
178641
179195
179434
179638
180354
180555
180572
181059
181150
181176
181284
182954
184961
185699
185727
185909
186318
186884
187289
187510
187954
188272
188526
188863
189098
189245
189981
190090
190170
191468
191657
191831
192749
194015
194147
194947
195604
196849
196973
197391
198255
198392
199032
199148
