135.66
2329.65
4270.4
4308.99
5106.85
5616.03
6876.77
7047.43
7119.24
7155.18
8426.88
8752.59
9696.09
10122.7
11354.7
11666.1
12723.1
13981.9
14329.8
15021.5
16123
17271.5
17518
17520.4
18411.3
18806.9
19919.8
20052.6
20957.7
22205.5
22722.5
23021.3
23533
24149.9
25182.1
25508.3
26212.4
26962.2
28345.9
28585.7
28633
29760
30485.7
30814.7
31971.9
32122.3
33125.2
33633.6
34504.4
34904.2
35276.7
35570.1
35707
35898.7
36364.4
37150.7
37817.6
38308.7
38598.6
39281.3
39531.6
39546
41892.2
42081.9
42110
42462.3
42839.4
43145.1
44712.4
45285.6
46159.3
46188.5
47197.9
48558
49581.6
51730.2
53366.8
54574.1
54638.3
54955.8
55560.7
55564.3
55620.3
56111.4
56678.8
57490
57540.1
57615.2
59566
60541.6
60659
60935.6
61160.9
61249.8
61738.2
61943.7
62346.8
63085.3
63998.8
64085.7
64167.9
64358.5
66325
66416.1
66842.4
67537.4
68238.4
68485.5
69273.4
72533
77678.3
77756.4
78531.6
78560
78960.3
79390.3
80556.7
81780.9
81790
81849.4
82798.3
84382.3
85117.7
86090.5
88892.3
89487.8
90502.1
91162.8
91691.6
91740.4
92229.3
93987.4
94728.8
95661.6
95672.1
96269.3
96451.5
96625.7
98833.4
99258.9
99361.4
100861
101299
101681
102727
105633
105970
106974
107402
107485
108598
108830
109021
109166
109459
109473
109929
110952
112222
116127
116300
116419
116837
117839
120370
120400
122131
124084
124575
125243
125284
125446
125620
126774
127050
127240
129152
130434
130972
131123
131847
132318
132314
132460
133257
134081
134107
135112
135846
136052
136326
137243
137753
138935
139245
139371
139977
140499
140716
140751
141051
141055
141113
143088
143735
143994
144108
144387
146558
148991
149647
149754
150173
152548
152751
153186
155093
155137
155215
155887
156162
157351
157567
157619
157827
158608
159116
159681
159940
160366
161333
161596
162554
166096
166231
166651
168076
168697
168709
170250
171685
172963
173061
173150
174769
174839
175395
175902
176059
176673
180059
180626
180891
182988
184809
185123
185442
186098
187084
187133
187727
188080
188127
188712
188979
189666
189718
189949
190625
191402
191509
191643
192521
193819
194616
195268
195282
196025
196737
198582
198939
199633
