2633.85
3065.93
3256.17
3700.27
3728.74
5753.43
6229.91
6694.83
7205.44
9751.44
10024.2
10191.4
10283.3
10679.9
10711.1
10866.5
10977.3
11216.2
12774
12819.2
13345.2
13417.8
13711.4
14442.3
14809.4
15043.5
15466.9
15697.9
15851.3
15995.2
16225.1
16626.5
16759.3
16995.6
16994.1
17211.3
17621.3
17976
18655.7
18784.5
18973.2
19052.6
19808.7
21217.4
22121.8
23679
24553
26513.1
26782.4
27118.2
28035.7
28414.9
28728.4
29123.4
30339.6
30905.5
31468.7
31493
32243.4
33649.6
34556.6
36443.6
36557
36934.9
37702.6
37902.3
38055.3
38901.5
38977
39962.6
40167
40307.3
40366.1
40688.1
41132.1
42865.2
44116
44212
44417.3
44636.2
44656.4
44917.6
45167.4
46042.2
46067.7
46191.4
47029.2
47160.5
48337.6
49310.9
50187.2
53590.4
62664.8
67113.8
75659.3
76828.6
77577.6
78453.9
78934.5
81588
82108.8
82465.2
82682.8
83257.4
83399.1
85102.9
88681.4
89529.6
89558.2
90988.5
91290.8
92172.2
94200
94859.4
95296.9
95316.4
95647.5
95764.7
96005.7
96428.9
97719.3
98050.2
98314.4
99021.8
99242.4
100955
101455
101793
102373
102956
103299
103630
104413
104504
105198
108917
112105
112830
112947
113930
114382
115619
116781
118385
119140
119483
119950
120165
121541
121853
122437
122442
122685
123111
123403
123825
124112
124615
125399
126336
126511
132384
133439
133873
135417
140471
140698
141428
143451
145125
148831
159260
161615
163801
163930
165861
167684
168325
171870
172453
173205
179576
179877
180266
180727
180936
181129
181277
181582
181829
182103
183027
184721
185398
189819
190599
190667
190944
192132
193258
