806.62
1509.79
1522.56
1828.95
1887.06
2938.18
3098.55
5215.66
5412.86
6364.26
6698.89
8762.71
9762.45
10524.2
13048.3
14326
14718.4
19340.5
19560.2
19625.8
20777.4
20783.1
21280.9
21721.7
22274.1
22602.9
23068.9
23227.5
25154.6
25236.5
25567.3
26122
27801.6
29485.2
30103.4
31600.7
31684.2
31682.9
31947
33899.2
34207.1
35360.3
35505.4
36280.2
36873.7
38008.4
38925.9
39365.4
40988.7
41761.1
42402.6
42406.8
44132.9
45340.6
45855.9
46680.5
46904.2
49213.8
49279.9
50967.4
53795
54864.8
57072.3
58831.6
59547.1
59542.1
63101.1
69234.9
69379.6
70151.2
70262.4
70401.1
70942.8
71941.1
72696.3
73905.6
74585
75673.4
75854.2
76199.3
76253.8
76415.5
76931.5
77101.1
77334.8
77530.5
77871.9
78780.4
80401.6
81406.5
81874.3
82590.7
83169.1
85479.7
85944.4
87314.6
87904.4
88153
89325.6
90805.4
91473.6
92204.9
92561
93331.7
94449.1
95042.2
95608
95979.4
96876.2
97762.6
98178.3
98284
98618.4
99126
100748
101055
101775
101844
103119
104785
106683
108570
109426
109886
110291
110879
111958
113312
113680
113810
114142
114548
116695
118263
118743
118916
119231
119507
119925
122037
122329
124793
125743
125917
126601
128579
128917
129602
129789
130695
130928
132997
134866
136042
136082
137851
138101
138824
141701
142040
142609
142947
145558
145803
146186
147476
148134
150131
150513
150756
151803
152188
152870
155421
157336
159079
159748
160077
162583
162613
162953
166428
167377
167710
168343
168844
170230
173399
173411
174096
174178
175868
177210
177315
177977
177988
178723
178727
179286
179514
180346
180379
180949
181919
181962
182152
182831
182852
183331
184119
184598
185165
185357
186117
186183
186729
187153
188341
188438
189789
190023
191939
192089
192197
192411
192860
192943
193852
194385
194982
195280
197121
197762
198064
198504
198974
199242
