661.74
977.94
1269.8
1443
1471.45
1630.64
1637.82
2600.7
2925.44
3398.83
3492.08
3555.87
4572.2
4734.59
4837.46
4926.38
6113.41
7251.76
7705.8
7910
8256.82
8513.43
8903.59
9419.4
9477.97
9503.52
10376.7
10724.6
11623.2
12706.4
12890.8
12978.4
13177.8
13444.3
13519.1
13672.1
13966.5
14029.1
14349.6
14807.7
15022.4
15360.2
15370.5
16315.4
17079.3
17086.1
18175
19037.6
19108.9
19842.9
20062.3
20233.3
20335.7
20420.7
20608.3
21632.1
21637.1
21880.8
21897.5
22159.5
22420.1
22695.9
22725.5
23060.3
23426.5
23780.2
24410.5
24824.6
25033
25059.6
25088.9
25411.4
25703.8
27313.1
27535.3
27950.7
28582
28834.7
28988.1
28983.4
29229.6
29525.5
30259.8
31001.9
31122.7
31268.3
31415
31478.3
31543.1
31737.7
31964.4
33742.7
33964.1
34012.3
34598.6
34823.2
34924.9
35177.8
35434.7
35740.3
35919.8
36430.9
36493.2
36600.8
36786.8
36790.3
37060.2
37154.4
37430.4
37547.1
37672.7
37732.8
37957.6
38442.6
38510.5
38598.8
39149.4
39164.9
39622.4
40844.5
40857.3
41485
41654.6
42205.6
42224.4
42696.6
43401.5
43979.3
44368.2
44453.4
44750.6
45083.9
45196.3
45452.7
45563.4
46052.9
46295.3
46638.1
46750.4
47797.6
48685
48912.6
48961.9
49785.6
49862.2
50154.4
50160.5
50391.1
50943.1
51052.5
51738.9
52882.3
53104.1
53280.5
53362
53647.8
53660.4
54333.1
54776.6
54871.6
55331.6
55448.3
55755.2
55839.2
56091.6
56372.7
56537.4
56855.8
56908.7
56936
57682.3
58188.3
58642.8
58710.3
59322
60136.8
60479.3
60604.6
62318.2
62711.2
62807
63363.3
63543.7
63623.2
64377.8
64770.4
65469.4
66064.5
66294.9
66858.3
68944.8
68969.7
68980.1
69018
69143.9
69316.5
69432
69870
69869.7
69883.3
70207.6
70481.5
70523.5
70673.6
70694.7
70874.4
71233.9
71243.3
71492
72123.5
72407.1
72557.9
72984.6
73162.6
73538
74250.9
74265.1
74399.4
74906.1
74983.4
75373.6
75462.7
75597.1
75988.5
76039.6
76107.9
76184
76310
76635.5
76801.3
76853.8
76898.8
77099.2
77318.5
77504.7
77882.5
78251.1
78709.3
79124.7
79231.9
80058.4
80747.1
81013.1
81235.4
81265.4
81434.7
81488.9
81606.1
81779.4
82115.9
82465.3
82733.7
83043.1
83122.7
83712.3
84022.8
84554.1
85262.9
85465.9
86066.5
86518
87063
87679.8
88162.1
88755
88996.5
89417.2
89530.8
90057.6
90445.1
90824.4
91269.6
91697.8
92030.8
92610.5
92695.8
92937.1
93787.8
94021.7
94115.9
94276.4
94343.3
94406.5
94669.6
95396.8
95696.9
95709.3
96300
96708.8
96996.3
97134.6
97593.6
97746.7
97845.7
97861.6
98073.5
98986.4
99093.7
99521.9
100245
100370
100412
100732
100826
101485
101792
102062
102929
104124
104822
104894
105423
105435
107909
108337
108392
108690
108913
109253
109618
109767
111069
111274
111780
112084
112180
112762
113024
113088
113356
113435
114192
114281
114983
116137
116174
118090
118584
118922
119368
121487
121868
122474
122515
124544
124704
124749
125151
125214
125542
125749
125737
126037
127612
127675
128205
129270
130012
130423
130732
130940
131612
131697
132052
132477
133000
133142
133369
133671
134296
134550
135622
135674
135818
135841
136374
136687
136739
136986
137557
137606
137704
138142
138628
138689
138901
140303
141098
141252
141426
141528
141667
141684
142289
142490
143491
143535
144345
144461
145365
145613
145708
145832
145909
146032
146462
146492
147687
148194
148223
149774
150255
150511
151646
152666
153107
153695
154070
154509
155183
156849
157061
157673
157714
158065
158299
158594
158880
158906
159777
159857
160230
161379
162089
162257
162492
162730
163009
165057
165973
166296
166415
166449
167531
167997
168166
168604
168766
169249
169875
171027
171387
171832
171893
172676
172946
173176
173222
173315
173866
173881
174779
175069
175164
175276
176160
176548
176747
176851
176967
177093
177407
177450
177475
177764
177813
177966
178005
178463
178544
178603
178914
179221
179230
179593
179823
180152
181423
181693
181859
181984
181976
182006
182024
182577
182614
183179
183199
183559
183918
184003
184466
184687
184997
185588
185723
186108
186404
187411
187661
188267
189548
189572
189792
191001
191760
192519
192646
192803
193237
193665
194055
194477
194721
194759
195095
195397
196454
196577
196933
197493
197522
197799
198242
198294
199000
199495
