505.66
734.57
998.7
1408.64
2079.51
2311.78
3052.04
3680.89
4473.51
4761.97
5648.89
6838.73
8847.52
11222.8
12122.8
12661.1
13944.5
14658.2
15428.9
15737.7
16312.2
17172.5
17548.6
18123.6
19033.7
19416.1
19811.3
21622.3
21945.2
22232.7
22504.7
22977.6
23612.7
26187.8
27035.1
27823.1
28105
28524.3
29008.8
29327.1
30520.6
30767.7
32124.6
32693.8
32998.9
35297.9
35914.2
36459.4
37851.5
38218.9
38951.1
40648.8
41040.7
42210.6
42425.9
43639.6
45613.8
45860.4
46473.1
46763.9
47453.9
48388.4
49258.4
49503.5
50231.3
50505.1
51273.3
51787.2
52937.7
53388.3
53767.4
54311.7
55339.6
56508.6
56838.1
58193.1
58606.7
59019.3
59276.5
59852.4
60759.3
61176.5
61883.1
63956.5
64361.3
65210
66081.9
68013.3
68854.6
69526.8
69865
70635.6
71428.7
72182.4
72559.7
73671.3
73880.1
74519.8
79630.7
80462.3
81328.1
82312.1
86622.1
87106.5
90164.2
96402.7
99159.4
99771.2
