784.92
2357.36
2573.01
2833.04
2994.06
3527.65
4246.86
4281.54
5712.47
5989.14
6689.85
6751.49
7738.01
8892.52
9476.31
10498.3
11656.9
12045.5
12195.8
13512.4
14213
15009.8
15745.3
16659.6
16710.1
17110.2
17973.8
18549.9
19179.9
19711.2
19766.7
20726.4
21117.2
21601.7
22107.9
23384.7
23914.5
24561
24830.5
24883.5
25946.5
26220.4
26661.8
27060.2
27715
28202.6
28948.4
30453.2
30575.2
30900.1
31085.6
31244.9
32372
32516.3
33008.6
33401.2
33574.1
33766
33962.6
34289.9
34313
34771.6
34975.1
36627.3
37749.4
38402.9
41517.3
42507.6
42660
42874.2
42900.7
42957.6
46074.4
46590.3
47117.1
47824.1
48032.4
49327.9
49335.2
49912.5
50068.3
51400.3
51575.1
51964
52218.3
52751.7
53130.5
53209.3
53514.9
55695.3
56300.7
56875.7
57404.2
57999.4
58100.2
58433.1
58493.5
59510.2
60116.7
61127.7
61197.1
61250.2
61976.6
62635.5
62856
63474
63726.4
64083
64313.1
65116.3
65968.6
66474.9
66583.5
66933.4
68053.9
68465
68523.6
69216
69248.8
69805.5
70369.7
71870.3
72598.1
75120.8
76246.1
77520.4
79013.5
79066.7
79582.9
79700.7
79824.2
81142
81301.8
81661.9
81737.1
82166.7
82801.5
82844.1
84151.9
84356.8
85209.9
85286.4
85974.1
86443.9
88022
88165.7
88721
89703.3
90611.9
91441.4
92906.6
93198.9
94121.1
94450.4
95577.1
98005.1
98210.8
98386.1
99389.2
101100
101696
103313
103361
103725
104541
105497
105719
106141
106415
107997
108035
108621
108936
109324
109721
111946
112155
112377
112430
113059
113506
114039
114233
114668
115330
115613
115857
116111
116208
116291
116639
117495
118529
118678
118944
120082
120869
121309
122780
124740
126339
126365
126512
127331
127385
127669
127854
128469
128873
129320
129433
129879
130163
130307
131274
132055
132401
132455
132664
132749
132751
133547
133705
133929
134002
134296
134802
135945
137446
137732
137839
141941
142990
143349
145125
145148
145230
145370
145942
146254
147926
148753
149785
150129
150231
150500
150770
151281
152309
152376
153418
154486
155008
155757
156119
156264
156852
156977
158798
160007
161317
161995
162644
162660
163712
164016
164759
166259
167312
167972
168567
169302
170968
171191
171829
172214
172655
172729
172888
173449
173878
174810
174907
176810
177734
177978
178850
179056
179326
180673
181061
181678
182092
182282
182368
182750
183581
183967
184248
184278
185115
185144
185603
186989
187234
188445
188839
189821
189897
191577
192168
192214
192445
193070
193404
193478
193970
195644
195963
197202
197931
198219
198280
198617
198623
199291
199296
199972
