2421.12
3318.17
3930.7
5423.88
5866.38
6460.74
6623.7
7396.42
7718.17
8674.11
8970.39
9523.92
13105.3
14958.6
16477.4
16537.5
17492.9
17754.7
18297.2
18913.1
19517.3
20402.9
20538.7
20634.5
21163.1
21912
24000.9
25563.3
26160.6
26463.4
26659.4
27129.9
27547.5
27858.6
29636.8
29964.6
30087.4
30189.5
30253.5
30513.7
30580.3
31534.7
31723.1
32004.3
32774.5
33426.4
33547.9
33996.9
34912.9
37470.2
39631.8
40191.3
41717.6
41786.5
42517.8
42645.5
43474.4
45261.1
46511.2
46943.1
47800.5
48937.9
49566.3
49586.5
49890.1
50261.6
50479.1
51731
52453.3
52820.8
56260.6
56736
57272
57369.4
58313.8
59462.1
59897
60550.8
60783.6
60847.2
60942.2
61184
62455.5
63011.7
63047.4
64472.7
65308.9
65547.4
66100.2
66301.2
67897.7
68037.6
68675.5
68906
69165.2
70637.4
70649.2
70685.5
72011.1
72221.3
72895.3
73361.6
74399.3
74407.9
75493.4
76178.6
77438.1
78042.9
78582.5
79130.9
80302
81468.9
82892.4
83574.7
85754.6
86652.1
87841.4
87972
89267.2
89812.2
97200.5
100223
100736
101118
101371
102211
103073
103991
104247
104882
104888
105254
106574
106997
107374
107423
107840
108698
109533
109556
110002
110425
110851
111155
111318
112239
113312
113687
114569
114810
115437
115848
116126
116312
116361
117245
117553
118069
118420
118435
119288
119791
119882
121086
122478
122595
123177
124562
125789
125878
126139
126907
128002
128114
128249
129076
129482
130677
130974
131742
132066
132981
133356
133393
134137
134545
134739
134832
136907
139051
141684
142706
143174
143597
144605
144967
145170
145685
145799
145964
147369
148369
150114
150584
150771
150809
151579
152031
152041
152621
153678
155445
155490
156172
156513
156684
157635
157848
157908
158277
159569
159587
160558
160963
161031
161366
162050
162302
163097
163379
163444
163727
164073
167169
167737
168224
169687
170082
170892
171310
174504
174591
174693
175061
175828
177240
177400
177863
179110
179652
180126
180449
180779
181242
181509
181808
182184
182738
183777
184088
184227
184778
184979
186143
186858
188628
189532
189775
190190
190975
191792
191813
192891
194079
194902
196328
196624
196697
198940
199077
199327
