115.13
1830.63
1899.12
1931.53
2754.56
2811.67
3352.99
3803.87
4085.21
5217.28
6551.53
6805.06
6933.32
7218.53
7256.33
7563.28
7854.61
8070.35
8224.18
8792.14
9888.17
10285.9
10967.9
11085.5
11301.4
11308
11962.8
12334.5
13516.3
14048.8
14326.1
15228.8
15326.7
15829.4
16067.8
16899.1
18106.8
18916.3
19210.1
19224.4
19466.7
19596.7
19616.5
20354.2
20497.6
20830.1
20972.3
21292.5
21529.3
22423.6
24443.7
24981.9
25810
26061.2
26069.2
26497.9
26858.9
26875.9
28290.6
29073.2
29281.4
29369.3
29427.6
29774.4
29858.2
30400.8
31005.4
31047.7
31336
31684.6
32001.5
32011.3
32243.4
32497.1
32699.3
32997.3
33598.3
35964.6
36047
36078
36311.4
36918.2
37337.2
37953.7
38296.2
39226.2
39835.7
41173.9
41478.4
41787
41911.5
42252.7
42410
42942.5
43048
43283.5
43314.5
43421.9
43691.4
44332
45008.7
45189.3
45366.6
45988.2
46494.3
46529.6
47766.2
49243.4
49640.6
50027
51112.2
51292.2
53147.8
53429.1
53964.7
55284.6
56191.5
57146.9
57718.7
57734.4
57884
58586.7
59004.3
59008.1
59624.5
59958.6
60679.5
61145.1
61512.4
61875.1
61887.1
62411.7
62651.5
62751.1
64067.7
64264.1
64453.5
65635.7
65853.6
66223.4
66398.7
66482.7
67602.1
69104
69344
69398.5
69684.1
70368.9
70643.5
70849.1
70959.1
72304.2
72509.6
73805.8
74120.9
74416.9
74576.8
74821.7
74918.1
75276.3
75678.3
75781.5
76745.7
76768.2
76770.7
77242.7
77525.1
77573.3
77929.9
78438.1
79170.4
79275.8
79513.9
79539.8
79644.8
80179.1
80360.4
80911.7
81250.3
82161.3
82616.4
82719.5
84100.4
84250.6
84319.8
84351.8
84806.1
85248.1
85749.3
85815.9
86529.3
86576.3
88000.7
88894.5
89607.5
90273.9
91738.8
93057.4
93169.3
93297.6
93746.8
94184.8
94733.7
96590.1
98628.4
99650.3
101100
101336
101708
102542
103922
104120
104121
105495
105984
107217
107746
107896
108255
108355
108473
109692
109929
109939
110503
110677
110732
110974
111209
111251
111469
112130
112420
112800
113109
113312
113500
113806
114221
116180
116185
116712
116742
117019
117310
117803
118055
118240
118744
118902
119033
119131
119820
120246
120389
120433
120898
122882
122998
124339
125455
125541
126213
126402
127145
127428
127768
128088
128304
128358
128581
129915
130082
130742
131112
131553
132564
133516
133771
134211
135218
135738
136144
136732
136863
137249
137825
138377
138652
138950
139423
139546
139569
139930
140053
140132
140487
141099
142131
143644
143964
144433
144575
144585
144806
144895
146216
146488
146643
147071
147220
147790
148059
148665
148919
149531
149930
150058
150150
150587
150839
150928
150933
151418
151469
151815
152096
152415
153010
153337
153703
155803
156295
156642
157083
158076
158133
158154
158652
158905
159542
159820
160302
162207
162583
163040
163169
164809
164895
165216
165268
166037
167176
167413
167766
168123
168185
168328
169246
169330
169752
169924
169973
170219
170587
172680
174066
175006
175470
176140
176177
176700
176709
177072
177523
177872
178359
178454
178706
178984
179057
179072
179352
180954
181380
182351
183886
185134
187696
188344
188575
188739
189336
189606
189717
190407
190847
191484
191572
191868
192321
192926
192942
193394
193616
194944
197383
198752
