245.28
428.86
906.87
1061.25
1075.78
1227.9
1446.24
1663.26
1758.54
1858.95
2072.04
2075.74
2101.88
2147.94
2528.85
2671.54
3021.23
3062.31
3196.27
3303.1
3394.52
3699.56
3762.56
3992.31
4240.73
4362.33
4480.05
4671.31
4902.71
5006.48
5035
5148.87
5339.87
5539.96
5559.36
5604.8
5674.38
5803.33
6101.28
6309.77
6350.62
6457.74
6697.21
6813.81
6873.57
7172.13
7208.73
7568.63
7683.51
7757.47
7818.47
7968.53
8022.94
8121.9
8486.91
8683.31
8902.33
8960.41
9155.97
9765.55
9914.79
9934.11
10212.6
10372.8
10514.7
10817.3
10884.5
11156.9
11315.2
11946.9
11961.9
12367.1
12383.6
12883.1
13372.5
13469.3
13488.8
13516
13894.4
14027.6
14248.1
14629.3
14667.7
15112.7
15121.2
15448.4
15500.5
15796.8
15817.3
16065.7
16593.2
17109.5
17171
17988.5
18426
19295.5
19352.8
19395.8
19497.9
19836.6
20032.6
20397.1
20570
20611.7
20772.8
21504
21719.4
21974.5
22235.1
22301.8
22736.8
22938.9
23022.4
23147.4
23419
23449.2
23605.7
23926.4
24127.9
24136.9
24360
24368.8
24556.3
24795
24954
25007
25616
25681.9
25745.6
25834.8
25962.1
26117.4
26319
26522.9
26554.2
26667.8
26693.2
27186.9
27341.6
27714
28181.8
28222.8
28294.7
29153.4
29506.8
29532.2
30133.4
30312.2
30701.7
30755.7
30774.7
31006.8
31164.8
31186.3
31794.2
32161.8
32789.7
33255
33271.2
33334.4
33392.4
33432.7
33859.3
34068.1
34431.7
34566.9
34975.9
35228
35358.4
35444.1
35644.5
36479.1
36544.1
37299.4
37309.7
37445.6
38000.5
38196.6
38481.9
38575.9
38843.7
38911.5
39118.5
39181.3
39195.8
39666
39970.4
40286.4
40682.9
40918.4
41106.9
41149.8
41379.8
41805.5
41923.1
42171.9
42467.4
42493.1
42910.6
42955.6
43009.5
43080.2
43459.5
43686.2
44154.4
44188.6
44218
44757.6
45133
45191.4
45297.2
45900.7
46132.7
46263
46284.5
46684.4
46849.6
46858.5
46952.4
47106.2
47399.2
47604.9
47662.4
48039.1
48196.5
48203.9
48346
48426.3
48475.5
48668
48861.2
49002.3
49005.5
49079.6
49224.8
49298.7
49440.4
49504.4
49655.5
49777.5
50182.4
50365.7
50860.3
50939.4
51705.1
51875.1
52084.5
52338.6
52437.8
52526.9
52910.8
53736.1
54079.4
54537.8
55272
55373
55510.3
55701.3
55770.5
56044.2
56168.1
56373.4
56434.5
57016.2
57040.7
57671.7
57852.7
58384.1
58511.6
58850.5
59044
59101.8
59155.3
59259.6
59810.1
59866.9
59884.1
60220.1
60318.6
60422
60458.4
60653.8
60917.2
60932.7
60940.4
61072.5
61244.2
61750.6
61787.1
61941.5
62017.5
62529
62603.2
62730.2
62848.7
63083.6
63107.1
63188
63191
63396
63399.9
63488.1
63557.9
63768.3
63772.4
64235.6
65069.6
65155.7
65328.9
65434.4
65444.8
65571.8
65740.8
65852.6
66303.8
66500.8
66873.6
66955.7
67052.9
67572.3
67620.5
67661.1
67974.6
68059.6
68074.8
68462.8
68843.5
68875.3
68940
69169.6
69207.5
69626.7
69681.1
69802.4
70196.3
70534.3
70814.9
70906.9
70958.2
71218.9
71439.4
71478.7
72243.4
72713.5
72746.6
72787.5
72907.9
73336.3
73517.4
73547.3
73553.8
73723.6
73969.2
74110.5
74594.3
74884.8
75120.6
75204.7
75448.1
75617.5
75929.9
75996.3
76283.3
76318.3
77042.3
77092.7
77171.1
77295.4
78220.8
78655.4
78836.8
79015
79047.2
79350
79557.8
79715.1
80218.7
80302.2
80619.6
80979.9
81033.8
81147.1
81460.3
81702.2
81773.6
82311.7
82511.2
82523.1
82626.6
82700.6
82876.2
83719.3
83763.8
83761.3
84262.4
84485
84531.9
84826.7
85324
85342.5
85399.3
85502.4
85717.3
85726.4
85802.1
86381.4
86704.5
86852.6
87248.7
87712.5
87796.4
88170.4
88179.2
88326.8
88362.7
88403
89269.1
89473
89536.5
89690.3
89731.2
89749.3
90237.2
90298.6
90343.4
90373.6
90594.5
90657.6
91113.9
91310
91461.8
91700.3
91860.6
92073.9
92206.1
92416.6
92786.4
92789.4
93025.1
93110
93888.6
94220.9
94703.5
94813.6
94922.8
95028.4
95188.9
95227.3
95232.7
95258.6
95337.8
95575.2
95604.6
95738.3
96020.9
96886.8
97017.8
97179.3
97327.2
97325.6
97499.2
97586.2
97747.2
97902.5
98007.9
98218.7
98533.1
98586.1
99217.3
99386.8
99496.8
99797.4
100012
100084
100650
100874
100968
101079
101134
101609
101635
101864
102034
102142
102328
102348
102493
102687
102804
102933
103407
103432
103579
103592
103689
104018
104064
104112
104505
104588
104808
104850
105282
105327
105341
105539
105734
105864
105988
106068
106111
106660
107088
107378
107380
107540
107711
108062
108755
108748
108780
108948
108999
108997
109153
109178
109754
110185
110234
110695
111165
111401
111451
111478
111750
112000
112259
112472
112494
112545
112695
112813
112809
113048
113382
113552
114026
114470
115155
115188
115207
115780
115959
115955
116070
116289
116623
116630
117144
117679
117824
118059
118081
118303
118569
118963
118993
119670
119770
120511
120583
120848
120932
121019
121050
121249
121440
121486
121802
122652
122773
123058
123076
123149
123193
123205
123445
123511
123589
123929
123991
124176
124286
124674
124980
125011
125057
125933
126256
127076
127097
127118
127560
128347
129039
129170
129193
129458
129467
129901
129985
130222
130371
130385
130756
130880
131344
131374
131479
131809
132429
132678
132845
132877
133284
133918
134004
134384
134571
134692
135507
135645
136685
136714
136969
137095
137724
137887
137883
138005
138090
138372
138753
138803
139062
139111
139149
139935
140416
140604
140796
140901
140927
141344
141397
141586
141832
141849
142038
142127
142223
142454
142679
142932
143088
143787
143817
143825
144070
144252
144983
145081
145272
145345
145588
145680
145886
146359
146703
146891
147054
147071
147376
147554
147778
148203
148269
148366
148970
149518
149747
149862
149984
150069
150181
150219
150326
150412
150951
151022
151299
152048
152131
152417
152445
152527
152582
152763
153000
153264
153346
153820
154060
154300
154388
154669
154863
155249
155646
155677
155764
157333
157383
157402
157779
158157
158876
159215
159326
159400
159523
159554
160054
160143
160453
160699
160952
160970
161396
161933
162043
162367
162382
162605
162601
162946
163039
163391
163462
163527
163541
163873
164218
164314
164359
164518
164507
164799
165034
165381
165447
165502
165556
165801
165839
166375
166381
166633
167402
167513
167582
167977
168233
168560
168678
168827
168931
168977
169160
169363
169391
169606
170297
170704
170904
170990
171039
171259
171311
171673
171738
171768
172501
172513
173166
173226
173354
173434
173473
173529
173879
174089
174120
174336
174595
175423
175447
175474
176311
176360
176671
176846
177120
177168
177484
177545
177798
178541
178634
179498
179525
179754
179841
180083
180516
180652
180765
181056
181256
181513
181740
182043
182124
182130
182179
182538
182613
182610
182639
182713
183129
183145
183429
183560
183889
183946
184195
184284
184441
184537
184776
184885
185330
185335
185703
185962
186059
186182
186448
186463
186651
186754
187158
187380
187480
187790
188068
188286
188303
188770
189185
189750
189844
189883
189940
190370
190849
191594
191752
191822
191868
192509
192560
192773
192834
193223
193656
193860
193863
193862
194025
194432
194545
194832
194833
195518
195527
196082
196918
197330
197811
198122
198521
199088
199178
199197
199252
199486
199700
199730
199810
199877
