401.74
678.93
719.74
1079.36
1530.12
1537.31
1645.94
1743.53
1955.27
2303.46
2409.7
2815.52
2949.16
2956.06
3177.83
3219.19
3338.62
3611.54
3990.34
4045.57
4294.84
4370.65
4447.35
4458.84
4834.97
4894.58
5390.58
5434.03
5454.36
5456.11
5478.74
5909.4
6335.74
6567.5
6735.45
6773.72
6860.39
6961.03
7058.92
7266.07
7350.94
7465.06
7819.05
7822.31
7877.82
7921.45
8144.3
8272.41
8369.71
8701.51
8906.28
8939.93
9014.46
9323.22
9538.69
9706.33
9876.06
10129.6
10139.8
10595.1
11000.4
11020.2
11327.4
11425.8
11673
12229.9
12794.8
12805.3
13644.9
13756.2
14153.8
14764.2
14801.7
15128.7
15473
15601.4
15604.3
15754.7
15920.2
16364.2
16790.4
16913.9
16961.8
16991.5
18213.8
18352.7
19030.5
19110.9
19282.3
19606.7
19634.1
19714.2
20140.1
20161.1
20391.3
20524
21189.9
21214.4
21270.7
21358
22448.8
22546.9
22862.1
23719.5
23736.9
23854.3
23966.8
24681.7
24763.7
25010.8
25204.9
25406.8
25425.4
25571.6
25722.4
25886.3
26268.1
26274.8
26395.1
26515.4
26570.1
26650.6
27031.6
27751.9
28603.7
28798.4
28905.9
29049.7
29334.2
29855.3
29982.8
30293.7
30567.2
30750.6
30857.1
31524.7
31731.5
31961.3
31972.4
32113.8
32583
33100.4
33714.5
33887.3
34078
34542.5
35040.8
35517.6
35941
36631.7
36635.9
37203.8
37240
37741.2
38095.5
38262.5
38401.6
38546.3
38615.1
38977.6
39072.1
39660.4
40129.7
40359.2
40563
41619.5
41836.5
41977
42240.9
42802.8
43439.6
43784.1
44148
44330.9
44917.5
44972.5
44997.6
45090.5
45102.9
45325.5
45446
45652.5
45744.1
46014.7
46018.6
46397.8
46544.9
46593
46682.3
46684.1
46687.7
46845.2
47146.5
47411.3
47438.6
47773.7
47924.3
48022.8
48146.9
48245.9
48686
49146.6
49288.5
49366.6
49600.6
50568.9
50916.8
51119
51157.3
51625
52220.7
52399
52431.6
52688.9
52960.2
53713.7
53868.2
54490.6
54858.3
54925.8
55234.5
55282
55716.1
57023
57604.7
57650.1
58054.4
58449.2
58511.9
58782
58802.6
59149.6
60049
60321
60964.2
61110
61301.4
61604.2
61880.5
62917.6
62967.6
63043.7
63286.2
63393.2
63533.5
63887.7
63975.7
64890.2
64962.1
65254.1
65316.3
65698.7
66023.6
66265.5
66756.3
66906
67136.8
67349.4
67359
67453.9
67840.5
67856.4
68735.7
69095.2
69639.1
69921.3
69987.2
70027.3
70052.3
70375.7
70576.9
70624
70627.9
70724.7
71076.3
71301.1
71616.4
72037.9
72053.8
72440
72573.7
72957.8
73245.3
73437.1
73492.2
74441.3
75315.1
75420.7
75704.9
75715.5
76187.4
76701.9
76785.1
77406
77481.7
77732.4
77773.9
78021.5
78474
78608.2
79491.1
79677.1
79763.2
79985.1
80758.6
80785.1
81978
83237.3
83561.4
83803
83926
84674.3
85088.8
85117.6
85384.1
85504.9
85534.4
85848.4
85925.2
86224.1
86229.2
86569.2
86750.5
86946.4
87044.4
87383.7
87643.3
87775.5
87863.2
88002
89356.2
89560.7
90150.2
90796.4
90859.4
91181.2
91709.1
92432.6
92750.8
92877.1
93568.2
93676.9
93739
93894.1
93969.4
94191.2
94501.6
95036.1
95048.5
95093.7
95490.3
95572
95913
95938.7
96152.3
96897.4
96897.5
96939.2
97130.6
97646
97663
97758.7
98066.9
98143.5
98312.2
98849.1
99136.4
99201
99518
99528.7
99844.7
100374
100489
100785
100916
101272
101435
101729
102005
102119
102222
102375
102969
103113
103267
103859
103914
103915
103916
104383
105351
105641
105814
106349
106698
107110
107837
108595
108587
108864
108864
108968
109182
109579
110075
110099
110206
110470
110579
111121
111214
111272
111659
111782
112252
112619
113212
113274
113292
113624
113806
113957
113996
114162
114492
114520
114605
114790
115714
116101
116679
116853
117028
117241
117437
117484
117706
117778
117811
118356
118520
119437
119517
119681
120175
120284
120528
120811
121631
122144
122260
122816
122880
123037
123102
123498
124538
124821
124956
125263
125836
126304
126436
126538
126724
127336
128480
128841
128844
129096
129215
129221
129323
129376
129728
130690
131149
131645
131940
132049
132660
132726
133443
133478
133473
133753
133778
133850
134185
134204
134461
134689
134712
134942
135272
135622
136527
136642
136751
137012
137368
137506
137615
137699
138592
138616
138754
138842
139084
139103
139197
139352
140053
140113
140125
140445
140461
140497
140660
141098
141293
141639
141899
142283
142309
142388
142503
142726
142890
143203
143623
143737
143988
144087
144300
144920
145013
145355
145426
145827
145859
146117
146535
146601
146695
146842
147282
147397
148241
148543
148671
148717
148841
149357
149574
149589
150075
150633
150706
151081
151202
151534
151598
152033
152224
152361
152542
152814
153657
154060
154067
154155
154434
154531
154598
154675
155401
155696
155738
156696
156793
156956
157261
157448
157737
158804
159066
159299
159553
159881
159896
160108
160160
160590
161033
161450
161835
162478
162589
162745
162794
162939
163152
163190
163238
163321
163418
163638
163659
164040
165346
166127
166275
166844
166968
167080
167163
167333
167653
167815
168317
168706
168904
169281
169375
169764
170611
170788
171393
172274
172306
172772
173029
173090
173627
173657
173671
173979
174367
174449
174591
174673
174853
175427
175758
176125
176541
177064
178079
179523
179581
179731
179921
180366
180519
180681
181494
181514
181640
181662
181762
182320
182445
183281
184014
184149
184704
185627
185755
186023
186306
186404
186633
186720
186804
186851
187231
187768
187847
188100
188291
188394
188692
188909
189496
189529
189691
189997
190505
190862
190969
191389
191590
191962
192619
192666
193318
193425
193714
194152
194243
194308
194370
194905
195064
195298
195334
195381
195820
195853
196675
196819
196958
197850
198083
198206
198267
198855
199156
199384
199631
199994
