615.43
1316.79
1782.12
1819.62
2004.58
2655.07
3810.89
3839.12
4646.58
4891.83
6366.12
7378.1
7763.9
10270.1
10418.9
10700.3
13868.7
14606.1
15009.2
16090.3
17599.5
17732.6
18622.2
22789.4
23293.5
24126
26521.1
27309.4
27542.5
27901.1
31456.1
32896.2
33869.5
34384.1
34564.9
36044.8
38288.6
38559.7
44352.6
45898.2
46089.6
48401.1
53465.6
54280.2
54380.2
54895.9
55235.2
57734.8
57843.2
58400.7
61261
63635.9
67464.1
68897.9
70306.9
70528.6
72984.9
73237.3
74830.4
75147.4
79664.8
80622
81640.7
84350.2
86037.9
86367.1
89112.6
94746.8
95420.2
95860.8
96176.6
98059.3
98172.1
98451.5
98864.9
99223.5
