3113.41
3244.53
3378.8
3530.79
4497.5
6217.55
7310.52
7797.36
8125.22
8517.31
9732.76
10112.1
10569.1
10976
13036.7
20283.9
21383.9
24404.6
25785.9
26385.2
30629.4
31976
32137.1
33655.6
33808.2
38834.2
39233.8
42653.7
44249.9
46023.6
46314.3
51616.3
52605.8
52775.2
54038.5
54275.3
54787.3
56624
59721.1
61801.6
62292
63853.6
65980.8
66182.5
66940.6
67969.4
68674.9
69467.2
72695.9
73527.4
74644.3
77695.1
81598.8
82142.7
82367.5
86437.3
88944.6
89097.9
90642.4
93058.5
93476.7
95910.9
96748.9
97626.5
99026.5
99975.2
101723
104303
105751
106427
107812
112607
116287
116560
117940
118177
121374
123739
124609
125462
125857
127311
127461
128058
128421
129874
130789
132336
132386
132644
133830
136497
136705
137972
139409
139441
139629
139683
140650
140891
142643
143941
148318
148639
149125
149812
151381
152143
153217
153357
155451
155941
158087
158757
160345
164665
166317
166392
168852
170243
171850
175608
178218
185152
185699
185909
186884
188526
188863
189098
189439
194947
195615
196849
196973
