115.2
624.66
1802.07
2254.66
2253.8
2299.96
2628.14
2736.76
2896.19
2969.25
2991.35
3175.8
3445.45
4160.04
4236.43
4277.88
5050.65
5577.17
5850.33
6209.01
6583.01
6791.18
6836.1
7015.9
7080.28
7122.06
7205.09
7445.11
7913.7
8056.81
8260.29
8399.75
8514.65
8726.74
9093.32
9119.97
9569.95
9631.58
9651.78
9663.94
10099.4
10224.7
10282.8
10421.9
10434.4
10642.1
10772.7
11101.2
11318.1
11633.4
12019.4
12039.7
12280.4
12687.3
13671.3
13958.5
14109.7
14300.9
14481.3
14545.2
14946.7
14998.6
15615.9
15888.3
16098.8
16148.9
16408.4
16826.3
17234.6
17480.4
17488
17830.4
17857.2
18278.6
18380.2
18435.7
18783
18923.5
19645.8
19882.5
20026
20397.2
20904.7
21050.9
21132.1
21207.9
21719.7
22182.1
22284.4
22558
22694.7
22856
22985.7
23061.8
23504.4
23989.1
24126
24364.1
24641.7
24835.9
25156.6
25444.7
25608.9
25643.5
25925
26085
26188.9
26561.2
26934.2
27085.5
27085.6
28321.4
28550.8
28600.6
28854.3
29295.4
29477.1
29736.3
30137.7
30461.9
30777.4
30996.8
31872.3
31949.9
32089.8
32349.2
32372.2
32905.1
32991.8
33095.6
33309.5
33549.3
33600.1
34481.9
34673.1
34878.7
34927.9
34961.3
35232.7
35373.7
35479.2
35541
35677.6
35865.2
35948.2
36341
36335.5
37100.2
37118.1
37655.9
37794.3
38226.5
38281.3
38429.2
38577
38714.5
38752.9
38938.9
38975.2
39013.6
39079.4
39255.7
39502.8
39503.3
39988.3
40167.3
40443.2
40471.1
40659.7
41229.8
41598.3
41856.5
42057.9
42082.7
42128.6
42422.3
42803.3
43122.6
43208.6
43218.5
43522.1
43608.4
43985.6
44085.5
44178.1
44683
45263.7
45338.8
45938.1
46131.7
46146.8
47171.5
48528.1
49297.7
49338.2
49551.6
49701.9
49816.2
49942.3
50097.7
50431.2
50940.6
51692.8
52118.4
52467.7
52804.7
53035.6
53342.8
53861
53911.7
54395.1
54540.9
54616.7
54629.2
54820.6
54929.1
55116.5
55530.2
55538.1
55597.3
55856.7
56078
56124
56506.4
56649.5
57153.2
57264
57460
57511.1
57582.5
58528.6
58558.8
59104.6
59514.3
59534.8
59788.2
60029.3
60130
60515.8
60632.2
60896.1
61024.2
61076.9
61130
61154.2
61226.8
61374.5
61620.7
61717
61911.9
62303.4
63004.2
63546.4
63750.1
63971.2
64055.9
64133.8
64333.7
64759.8
65133.2
65339.7
65779.8
65825.2
65832.2
65958.6
66294.3
66389.4
66635.9
66820.4
67444.6
67511.5
68031.7
68167.3
68201.7
68460.3
68592.2
68813
69226.1
69414.9
70200.7
71153.2
71415.2
71809.9
72382.9
72510.6
72511.4
73341
74370.5
74395
76589.1
76736
77091.7
77530.4
77653.1
77718.9
77730.2
77949.8
78500.7
78534.5
78913.2
78938.7
79281.7
79363.9
79593.3
80530.1
80885.5
81332.5
81485.7
81744
81767.1
81824.7
81949.4
82239.5
82771.2
82888.6
82942.1
83945.5
84220.9
84350.6
85093.3
85493.7
85861.8
86063.4
86388.7
86988.6
87552.1
88137.4
88260.3
88787.8
88822.1
88854.9
89460.7
89624.3
89881.1
90055.7
90129.5
90358.5
90473.1
91132.5
91135.3
91348.1
91622.4
91659.9
91706.5
92195.2
92832.5
92954.8
93037.1
93328.9
93619.9
93657.2
93912.4
93941.4
94539.3
94702.3
95638.8
95647.8
95827.4
96060.6
96212.6
96296.9
96417.7
96419.2
96523.3
96597.1
97070.8
97155.3
97210.3
97224.8
97672.7
98159.6
98176.8
98508.7
98698.5
98737.5
98808.2
99211.5
99282
99334.3
99438.4
99474.3
99626.3
99640.2
99668.6
99703.5
99792.1
100496
100578
100745
100834
101108
101142
101252
101275
101438
101515
101581
101610
101661
102044
102468
102699
103192
103844
103964
105601
105941
106309
106934
107123
107112
107234
107272
107377
107434
107847
108345
108450
108572
108648
108804
108952
108983
109110
109142
109423
109447
109841
109902
109970
110503
110917
111512
111626
111716
112127
112190
112223
112237
112373
112687
113268
113787
114123
114239
114524
114766
114858
114900
115542
115558
115878
116098
116152
116265
116391
116813
117653
117816
117844
118535
118890
119000
119235
119658
120297
120348
120374
120451
120737
121085
121295
121499
121519
121787
121825
122097
122299
122633
123385
123475
123485
123660
124037
124533
124835
124964
125208
125244
125422
125592
125613
125648
125667
126176
126345
126633
126747
127024
127208
127215
127738
128174
129126
129159
129452
129580
129766
130397
130572
130945
131090
131820
132029
132193
132209
132269
132283
132435
133232
133378
133735
134053
134085
134332
134439
134775
134784
134781
135085
135258
135544
135804
136027
136251
136287
136380
136439
136920
136946
137032
137082
137214
137406
137700
137723
137846
138156
138247
138270
138657
138895
139001
139049
139129
139221
139340
139518
139551
139770
139939
140003
140471
140685
140686
140708
140962
141015
141023
141087
142542
143067
143707
143969
144071
144359
144620
144879
144946
145878
146379
146423
146524
146934
147065
147617
147997
148008
148370
148608
148927
149151
149303
149376
149614
149690
149715
149724
150152
150321
150493
150903
151081
151237
151354
151780
151878
151947
151996
152202
152340
152592
152662
152724
152851
153159
153750
154247
155069
155095
155180
155751
155854
156122
156540
156766
156792
157011
157174
157206
157318
157538
157598
157798
157822
157924
158561
158585
159074
159137
159659
159728
159912
160004
160031
160060
160271
160336
161291
161335
161573
162483
162528
163195
163628
163786
163798
164106
165867
166071
166193
166310
166423
166628
166720
166734
166861
167041
167575
167567
167752
168011
168043
168672
168670
168864
169932
169986
170148
170224
170881
171175
171664
171667
172666
172830
172944
173076
173512
174740
174812
175358
175833
175869
176001
176016
176649
176815
178050
178459
178781
179140
179512
179543
179809
179861
180025
180029
180443
180470
180588
180599
180864
181054
181161
182105
182792
182956
183253
184770
185042
185099
185408
185411
185609
185737
185966
186067
186320
187060
187102
187684
188052
188099
188610
188615
188673
188681
188893
188952
189126
189199
189642
189692
189917
189968
190443
190596
191096
191127
191373
191465
191617
191706
192496
193796
193917
194259
194583
195168
195192
195235
195256
195523
195532
195659
196003
196412
196711
196927
198051
198549
198830
198907
198916
199605
199604
199632
199797
