765.38
797.82
1120.37
1175.6
1336.55
1608.87
2628.47
2874.03
3736.35
4044.81
4617.67
5180.75
5221.98
5430.85
5483.42
5874.65
6294.35
6999.68
7367.35
7770.42
7920.68
8590.56
8818.25
8880.07
9502.91
9879.6
9979.8
10402.7
10855.6
11343.8
11531.1
11611.8
11883.8
11956.3
12578.9
12722.5
12836.7
13173.9
13251.5
13388.5
13790.8
14673
14697.2
14981.9
15078
15167.3
15207
16159.7
16554.4
16792.2
16792.9
17186.2
17474
18584.8
18712.2
19448.4
20105.5
20952.2
21240.7
21383.1
21640.4
21919.3
22293.4
22320.4
22976.4
23095.7
23852.9
23992.3
24166.4
24264.9
24596
25041.9
25521.7
25775.9
26489.2
26795.5
27589.7
28183
28543.4
29318.8
30673.1
31014.1
31070.2
31671.2
32024.3
32464.4
32549.4
33350.3
33411.3
33821.1
34169.6
35131.8
35571.9
35574.8
36078.4
36374.2
36693.4
36982.8
37294.5
37387.3
37791.7
38009.6
38346
38521.3
39372.9
39912.7
40549.1
40644.2
40756.9
40767.8
41539
42233.4
42751.4
42844.4
43309.1
43410.2
43492
43520.8
43613.1
43955.6
44289.9
44752.5
45965.9
46887.1
46947.5
47076.8
47106.1
47276.1
47340.3
47578.4
47917.3
48026.1
48089
48335.7
48395.6
48599.2
48698.9
48880.4
48940
49190.6
49250.5
49497
49591.2
49904.9
50181.7
50318.9
50387.5
50625.6
50712
50825.1
51599.2
52068.1
52297.7
52596.6
52910.3
52972.9
53642.9
53805
53925.6
54365.3
54610.5
54739.4
55528.5
55687.3
56014.2
56096.9
56161.7
56588.3
56840
57375
57703.2
58101.6
58397
59033.6
59099.7
59124.3
59192
59663.1
60205.2
60222.2
60402.6
61164
61179.9
61192.8
61674.8
61972.9
62084.7
62349.8
62939.7
63266.1
64195.5
64618.8
64979.1
65752.7
65842.4
65904.6
66359.5
66501.3
66552.7
66771.7
67403
67429.3
67764.9
67774.5
68243.3
68395.5
68615.1
68834.4
68986.8
69414.5
69829.6
69905.2
70267.9
71085.1
71722.8
71749
71782.6
72476.4
73386.3
73604
74040.3
74074.7
74103.9
74943.4
75974.1
76465.7
76748.3
76922.3
77187.9
77260.9
77461.1
77465.2
78226.1
78300.8
79315.5
79899.6
80306.1
80957.2
82075.8
82296
82566.5
83579
83617.1
83791.2
83983
84154.2
84704.2
85568.3
85604
85705.3
86050.3
86566
86607.6
86725.4
86909
87572.5
87734.4
88794.7
90265.1
90763.9
91264.7
91376.5
91890.9
92301.7
92683.6
92930.7
93388.7
93552.4
94095.4
94099.5
94288.6
94499.1
94760.7
95166.5
95397.3
95565.2
95609.3
95978.1
96173.6
96316.8
96813.8
97289.4
97451.5
97650.1
97695.4
98076.7
98388.6
98475.7
98674.1
99014.6
99500.2
99741.7
100265
101316
101927
102221
102304
102487
102534
102621
103063
103406
103787
104371
105369
106381
106460
107109
107328
107602
107681
107909
108129
108547
109312
109390
109734
109755
109782
110778
110921
111162
112266
112282
112623
112684
113013
113101
114286
114460
115371
115488
115538
115647
116067
116414
116504
117515
117631
117945
118368
118443
118531
118550
118690
119234
119495
119747
119840
120097
120874
120996
121538
122231
122685
123061
123476
123789
123974
124581
124728
125126
125279
125302
125311
125605
126054
126190
126640
127138
127658
127696
128812
129457
129661
129815
130514
130798
131420
131599
132378
132787
132949
133378
133708
133800
134600
135998
136866
138012
138024
138039
138512
138514
139518
140003
140157
140631
141484
143026
143422
143441
143967
144421
144969
145663
146251
146419
146828
147225
147345
147662
147942
148587
148783
149267
149500
151246
151346
151570
151671
151885
154353
155171
155717
155998
156536
156671
157413
158134
158774
158968
159263
159483
159481
159771
160037
160861
160950
161442
161935
161960
162189
162471
162751
163439
164521
165544
165548
165615
166984
167064
167281
167667
167761
167932
168065
168236
168549
168965
168989
170237
170533
171492
172232
172948
173104
173492
174000
174570
174585
174677
174772
175331
175457
176183
176542
176576
177766
177814
177986
178433
178620
179288
179435
179919
180970
180961
180994
181286
181273
181344
181454
182368
182547
183018
183789
183849
183891
184524
184597
185421
185492
185836
185936
186117
186239
186383
186814
187327
187487
189798
190470
190865
191177
191500
191566
191694
191968
192042
192569
192738
193111
193134
193264
193489
194590
195444
195658
196269
196883
197540
197967
198289
199109
199533
