203.18
259.92
519.37
1366.46
1695.79
2058.49
2208.52
3488.08
3775.39
4597.03
5246.6
6556.34
6820.31
7481.35
7543.12
8239.15
9804.13
10493
12719.9
12737.3
13648.6
14613
14643.8
17156
17261.2
17519.5
17645.6
18042.7
18317.8
20616.6
20651.2
21471.5
21961.1
22006.9
22163.1
23144.2
23156
24218.7
25225.2
25321.7
25732.6
26202.3
26830.5
27887.9
29329.7
29403.5
29871.7
30010.6
31013.6
32783.4
33215.6
33716.1
34355.7
34716.4
34782
35078.3
35739.9
36119.7
36115.9
37459.2
37558.4
38108.9
41335.7
42547.9
42959.4
43219.5
43919.5
44183.4
44412.4
44802.2
44951.3
45299.2
46814.8
48282.8
48758.4
49566.6
49808.6
50024.2
50260
51154.3
51249.5
52274.3
54697.4
55063.9
55764.5
56819.1
56984
57027.9
59968.5
60816.7
61553.5
65218.9
70650.2
73250.5
74041.5
74177.3
74297.8
74577.8
74725.4
76072.2
76786.7
78145.4
79448.6
81156.8
81688.6
82333.6
86108.8
86591.1
87039.3
88270.1
89895.2
90153.1
91367.2
91705.2
91912.8
92307.9
92970.4
93959.7
95044.2
97067.8
97918.1
98296.8
98375.2
100547
101203
101482
102893
103608
104277
104863
105352
106169
107521
108795
109714
110391
112078
112953
113237
113857
114922
115532
115763
115810
115941
115977
116108
116124
116421
117511
118405
118842
119444
120140
120599
120678
121854
121864
122154
122773
123157
123396
125252
125743
126547
127072
127362
127794
128444
130030
131590
132107
133583
134176
135578
135725
135921
136374
137372
137628
138800
139061
139546
139774
139950
140053
142102
142233
142482
143454
144738
144993
145211
145451
145718
145742
146525
146902
147441
148769
148819
150311
151474
151585
153307
153409
153709
154363
154587
154649
154955
155030
155343
155770
156200
156562
157130
157373
159991
160861
161229
162661
163578
164272
164436
164441
165000
166455
168522
168589
168675
169073
169330
171138
171682
172135
172311
174186
174242
175434
175638
176596
177160
177216
177752
177873
178268
178564
178569
178709
180522
180959
181422
181441
181766
182426
183282
183396
183437
183548
183953
184336
185101
185772
186000
186318
187704
191423
193163
194397
195971
196232
197603
198348
198408
198843
199076
