1908.7
2647.86
2924.63
3531.81
4058.46
6448.18
7318.22
7563.51
8985.86
9111.99
10488.3
12155.1
12189.4
12251.9
12447.1
12820.8
14989.9
16980.8
17694.7
18561.7
19186.3
21370.5
21882.3
21952
22262.1
22398.6
23529
23660.4
24241.7
24246.2
24495.5
26190.7
26425.5
26507.4
26695.6
26832.3
26839.8
27287.2
27451.6
27674.9
27884.1
28062.5
28774.9
28855.6
29273.4
29432.3
30304.6
30327.6
30512
30783.8
31646.8
32692.7
32770.3
33138.9
34677.8
35806.3
36080.8
36690
37365.1
37688.2
38318.5
39505.5
39716.3
39759
40227.3
40341.9
40483.4
40963.3
41941.1
43099.7
43113.6
43440.7
44071.3
45107.6
45297.9
45325.5
45663.1
45937.3
46231.7
46984.4
47132.6
47289.7
47660.1
48852.1
49351
49675.5
51434.5
54433.1
54502.4
55009.8
55027
55430.1
55645
56099.6
56275.6
56354.7
56886.3
56904.3
57229.7
57259.6
57528.4
58599.1
60708.1
60702.1
61561.1
61738.8
61982.3
61979.5
64536.5
64650.6
64816.3
64873.4
65454.7
65962.2
66590.2
66715
68058.6
69069.1
69170.8
69566.3
72076.1
73352.3
74220.5
74709.3
75389.4
75877.2
76222.4
77385
77389.3
77612.7
77909.4
77931.6
78119.8
78600.1
78870
79447.2
80753.8
80981.3
82204.6
82305.8
83021.5
83167.5
84201
84266.3
84955.8
85053.5
85220
85468.7
85561.5
86608.2
87744
87997.4
89263.1
89464.2
89828.6
92539.4
93683.1
94829.1
96026.3
96164.5
96532.2
96763.3
97529.2
97742.9
97987.5
98597.8
99101.5
99363.5
100863
101676
102744
103316
103787
104346
104447
104517
104709
105533
106183
106265
106694
106941
107029
107938
109126
109486
110228
110424
110870
110905
111473
111831
112474
113109
113163
115654
115670
116245
116251
116991
117203
117897
118038
118505
119518
119849
120343
122443
122479
122834
123984
124789
125131
125314
126889
127006
127662
127859
127879
127931
128189
128348
128946
128952
129300
129439
130109
131293
131709
132542
133828
133988
134449
135344
136298
136312
137167
137604
138726
138848
139323
139866
140107
140374
140784
140804
140992
141092
141808
141923
142514
143296
143621
143677
144272
144627
146466
147809
148115
148385
148897
150097
150582
150823
150965
151317
151348
151586
151814
152289
154084
154824
156527
157512
157795
158593
159701
160309
160336
160808
160992
161286
161855
162209
162268
163142
163475
163498
163673
163927
163952
165334
165926
168875
168926
169288
169485
169983
173472
173755
173951
174448
174573
174867
179702
179881
180233
180897
184367
185558
186595
186768
187554
188960
189047
189123
189687
189778
190055
190779
190957
192424
192838
193132
193891
195220
197739
