555.63
575.8
1902.66
2048.68
2818.97
3133.04
3615.11
3720.94
4398.78
4602.36
5645.62
5812.35
6055.83
6510.07
8975.44
9862.14
9902.22
10452.5
11421.2
11877.2
14301.9
15531.2
18210.2
19132.9
20161
21267.5
21314
21729.2
21810.4
22738.2
23297.7
23775
24461.6
25634
27466.5
27711.6
29005.1
29086.2
30193.4
30397.4
31230.4
31626.9
31770.5
32163.7
32194.3
33961.2
35581.4
35715.6
36715
37239.4
37696.1
38023.6
38620.1
38853.4
39298.5
40911.5
41245
41395.7
41811
42118.5
42328.5
42811.1
44027.5
44399.3
44983.1
45803.8
46110.7
46926.9
47947.9
48214.8
48268.8
48638.4
48952.1
49167.4
50253
50581.5
51490.9
52733
53577.9
53824.1
54690.6
55699
56234.2
57279.1
58956.4
60303.6
60690.2
60950.1
61096.7
61354.6
61826.4
63876.8
63961.5
64612.6
64995.5
65751.2
66992.3
67195.1
67605.5
69259.5
69849.9
70021.9
71142.3
71337.1
71859.2
71880
71966.9
71981
72536.3
72741.4
73322.1
75635
76180.2
77009
77302.4
77513.4
78593.5
78822.8
79031.1
79237.2
80218.3
80340.5
81068
81971.7
82293
83317.9
85081.1
86925.2
87845.2
88995
89162.5
90520.4
90957.3
91026.1
91785.5
92156.6
92396.8
92534.4
92785.4
92983.7
93014.9
93888.5
95542.2
96327.6
97864.6
99030.1
100958
100972
101792
103666
103675
104894
105759
106034
106429
106782
106906
107383
108257
108344
109002
109190
109852
111125
111172
111270
113072
113670
114669
114877
114976
117740
118329
118652
120243
120343
121371
121520
121587
122015
123784
124357
124390
124903
125248
128333
128656
129456
129661
131729
133227
134402
136578
137227
137892
138622
139223
140472
140840
141506
142541
143797
144354
145707
145741
146221
146251
148134
148464
148637
149799
151300
151755
152821
153114
153597
155023
155053
155821
156585
156673
157686
158353
158663
159060
160802
161059
161288
161671
162352
163416
163485
164383
166685
167537
168643
169364
169791
171101
171305
172037
173534
176011
177085
178105
178773
179021
179131
179141
179173
179468
179679
180141
181478
181581
184487
184725
185053
186256
186594
187032
187047
187388
189558
190436
190879
191028
191089
191572
192409
193783
193783
196400
196683
196937
197146
198095
198382
199547
