145.24
874.19
1087.37
2067.22
3881.08
4488.59
4898.38
7910.42
8067.64
8872.63
10020.8
10596.7
18828.3
20197.7
20525
21203.1
21908.8
22253.3
22505.8
23673.9
25039.3
26008.4
26820.4
27279.3
27402.7
28563.6
29015.4
29927.2
30359.7
31261.8
31399.6
31918
32160.5
32585.6
32652.6
34144.3
34939.8
35714
36461.2
37732.1
38111.5
38362.1
38467.4
39067.2
39795.2
40438.2
40642.9
41442.2
44295.6
45629.3
46042.5
46950.3
47397.2
49883.9
51282.4
53464.4
53953.7
54366.3
55209.3
55524.4
55784.6
56103.5
56681.2
56692.1
57160.9
57537.1
57606.7
59283
59440.7
59969.4
60747
61016.8
61562.3
61842.9
62946.7
63445.6
63483
64003
64700
64772.3
65182.6
65490.8
66037.2
66207.7
66469.5
67018.1
67622.5
69214.2
70086.8
70980.6
71064.9
71751.4
72198.3
72396.2
72893
73684.5
74590.6
75096
75882.9
76646.4
77465.5
77784.7
77810.7
77930.4
78207.4
78507.5
78636.5
79187.8
79555.5
79724.6
80329.1
80405.9
80782.4
81335.9
84156.5
86694.6
87952.3
88392.3
88889.2
88940.5
91692.1
93060
94632
94813.8
96241.7
96350.8
98455.1
98461.1
98815.4
99936.4
99981.2
102067
102085
103579
105485
105907
106143
107797
107979
108281
108357
108896
109251
110256
110362
110432
110938
112080
112802
112825
112876
113335
113527
114145
114693
116191
116631
117011
117066
117225
117336
118875
119021
120129
121224
123567
124258
124363
125626
127095
127256
128267
128689
129550
129624
129643
130427
130449
131138
131656
131945
132321
132599
135781
135844
136053
136615
138040
138511
139820
140281
141116
141447
141829
142501
143361
143418
143512
144486
144786
145165
145342
145589
145865
146196
146232
146422
147139
147878
149405
151054
151698
151736
152221
152256
152967
153268
154255
154281
156482
156609
157385
157704
158137
158264
158768
159873
160079
161330
162423
163494
164910
165118
165177
165943
166975
167302
167735
169282
169518
169569
169634
170978
171529
171778
171899
172339
172841
173825
174202
174675
174681
175210
175446
175734
176591
177016
178074
178426
178428
179356
179635
180613
181131
181181
181309
182032
182272
184367
188351
189719
191210
195498
195856
196297
197231
197480
198666
199486
