147.29
375.42
566.25
647.59
663.34
747.36
758.56
845.08
1160.34
1219.95
1236.21
1536.35
1557.2
1575
1608.22
1822.41
1908.37
2295.23
2314.65
2342.53
2448.66
2454.63
2740.15
2741.16
2929.22
3214.52
3360.56
3472.98
3589.79
3731.49
3740.87
3957.57
3961.37
3988.84
4330.51
4386.39
4539.4
4591.18
4601.61
4604.07
4617.04
4664.95
4943.29
4951.02
4953.41
5002.84
5122.36
5269.61
5425.06
5451.34
5549.62
5599.43
5738.21
5893.1
5973.47
6058.16
6105.27
6274.55
6493.87
6773.06
6777.36
6821.5
6902.79
6909.24
6959.86
7034.13
7177.28
7605.05
7645.75
7650.91
7684.37
7744.25
7807.74
7844.09
7995.32
8072.12
8134.89
8221.06
8386.84
8578.78
8775.84
8859.06
8928.9
8936.77
9186.86
9322.65
9473.65
9516.74
9529.37
9888.09
10074.7
10085.4
10107
10110.5
10447.4
10525
10725.2
10780.8
10803.4
10819.6
10825.8
11070.8
11204.9
11381.2
11830.7
12050.6
12062.7
12078
12165.4
12395.3
12475.6
12538.1
12569.8
12582.7
12867
13225.4
13449.6
13476.7
13582.9
13697.6
13802.2
13946
14092.5
14177.9
14175
14416.6
14423.5
14659
14761.7
14767.8
14773
14846.1
14897.6
14955.5
15197
15250.2
15395.7
15638.5
15737.6
15946.9
15994.9
16022.8
16102.4
16271.1
16500.8
17064.7
17095.6
17277.2
17293.5
17316.9
17434.3
17684.9
17726.3
17753.1
17819.6
17913.8
18118.5
18158
18224.5
18233.7
18335.6
18382.4
18586.4
18935.3
18938.8
18939.9
18966.3
19055.6
19298.2
19647.3
20136.4
20386
20487.1
20554.6
20774.6
20859.8
20953.5
20998.3
21215
21760.6
21779.4
21826.4
22222.8
22303.5
22337.5
22490
22526.1
22529.7
22526.8
22574.9
22920.5
23197.8
23264.3
23529.5
23678.1
23753.8
23923.9
24244.2
24275.5
24446.7
24614.3
24624.4
24625.9
24703.4
24816.8
24829.1
25208
25259
25255.7
25382.8
25481.5
25681.1
25958.4
26152.2
26531
26749.7
26834.5
26947
27172.3
27179.1
27231
27371.3
27456.5
27549.5
27608.7
27983.6
28052.7
28105.9
28284
28838.3
28871.2
28926
29089.9
29120.4
29198.8
29255.4
29302.6
29541.9
29792
29824.7
29927.7
29937.3
30008.7
30152.1
30280.8
30294.7
30576
30584.5
30711
30780.8
30813.2
30842.2
30900.5
30924.1
30969.4
31207.3
31479.9
31602.7
31798.7
32256.3
32344.6
32402
32611.2
32624.6
32668.7
32801.2
32870.5
33058.1
33148.4
33224.6
33281.5
33547
33631.9
33638.9
33656.3
33988
34055.9
34386.5
34485.3
34498.5
34504.9
34515.9
34813.1
34834.6
35040.2
35066.4
35074.1
35613.7
35747.6
35745
35995.5
36105.7
36170.1
36612.9
36734.2
36820.4
36820.5
37006.3
37142.2
37608
37725
38029.9
38104.1
38207.1
38256.9
38281.3
38292.2
38344.8
38411.7
38612
38790.6
38837
38881.4
39149.3
39203.9
39323.3
39564.3
39590.6
39829.7
39933.1
40104.9
40195.6
40478.8
40508.3
40543.5
40714.7
40742.3
40768.3
41139.2
41181.8
41394
41555.3
41751.4
41774.4
41886.2
42024.8
42248.8
42515.1
42577.4
42889.1
42943.5
43098
43268.2
43422.9
43693.7
43699.4
43744
43882.8
43959.6
43986.4
44040.6
44174
44325.5
44475.5
44606.6
44774.7
44884.8
44929.4
44967.5
45108
45287.9
45427.7
45545.1
45573.1
45899.5
45918.1
46026.7
46525.4
46672.7
46776.6
46806.3
46807.9
46904.1
47179.4
47242.5
47257.7
47331.2
47552.8
47644.2
47951.9
48208
48482.5
48536.3
48620.9
48719.8
48851.7
48853.1
49124.4
49138.4
49447.2
49744.2
49994.6
50055.4
50119.6
50154.7
50175.3
50358.8
50369.9
50558.2
50574.1
50615
51128.5
51330.9
51590.3
51694.1
51728.7
51725.9
51758
51754.1
51934
52006.2
52041.4
52201.6
52317.7
52608.3
52653.5
52755
52971.3
53046.9
53218.6
53469.3
53478.4
53494.7
53892.2
54040.9
54188.5
54245.9
54565.9
54644.9
54703.8
54951.5
55133.5
55168.6
55188.6
55320.5
55619.7
55647.6
55899
55968.4
56266.9
56334.3
56376.5
56509.6
56513.6
56633.6
56716.8
57280.8
57419.1
57744.1
57933.6
58137.3
58154
58217.9
58314.4
58431
58479.5
58808.7
59001.7
59065.4
59108.8
59188
59234.6
59830.4
60143.5
60148.3
60246.5
60447.9
60541.2
60677.9
60730.3
60929.3
60949.9
60984.4
61072.7
61146.7
61185.2
61467.5
61488.2
62258.1
62272.4
62389.2
62401.6
62469.6
62707.8
62739.5
62842.7
62908.5
62935.3
63197.5
63305.2
63370.1
63422.3
63538.6
63611.3
64092.2
64272
64397.7
64469.4
64491.4
64728.7
64887.6
64984.2
64987.2
65017.6
65092.7
65544.3
65950.6
66248.1
66361
66358.4
66507.7
66741.6
66947
66972.5
67001.6
67076.6
67124.8
67225.4
67292.3
67294
67450.6
67764.8
67777.5
67947.6
67982
68052.2
68089.7
68278.3
68661.3
68693.4
68867.6
68966
69145.5
69401.9
69489.4
69803.6
69992.6
70240.3
70330
70428.2
70464.1
70493.9
70559.2
70916.4
70985.2
71154.4
71251.1
71271.6
71548.9
71602.3
71847.4
72113.5
72230.8
72472.6
72515.7
72755.2
72778.9
72824.4
73018.7
73035.6
73172
73184.2
73209.4
73341.9
73564.2
73649.4
73826.9
73904.1
73951.4
74018.1
74101.2
74391.7
74564.6
74596
74643.2
74843.5
75077.4
75489
75555
75560.8
75950.4
76105.1
76286.4
76294.2
76677.2
76782
76831.4
76957
77028.3
77295.3
77349
77412.3
77429.1
77501.6
77746.7
77794.6
77896.4
78009.9
78129.1
78207.8
78242.1
78278.8
78456.1
78593.2
78865
78962.4
79052.1
79088.3
79200.6
79233
79437.1
79666
79722.9
79802.5
79899.7
79952.1
79972.8
80004.7
80261.1
80324
80350.1
80605.3
80702.9
80990
81055.8
81299.1
81469.4
81496.3
81541.1
81611.3
81859.5
81941.9
81977
82284.1
82289
82451.9
82632.2
82805.8
82831.2
83123.1
83623.5
83743.5
83863.1
83960.8
84014.4
84054.3
84247
84398.5
84450.5
84800.9
84791.6
84841.4
84972.9
85044.4
85102.4
85242.3
85313.2
85563.5
85588.2
85651.6
85667.5
85898.5
86285.6
86292.3
86321
86366
86404.3
86426.7
86496.6
86571.6
86664.7
87164.9
87279.9
87405.3
87674.6
87768.6
87948.7
88298.6
88378.4
88402.9
88454
88521.9
88596.2
88607.7
88899.4
88983.7
89029.2
89061.5
89392.4
89760.5
89880.8
90043.9
90083.3
90137.5
90144.8
90299
90550.7
90620.8
90630.4
90765.7
90888.1
90990
91014.4
91104.9
91108.8
91308.2
91427.8
91640.7
91665
91941.5
92061.9
92254.8
92324.3
92349.3
92346.5
92685.2
92718.5
92711.5
92891.8
92997.8
93122
93165.6
93280.1
93648.5
93838.6
93865.3
93988.2
94023.4
94121.1
94249.1
94303
94328.9
94579.4
95123.4
95206.7
95364.6
95368.4
95555.6
95625.3
95639.6
95833.2
95926.2
96185.4
96394.1
96405.8
96476.1
96499.9
96534.1
96594.3
96654.4
96943.2
97053
97068
97123.5
97192.8
97258.5
97291.8
97613.5
97636.4
97683.1
97838.9
97914.1
97954.3
98036.4
98055.4
98096.9
98325.7
98523.6
98588.2
98619.4
98867.4
99227.1
99282.1
99325.6
99374.6
99495.9
99649.9
99684.7
99811.7
99845.5
99870.2
99989
100058
100121
100165
100292
100377
100473
100668
100801
100901
101036
101242
101304
101387
101519
101659
101803
102015
102165
102279
102428
102468
102477
102511
102797
103159
103201
103236
103259
103323
103635
103832
104084
104115
104176
104406
104604
104706
104891
104950
105021
105052
105178
105308
105318
105344
105375
105823
105908
106340
106546
106583
106772
106960
106996
107230
107282
107361
107419
107725
107978
107980
108090
108168
108219
108383
108449
108524
108572
108845
109106
109114
109265
109455
109705
109890
110147
110229
110245
110534
110596
110611
110776
110883
111470
111664
111691
111924
112035
112143
112188
112429
112450
112569
112753
112868
113072
113379
113501
113535
113843
113850
113869
114026
114223
114229
114447
114593
114918
114997
115107
115262
115370
115419
115779
115948
115983
116374
116602
116611
116783
116925
117160
117186
117257
117534
117766
117847
118005
118121
118267
118444
118553
118717
119009
119067
119270
119317
119436
119582
119680
120010
120117
120151
120192
120316
120489
120514
120541
120901
120988
121169
121394
121454
121553
121810
121817
121881
122043
122340
122350
122435
122856
122926
123010
123259
123384
123384
123622
123658
123670
123979
124185
124180
124197
124289
124376
124376
124744
124836
125068
125121
125404
125427
125466
125480
125504
125558
125866
126189
126213
126288
126484
126707
126774
126891
126908
127142
127317
127612
127788
127790
128084
128262
128327
128357
128701
128822
129363
129380
129681
129835
129959
130292
130389
130490
130576
130816
130949
131071
131100
131123
131138
131325
131503
131535
131583
131739
132040
132059
132069
132226
132339
132454
132653
132751
132798
132821
132993
133318
133556
133580
133640
133697
133932
134028
134175
134413
134459
134559
134984
135109
135170
135231
135246
135420
135475
135503
135729
135814
135984
135983
135991
136100
136320
136477
136569
136572
136627
136793
137001
137136
137174
137365
137405
137426
137709
137740
137789
137812
137866
137964
138287
138355
138557
138654
138697
138712
138820
138944
139176
139225
139468
139523
139938
140035
140135
140228
140318
140430
140576
140672
140743
140830
141021
141124
141238
141248
141408
141471
141533
141646
141724
142019
142043
142129
142282
142567
142748
142731
142806
142917
143268
143422
143462
143516
143693
143715
143732
143836
143873
144005
144200
144263
144317
144466
144537
144914
145290
145302
145419
145496
145547
145707
145922
146099
146117
146360
146429
146546
146576
146689
146687
146850
146881
147333
147360
147451
147445
147550
147548
147657
147874
148225
148283
148309
148438
148558
148676
148684
148871
149170
149230
149541
149582
149572
150002
150071
150169
150263
150402
150397
150393
150410
150692
150758
150836
150925
150940
151100
151273
151277
151460
151704
151738
151984
152015
152197
152267
152762
153025
153056
153225
153435
153619
154039
154282
154293
154364
154552
154650
154663
154705
155099
155135
155295
155351
155514
155504
155566
155566
155729
155780
155828
156220
156207
156298
156357
156594
156766
156875
157045
157148
157183
157250
157306
157383
157427
157467
157965
158132
158372
158441
158461
158609
158672
158855
159018
159124
159176
159320
159437
159759
160034
160146
160314
160322
160347
160551
160577
160625
160968
161065
161095
161248
161272
161373
161455
161539
161677
161793
161940
161959
161984
162096
162405
162659
162856
162875
162974
163009
163067
163265
163274
163316
163578
163649
163651
163709
163833
163842
163977
164023
164033
164320
164614
164823
165039
165125
165514
165708
165758
165922
165935
165997
166327
166345
166411
166655
166696
167129
167330
167462
167735
167775
167968
168052
168144
168191
168297
168303
168350
168406
168776
168935
169105
169558
169585
169938
169953
170038
170060
170050
170315
170376
170371
170473
170469
170530
170537
170611
170949
171160
171224
171278
171520
171656
171848
171863
172001
172052
172051
172408
172545
172608
172737
172880
173381
173425
173673
173768
173940
174075
174168
174336
174471
174509
174690
174734
174998
175010
175010
175570
175675
175728
175745
175884
175918
175924
175959
176038
176059
176121
176130
176389
176457
176512
176719
176859
176950
176996
177218
177590
177612
177640
177649
177768
177872
178181
178268
178335
178441
178554
178751
178867
178940
179025
179070
179145
179158
179338
179393
179728
179804
179858
179933
180196
180262
180452
180483
180685
180715
180845
180935
181070
181073
181241
181281
181807
181845
181890
181913
182300
182366
182443
182746
182891
183155
183171
183231
183291
183439
183500
183682
183783
183913
183981
184046
184050
184439
184460
184649
184700
184712
184794
184873
184981
185016
185093
185239
185587
185612
185726
185889
186063
186396
186402
186434
186735
186780
186952
186994
187253
187289
187513
187568
188173
188647
188995
189158
189561
189571
189722
189717
190014
190154
190207
190218
190245
190404
190412
190404
190411
190474
190708
191157
191784
192009
192094
192095
192223
192363
192517
192560
192622
192917
192972
193314
193624
193658
193677
193908
193983
194128
194241
194328
194430
194445
194468
194515
194533
194553
194814
194835
195040
195384
195496
195534
195654
195960
196033
196083
196172
196435
196558
196586
196607
196682
197011
197019
197129
197303
197671
197995
198073
198173
198398
198596
198652
198665
198678
198695
198803
199077
199142
199165
199217
199373
199471
199547
199559
199593
199785
199869
199946
