105.08
109.01
159.69
410.11
420.54
678.6
703.51
783.75
1351.33
1414.71
1734.12
1737.11
2331.69
2436.32
2615.15
2675.86
2735.52
3155.63
3379.12
3455.25
4094.37
4390.5
4573.71
5193.46
5408.99
5656.27
5879.23
5878.51
6075.65
6342.79
6842.37
7104.92
7200.57
7691.87
8520.38
8758.11
8772.95
9076.37
9270.42
9568.74
9684.97
9870.16
10245.9
10914.5
10924.5
11048.1
11279.4
11444.1
11663.3
11693.9
11715.6
11928.7
11963.4
12256.3
12434.7
12794.3
13752
14389.9
14763.7
15443.8
15823.3
16063.4
16543.4
16911.8
17008.5
17334.1
17342
17452.3
17500.8
17589.6
17817.6
17892.5
18014.9
18125.3
18126.9
18683
18721
19223.3
19354.3
19511.1
20035.4
20035.5
20070.5
20454
21594.1
22013.4
22131
22388.7
22757.5
23115.9
23352.5
23418.5
23579.6
23956
24146.4
24501
24559
25078.8
25461.7
26141.7
26235.5
26580.4
26693.8
26803.1
27012.2
27089.6
27145.4
27539.2
27634.3
27822.2
28240.6
28294.4
28379.1
28572.1
28619.9
28812.4
28869
29046.1
29072.2
29331.7
29335.5
29763.6
29921
30067.4
30289.6
30390.5
30545.1
30954.8
31211
31367.2
31955.5
32014.3
32154.6
32340.2
32411.7
32433.3
32557.1
32854.1
33203.8
33369.2
33542.1
33711.2
33831.7
34387.1
34922.9
34958.7
35903.2
36168.9
36472.7
36633.7
36968.8
37015.2
37232.1
37435.7
37661.9
37802.9
38379.5
38856.3
39092.3
39386.5
39731.4
39790.6
40100
40182.7
40806.8
40957.2
41013.9
41157.7
41260.4
41492.3
41642
41809.5
42061.1
42330.7
42761.9
42871.4
43304.4
43538.8
43822.9
44251.5
44512.4
44730.6
44880.1
45038.3
45163.3
45630.8
45661
45813.5
45828.3
46166.4
46284.9
46297.8
46659.9
46665.2
46684.3
47758.8
47874.3
47953.6
48208.8
48240.2
48398.3
48419.9
48657.7
48848.9
48973.3
49485.7
49585.5
49946.6
50401.6
50458.5
50462.5
50671.8
50822.6
50858.8
51196.6
51428.2
51546.4
51592.2
51675.3
51851.2
52401.9
52595
52878.5
52891.2
52997.6
53058.1
53082.1
53217.4
53373.7
53534.2
53647.2
54231.4
54760.1
55477.5
55960.4
56257
56731.2
56922.5
57001.6
57249.8
57271.2
57604.9
58080.2
58379.6
58401.5
58744.8
59041
59040.9
59343.7
59448.4
59839.7
59930.6
60028.4
60084.8
60096
60343.4
60453.4
60519.6
60880.8
60981.4
61028.4
61355
61495.4
61558.3
61803.8
62075.7
62281.2
62786.8
62960.4
63042.7
63185.8
63581.8
63626.9
63971
64117.9
64563.6
64783.5
65011.8
65164.1
65501.4
65765.4
65888.6
65918.1
66231.7
66261.6
66465
66651
66798.9
66826.5
66969.4
67162.7
67503.6
67581
67762.8
68046.8
68232.7
68431.2
68660.7
68982.4
69330.3
69560.1
69662.1
69672.3
70167.8
70545.7
70749.8
70821.1
71153
71310.3
71588.1
72226.4
72612.3
72629.6
72999.9
74486.9
74654.9
74654.7
74772.5
74796.9
74872.8
75150.4
75712
76083
76329.2
76332.7
76464.7
76722
76926.3
77145.8
77770.4
78219.5
78513.4
78779.1
80076.7
80234.8
80441.6
80580.2
80934.3
81428.4
81572.7
81835
81981.7
82197.2
82371.6
82441.6
82904.9
83243.5
83336.9
83801.3
83794.3
84339.9
85061.6
86418.9
86506.3
86716.6
87163.6
87375
87428.2
87466.6
87813.2
88244.7
88389.7
88737.5
88935
88933.9
88973
89062.4
89121.4
89747.9
89978.1
89988.9
90544.9
90577.4
90987.9
91142.3
91352
91686.1
91697.5
91711.1
91793.2
92086.1
92799.5
92858.1
93182.7
93726.7
93827.1
94502.8
94638.6
95092.8
95112.1
95221.9
95354.8
95548.3
95578.1
95760.4
95773.8
95977.4
96023
96459
96524.6
96557
96727
96840.4
96902.1
97336.1
97554
97594.1
98669.4
98979.7
99484.8
99587.9
100360
100363
100418
100641
100768
101074
101910
102086
104042
105046
105156
105173
105245
105269
105438
105473
105616
105720
105841
105918
105937
106037
106230
106338
106371
106427
106589
107210
107226
107311
107435
107506
108033
108103
108219
108589
109261
109334
109449
109484
109550
109704
109889
109987
110024
110135
110389
110495
110540
111036
111072
111365
111395
111430
111457
111713
111728
111899
112172
112371
112798
113438
113439
113781
113969
114556
114709
114870
115195
116179
116239
116275
116447
116659
116991
117293
117364
117407
117488
117855
118487
118968
119200
119550
119959
119968
120144
120167
120190
120460
120538
120892
120908
120980
121364
121753
122569
122664
122937
123024
123073
123680
123765
123814
123976
124152
124167
124414
124424
124466
124497
124588
124699
125208
125210
125428
125430
125616
125786
126051
126094
126260
126537
126715
126806
127093
127489
127811
127990
128376
128763
128783
128947
129028
129365
129408
129599
129617
129919
130020
130233
130704
130947
131120
131360
131366
131900
132114
133463
133478
133829
133821
133970
134142
134221
134259
134418
134544
134790
135112
135492
136250
136350
136613
136676
137168
137533
137808
137998
138024
138216
138679
138915
139144
139245
139364
139407
139503
139675
139705
139803
139889
140030
140035
140151
140373
140442
140870
141057
141171
141371
141412
141527
141864
141881
142148
142270
142330
142639
142690
142894
142924
142957
143014
143178
143231
143487
143754
144064
144246
144283
144350
144792
145175
145250
145823
146525
146782
147405
147419
147950
149025
149112
149369
149561
149730
149749
149760
150015
150116
150234
150324
150815
150933
151107
151216
151438
151621
151900
152060
152130
152837
152890
153787
155619
156022
156644
157210
157439
158397
158982
159725
159793
160731
163166
163192
163241
163441
163878
164167
164268
165130
165361
165465
165800
166573
166900
167157
167548
167750
167828
167936
168114
168240
168254
168375
168813
168999
169074
169434
169438
169619
169691
169841
169926
170141
170632
170836
170916
170988
171029
171025
171241
171711
171971
171992
172119
172229
173035
173379
173672
173997
176188
176300
176352
176487
176487
176502
176612
176818
177001
177036
177502
177749
178069
178319
179218
179384
179443
179551
179840
179893
179961
180117
180857
180912
181289
181312
181489
181558
181634
181661
182004
182165
182230
182282
182494
182520
182700
182984
183818
183962
183977
184132
184362
184775
184916
185056
185285
186920
187333
187662
188298
188816
188958
189203
189570
189781
190419
190614
190702
190901
191362
191553
191646
191734
191974
192031
192196
192257
192302
193476
193687
193697
194049
194117
194228
194298
194743
195068
195212
195230
195306
195512
195672
196463
196558
196809
196796
197088
197307
197317
197647
197669
197845
198011
198220
198692
198912
198965
199948
