752.43
870.5
1267.16
2342.02
2933.17
3040
3315.82
3527.71
6733.14
7139.24
7701
7855.13
7990.56
8340.14
8426.69
8730.53
10543.6
10925.9
11180
11798.1
11856.9
12078.9
12216.8
12507.3
13044.7
13886.9
14004.3
15083.8
15154.2
15298.7
16625
17100.8
17586.1
18012.2
18013.4
19147.1
19258.7
20387.5
22106.3
22506.9
23074.8
23712.6
24232.1
29570.8
29683.9
31335.6
33168.2
34056.5
34433.1
34639
35489.6
35536
35744.1
35911.9
36273.9
36389.9
36635.6
36809.6
36916.2
37467.8
37605.8
37628.4
38159.1
40302.6
40561.8
40594.1
41755.1
42076
42105.6
42421.5
42437.1
42819.3
42999
43078.6
43300.1
43481.3
46229.4
47564.9
47946.2
49188.7
49840.7
50462.1
50510.9
50603.8
51865.5
52064.6
52864.7
53133
53400.3
55263.5
57222.9
58692.1
62499.4
64366.2
65919.5
65968.5
67587.6
68695.1
69029.2
69263.4
70734.9
70773.9
74782.9
75087.1
75101.2
75164
75592.3
76293.4
76600.4
78066
78267.3
78342.2
78661.8
79091.9
80622.8
81399.6
82138.3
84057.2
84200.4
84239.2
84255.4
84658.3
85170.6
86720.1
87021.3
88950.6
89105.3
89910.4
91037.8
92008.1
92065.6
92260
92646.6
92762.5
94106.4
94163.3
94228
96334.9
96899.6
98796.2
99499.5
