311.14
398.95
1335.53
2252.09
3466.67
6136.13
7948.69
7979.59
8761.23
11127.2
13172.4
13865
15590.4
16061.5
16735.9
18599.1
19217.9
19424.6
20260
21236.4
22564.7
22824.3
24018.3
24519
24565.7
25330.4
26187.6
26729.7
28899.9
29209.2
34608.4
35183.9
38437.6
38924.3
40983.2
41328.4
42638.4
43680.6
44155.8
44738.8
45782.5
45860.2
46017.3
47114.3
47272.2
49423.7
50789.2
52658.6
53016.2
55286.3
56988.8
57092
57996.2
59860.7
63347.1
64532.2
64723.2
64745.8
65022.8
65802.3
67279.3
68433.1
69518.8
69599.8
71101.2
71221.1
71277.7
72038.5
75487
76060.6
77454.7
77510.7
78467.5
78644.8
81228.8
81614.8
81633.5
82279.6
83234.1
84024.8
84362.5
84668.2
85021.8
85174.1
85701.7
85856.6
86725.9
87400
88948.8
90946.6
92762.1
96201.2
96948.5
97613.7
98238.7
98998.1
99475.6
100139
100380
102617
108039
108133
109480
111616
112021
115032
115381
116310
116862
117137
117229
120335
120460
120876
123511
128735
128955
129830
130629
133171
133634
135478
136639
136885
138204
138589
138923
139103
139830
140231
141302
141609
142705
143869
145321
147183
147833
148332
151205
151577
153305
154440
154539
156830
158181
158885
159636
159749
160294
160527
161351
161855
162433
162846
163311
163983
164011
165127
165842
166457
170362
173449
173810
173831
174071
174707
176409
176453
177096
177409
179207
179262
179648
180543
183083
185370
187634
188096
190110
190757
190953
191575
191934
192015
192278
192530
196932
197826
199919
