142.72
160.75
432.16
513.42
906.52
1731.48
1821.02
2288.97
2813.36
3053.77
3293.29
3617.42
3972.27
4082.29
5150.18
5321.52
5646.8
5676.32
5679.31
5691.21
5834
6253.61
6274.52
6543.81
8478.06
8935.35
9169.15
9788.02
10580.6
11401.6
11930.7
11933.4
12436.5
13282.6
13630.8
14033.6
14399.9
14996.4
15001.4
15314.8
16297.8
16386.5
17021.5
17101.5
17180.8
18086
18704.1
19186
19416.5
19628.9
19845.8
20453.5
20694.3
21586.9
21687.7
21771.7
22058.4
22166.3
22404.9
22637
22752.7
22891.2
23372.8
24054.2
24343
24367
24859.8
24864.3
25365.9
25752.7
26265.9
26424
27056.5
27557.3
27700.2
28723.9
29614
30600.3
30888.8
31105.4
31202.5
31377.2
31765.1
32056
32092.2
32131.1
32199.3
32223
32687.3
33021.2
33208
33398.5
33695.5
34023.1
34694.7
35172.9
35361.4
35449.3
36490
36685.3
37272.5
37497.2
38746
39379.8
39451.2
39963.8
40051.7
40836.5
40846.8
41012.6
41643.8
42525.2
42886.1
43641.5
43840.5
44017.6
44022.8
46061.9
46160.8
46155.7
47313.6
47568.1
48490.3
49323.8
49769.1
49901.5
50332.2
50686.1
51284.5
51412.6
51563.5
51650.6
51979.1
52447
52834.7
53044.8
53260.1
53493.3
53527.7
53782.4
54601.5
54974.2
55184.7
55522.7
55534.2
56288.7
56613.9
56731.8
56794.8
57158.1
57445.6
57799.5
57998.4
58429.8
58785
59668.8
59803.6
59947.8
60240.1
60335.3
60630.1
60672
60732.6
61326.7
61537.7
61628.6
62121.6
62264.6
62386.1
62577.2
62796.9
62964.2
63809.4
64134.5
65231.2
65465
66365.1
66719.8
67679.3
68882.2
69198.4
69239.5
69715.9
69797.9
70085.4
70804.2
70922.8
71207.8
71232.3
71335.2
71784.8
72058.6
72345.8
72795.9
72797
72838.3
73039.1
73051.3
73693.2
74045.4
74163.8
74433.7
74925.4
75122.8
75351.8
75608.9
75934.9
76405
76953.7
78364.9
78442.3
78865.6
79593.3
79858.7
80489.1
81329.2
82309.8
82621.2
83018.7
83614.8
84459.7
84666.8
85098.4
85209.8
85283.7
85541.9
85595
85688.7
85876.8
87282.6
87339.1
87809.7
88223.5
89387.3
89415
90293
91277.9
91518
91809.7
92626.5
93057.3
93407.8
93636.8
94088.2
94409
94674.1
94681.4
95018.5
95206.1
95576.8
95621.5
96264.3
96816
97063.8
97529
98460.9
98569
99976.8
100102
100358
100577
100576
101102
101199
101395
101751
101941
102276
102649
102882
103220
104171
104658
105451
105691
106126
106423
107138
107327
107715
108113
108320
108773
109247
109646
110203
110575
111013
111524
111597
111696
112370
112427
112472
113223
113336
113497
114280
115367
115435
115747
115886
116161
116207
116800
117293
118247
118759
118979
119098
119119
119202
119649
119828
119935
120064
120387
120493
121028
121069
121397
121427
121726
122106
122308
122562
122652
123077
123195
123632
125613
126203
127836
128290
128609
129541
130477
130541
131204
131658
132251
132549
132987
133195
133334
133343
133389
133503
133612
133998
134273
134291
134566
134777
135079
135169
135710
135710
136231
136418
137277
138865
139377
139479
139619
140043
140659
141486
141568
142975
143147
143340
143794
143908
144578
144804
144916
144975
145332
145460
145866
146648
146795
147027
147189
147185
147371
147494
147696
148095
148336
148412
148495
148698
149180
149209
149613
150130
151865
152185
152326
152370
152742
153726
153980
154218
154695
155665
155858
156236
157115
157817
158145
158312
158560
158653
158659
158781
158788
158917
160198
160285
160672
161022
161516
162172
163190
163220
163407
163683
164203
164848
165060
165497
165499
165506
166131
167286
168128
168295
168460
168747
168793
169190
169574
170392
171565
171813
172204
172455
172823
173789
173862
174091
174318
174349
174396
174688
174733
174820
175290
175319
176130
176759
177281
177765
178410
178518
178719
178813
179155
179425
180276
180988
181085
181217
181301
181437
182662
182820
184240
184275
184395
184402
184465
184471
184504
184601
185123
185330
185474
185886
185936
186840
187323
187890
187946
188435
188733
188803
189578
189902
190334
190385
191017
192187
192472
192675
192693
193333
193389
193686
193791
194669
194689
195003
195249
195353
195390
195433
195958
196002
196140
196367
196496
196883
197041
197395
197926
198024
198321
198541
198689
198761
198924
199539
199744
199849
