132.84
134.98
180.63
452.78
725.99
815.32
1375.01
1435.98
1766.32
1791.86
2460.88
2755.57
3174.7
3397.88
4123
4425.4
4597.24
5426.84
5788.68
5898.01
5901.33
6875.23
7126.81
7217.9
8549.15
8775.88
8818.7
9098.93
9599.53
9707.97
9894.37
10932.4
10965.2
11306.9
11684.8
11746.6
12278.1
12458.2
12818.1
13771
14406.7
16088.8
16569.5
16916.7
17351.8
17359.7
17472.5
17519.2
17838.8
17909.2
18141.2
18699.8
18741.6
19241.9
19370.4
20033.7
20064.6
20459.4
21621.7
22020.7
22405.4
22776.5
23136.3
23369.7
23438.6
23607.9
23984.3
24174.5
24524.1
24580.5
25113.6
25486.1
26255.7
26716.2
26822.6
27041.2
27123.5
27571.4
27634.4
27850.1
28282.8
28314.2
28395.5
28593.4
28835.1
28888
29083.7
29089.6
29339.2
29354.9
29936.6
30097.3
30306.1
30564.7
31245.8
31385.9
31996.5
32032.5
32170.5
32343.9
32576.7
32880.3
33223.6
33735.1
33846.6
34388.7
34989
36185.4
36487.7
37007.6
37028.8
37455.9
37677.3
38424.3
38876
39114.1
39410.7
39752.2
39811.6
40125.4
41035.8
41178.8
41300.6
41510.5
42782.1
42890.9
43323.1
43846.8
44531.2
44756.5
44902.7
45057.5
45184.4
45837.5
45846.7
46331.1
46690.5
46694.8
46715.1
47770.6
47903.6
48232.2
48266.3
48431.2
48436.9
48679
49504.4
49595.7
49992.6
50422.2
50481.8
50689
51569.3
51690.6
52630.9
52908.2
53021.7
53108.2
53249
53548.1
53669
54258.4
55503.9
56278
56751.9
56945.8
57032
57629.1
58104.4
58399.9
58451.9
59059.4
59090.6
59463.6
59870.1
59954.6
60101.9
60368.2
60534.2
60909.1
60999.6
61521.6
61587.9
61829.3
62094.9
62311.6
62801.2
62979
63075.9
63609.6
63680.4
64007.4
64585.5
64799.4
65525.2
65834.7
65945.5
66253.3
66283.2
66672.9
67798
68069.7
68258.7
68449.4
68692.1
68997.1
69355.4
69680
69700.9
70199.8
70565
70784.1
70851.9
71342
71602.3
72246.8
72653.6
74521
74675.9
74793.5
74830.1
75229.6
75735.9
76105.6
76347.1
76367.5
76749.1
77182.1
77813.1
78281
78538
78801.5
80100.2
80461
80615.3
80955
81455.2
81596
81853.4
82003.2
82218.1
82463.3
82929.8
83277.8
83353.3
83815.1
83824.7
84362.5
85080.2
86442.3
86531
87183.3
87482.5
87490.3
87833.7
88269.5
88754.7
88957.1
88974.7
88992.3
89145.1
89763.8
90010.6
91006.2
91146.2
91382.8
91703.7
91720.3
91732.4
91819.5
92821.1
92874.3
93197.5
94537.3
94668.5
95112.1
95136.3
95239.1
95394.6
95776.9
96007.5
96543.9
96742.8
96863.6
97649.2
98688.9
99006.6
99503.8
99622.7
100373
100390
100440
100787
101094
104825
105067
105189
105204
105259
105286
105507
105862
105933
105963
106254
106357
106397
106614
107234
107335
107523
108056
108251
108612
109278
109359
109467
109546
109727
109935
110012
110423
111044
111096
111414
111447
111480
111731
111745
111917
112196
112387
112817
113457
113458
113995
114730
114885
115214
116198
116264
116296
116475
117384
117431
117890
118502
118984
119570
119991
119984
120161
120205
120554
120914
121005
121383
121765
122588
122702
122975
123044
123094
123718
123791
124174
124194
124443
124437
124484
124525
124607
124716
125222
125451
125448
126085
126111
126280
126577
126825
127504
127831
128004
128397
128783
128806
128965
129053
129383
129433
129616
129636
129941
130038
130728
130974
131141
131377
131404
131916
132141
133483
133849
133848
134146
134270
134290
134567
134806
135134
135511
136309
136370
136692
137987
138023
138041
138243
138697
138948
139167
139269
139384
139423
139533
139694
139926
140066
140176
140462
140894
141459
141898
141897
142166
142293
142356
142659
142711
142918
142982
143039
143204
143506
143769
144094
144283
144373
144818
145281
145843
146547
147438
147968
149046
149131
149388
149585
149772
149888
150043
150252
150340
150844
150950
151240
151642
151918
152078
152850
152921
153819
155643
156045
156653
157231
158410
158998
159735
159813
160761
163188
163212
163263
163463
164194
164339
165150
165485
166596
166921
167187
167572
167784
167965
168141
168279
168411
168862
169041
169124
169458
169468
169626
169707
169950
170172
170664
170939
171056
171078
171266
171738
171989
172145
172271
173043
173395
176214
176390
176506
176519
176850
177026
177056
177519
178084
179246
179466
179579
179868
179929
179978
180876
180931
181518
181669
182055
182207
182732
183002
183842
184004
184213
184375
184936
185077
185308
186935
187353
188327
188843
189220
189588
189798
190441
190630
190917
191441
191591
191683
191758
192014
192213
192288
192328
193709
194068
194339
195087
195231
195551
195689
196488
196832
196814
197107
197329
197334
197698
197897
198040
198238
198709
198930
199024
199974
