130.47
131.19
1136.09
1721.61
3050.06
4026.14
4531.96
5459.08
6952.3
7167.6
7614.31
10771.6
10922.6
11030.6
12434.7
13807.5
14484.9
14595.5
16128.7
16321.6
16547.7
17388.4
17544.2
18512
18518.2
18761
19082.6
19145.7
21608.3
21777.7
21872.5
22187.8
22285.3
22404.2
22581.9
22673
22862
25810.3
26553.3
26594.6
27114.4
27277.2
27515.3
27618.1
27654.2
27823.9
28125.4
28657.3
29750.1
30348.5
30426.9
31211.6
31745
32171.4
32479.7
32568.6
33584.8
33697.4
33910.7
36358.6
36386.6
36489.1
39057.1
39099.3
40177.9
41572.4
41837.9
42695.5
43068.6
44223.3
44803.5
45062.9
45792.8
48543.9
48583.7
49138.2
49897.7
50010.2
51481.2
51669.3
52649.3
53988.5
54459.7
54698.2
54881.4
56195.4
56685.7
56727.4
57216.2
57287
58143
58994.1
60523.1
60622.4
60911.8
60929.9
61242.8
61682.2
62173.9
62989.8
63256.7
64105.4
64208.2
64471.4
64516.8
64758.7
65692.2
65923.2
65998.3
67595
67794.6
69343.8
69449.4
69525.8
69692.1
69761.9
70094.3
70237.1
70307
71032.8
71879.7
73240.9
73385.7
73776.8
74150
75886
76872.7
76960.7
79407.2
80361.2
80645.6
80800.3
81454.7
81795.8
82940.5
83172.2
83206.6
84103.9
85618.6
86059.6
86765.1
87099.8
87303.9
88009.2
89482.9
89917.3
90100.6
91596
92006.5
92576
93783.3
94454.4
94554.3
95338.7
95440.1
95545.5
97734.6
97784.1
98203.7
99890.1
100104
100650
100853
100956
101182
101383
101602
101687
101788
103465
103508
103517
104109
104203
104424
105451
106000
107287
108155
109563
110660
111324
111731
112289
113240
113373
115243
115444
115569
115847
115980
116580
116772
117631
117818
118288
119132
119567
120915
121389
121829
122002
122473
123753
123818
124774
125558
126691
126819
126938
127306
127358
127828
130540
130851
131171
131351
133894
134409
134532
135440
135966
137238
137456
139384
141447
142257
143749
144595
145232
145348
145870
145917
146095
146230
146648
147052
147153
147737
147932
148403
148534
148568
149079
151266
151756
151785
152975
153290
153857
154242
154323
154786
155181
155230
155234
155511
155615
156269
156701
156751
157860
159231
161379
161569
162097
163286
163565
164370
165151
165876
166710
167390
168235
168339
170191
171722
171875
172349
173264
173958
174038
174288
174558
175188
175710
176150
176767
177124
177392
177582
177976
178084
178391
178794
178803
178925
179244
180437
181174
181965
182556
182768
182912
184167
184393
184456
184570
185596
185759
185879
186100
186618
187948
189347
190965
193307
193416
193825
194193
194234
194541
194749
195116
195586
196194
197037
197449
198624
198841
