516.14
633.35
1280.61
1628.65
2226.86
2635.54
3105.21
3333.63
3349.65
3442.74
4016.37
4728.4
5520.01
5638.4
7033.44
7267
9097.79
9417.03
9778.5
9805.06
10081.9
10302.9
11087.9
11154
11666.2
12028.4
12130.1
12714.7
12952.1
13073.8
13119.4
13945.4
14546.4
15561.8
15842.4
16199.8
16538.5
16770.4
16806.8
17279.2
17535.8
17681.5
17992.8
18671.4
18952.5
19070.6
19325.5
21051.6
21553.7
22578
22653.7
22677.4
22931.1
23001.2
23685
24116.5
24753.5
25351.7
26067.8
26143.7
26796.7
26924.9
27339.4
27399.4
27492
27888
28160.8
28254.4
28305.9
28710.6
29198.6
29416.1
30651
30929
30954.2
31855
32259.6
32794.1
33972.6
34145.8
34306.8
34955.5
35045.6
35515.6
35759
36079.4
36149.3
37065.3
37975.4
39358.5
39497.9
41172.1
41586.5
41655.5
41881.4
42873.2
43396
43516.3
43654.3
43662.8
44202.1
44474.1
45568.3
45746.6
47347.1
47452.5
47972.8
48714.9
49193.8
49703.2
49759.5
50367.3
50762.1
50985.5
51278
52138.4
52307
52671.8
52831.7
54272.8
56079.2
56268.4
56619.4
57108.3
57388
58725.1
60158.5
60855.6
61952.6
62252.9
62462.8
63746.7
64167.7
66119.7
67872.6
68146
68425.9
68522.1
68684.6
68869.9
69365.2
69639.4
69866.8
70174.3
70177.5
71612.3
71895
72416.6
72796
72957.6
73393.1
74117.1
74465.9
75183.6
75436
75466.3
75734.7
75988.4
76241.6
76358.6
77110.9
77948.2
78734.2
79220.6
80056.8
81816.1
81951
81980.4
82393.1
82443.1
83021.2
83804.5
84296.7
84357.8
84505.9
84577.6
85043.6
85136.6
85568.6
85913.4
86754.1
86765.2
86784.3
87596.8
88267.7
90070.8
90642.7
91587.8
92102.7
92181.8
92276.3
93037.9
93603.7
93807.9
94849.2
95182.8
95637.6
96245.9
98578.1
98628.5
98893.3
99605.2
99874.5
100039
100306
100419
100814
101084
101086
101141
101686
101714
103420
104374
104628
105077
105932
106232
106497
106789
107300
107390
107559
107824
108207
109254
109906
110520
110759
111093
111467
112027
112346
112415
113429
113899
114352
114456
114837
115278
115637
115942
115979
116114
116245
118740
119065
119594
119720
120492
121448
121854
122008
122149
122227
122511
123562
124262
124329
124470
125188
125427
125921
126037
126769
128039
128051
128164
128486
129475
129504
130290
130480
130523
130969
132049
132782
133149
133258
134047
134980
135147
135192
137342
137530
137669
138439
138817
139617
139856
140312
140582
140911
141670
142043
142456
142909
142980
144147
145649
145951
146134
146995
147000
147233
147416
148014
148510
148743
149270
149407
150107
150829
150916
151025
152257
152826
153077
153118
153766
153850
155191
155252
155933
156032
156148
156362
156484
156887
158034
158386
158664
158955
159373
160203
160301
160383
160499
160701
160969
161136
161199
161403
161685
162122
162435
162509
162788
162911
163176
163985
165932
165993
166179
166388
166461
166682
166823
166832
167068
167113
168055
168194
168396
168776
168928
169569
169813
170081
170490
171345
171598
172218
174139
174163
174645
174669
175033
176007
176122
176342
177091
179287
180092
180139
180633
181067
181377
182107
183101
183315
183988
184306
184744
185421
185480
186056
186831
187129
187280
187868
187965
188110
188109
188207
188979
189720
189875
189963
190276
191025
191310
191476
192056
192363
192766
193713
193748
194787
195023
195180
195421
195652
196091
196305
196329
196599
197423
197956
198213
198586
199491
199911
