99.74
154.06
365.61
471.86
609.39
776.23
1165.57
1181.05
1337.73
1460.02
1638.09
1721.39
1973.52
2299.78
2466.7
2837.84
4225.16
4747.51
4793.63
4977.08
5006
5062.51
5462.45
5503.43
5553.25
5792.53
5851.19
5921.99
6015.64
6124.82
6213.86
6216.59
6236.2
6348.13
6713.58
6933.95
7065.03
7120.37
7501.68
7509.15
7597.94
7818.86
8019.8
8064.13
8103.47
8193.82
8401.05
8454.92
8576.58
8667.28
9235.99
9530.87
10187.2
11182.5
11340.2
11575.3
11679.2
11896.6
12356.2
12577.2
12622
12948.8
13007.7
13213
13263.9
13643.1
13761.8
14200.5
14221.9
14297.2
14570.5
14842.9
15041.2
15185.4
15247
15506.3
16079.7
16253.3
16577.1
16687.6
16698.1
17050.1
17209.3
17376.8
18323.5
18450.1
18560.2
18802.7
19212.1
19255.3
19390.7
19880.8
19886.9
20202.5
20213.8
20219.7
20288.6
20498.5
20763.5
21340.7
21543.4
21678
21853.5
21920.3
23000.7
23411
24145.1
24382.7
24405.1
24476
24698.9
24836.6
25113.2
25178.8
25233.3
25564.3
25601.8
25984.6
26064.7
26320.8
26666.9
26695.1
26952.7
27620.5
27988.7
28293.3
28721
28788.3
29194.3
29594.7
29679.1
29749.6
29947.7
29959
30160.2
30159.8
30368.4
30402.8
30570.7
30781.6
31030.6
31175.7
31426.6
31463.7
31611.2
31810.2
31827.2
32174.9
32817.4
33368.2
33518.5
33576.8
33604.3
33642.5
33816.1
33933.6
34056.8
34416.2
34433.9
34989.1
36361.7
36628.1
37071.8
37097.1
37106.8
37146.5
37769.9
37800.3
37809.9
37849.4
38273.9
38415.5
38503.8
38674.9
39559.4
39771
39829.9
40190.5
40475.6
40909.4
41024.3
41072.6
41392.6
41863.4
42561.6
42799.9
42923.7
43042.5
43589.1
43943.7
43952
44315.9
44409.9
44638.9
44707.4
44772.7
46078.5
46167.5
46202.1
46496.2
46511.6
46658.7
46837
46860
46874.8
47141.9
47159
47156.5
47349.9
47747.5
47752.1
47829.6
47988.6
48385.5
48476.8
48542.1
48749.5
48825.3
48839.5
49247.8
49485.9
49605.4
49665.2
50038.7
50252.7
50583.7
50916.4
50984.4
51033.6
51191.9
51931.6
52119.9
52181.7
53063.7
53212
53844.1
53870.5
53894.4
54224.7
54531
55305.4
55391.3
55641.7
56421.7
56799.4
56995.6
57814.9
58971.8
59111.3
59219.6
59538.6
59971.9
60076.7
60400.7
60439.3
61155.6
61347.5
61958
62381.6
62531.2
62562.9
62639.9
63069.4
63079.1
63384.4
63608.5
63961.7
64743.4
64863.2
64966.7
66029.2
66336.9
66575.4
66931.4
67223.5
67314.1
67640.4
68153.6
68465.1
68742.4
68907.1
68970.1
69093.9
69421.2
69577.1
69782.3
70053
70309.4
70333.1
70386.5
70498.1
70764
70854.5
72366
72810.9
72898.7
72966
73998
74643.4
74735.4
74907.9
75202.2
75421.2
75530
75921.6
76283.7
76987.4
77095.6
77300.4
77314
77498
77546.1
77803
77887.1
77917.5
78558.2
79365.9
79551.7
79701.2
79862.2
79986.9
80412.7
80578.2
80599.6
80785.6
80936.3
80984
81257.2
81271.8
81816.7
81855.9
81964.2
82704.7
82942.1
83199.5
83439.8
83569.6
83600.3
84033.6
84627.6
84765.5
85278.4
85538.6
85609.4
85888
86114.4
86404.3
86464.9
86593
86655.3
86796
86934.3
87022.4
87048.3
87406.9
87962.3
88107.5
88378.8
88405.6
88545.3
88737.9
88761.1
89370.8
89540.4
89623.5
89738
89936.5
89995.7
90013.8
90152.5
90374.7
90546.1
90881.7
91622.4
92209.6
92435.6
92606.5
92809.6
93357.8
93356.3
93986.1
94126.1
94258.2
94844.2
94970.6
95198.8
95236.6
95698.1
95751.3
96378.1
96437.6
96538.4
96785.4
96879
97102.4
97103.4
97263.9
97524.3
97545.7
97891.3
98230.3
98511.6
98731.5
99084.3
100540
100921
101216
101400
101420
101497
101730
102105
102174
102260
102409
102443
102483
102672
102984
103017
103268
103388
103391
103400
103443
103654
103749
103836
104011
104069
104189
104821
105004
105127
105177
105359
105410
105470
106070
106282
106949
107296
107395
108022
108346
109096
109145
109351
109536
109633
109972
110204
110510
110549
110651
110734
110904
110966
111095
111152
111643
111743
112138
112567
112860
113525
113701
113758
113868
114272
114764
114889
114913
115096
115142
115666
115988
115998
116189
116273
116441
116540
116877
116948
117245
117344
117628
118087
118307
118862
118886
118914
119299
119469
119607
119606
119691
119907
119965
120054
120447
120529
120977
121245
121412
121421
121816
121888
121903
121939
121983
121989
122017
122033
122267
122403
122718
123038
123045
123225
123288
123654
123928
124212
124370
124825
125108
125314
125539
126098
126419
126805
126915
127034
127907
128279
128356
128526
128611
128760
128917
129076
129301
129405
129556
129709
130084
130315
130552
130708
130818
131272
131799
133116
133604
133867
134954
135071
137157
137314
137485
137951
137981
138277
138531
139266
139304
139380
139491
139625
139978
140801
141110
141529
141586
141785
141990
142258
142405
142609
143157
143314
143617
143890
144153
144619
144944
145135
145259
145372
145444
145677
145990
145997
146017
146020
146343
146358
146456
146650
146952
147663
147922
147979
148052
148271
148865
149182
149754
149998
150162
150355
150635
150992
151017
151307
152305
152419
152590
152714
152964
153650
153942
153987
153991
154087
154399
154435
154529
154529
155113
155277
155871
155920
156029
156263
156493
156553
156761
157488
158427
160372
160403
160812
160845
161275
161529
161593
161802
162001
162937
162973
163202
163289
163463
163684
163888
164115
164204
164278
164416
164538
164815
164901
164947
164969
165364
165980
167131
167738
168277
168483
168771
169377
169492
169788
170191
170720
172036
172186
172281
172652
172675
173005
173102
174157
174465
174705
174735
174763
175077
175089
175436
175448
175691
175800
175991
176049
176326
177217
177292
177456
177578
177606
177808
178226
178259
178282
179461
180398
180438
181563
182095
182537
182610
182822
182990
183000
183021
183256
183316
183468
183514
183989
184052
184103
184180
184293
184788
185140
185829
185920
186140
186435
186477
186559
186921
187250
187534
189965
190307
190489
190622
190753
190840
191269
191788
192013
192229
192254
192517
192535
192589
192603
193055
193336
193469
193565
193619
194572
194609
194644
194957
195651
195893
196082
196122
196614
196749
196894
197000
197056
197137
197365
197482
197683
197808
197988
198000
198115
198342
198873
199024
199374
199808
199940
