4230.25
5938.94
6340.35
6971.37
7731.15
7930.6
8174.25
8678.34
9655.72
9823.62
10006.4
10326.7
13215.5
13940.3
15521.3
16014.1
31341.2
31712.9
33554.9
34449.1
35680.2
35790.2
36105.4
36448.4
37744.2
38398.3
38887.1
40973.5
41201.5
41701.3
42116.9
42185.2
42527.5
43353.5
43459.7
43702.6
44821.6
44862
45300.5
45652.2
46544.3
46719.3
49741.9
50553.7
50789.5
51948.3
52412.2
53340.3
55521.4
56213.8
57982.6
58535.8
59466.7
60167.8
60958
62216.9
62585.4
63397.7
63715
65104.9
65686.3
66069.8
66348.9
66855.8
68344.2
70847
71514.1
73217.3
73916.1
74274
74441.6
74516.9
74529.6
74780.4
75119.7
75255.7
75924.2
76047.5
76058.9
76201.2
76861.9
77413.8
77568.9
77813.8
78492.4
79188.7
80088.7
80278.4
80513.2
82533.3
83055.1
84159.7
84744.1
86395
87931
89622.9
89865.9
90378
90783.1
96291.4
99388.2
99877.1
