164.42
426.66
544.22
546.6
595.81
1025.71
1045.74
1272.17
1349.48
1361.43
1607.32
1877.12
1951.28
2046.05
2201.75
2265.55
2422.19
2586.26
3069.66
3159.48
3251.44
3422.02
3505.06
3591.35
3691.99
3830.47
3992.4
4038.64
4104.82
4140.97
4292.82
4294.47
4360.36
4438.26
4450.78
4473.98
4577.9
4973.64
5213.31
5299.32
5445.34
5683.22
5764.13
5798.03
5980.95
6473.66
6644.51
6723.59
6778.93
7011.26
7416.79
8096.97
8256.91
8587.54
8662.43
8703.87
8945.42
9039.65
9044.37
9188.08
9415.98
9915.46
10120.7
10438.8
10462
10506.1
10557.7
10870.4
10871.3
10883.8
11704.8
11813.3
11821.1
11944
12206.4
12334.6
12364
12772.5
13245.8
13265.8
13335.3
13382.7
13433.4
13435.3
13764.6
13894
13932
13941.6
14039.7
14600.7
15003.6
15142.9
15851.8
16333.7
16424.4
16659.4
16798.2
16834.1
16951.6
17146.2
17439
17513.9
17553.4
17628.8
17911.8
18047.6
18078.2
18412.5
18731.9
19259
19289.9
19375.9
19553.8
19677
19979.7
20117.7
20229.8
20755.4
20954.4
20993.4
21241.2
21251.4
21539.4
21586.4
21609.5
21949.7
21977.1
22117.6
22129.6
22276.2
22287.5
22322.2
22327.2
22679.8
22996.6
23251.2
23329.6
23474.2
23480.5
23792.6
24105.6
24342.7
24526.2
24577.6
24657.4
25012.6
25095.6
25099.7
25305.8
25402.8
25483.2
25730.9
25895.7
26361.8
26435.3
26543.5
26819.2
26824.5
27004.3
27254.3
27335.1
27554.1
27801.9
27934.2
28113.9
28764
28937.5
29478
29610.8
29632.7
29654.4
29716.9
30168.6
30261
30403
30531.1
30660.9
30879.7
31030.2
31171.4
31423.9
31632.8
31925.9
31951.2
32081.3
32156.1
32510.7
32780.1
32978.1
33326.9
33362.5
33545
33595.7
33646.6
34013.1
34277.2
34302.7
34656.2
34705.7
34702.2
34961.7
35123.9
35235.1
35807.6
36259.9
36276.5
36522.3
36597
36929.8
37458.7
37499.6
37571.4
37578.5
37957
38040.9
38072.9
38097.4
38593
38625.8
38884.2
38915.4
39298.6
39464.8
39702.6
40211.6
40278.7
40380
40438.8
40439.5
40512.4
40761.2
40880.4
41354.8
41473.3
41504.1
41540
41619.4
41711.4
41932.5
42848.7
42968.5
43068.6
43136.3
43401.2
43447.3
43445.2
43495.3
43555.6
43717.4
43848.6
43983
44005.2
44206.2
44251.3
44276.2
44531.3
44586.7
44627.2
44876.6
45123
45164.7
45335
45409.9
45679.1
45711.2
45751.2
45761.1
46210.9
46230.1
46238.8
46554.1
46934
46967.8
47159.7
47434.3
47674.2
48081.1
48312.1
48363.1
48856.3
48947.9
49007
49231.8
49272.1
49296.8
49613.3
49875.8
49944.5
50250.6
50265.2
50440.3
50789.2
51069
51138.7
51364.3
51545.4
51573.7
51756.3
51852.1
51866.2
51998.1
52186.5
52411.4
52482.1
52731
52746.5
53015.4
53170.5
53481.9
53562.6
53831.5
53972.2
54085.6
54464.1
54466.5
54474.6
54688.6
54892.6
55004.9
55153.5
55320
55614.6
55700.1
55822.3
56052.8
56122.4
56159.5
56233.7
57168.7
57548.3
57705.8
58019.6
58071.8
58100.2
58328
58721.6
58727.1
58785.2
59022.6
59331.2
59408
59700.7
59915.8
59935.4
60058.9
60159.8
60236.8
60798.9
60854.9
60881.8
60883.9
61359.1
61978.3
62032.2
62101.5
62568.2
62567.4
62700.9
62740
63085.7
63223
63707
63986.1
64096
64765.4
64776.7
64804.9
65290.9
65757
66110
66180
66289.8
66350.4
66589.6
66901
67027.7
67518.1
67559.4
67571.7
67723.9
67887.8
68076
68221
68523
68686
69420.2
69531.2
69946
70010.2
70216.6
70227.6
70927
70959.2
71338.2
71519.9
71614.5
71690.3
71706.7
71728.1
72531.4
72627.5
72761.3
72857.7
73113.8
73542.6
73596.2
73729.8
74111
74286.5
74746.7
75202.8
75301.3
75386.3
75637.4
75987.9
76110.8
76383.3
76453.4
76471.1
76612.2
76608.1
77191.3
77229.5
77299.3
77435.9
77723
77887.1
77978
78057.7
78382.1
78611.5
78698.1
78721.7
78735.2
78837.6
79166
79441.6
79523
79626.1
79810
79994.2
80238.8
80373.4
81037.3
81606.8
81703.1
82102.2
82294.3
82518.3
82541
83056.4
83419.9
83671.5
83715.6
83927.5
83995.2
84054.8
84604.3
84663.9
84726
84815.1
85102.1
85403.3
85535.6
85741.8
85813.4
85898.8
86003
86045.4
86084
86764.6
86956.9
87056.9
87266.5
87621.5
87725.2
88019.1
88035.4
88305.4
88405.3
88429.8
88656.3
88978.8
89045.8
89419.1
89431.6
89441.1
89899.6
90352
90548.9
90660.4
90670.9
90847.2
90869.8
91232.6
91257.1
91771.6
91797
91902
92098.6
92211
92444.4
92599.9
92608.7
92750.3
93378.2
93463.8
93510.7
93540.6
93770.7
93809.2
93832.6
94032.1
94169
94213
94605.3
94736.1
94946.1
95119.7
95108.6
95229.1
95297.8
95480.6
95705.4
95761.8
95799.9
96055.1
96111.7
96188.2
96322
96340.2
96543.8
96861.2
96933.8
96985.7
97129.3
97199.8
97300.1
97494.4
97569.5
97704.1
98299.2
98331.9
98451
98678.1
98814
99001.9
99162.3
99198.2
99470.3
99606.4
99679.6
99762.1
99869.4
99900.7
99927.1
100617
100655
100675
100763
100955
101105
101261
101344
101467
101789
101795
101941
102001
102035
102302
102556
103065
103081
103074
103124
103301
103307
103378
103535
103577
103594
103835
104399
104440
104524
104868
104973
104980
105164
105249
106007
106273
106285
106410
106856
106938
107019
107108
107248
107494
107525
107732
107738
107847
107929
108228
108308
108716
108870
109060
109281
109327
109445
109612
110080
110082
110401
110464
111078
111094
111441
111853
111887
111896
112149
112796
112926
113194
113276
113588
113793
113804
114321
114482
114647
114664
114759
114849
115007
115260
115400
115521
116251
116477
116694
116714
116947
117271
117797
117901
117959
118267
118551
118659
118736
119081
119877
119906
120095
120179
120213
120302
120311
121224
121531
122040
122090
122254
122428
122712
122727
123146
123190
123207
123270
123368
123404
123453
123490
123916
123966
124169
124225
124252
124512
124605
124787
124931
125101
125296
125365
125663
126113
126344
126451
126661
126750
126860
126922
127088
127159
127301
127539
127630
127916
128168
128426
128489
128521
129121
129141
129375
129593
129697
130062
130101
130253
130397
130690
130818
130902
131077
131391
131433
131863
132449
132465
132482
132630
133121
133140
133271
133399
133442
133458
133940
134340
134584
134764
134813
135125
135131
135159
135343
135535
135827
135878
135985
135995
136305
136383
136444
136458
136676
136818
136954
137199
137262
137286
137519
137525
137541
137650
138091
138192
138222
138226
138462
138594
139198
139327
139810
140161
140255
140474
140819
140954
141121
141206
141420
141479
141535
141694
141890
142237
142234
142457
142535
142654
142669
142733
143123
143132
143414
143502
143509
143710
144040
144173
145029
145044
145132
145196
145459
145775
146040
146176
146311
146409
146416
146628
146979
147112
147512
147748
147968
147981
148185
148250
148384
148561
148860
148942
149065
149363
149837
149856
149899
150213
150319
150492
150611
150635
150676
150930
151203
151477
152381
152507
152563
152784
153315
153360
153875
154051
154154
154328
154402
154996
155313
155325
155489
155544
155685
155895
156053
156098
156228
156284
156307
156497
156520
156565
156599
156658
156912
156972
157056
157069
157618
158120
158256
158307
158375
158784
158836
158844
158992
159352
159753
160320
160488
160624
160837
160939
161527
161712
161763
161875
162162
162321
162413
162535
162663
162728
162775
162771
163299
163353
163492
163821
164161
164321
165197
165322
165460
165510
165515
165619
165812
166029
166041
166299
166355
166553
166805
166971
167217
167498
167590
167827
167848
167955
167996
168120
168404
168843
169253
169684
169756
169801
169929
170117
170172
170167
170236
170687
170933
170991
171187
171286
171702
171822
171846
172392
172493
172706
172887
173132
173189
173203
173310
173578
173625
173770
173800
174257
174575
174822
174924
175171
175341
175341
175404
175444
175507
175504
175816
176280
176354
176604
176642
176668
176670
177142
177492
177566
177631
177851
178046
178057
178337
178511
178558
178822
178885
178995
179177
179234
179677
179715
179732
179822
180027
180540
180753
181084
181312
181512
182073
182179
182360
182613
182628
182814
182950
183071
183268
183574
183684
183754
183783
184222
184302
184316
184381
184474
184621
184706
184970
185111
185234
185362
185407
186139
186295
186397
186461
186570
186777
186962
187321
187734
188752
188945
189285
189621
189696
189801
189811
189947
189947
189982
189972
190191
190323
190360
190836
190942
191015
191242
191349
191500
191568
191631
191779
192051
192185
192431
193267
193470
193622
193872
194162
194259
194357
194356
195121
195286
195335
195607
195627
195649
195895
195965
196025
196157
196235
196290
196318
196456
196499
196752
196866
197695
197870
197998
198275
198432
198476
198574
198716
198748
198829
198950
199291
199378
199391
199392
199793
199801
