349.4
873.97
1831.91
2103.36
2121.93
2227.59
3773.99
4077.57
4130.11
4990.96
6465.9
6496.17
7391.33
7431.07
8172.93
8404.9
8420.1
9111.03
9247.26
9251.4
9902.25
10568.4
10619.9
11072.8
11257.6
11656.1
11790.1
11913.9
11955.5
12054.4
12067
12295.3
12394.7
12446.9
12751.1
13166.5
13261
13541.7
13759.9
13807.4
14634.8
14942
15003.7
15641.9
15642.6
15794.4
15901.3
16428.7
16468.1
16512.6
16690
16919.3
16953.5
17033.5
17173.3
17221.4
17817.5
18650.9
19084.4
19198.7
19284.8
19360.3
19842.8
20014.2
20036.2
20191.1
20819.8
21420.5
21436.5
21682.5
21849.2
22283.7
23075.3
23205.8
23677.6
23772.8
23834
23979.6
24115.7
24302.5
24544.5
24669
24813.8
24836.8
24886.5
24944.7
25019.9
25796.6
25833.5
26514.3
27270.9
29290.3
29344.9
29581.6
30227.5
31206.5
31411.4
31428.5
31679.6
31729.9
32138.7
32163.1
32492
32511.6
32919.9
33184.7
33248.8
33733.6
34018.8
34452.9
35246.8
35739.8
35985.3
36287.3
36320.5
36431.5
36942.2
37271.6
38226.2
38327
38502.4
38688.1
38742.6
38966.6
39118.5
39234.1
39256.2
39713.7
39723.4
40579.4
43075.5
43205.3
45049.4
46035.1
46376.2
46378.1
46862.3
47700.9
47774.7
47825.6
48369
49374.4
51069.6
51134.4
51341.5
51852.7
52154.1
52205.5
52456.5
52539.3
53070
53499.9
53792.8
53915.5
54023.6
54278.8
54537.9
54625.3
54876
54912.8
55335.6
55473.5
55658.2
55945.9
56217.6
56273.2
56303.1
56736.3
57184.5
57214.9
57344.7
57593.4
57752.8
58002.1
58033.4
58467.3
58471.7
58812.5
58959.7
59071
59440.9
60242.6
60436
61259.3
61489.6
61879.9
62012.7
62887.2
62939.2
63682.2
64179
64748.2
66156.4
66301
66836.9
66914.6
67922.5
68233.6
68540.1
68776.7
68904.7
70353.4
70563.4
70784.6
70889.8
71108.9
71188.7
71899.8
72221.6
72713
72718.5
72740.9
72872.2
73009.7
73016.4
73009.5
73092.9
73224.3
73341
73405.5
73509.1
73580.8
73686.5
73725.7
74450.6
75380.4
75432.9
75553.3
75760.6
76866.6
77294.8
77711.7
78116.3
78938.6
79526.6
79839.6
80061.8
80594.2
80727.9
81268.1
82512.9
83510.2
83905.2
84204.4
84226.7
84743.5
85292.1
85360
85461.4
85656.2
86343.7
86900.1
90499.7
90662.7
90766.1
90979.7
91364.7
91927.1
92430.4
93017.9
93171.6
93857.3
94016.8
94925
95623.6
95860.4
96769.5
96951.9
96972.7
97132
97391.4
97423.1
97554.7
97725.8
97927.5
98228.3
98281.4
98832.6
98841.7
99307
99634.1
