681.22
867.53
1164.54
1266.12
2194.45
2382.96
2979.16
2993.2
3122.73
4644.23
4784.2
5095.04
5110.12
5819.46
6052.32
6243.48
7037.99
8972.26
9491.83
9721.37
9834.88
10261.3
10285.6
10415
10946.1
11264.6
11677.9
12749.4
13774.8
14000.4
14128.5
14495.3
14710.3
14999.5
15898.5
16334.9
16389.8
17147.6
17207.6
17813.9
17853.3
17962
18213.9
18355.5
18554.6
19147.8
19401.9
19624.3
20867.8
20949.4
21119.4
21509.8
21578.8
22748.7
23312.5
23439
23973.3
24248.9
25608.4
26016.3
26177.5
27571.3
27679.6
28021.2
28258.8
29482.7
29989.5
30255.4
30715.8
33137.2
33328.5
33705.3
34165.9
34478.4
37077.8
37994.5
38560.6
39301.5
40839.2
41005.5
41107.1
41879
44019.3
45496.8
45839.8
45920.9
46468.5
47334.1
47412.4
47673.4
48705
48985.6
49157.2
49184.5
49597.2
50170.2
50273.8
50473.3
50947.3
51355.5
51810
51820.2
52455.9
53474.7
54051.7
54425.6
54690.1
54819.7
55067.6
55209.7
56826.6
56957.2
56972.1
57308.4
58597.3
59408.7
59508.6
59831.8
60028.3
60251.2
60501.8
60861.6
61591.3
62860.5
63331.8
66817.8
67383
67620
67952.6
68114.3
68328.8
68710.6
69037.6
69066.5
70061.2
71548.7
71959.6
72093.9
72333.1
72532.9
74091.2
74158.3
75534.4
76042.6
81329
81715.3
81749.8
82126.8
82781.8
82992.9
83138.4
83619.7
84509.9
84993.6
86724.8
88244.9
88336.4
88660.7
90699.6
91007.6
91570.7
91621.8
91740.5
92107.1
92384.3
92756.9
93005.3
93486
94095.7
94379
94565.8
95331.6
95788.7
97322.3
98507.8
99521
100199
100212
100282
100620
101679
104785
105231
105603
106038
106040
106206
106627
107368
108677
110099
111542
111564
111983
112722
113052
113933
114175
114385
114906
115138
116355
117531
117547
118019
118059
118638
118887
119363
119834
120166
120635
121090
121194
121646
125330
127740
128490
129064
129342
129764
129779
130061
130291
130598
131409
132690
133091
134214
134651
135339
135556
135967
136571
137597
138742
138773
138989
141331
141622
141803
146298
148573
149306
150263
150547
152681
153115
153309
153708
154047
154150
156740
157146
157205
157650
157863
158015
159299
159777
160307
161349
161811
162047
162136
162395
162620
163726
163811
164022
164120
164812
165719
166046
166162
167498
168400
168609
169046
169245
169641
170736
171311
172273
173610
173948
174323
174546
174906
175928
176077
177025
177434
178606
178632
179639
180699
181001
181529
182323
183310
183538
185117
185382
187743
188462
190548
190689
191244
191551
192600
192936
193766
195928
197675
198351
199988
