4221.24
12531.7
16038.3
16767.3
17408.6
18204.5
19730
20186.8
20570.6
21706
24813.7
25163.4
25626.7
25712.3
25869.6
26014.9
27453.7
28424.1
28624.6
28662.6
29072.4
29155.9
33371.4
35099.7
39498.2
40136.2
40240.3
40525.7
42692.1
49258.1
49491.6
49605.6
51256.6
51371.2
51892.4
52132.3
52138.4
52176.7
52730.6
53128.7
53139.4
55320.4
60851.5
62549.8
79740.4
81362.6
82667.2
84503.2
85936.7
87555.2
88155
89837.2
89864.2
90298
90527.4
90654.8
91829.9
92447.1
94660.7
96464.9
96585.7
97562.3
97764
97971.8
98343.3
98651.1
98828.5
98900.9
99297.7
100218
101612
102090
107339
110403
110635
111436
111623
112100
112234
112924
114528
114745
114747
115717
118403
118830
120699
121016
122721
123011
123446
123858
125082
126422
128074
129704
131451
132258
132575
132978
133360
134358
134569
134592
134867
135630
136582
136877
137225
137463
138142
138434
138438
139280
140777
145083
145304
150853
151442
152437
158987
161974
163159
164518
165936
171872
173301
174566
175020
176221
176649
180068
181136
181363
182676
183160
183190
183418
184665
184777
184809
184847
184942
184961
185319
185321
186509
186804
186920
188283
188351
188694
188878
189786
190892
190976
192831
193566
193870
196140
196170
197340
197827
198118
