2056.47
3467.26
5720.65
5971.97
6922.43
7516.69
8567.33
10653.1
11479.5
11873.5
12658.2
14975.1
15039.9
15738.8
16671.5
16743
16796.4
18938.3
19429.5
19522.6
21900.1
22531.7
26121.2
26204.1
26888.2
27367.2
27918.3
28152
28448.8
28894.4
30579.8
31779.1
32424.9
33350.8
33875.1
34148.3
34177.9
36087.8
36968.7
38448.7
38714.2
39383.6
40313.2
40862.1
41891.1
43717.3
44785.8
48379.7
48686.4
50113.7
51757.7
52641.5
55064
55176.7
55406.4
56899.7
57645.5
58679.1
59657.1
61437.6
62576.8
62718.5
64003.7
64283.1
64386.4
64521
64711.3
65157.6
65274
66235
68227.3
68744
69805.1
70014.9
70196.8
70384.4
73932.9
74117
74290.5
75274.7
75624.4
77268.5
79609.8
80786.5
81427.3
82871.7
83269.9
83603.9
83936.8
84019.2
84719
85468.6
86617.5
86935.8
87551.1
89884.7
91042.2
92393.5
93298
93687.1
95786.7
96258.5
98832.9
100424
100943
101378
101916
102048
103604
103673
104361
104668
104774
107669
108470
109204
110967
111851
113179
113426
113881
115750
116103
116879
116967
117740
117885
118045
119430
119976
122344
124160
125017
125168
125181
125254
126566
127661
128492
129555
130816
131169
133514
134166
134713
135236
135959
136349
136372
142640
145532
146024
146680
147623
147634
148980
149211
150803
151317
153840
154627
155259
155454
155511
156319
156775
156957
159758
159876
162415
162876
165449
165539
166153
168871
170392
172923
174346
174797
174802
175302
175295
177953
178630
179065
180052
180772
181073
183026
183315
184507
185047
186018
186405
186728
187283
188352
190677
191414
192658
193921
194156
194501
195440
195838
197029
197395
