112.14
115.25
643.23
1111.93
1206.51
1698.34
1894.77
3031.66
3990.28
4509.31
5434.66
5527.78
6909.84
7156.8
7604.25
8452.55
10761.9
10899.4
11016.4
12128.2
12366
12423.4
13790
14478.8
14589
16107.9
16303
16529.2
16616.5
17089.8
17382
17387.8
17538.6
18505.5
18512.3
18739.7
18820.5
19076.1
19110.2
19355.7
21600.4
21755
21844.3
22182.5
22254.7
22398.1
22575
22643.5
22856.8
23268.2
25805.4
26544.9
26571.8
26761.5
27108.8
27227.1
27255.9
27509.5
27592
27634.5
27802.8
28106.2
28185.6
28531.4
28650.8
28783.1
29741.4
30328.4
30402.1
30497.7
31049.7
31201
31245.1
31722.8
32164
32195.1
32475.7
32543.7
32929.3
33404.6
33546.7
33688.4
33875.4
34441.5
34887.2
36342.7
36377.4
36484.6
36846.4
38216.6
39034.7
39094.8
39880.5
40155.9
41565.7
41815.9
42671.3
43060.6
43593.7
44215.3
44384.1
44779.9
45046.4
45786.8
48273.4
48534.3
48561
49133.4
49875.8
50003.5
50756.5
51453.2
51660.8
52619.7
53663.9
53981.9
54450.9
54678
54871.9
56172.4
56408.4
56662.1
56709.1
57132.7
57208.5
57281.1
58138.7
58894.8
58964.2
60494
60602.3
60609
60907.5
60923.8
61092.2
61237.9
61676.1
62151
62979.6
63236.2
64072.2
64200.4
64453
64496.3
64736.9
65686
65908.5
65959.7
66708.9
67570.7
67790.2
68025.6
68920.4
69325.4
69430.5
69502.7
69669.8
69744.2
70070.9
70218.1
70279.3
71011.3
71859.7
73224.3
73354.8
73510.2
73768.9
73807.8
73826.4
73922.1
74144.2
74359.9
74393.4
74935.2
75149.3
75424.9
75879
76259.3
76855.6
76954.7
77755.7
79389.4
80331.2
80635.2
80792.9
81394.3
81427.6
81774.8
81818.7
82781.5
82935.4
83166.7
83186.7
84083.1
85339.3
85584
86033.3
86518.8
86746
87080.1
87285.5
87876.6
87918.5
87979.5
89475.4
89540.8
89911.5
90092.2
91580.2
92001.7
92570.4
93588.1
93777.4
94449.5
94533.1
94752.5
95302.6
95434.3
95526.1
96933.9
97729.9
97779.4
98197.7
98870.7
99884.9
100098
100629
100848
100936
101157
101360
101596
101671
101766
103272
103443
103475
103491
103932
104090
104103
104196
104419
105419
105972
107269
108150
109552
110653
111203
111317
111704
112280
113235
113368
113601
114290
115224
115436
115536
115667
115826
115972
116573
116751
116784
117622
117810
118253
119107
119319
119562
119893
119936
120911
121383
121824
121998
122058
122468
123746
123771
124770
124851
125137
125553
126589
126685
126799
126808
126931
127301
127336
127380
127823
127987
130519
130823
131133
131346
133746
133873
134074
134403
134489
135410
135826
137209
137448
137903
139380
141439
141944
142252
143743
144583
144781
145204
145324
145852
145908
146080
146223
146628
147046
147131
147731
147926
148386
148519
148547
149066
150593
150776
151210
151261
151752
151781
152751
152971
153254
153853
154236
154319
154530
154780
155171
155225
155229
155494
155598
156262
156695
156745
157838
159212
161370
161563
162053
163279
163545
163878
164359
165123
165873
166678
167382
167927
168214
168318
170167
171294
171703
171851
172340
173235
173936
174011
174281
174537
174725
174816
175130
175181
175509
175699
176119
176761
177115
177382
177575
177863
177949
178071
178362
178500
178587
178787
178792
178915
179227
179557
179805
180432
181153
181942
182527
182760
182894
184155
184381
184434
184551
185569
185740
185873
186095
186612
187179
187943
189343
190946
191097
191262
192574
193277
193297
193408
193618
193804
194167
194227
194521
194743
195090
195580
196002
196189
197014
197429
198614
198819
