593.07
1272.16
2169.52
2381.54
2798.31
3888.14
5451.9
5906.9
8002.98
9027.02
9494.87
10133.8
11025
15318.7
15793.7
17061.6
18292.6
18307.7
21742.8
22228.7
22252.9
22529.2
23516.1
25995.3
26909.6
27489.5
33350.9
34092.8
36848.9
37610.3
39352.1
39782.7
40048.9
41318.8
41547.6
42308.9
43391.5
43690.1
45011
47332.1
47598.1
49399.7
49841.1
50922.3
53317.5
55431.3
55862.1
56124.2
56819.9
59209.7
60791.9
60838.6
60870
61205.5
62612.4
63374.3
63379.6
64274.5
65892.5
70504.1
70975.8
71450.7
72638.9
73339.3
74386.3
74867.5
75280.6
75446.5
75535.9
75985.6
76142.4
76429.3
77654.9
81344.8
81666.7
82099.7
83270.1
83617.6
85218.9
85769.6
86301.3
88951.9
89215.8
89401
89665.2
90028.5
90664.9
90926
93403.6
95212.4
95408.1
97429.5
98663.2
98699.7
100034
100079
102043
102738
103537
103671
104918
105477
106476
107060
107743
108189
108489
110285
111866
112419
112889
114820
115047
115454
117373
119355
121002
121023
123088
124233
124694
125849
125942
127718
128989
129432
129820
132940
141508
144875
146077
146167
146325
147249
148106
148554
149240
149687
151716
152188
152812
153382
153612
155369
158032
158601
159905
160229
161997
163208
163320
164828
165753
166740
166984
169321
170432
170821
171185
171427
172589
172713
175169
175889
176316
176626
178697
179997
182594
183006
183057
184395
186443
187274
187361
188162
190183
194562
194903
195107
195843
195842
197290
197658
199395
