408.01
964.59
1514.15
1513.99
1870.55
3138.59
3535.76
3752.62
6021.04
6248.53
6819.22
7077.66
8409.16
8450.12
8790.21
9782.02
10081
11727.6
12658.9
12672.5
13305.6
14409
14459.3
14718.3
14734.9
17114.8
19061.4
19646.1
21056.5
21825.5
22496.5
23645.2
24717.2
24839.2
24917.4
25079
25593.8
25808.9
27772.5
28974.2
29273.8
31009.1
31356.3
32045.7
33191.9
33686.5
33690.6
34672.7
35498.2
35590.1
36481.8
36779.1
38558.9
39692.6
39935.6
40256.1
40428
40477.2
40748.5
41335
41371.2
42561.8
42643
46497.7
47263.9
47546.1
48085.7
48923.6
49098.6
49252.7
49987.6
50768.7
51103.4
51652.9
52075.4
53509.6
53652.7
53803.5
55124.6
55601.4
55697.1
55952.2
56782.6
57118.9
57448.9
57650
58480.3
58726.6
59634.6
59644.3
60841.4
63121.3
64949
65404.5
65658.9
66826.4
67835.9
68661.8
68794.2
69001.1
69474.4
69733.4
70325
70677.5
71085.9
72088.5
72151.8
72963.7
73400.2
73401.5
73594.1
73767.3
74305.5
74324.6
74687.6
75634.3
75891
75985
76438.1
77170.8
77370.5
78809.4
79909.1
80742.1
82493
83015.2
83172.6
83478.6
83715.3
84085.2
85060.4
85761.6
88536.5
89487.3
89732
90094.2
90261
90383.1
90551.7
90757.8
91033.2
91041.4
91201.3
91231.3
91384.9
91414.9
91476.8
91599.6
91990.1
92353.2
92661.9
93425.7
94921.4
95416
95860.2
96666.3
96950.1
97788.6
98974.4
99219.4
99401.7
100095
101539
102205
103228
103279
105702
105979
106462
106667
106881
107432
107630
109111
109762
111069
111348
111474
111611
112211
112270
112958
114595
115735
116266
116431
116517
117100
117173
118003
118429
118459
118670
119833
120101
120166
120722
120864
121166
121690
122746
122950
123157
123257
123385
123999
124184
124286
124674
126284
126627
128300
130548
131353
131429
131776
132004
132688
132998
134092
134460
134480
134904
134931
135004
135671
136228
138609
141198
141675
142313
142669
142761
144029
144086
144997
145339
145909
146367
147489
147796
148073
148406
148472
148522
148656
148708
149087
149272
150309
150764
151673
151918
152453
153443
154537
155899
157481
160071
162271
162691
163802
164004
164832
165698
166035
166880
167084
168039
168226
170257
170830
170964
172180
172930
173162
174622
174971
175238
175336
176067
176872
177572
177990
178061
178963
179484
179548
179595
181304
181640
182037
183083
184422
184910
185106
185437
186230
186620
186722
188131
188714
189948
191034
191063
191706
192519
192567
193381
193435
193625
194191
197182
197640
197897
199416
