320.14
666.99
933.56
1048.96
1977.65
3327.08
3466.45
3597.97
3657.72
3754.27
3859.63
4018.45
4161.83
4177.46
4553.09
4879.11
4890.42
5025.23
5224.63
5950.69
5987.87
6208.11
6614.32
6718.47
6881
6925.56
7058.46
7592.56
7598.8
7639.72
7863.92
8045.17
8050.78
8222.29
8800.19
8988.15
9053.29
9739.13
10096.9
10450.9
10667.7
10935
11063.6
11089.2
11159
11170.9
11249.2
11402.8
11522.9
11644.3
12000.7
13357.8
13564.5
13920.9
14284.1
14603.9
14613.8
14729.4
14939.4
15084.9
15301.3
15865.7
15901.1
16228.4
16276.2
16759.1
16898.5
16924.1
16989.5
17170.1
17295.9
18098.9
18330.2
18388.7
18601.7
19583.3
19796.7
20220.4
21266.2
21287.1
21402.4
21456.7
22114.8
22367.3
23092
23551.4
23731.6
24002.2
24140.5
24231.7
24824.6
25603.6
26111
26676.6
27490.4
29004.9
29329.2
29915.7
30459.6
30515.7
31923.2
32116.7
32355.3
32369.7
32556.7
32964.1
33069.7
33368.3
33614
33777.4
34060.8
34327.4
34676.1
35067.3
35151.7
37261.8
37530.7
38084.5
38166
38543
38587.1
38929.9
39240
39515
39824.5
39863.7
39984
40091.4
40336.6
40516.9
40700.6
41714.5
42020.4
42049.1
42509
42692.5
43333.5
43452.7
43758.3
44232
45907.1
46067.5
46262.9
46371
46398.1
46615.9
46858.2
46957.2
47447.1
47497.5
47999
48089.9
48328.7
48419.7
48576.3
48782.4
48888.6
48975.3
49009.7
49106
49339.7
49353.8
49646.7
49748.8
50534.3
50955.2
50971.7
51267.1
51337
51574.3
51820.1
51905.3
51927.1
52209.4
52368.3
52664.6
52841.5
53574.4
54947.3
55600
56395.5
56890.7
56901.7
57245.7
57284.3
57588.7
57721.8
57879.7
58002.2
58069.5
58126.1
58598.3
58700.2
58773
58835.6
59031.7
59245.7
59273.5
59497.3
59801.5
59877.9
59888.8
60005.6
60013.6
60223.6
60465.5
60701.5
61398.2
61970.4
62422.3
62472.6
62487.7
62717.4
63308.6
63400.5
63902.9
64008.7
64041
64610.5
65122.2
65171.6
65515.7
65714.6
65725
65960.7
65988.2
66698.8
66819.1
67414.5
67429.4
67746
67786.7
68313.3
68971.1
69187.4
69426
69917.7
70531.9
70648.2
70813.5
71063
71161.6
71673.5
71692.9
71735.1
71786.8
72011.1
72136.2
72361
72540.3
72863.7
72941.9
73418.1
73685.8
73741.5
74111.1
74177.2
74211.2
74462.1
74995.8
75836.5
76225.2
76224.9
76585.5
76668.5
76883.9
76939.1
77234.8
77311.4
78325.6
78527.4
78666.9
78997.1
79246.4
79245.9
79322
79324.7
79725.6
79895.4
80141.5
80639.6
80751.9
80766.5
80830.9
81408.9
81420
81667.4
81685.2
81742.5
81836.9
82120.3
82305.9
82843
82896.1
82993.5
83176.7
83371.6
83447.5
83558.1
83591.9
83809.1
84097.5
84241.8
84367.9
84437
84500.1
84510.5
85391.4
85656.9
85662.4
86104.3
86438.7
86484.8
86532.6
86770.4
87155.2
87546.7
87993.6
88364.1
88473
88846.7
88933.3
89096.1
89470.4
89790.1
89866.1
89864.2
89949.2
90079.7
90202.9
90246.3
90768
91481.9
91738.9
92627.6
92723.7
92834
92926.1
93186.5
93232
93771.2
94489.2
94852.3
95027.1
95236.6
95267.8
95302.4
95522.2
95709.1
95724.2
96060.5
96442.8
96661.9
97170
97279.1
97529.1
97907.7
98079.3
98509.7
98558.1
99309.8
99366.9
99723.1
99832.5
100155
100818
101295
101729
101805
101836
102777
103095
103269
103767
103806
103996
104032
104086
104265
104555
104736
104939
105024
105184
105266
105410
106127
106204
106428
106504
106512
106689
106748
106924
106965
107064
107453
107502
107598
107656
108340
108745
109359
109719
109842
109897
110098
110156
110189
110508
110539
110661
110812
110842
111024
111277
111660
111999
111999
112089
112815
112863
113284
113702
113834
114018
114382
114387
114584
114956
115177
115381
115766
116048
116293
116527
117013
117174
117217
117248
118497
118927
119119
119270
119515
119622
119763
119868
119975
120067
120204
120358
120591
120647
120738
120835
120901
121006
121121
121495
122215
122292
122522
122673
122725
122825
123617
123620
123672
124050
124236
124480
125044
125134
125196
125458
125540
125814
125815
126058
126165
126178
126233
126281
126340
126831
126910
127086
127604
127824
128337
128624
128940
129258
129307
129429
129948
130216
130224
130291
130322
131228
131347
131592
131655
132135
132525
132614
132749
132967
133118
134507
134759
134838
134911
134965
135103
135773
136205
136323
136749
137168
137225
137433
137894
137925
137932
137949
137979
138181
138185
138212
138619
139374
139561
139680
139693
139947
139998
140308
140356
140546
140936
141351
141927
142086
142383
142668
142853
142913
143088
143168
143494
143518
143772
144508
144834
146084
146200
146327
146328
146458
146570
146699
146829
147033
147110
147178
147326
147353
147338
147421
147560
147778
148043
148527
148682
148782
148825
148918
149733
150560
150657
151299
151326
151720
151734
151815
151875
152615
152923
153272
153323
153429
153608
154061
154347
154380
154662
154865
154908
155162
155364
156151
156204
156343
156522
156640
156884
157186
157759
157925
157941
158025
158273
158355
158508
158633
159264
159322
159384
159509
159556
159909
159974
160042
160122
160291
160388
160890
160901
160910
161216
161668
161734
161738
161899
162189
162300
162385
162572
162618
162920
163098
163506
163732
164212
164296
164448
165099
165150
165564
165577
165832
166130
166932
166952
167142
167305
167362
167860
167943
168069
168217
168725
169012
169398
169679
170076
170273
170396
170670
170926
171347
171343
171879
172006
172494
172849
172904
173284
173580
173712
173735
173946
174645
174724
174964
175189
175832
176136
176235
176232
176777
176943
176983
177090
177193
178535
178526
178552
178635
178982
179449
179756
180029
180350
180654
180860
181466
181595
181807
181917
182152
182347
182432
183980
184229
184474
184482
184717
184729
185173
185423
185509
185791
185897
185970
186200
186422
186469
186986
187063
187207
187625
187697
187796
188271
188325
188384
188565
188685
188725
188857
188947
189173
189220
189229
189317
189694
190103
190244
190548
190637
190975
191041
191142
191588
191705
191986
192296
192309
192743
193113
193123
193224
193254
193339
193464
193494
193962
195084
195222
195254
195333
195553
195613
195883
196043
196225
196380
196483
196684
196873
197398
197782
198045
198241
199100
199093
199178
199407
199598
199691
199742
