1230.69
2379.16
2501.25
3831.77
4377.37
5266.1
7574.01
7622.12
8588.54
8816.04
10363.2
11581.6
12210.1
13434.9
15251.6
15569.8
16321.2
17060.6
20311.3
20567.6
20877.7
21092.7
21786.6
22317.9
22910.5
24111.9
24392.7
26171
26305.9
26495.5
28251.3
30691
30730.4
31517.4
31619.2
31781.4
32708.9
33084.1
33624.8
34099.4
34312.8
35209.7
36070.1
37676.1
38333.1
38403.4
39095.1
41212.6
42349.1
42643.4
43022.1
43992.9
44320
44415.3
44707.5
45600.6
45766.1
46208.5
46390.1
47362.8
47981.6
48535.6
51251.5
52269
53846.1
54946.1
55350.5
57466
57473.8
57557.6
57893.5
57924.4
58415
59272.9
59318.6
61067.3
61513.3
62993.1
64966.2
65654
66198.3
68698.6
68948.1
69169
69586.7
69777.3
70751.3
70807.5
71070.4
71361.5
74050.5
74375.6
76744.4
77542.1
78529.7
79117.8
79427.6
79588.9
80363.9
80962.1
81842.4
83213.7
83264
85565.9
85680.9
86494.7
86764.8
87809.3
87889
88206.5
89028.4
90285.5
90802.7
90932.7
91582.5
92780
92965.6
94528.5
95239
96052.3
96212.8
96764.2
96902.7
99678.9
101595
101949
102014
105725
106256
106797
107363
109104
111333
111536
112776
114897
115237
116300
116616
116861
118020
118274
118820
120065
120206
121348
122431
122590
125147
125776
126334
126468
126535
127279
127338
127746
128613
128901
129280
129390
130497
132525
133155
133304
133470
133505
135786
137287
137368
137391
137606
139338
139540
140385
141998
142346
143817
144482
145225
145400
145530
146889
147030
147702
148440
149049
149329
149375
149565
149652
149946
150940
152344
152506
153045
154028
154148
154331
154947
155249
156206
158545
163639
164894
165868
166148
166564
167699
168988
170369
170562
172923
173268
174632
174755
175040
175476
176017
176630
176893
177123
177616
178798
178832
179010
179235
179340
179423
179993
180087
180438
180546
180732
183759
184119
184436
186039
188853
189647
189816
189860
190303
190454
190457
190964
191808
192636
192676
192810
194202
194733
194777
196372
198026
198247
199566
199667
