3408.57
5848.64
7691.7
8175.82
9152.5
10943.5
12245
12324.8
13220.6
13579.1
17367.4
18590
19491.1
19513
19944.5
20435.6
22650.9
23113.3
25845.9
27171.8
29300.7
30484.4
30751
30955.9
31020.1
31437.5
33590.1
34687.3
39075.9
40409.8
41143.8
41908.8
42434.7
43478.7
45651.8
47379.4
48651.3
50902.9
50936.9
51347.5
51515.7
52017.2
52146.9
52371.3
52396.1
52494.2
53357
54116.6
55364.1
55600.1
55647.2
56471.6
56908.8
57412.3
58079.4
58872
59812.6
61081.5
61144.6
61336.5
64846.4
66158.9
66591
71542.3
71721.1
72070.2
72372.9
72638
75642.9
76166.4
77607.6
79831.9
80224.7
81596.1
82769.7
84555.1
85876.8
86566.2
87675.5
87836.6
88493.3
88572.1
88927.8
89027.8
89484
90616.8
91467.8
91872.4
92227.7
94720.4
