302.86
936.72
2976.35
6974.22
9651.07
12839.1
13497.5
16236.1
17482.9
18131.1
18382.2
18469.5
18693.1
19056.7
20455.3
20485.1
20762.6
21578.5
23367.1
23740.5
23935
24088.8
25144
29117
30970.3
31746.9
34474.2
36034.3
36754.7
36921.6
37969.4
38153
38944.3
39171.9
39329.3
39608.4
40992.1
42521.2
42608.1
42837.2
43633.5
45472.7
45752.5
48534.1
52837.3
53563.8
53783
54122.4
55430.4
55700.3
56830
58797.3
59148.8
59655.1
60838.4
61920.7
62504.3
63811.3
64466.8
65252.8
66247
67150.2
67747.7
67796.9
67800.5
68768.3
69073.5
69731.8
69757.1
69918.2
70457.4
70667.1
71271
73505.6
76622
77456.6
77975.4
79378.3
79559.6
79823.7
80187.7
81541.9
82434.4
85155.2
86262.3
86272.1
86500.9
87568.5
87578.8
88017.3
89066.3
90540.9
90803.6
93409.9
95395.7
97601.5
98935.2
100426
100426
102040
103521
105529
105598
105913
106291
107235
108618
108635
109491
109669
110332
110749
111899
113912
115184
115474
116746
118507
121844
123169
125223
125358
125417
125616
125770
126119
126729
127691
129105
130491
131594
134052
134468
136024
136484
137684
138361
139101
142602
143388
145275
145666
146258
146572
146796
147514
147952
149465
149920
152344
153254
153983
155176
158055
163456
164076
164523
164729
165394
168256
168409
170028
170465
171364
172146
173999
174094
174352
176353
178794
179372
182169
182575
183218
183447
184846
186460
187123
189305
189825
191296
191462
192827
194101
194479
194556
195059
195062
196725
198485
199059
