5187.43
7576.8
11466.8
15300.3
16379.8
17201.1
18206.8
19681.1
23056.5
24520.1
26986.2
27213.8
27672.3
31867
34418.1
35323.4
38111.8
42916.1
43674.2
45700.9
45888
50145.1
51084.8
53802.3
56020.7
58975.9
63286
70206.4
75521.6
76757.1
79621.8
80363
83514.1
83865.6
87626.1
88161.2
90164.2
95088.8
96227.9
98153.3
100224
105954
109616
109945
110207
112593
115414
116535
117819
124625
134516
144148
145149
147076
159144
160324
160711
162806
166681
169004
169486
174099
174267
175800
181332
188535
191036
192573
199032
199740
