372.13
996.98
1082.02
1201.87
1206.41
1332.82
1505.15
1613.44
1833.86
2061.98
2199.7
2465.52
2788.93
2826.28
3118.7
3194.42
3337.39
3404.94
3615.79
3782.22
3934.13
4123.24
4237.04
4463.72
4559.3
5073.32
5408.38
5860.83
5880.92
6290.51
6383.6
6453.2
6919.29
6986.06
7077.51
7396.58
7515.99
7616.79
8172.16
8206.24
8321.22
8804.02
8831.17
9127.12
9182.72
9220.25
9546.44
9616.42
9796.55
9987.84
10102.4
10110
10108.1
10368
10413.9
10821.2
11066.9
11410.6
11465.3
11672.5
11678.8
12293.8
12453.4
12471.4
12901.8
13550.1
13619.8
13687.1
13723.1
13771.4
13801
13973.5
13999.8
14212
14406.3
14591.9
15029.2
15159.4
15464.4
15475.9
15592.2
15699.1
15728.7
15780.3
15938.5
16471.8
16614.5
16669.3
17033.1
17320.7
17405.1
17820.8
17902.8
18188.4
18277
18522.3
18644.1
18679.1
18695.1
19221.3
19258.6
19454.6
19455.2
19497.6
19701.7
19912.9
20141.5
20306.4
20713.3
21056.6
21183.5
21576.6
21596
21957.8
21977.7
22273.2
22616.9
22784.6
22897.8
23152.5
23250.3
23609.2
23703.6
23771.1
23964
24143.6
24311.8
24331.5
24379.7
24675.5
25149.4
25545.8
25666.4
25877.6
26070.1
26588
26589.5
26601.4
27295
27334.9
27443.2
27731.1
27927.1
28253.8
28468.2
28485.7
29100.1
29970.6
30257.7
30321.9
30391.8
30527.6
30619.6
30836.9
30973.9
30992
31933.4
31961.7
32551.5
32601.9
32820.3
32921.1
33097.3
33287.3
33485
33529.9
33610.1
33705
33847.2
33942.7
34061.9
34638.6
34905.8
35017.5
35183.1
35275.8
35481.5
35910.8
36011.6
36355.9
36423.6
36636
36751.1
37188
37262.5
37270.9
37869.5
38067.7
38118.6
38206.6
38218.5
38314.1
38458.2
38921.9
39062.8
39267.2
39272
40035.7
40141.4
40163.9
40342.5
40684.4
40701.1
40856.9
40964.2
41836.8
42057.2
42193.7
42197.1
42473.6
42559.2
42594.4
42667.5
42828
43347.6
43531.7
44143.3
44219.1
44610.2
44648.2
44822.8
44899.4
45338
45475.6
45577.6
45636.3
45648.2
45753.6
45807.8
45893.9
46096.9
46088.6
46336.7
46421.7
46461.7
46753.3
46788.8
47025.9
47217.7
47564.9
48025.9
48140.5
48488.5
48863.5
48870.5
48882.8
49243
49273.8
49301.2
49317.3
49418.1
49645.1
50024.8
50410.4
50500.5
50575.6
50626.6
50647.3
50724.5
50865
50959.3
51010
51539
51721.2
51842.3
51925.9
51923.1
52217.4
52443.9
52626.8
52868.7
52902.8
53033.6
53210.7
53245.7
53255.1
53263.8
53669
54468.9
54891.4
54915.3
55148.6
55191.3
55271.2
55478.6
55855.9
56024.5
56433.5
56470.3
56514.3
56603.6
56692.1
56981.1
57100.4
57177
57418.9
57548.1
57709.9
57852.6
58075.9
58484.1
58576.7
58647.1
59663.5
59674.5
60234.8
61229.7
61232.8
61377.7
61565.4
61740.8
61767.1
61824.2
61914.5
62127
62567.4
62718.4
62909.2
63037.1
63357
63594.7
63913.3
63972.8
64373.6
64422.6
64649
64851.5
65012.9
65521.7
65712.9
65925.1
66106.3
66196
66363.2
66439.3
66944.2
66992.6
67317.9
67744.4
67812.4
67828.5
68013.4
68118.4
68158.6
68680.9
68773.4
68795.6
69025.4
69180.6
69247.7
69377
69426
69737.5
69878.5
69973.5
70029.3
70202.8
70306.2
70632.1
70705.8
70883.1
71270.3
71444.7
71501
71784.9
71902.2
72237
72326.9
72323.9
72333.8
72347.3
72587.7
72692.7
72901.8
73215.6
73229.2
73286.2
73618.1
73628.6
73945.6
74362.9
74564
74716.3
75096.5
75191.4
75758.9
75775.5
75938.4
76249
76280.3
76394.4
76566.2
76622.6
77034.9
77109.6
77291.4
77790.4
78005
78261.8
78349.3
78547.7
78728.6
79382.7
79707.8
79839.5
80276
80524.5
80690
81098
81199.9
81417.6
81448.6
81562.3
81815.2
81844.2
81880
82088.2
82297.9
82307.2
82922.8
83015.8
83015.2
83022.2
83119
83545.3
83685.2
83716.8
83848.1
84057.2
84292.4
84395.9
84403.9
84600
85398.3
85412.7
85689.3
85711.3
85949.7
86146.9
86163.9
86527.3
86678.1
86970.6
87146
87297.5
87491.6
87602.8
87708.7
87745.8
88009
88046.5
88286.2
88431.7
88716.6
88782.1
88871.4
89016.4
89150
89227.2
89569.7
89757.7
89797.2
89886.2
89931.4
90402.2
90557.4
90570.8
90604.1
90704
90909.9
91161.1
91163
91495.1
91519.7
92208.5
92346.3
92342
92410.9
92631.4
92644.1
92671.3
92765.5
92996.7
93134.8
93132.6
93230.6
93449.5
93789.8
93989.4
94111.9
94293.2
94311.4
94644.8
94747.3
94968.6
95172
95264.5
95673.9
95802.1
95860.1
95919.6
96147.7
96237.1
96387.7
96552.3
96561.8
97561.9
97804.5
97914.9
98050.3
98175.5
98408
98497.8
98699.2
98790.1
98850.3
98914.1
99004.7
99095.8
99148.1
99295.1
99487.9
99495.6
99766.6
100162
100367
100600
100675
100703
100711
100881
100931
101228
101270
101407
101484
102019
102466
102827
102848
102857
103106
103106
103204
103197
103347
103898
103967
104234
104717
104907
105021
105294
105328
105708
105860
106153
106270
106621
106635
106805
107000
107011
107162
107458
107885
108194
108588
108597
108622
108653
109221
109481
109634
110211
110366
110388
110554
110802
111062
111321
111362
111408
111759
111802
112473
112617
112906
113016
113458
113583
113825
113937
114470
114692
115015
115083
115140
115293
115653
115849
115906
116210
116337
116644
116728
116773
117189
117241
117283
117423
117537
117743
117879
117918
117926
118188
118192
118221
118411
118752
118884
119305
119506
119825
119834
120318
120491
120626
120699
120926
120964
121412
122191
122353
122672
122694
122828
123298
123442
123624
123888
123981
124280
124375
124476
124494
124569
124612
124706
125032
125039
125346
125437
125578
125692
125777
125811
126321
126659
126681
127060
127159
127400
127418
127605
127637
127670
127915
128057
128126
128429
128462
128553
128578
128816
128824
128855
128974
129254
129538
129824
130171
130226
130460
130593
130618
130627
130847
131019
131464
131465
131597
131834
132157
132208
132258
132296
132679
132761
133091
133134
133215
133259
133336
133407
133539
134198
134301
134300
134446
135130
135231
135606
135698
136144
136153
136487
136497
136647
137003
137412
137468
137672
138099
138654
138659
138974
139054
139110
139168
139471
139728
139825
139875
139903
139962
140216
140243
140268
140554
140571
140820
141213
141458
141500
141735
141748
141860
142238
142250
142252
142591
142670
142912
143590
143668
143897
144252
144246
144422
144456
144752
144847
145136
145231
145772
145879
145973
146049
146194
146196
146524
146734
147065
147151
147255
147353
147354
147565
147667
147835
148513
148613
148670
149157
149236
149333
149442
149575
149678
149820
149951
150070
150457
151081
151157
151206
151300
151335
152213
152253
152930
152960
153446
153770
154226
154355
154388
154409
154588
154651
154881
155116
155712
155886
155956
156007
156623
156738
156845
156866
156930
157166
157244
157417
157686
157912
158237
158276
158430
158474
158629
158706
158936
159064
159077
159388
159420
159866
159913
160111
160514
160862
161011
161114
161196
161529
161667
161783
162062
162170
162347
162405
162511
163110
163265
163262
163437
163482
163500
163594
163716
164416
164506
164985
165108
165155
165207
165701
165842
165984
166010
166063
166195
166601
167023
167236
167328
167368
167606
167610
167656
168104
168129
168243
168296
168416
168448
168587
168660
168822
168968
169091
169208
169336
169562
169710
169729
169860
170164
170382
170628
170763
170831
171051
171138
171481
172017
172080
172185
172205
172230
172302
172563
172610
172646
172917
172995
173140
173355
173488
173527
173626
173946
174484
174690
175044
175192
175415
175507
175886
176120
176155
176225
176228
176354
176500
176518
176550
176685
176774
176929
177080
177085
177621
177696
177738
178035
178046
178156
178193
178599
178764
178799
178886
179281
179884
179994
180074
180641
181069
181168
181590
181743
181827
182205
182467
182519
182561
182587
182680
182729
182755
183143
183323
183745
183785
184097
184530
184539
184671
185072
185100
185432
185614
185803
185927
186005
186066
186264
186264
186838
186981
187279
187602
187642
188181
188443
188479
188584
188579
188847
188944
188997
189319
189821
189935
190129
190114
190329
190486
190601
191041
191165
191323
191450
191633
191795
192010
192035
192098
192125
192186
192374
192496
193196
193373
193573
194031
194182
194320
194357
194401
194402
194551
194691
194826
194961
195268
195304
195631
195627
196301
196372
196539
196865
196979
197249
197606
197842
197999
198118
198197
198452
199281
199592
199702
199694
199735
