1424.39
1565.37
2430.44
2519.52
3777.27
3817.69
4076.44
6835.27
9764.34
11295.1
16060.8
16515.6
17537.1
20345.4
22557.9
23680
24156.9
26692.9
29551.7
33783.8
34302
34534.8
36727.8
43890.6
44353.9
44523.6
46186.5
46835.2
48309.6
49032
51437.9
58006.9
60569.1
61576.2
61831
68583.2
69054.3
73479.8
81238.4
84506.5
87742
90105.3
91755.6
91959.1
92625.6
92787.4
96611
98017.5
98662.4
105150
105207
112376
112862
112930
114766
116936
117011
119225
121090
121309
123588
124168
124552
125739
127828
128296
128555
129825
132021
135064
135076
137572
138795
146764
148271
148745
150041
150776
150948
151313
152758
154950
157311
160340
164670
166428
170069
170127
170377
173995
174650
175868
175892
176663
181470
182621
182844
183544
183978
186312
186362
187467
188031
191397
191719
193337
193421
194637
197971
199039
199155
199878
