343.8
749
1026.87
1034.79
1186.51
1241.36
1587.27
1644.53
1903.62
2132.68
2135.17
2350.22
2670.95
3180.18
3418.17
3537.27
3610.66
3773.71
3891.08
4836.69
5292.09
5391.44
5809.7
5882.96
6441.81
6533.17
6718.61
6738.85
6987.29
7041.91
7449.52
7675.06
8009.98
8177
8302.53
8355.33
8516.27
8656.15
8671.05
8796.85
8875.36
8960.51
9107.49
9272.31
9333.64
9542.33
9622.8
9781.78
10360.8
10558.5
11110.2
11262.1
11497.3
11794.4
12119.2
12164.4
12316.6
12735.6
12770.9
13033.7
13118.8
13750.5
13796.9
13846.3
13874.3
14028.4
14129.7
14346.3
14470.5
14672.8
14820.5
14858.4
15214
15672.4
15770.5
15839.3
16269.5
16339.1
16670.5
16919.7
17020.9
17038.9
17054.6
17123.8
17286.5
17418.5
17675.1
18021.1
18611.5
18708.6
18850.1
18918.5
19047.9
19070.1
19364.3
20170
20423
20437.7
20636.6
21240.5
22032.8
22617.1
22764.8
23065.1
23269.4
23329.4
23454.5
23748
23954.3
24057.1
24321.9
24400.7
24537.6
24675.9
24703.1
24876.1
25297.5
25314.5
25587.3
25930.4
26075.8
26501.2
26594.9
26970.3
27363.2
27381
27674.1
28085.2
28325.9
28372.5
28998.3
29026.9
29485.1
29586.4
29720.2
29759.5
30053
30505.3
30958.2
31412.8
31828.1
32482.6
32759.5
32939
32995.3
33229
33376.9
33446.3
33507.8
33650.3
33918.4
33959
34399.9
34565.7
34887.5
35211.5
35622.2
36070
36358.8
36657.4
36800.7
36859.5
37061.1
37103.9
37610.4
38051.7
38167.5
38332.1
39210.8
39441.7
39604.8
39608.2
39619.2
39874.1
39882
40053
40178.7
40190.1
40238.4
40285.6
40410.2
40564.7
40752.1
41174.9
41256
41312.5
41688.6
42101.5
42101.5
43307.8
43719.5
43944.5
44059.8
44247.6
44524.5
44959.7
45084.3
45731.1
45855.9
45891.9
46039.5
46072.6
46261
46612.6
46754.7
46980.2
47348
47793.7
48101.6
48184
48368.9
48435.2
48538.5
48801.7
48879.2
48892.3
49295.9
49787.1
49902.7
49946
50483
50837.2
50853.9
51204.6
51220.4
51245.5
51920.3
52104.5
52226.6
52315.9
52446.3
52867.4
53215.5
53310.5
53493.1
53545.2
53956.3
55102.8
55664.9
56010.6
56024.4
56238
56817.8
57393.4
57442.2
57471.7
57851.9
57911.2
58110.7
58131.2
58586.1
58894
59143.7
59174.7
59332.8
59394.9
59524.1
60008.4
60146.8
60679.7
61052.2
61068.9
61481.1
61597
62014.1
62903.1
63067.8
63272
63325.3
64604.2
64657.8
64773.5
64888.2
65119.3
65237.8
65434.2
65521.5
65692.3
66131.2
66771.7
67159
67264.6
67644.8
67721.1
68206.2
68233
68562.6
68672.4
68908.4
70649.8
71546.5
71961
72173
72282.1
72459.2
73089.7
73257.6
73288.5
73535.9
73739.8
73753.5
73833.1
74261.1
74275.9
74482.6
74800.7
74976
75264.2
75669.6
75836.1
75978.8
76660
76731.9
77065.2
77587.5
77831.5
77947.6
78013.4
78323.6
78653.3
79083.6
79562.6
80352
80931.1
81105.9
81844.8
81931.8
81943.8
82093.1
82894.7
83190.1
83333.3
83381.4
84011.9
84080.7
84563.3
84760.5
84840.4
85288.5
85327.5
85510.6
85603.9
85830.2
85851.8
85935.4
85949.6
86080.3
86113
86407.4
86467.4
86817
87131.6
87151
87181.1
87597.7
87933.2
87938.1
88373.7
88437.9
88527.3
88728.9
89020.7
89060.5
89122.8
89192.7
89822.7
90208.2
90558.6
91362.5
91452.6
91566.3
91627.9
91764.8
92054.8
92474.9
92544.9
92596.1
93159.5
93303.2
93321.7
93412.8
93673.6
93687.9
94052.6
94546.3
94777.5
95097.9
95288.9
95384.4
95492.9
95582.9
95754
95865.5
96191.4
96434.6
96496.7
96533.7
96606.1
96604.7
97548
97724.4
97741.3
97916.2
98426.8
98544.6
98732.1
98902.9
99005
99282.5
99574.8
100700
100917
101048
101806
102381
102519
102717
104270
104618
104693
104772
104951
105093
105102
105541
105762
105878
106344
106368
106987
107499
107554
107997
108492
108607
109036
109548
109597
109620
109850
109996
110190
110199
110263
110668
110837
112178
112659
113012
113077
113160
113232
113342
113416
113851
113855
113911
114521
114840
114972
115038
115469
115498
115597
115665
115885
116461
116558
116777
117325
117648
117711
117996
119090
119776
120200
120308
120451
120562
120750
121201
121302
121431
121517
122002
122863
123211
123451
123667
123724
123801
124245
124309
124550
124562
124620
124695
125043
125456
125689
125819
126022
126151
126367
126435
126558
126732
126822
126946
127012
127212
127228
127417
127729
127860
127927
128089
128304
128601
128963
129428
129593
129652
129918
130089
130211
130460
130506
130518
130894
130995
131062
131289
131712
131800
131893
131913
132236
132694
132953
133184
133503
133746
133866
134154
134410
134530
134621
134821
135447
135593
136260
136373
136458
137324
137313
137370
137570
138298
138606
138710
138884
138883
139127
139226
139277
139283
139395
139538
140233
140600
141323
141851
142061
142125
142262
142300
143049
143166
143194
143330
143443
143651
143758
144364
144384
144578
144764
144930
145194
145539
145783
145936
146096
146216
146365
146453
146703
147032
147092
147526
147921
148395
148480
148873
148963
149116
149448
149534
149649
149652
149671
149865
149929
150010
150267
150391
150579
150720
150852
150892
151160
151412
151972
152126
152493
152603
152967
153280
154311
154466
154601
154684
155143
155270
155318
155939
155992
156209
156314
156328
156494
156840
156856
156992
158144
158199
158912
159056
159429
159663
159813
159981
160007
160507
160830
160955
161362
161986
162167
162992
163149
163182
163367
163571
163686
163734
164521
164623
164994
165074
165524
165968
166195
166223
166279
166493
166594
166917
166946
167319
167522
168162
168302
168366
168641
168765
169089
169334
169898
169942
170220
170581
170948
170977
170970
170982
171410
171659
172048
172387
172950
172964
173027
173247
173597
173832
174235
174453
174777
174892
175122
175401
175416
175543
175562
176373
176411
176698
176842
176977
177189
177476
178039
178054
178365
178810
178963
179328
179954
179993
180104
180162
180364
180445
180769
181058
181124
181129
181133
181251
181381
181649
181680
181931
182173
182217
182495
182552
182629
182912
182973
183009
183080
183411
183543
184025
184512
184599
184608
184817
185598
185999
186073
186211
186403
186713
186744
187171
187292
187749
187785
187812
188035
188067
188453
188958
188944
189797
189898
189951
190517
190695
190968
191156
191352
191382
191786
192171
192281
192440
192740
192883
192969
193177
193307
193494
193719
193912
194015
194038
194467
194538
194619
195070
195460
195482
195947
196175
197645
197854
198004
198217
198450
198748
198912
199238
199773
199991
