4860.43
5318.57
8953.16
9382.73
9569.78
10829.1
11065.7
12497.7
12715.1
14318
14593.1
14697.4
15516.4
16341.3
16661
16724.1
17332.2
17377
18009.1
18140
18250.8
18474.8
18772.1
18952.5
19208.9
19316.1
19640.6
21022.4
21525.3
22100.9
22499.4
22999
23380.9
23617.3
23903.3
25003.8
25378.9
25962.8
26271.1
26407
26779.8
27143.4
28035
28295.1
29241.1
29379.4
29710
30495.7
31243.1
32374.4
33350.1
33557.1
33565
34783.5
35287.6
35359.5
35497.2
38381.2
39427
39463.3
40287.2
40712.2
41083
41349.6
42163.1
42180.8
42239.2
42293.5
42393.2
42413.7
42561.8
42662.3
43649.1
43762.2
44343.7
44510.1
45661.3
47226.6
47309.5
47446.7
48411.4
49101.2
49323.8
49390
49567.1
49726.9
49925.1
49968
50337.8
50464.7
50515.4
50835.3
51582.7
51872.9
52339.1
52536.9
53235.5
55511.8
55575.6
55584.2
55942.6
56233.8
56333.7
56968.4
57196
57452.2
57564.7
58194.6
58346.5
58401.1
58665.1
59959
60188.5
60312.4
61152.8
62986
63025.9
63550.9
69470.2
69905.9
70915.1
71306.8
71537.4
72068.9
72161.3
72924.9
73791.3
74368.2
75805.6
75893.1
77365.1
77578.3
77642.2
78209.2
78712
79035.2
80058.3
80352.7
80481.4
80664.6
84204.6
85420.7
86384.3
86734.4
86776.6
86894.1
87168.5
87827.3
88130.8
88886.7
89182.2
89824.6
90536.5
90753.5
91235.1
91404.9
92333
92815.8
93283.7
93580.2
93981.8
94111
94350.8
97268.3
97729.7
97811.3
99860.5
100066
100435
100858
101532
101799
102054
102396
102571
102663
102747
102856
103251
103716
103733
104736
105063
105265
105995
107321
107630
107719
108106
108183
108736
110530
110887
111683
111805
111879
112120
112553
112855
113100
113133
114302
114877
115531
115817
116332
116354
116419
116794
117136
117603
117936
118092
118327
118796
118940
119086
119280
119700
119924
120674
121569
121844
122442
123489
123548
123752
124349
124619
124822
124932
126059
126769
127108
127291
127771
128309
128357
129754
129949
130739
130917
131829
132304
133080
133489
137106
137588
138351
140053
140284
140518
140994
141469
141672
141812
142165
142448
142563
142675
142906
144223
144711
144976
145641
145964
145992
146274
146566
146596
147330
148117
148273
148657
148790
149018
149378
149644
149723
150585
151060
151323
151520
152306
152593
152893
153220
153422
153837
154612
155328
155730
155786
155793
155819
156195
156667
157734
158463
158843
159803
160472
161423
161802
161821
162777
163399
163926
163950
164079
164549
165079
165224
165381
165708
165872
165927
166578
166957
167251
167838
167892
168433
169490
169727
169758
169907
169929
170404
170898
171022
171032
171182
171662
171803
172092
172295
173344
174026
174356
174562
174593
174717
174799
175097
175838
175866
176525
177912
179021
181229
181399
181607
181875
182098
182186
183769
184134
184837
184949
186123
186844
186891
187274
187603
188481
190440
191426
191540
191889
192273
192294
192582
192845
193046
193282
193717
195009
195259
195548
195591
196998
197108
197418
197754
197958
198130
198316
198484
198646
198915
198969
199097
199229
199916
