1642.97
4269.45
6336.52
6458.29
6620.46
7829.94
8577.08
9004.03
11120.7
11690.2
12019.4
12327.4
15986.3
16194.6
17831.1
19007.4
19203.3
19377
20332.4
20800
21637.4
22785.2
24770.8
25385.9
25651.7
25948.6
26335.1
27551.9
28005.4
28310.7
29633.5
29736.6
30958.8
31394.9
32612
33055.8
35229.9
41082.9
42034.4
42573.9
42976
53848.2
53933.8
56527.5
58559.3
59156.9
75417.8
76456
81280.3
83281.6
83794.8
84231.9
84707.3
85044.3
85954.8
86224.9
86462.2
87673
87888.6
88104.7
88199.3
93362.1
93931.6
94271.7
94602
94862.3
96233.4
96456.5
96695
96702
97474.2
98094.4
98149.6
98367.1
98926.2
99292.5
99627.4
100036
102839
103224
104001
105097
106626
110746
110938
111028
112759
114767
114944
115897
116452
116679
118421
118872
121626
125200
133529
135673
138157
138775
139300
139373
139808
141102
141605
142125
146190
153553
154289
156492
158317
158772
159154
159542
160484
160954
161407
162944
164437
164881
165378
165927
173272
173655
174086
185681
186811
187912
189763
191499
194068
194176
194277
196282
196654
197133
197578
197771
