168.87
391.85
488.4
1418.43
1558.16
2370.65
2390.97
2479.97
2579.1
2809.23
2910.52
3489.43
4016.61
4210.29
5109.51
5637.09
6050.47
6139.92
6219.62
6485.4
6581.96
6817.68
7284.17
7535.06
7624.58
7697.9
7790.19
7876.29
8093.14
8384.17
8827.21
8856.97
9389.9
9721.52
9777.26
9786.25
9870.46
10347
10410.7
10543.6
11640.9
12130.5
12135.4
12141.2
12338.9
12343.9
12714.7
12984.1
13615.2
13634.7
14465.9
14781.3
14978.4
15761.9
16022.8
16122.1
16486.4
16576.6
16651.5
16754.1
16928.1
17191.8
17313
17447.2
18160.5
18273.1
18318.6
18606.8
18685.1
18873.6
18877.5
18904.2
19022.1
19193.6
19296.4
19466
19557.1
19572.4
19789.1
20260.8
20450.4
20598
20634.5
20921.5
21001.2
21226.1
21475
21725.9
21907.3
22376.4
22385.6
22649.3
22715.8
22871.3
23190.8
23340.8
23397.5
23412.3
23451.3
23561.5
23702.8
23957.9
23959.8
23964.7
24182.1
25117.1
25304.4
25490.1
25568.1
26137.3
26148.5
26537.1
26913
27058.2
27441.9
28530.1
28581.8
28719
28867.8
29044.9
29333
29860.7
29970.6
30307.2
30418
30492.5
30626.6
30682.6
31006
31146.3
31243.5
31930.4
32127.8
32280.2
32298.3
32331.5
32531.4
32562.6
32729.5
32782.4
32852.8
32891.1
33052.1
33147.5
33332.6
33511.9
33521.6
33610
33826.1
33872.4
33955.3
33987
34294.9
34323.8
34380.6
35295.2
36525.4
36780.9
36842.6
37350.7
37720.5
37750.6
38019.5
38292.5
38455.4
38537.8
38582.2
38660.9
38732.9
38813.7
38940.8
38984.6
39095
39296.3
39338.9
39562.8
39572.8
39668.5
40123.1
40594
40632.6
40730
40949.5
41342.6
41462.2
41464.7
41542.9
41559.6
41601.5
41623.4
41646.5
41784.8
41805.2
41917
42045.4
42073.6
42076.9
42149.9
42753
42854.2
42956.7
42964.2
43190.7
43304.3
43444.1
43521.8
43901.3
44078.9
44139.3
44500.8
44696.8
44941.7
45012.9
45108.7
45503.2
45629.3
45752.3
45794.8
45984.5
46081.4
46317.7
46743.1
46845.3
47066.3
47280.9
47426.8
47617.5
47901.5
48238.7
48291.1
48366.5
48612.7
48647.6
48995.9
49209.9
49294.4
49733.2
49962.9
50208.9
50404.4
50431.8
50684
50850.3
50886.5
51156.2
51181.1
52169.9
52533.9
52789.9
52881.9
53097.2
53171.7
53213.5
53251.2
53641.7
53967.1
54000.6
54043.9
54112.6
54339.6
54657
54783.1
55048.4
55282.3
55348.1
55427.6
55713.3
56004.5
56116.5
56276.4
56493.2
56561
57610.4
58646.4
58681.9
58771
58842.2
58954.1
58994
59083.2
59093.9
59250.5
59352.5
59476.8
59504.3
59553
59706.7
59718.1
59954.4
60237.8
60359
60571.3
60620.7
61037.7
61745.1
61979.6
62029.6
62205
62275.3
62558.3
62669.2
62677
62807.8
63060.6
63130.6
63623.3
63935.1
64091.9
64095.5
64312.6
64500.8
64521.5
64705.8
64825.4
64903.7
65001.7
65097
65213.8
65295.1
65375.9
65388.9
65490.7
65527.9
65869.4
66120.5
66132
66274.6
66301.1
66467.8
66553.9
66671.5
66710.2
66802.8
67285.3
67694.9
68390.7
68619.4
68628.8
68819.7
68943.4
69349.1
69408.6
69548.8
69583.9
69625.6
69841.1
69953.4
69991.7
70132.4
70225.7
70287.6
70443.2
70701.9
70702.4
70753.4
71038.6
71060.1
71096.3
71144.4
71152.2
71451
71467.4
71524.6
71702.4
71747.6
71858.4
71867.6
71969.9
72006.4
72089.4
72158.9
72320.9
72788.9
73191.9
73237.5
73301.4
73459.3
73773.5
73803.9
74316.3
75017.3
75039.3
75156.8
75323.8
75705.1
75980.7
76303.9
76463.2
76472
76738
76774.6
77164.6
77189.8
77241.9
77544.9
77960.6
78156.9
78409.1
78440.8
78487.2
78528.7
78533.1
78851.6
78869.7
78963
78969.4
79146
79440.9
79450
79847.6
80471.7
80603.4
80823.3
80837.2
80931.6
81329
81353
81652.2
82213
82241.7
82327.8
82533.9
82641.7
82889.1
83182.2
83334.4
83484
83504.5
83808.5
83846.3
83906
84144.4
84208.2
84236.1
84744.1
85695.7
85760.3
85776.9
86001.6
86199.4
86221.8
86253.3
86674.6
86764.9
87312.3
87877.2
88360
88420.1
88585.7
88698.4
88731.1
88868.3
88909.2
89260.1
89551.4
89781
90026.8
90208.2
90222.3
90236.8
90533.8
90705.8
90723.5
90816.4
91149.4
92442.2
92562.5
92860.6
92877.8
92953.8
93057.9
93222.5
93309.1
93601.9
93665.6
93729.4
93818.3
93893.5
94162.4
94273.3
94456.5
94653.7
95200.3
95316.2
95450.2
95828.7
95904.2
96019.6
96489
96856.3
97089.7
97169.1
97332.5
97346
97401.9
97582.5
97694.2
97767.1
97898.1
98118.9
98125.7
98431
98525.4
98839.7
99149.1
99314.4
99496.9
99634.7
99645.9
99719.7
99800.8
99850.8
100314
100423
100733
101054
101587
101812
102171
102847
102899
103058
103445
103448
103980
104008
104028
104044
104116
104241
104287
104487
104676
104770
105044
105120
106241
106298
106417
106804
106852
107539
107617
107961
108018
108310
108318
108409
108480
108734
108786
108982
109117
109222
109483
109586
109632
110132
110689
110713
110910
111466
111951
112166
112398
112543
112574
112570
112846
112953
113092
113438
113615
113701
113804
113838
113942
114262
114288
114299
114387
114683
114741
114810
114928
115379
115471
115746
115813
115880
115981
116373
116660
116671
116806
116961
117052
117184
117422
117573
118231
118364
118402
118506
118557
118809
119251
119242
119617
119648
120219
120286
120665
120693
120949
121815
122498
122769
123012
123125
123336
123335
123355
123463
123715
124605
124696
124823
125006
125539
125549
126036
126414
126783
126807
127305
127472
127542
127706
127711
127759
127901
127932
127974
128011
128267
128572
128736
129571
129636
129629
129631
129758
129774
129814
129997
130438
130493
130684
130887
131075
131109
131315
131318
131369
131399
131889
131904
132022
132408
132467
133130
133402
133417
133743
133751
134197
134331
134381
134501
135170
135315
135587
135653
136086
136133
136346
136464
136846
137226
137413
137625
137692
137700
138380
138451
138935
139120
139488
139678
139770
139845
139905
140071
140137
140286
140605
140656
141224
141374
142132
142650
142880
142980
143015
143297
143577
143793
143959
143969
144313
144398
144437
144680
144794
144871
145022
145129
145505
145554
145569
145755
145908
145940
145946
146091
146258
146551
146607
146929
146958
146979
147030
147304
147321
147532
148419
148428
148653
149047
149169
149218
149282
149638
149813
150409
150496
150638
150793
150860
151718
151773
152047
152238
152324
152357
152381
152383
152454
152556
152643
153024
154035
154306
154605
154730
154782
154975
155012
155071
155063
155139
155144
155369
155575
155597
155593
155609
155854
155890
155895
156000
156081
156084
156334
156516
156689
157113
157371
158824
160487
160830
161256
161258
161308
161415
161515
161565
161637
161678
161754
161771
161813
161851
162019
162086
162138
162143
162319
162464
162541
162602
162666
162878
162983
163278
163315
163600
163691
163831
164266
164281
164514
164776
164894
165022
165217
165666
165911
166324
166524
166692
166770
166883
167238
167384
167630
167765
168033
168065
168086
168137
168518
168721
168728
168782
168828
168847
169182
169188
169301
169305
169468
169505
169585
169720
169802
169830
169955
169989
170098
170220
170260
170346
170389
170526
170573
170705
171149
171550
171698
172071
172452
172636
172879
173057
173102
173815
173951
173940
174036
174323
174448
174583
174618
174647
174991
175063
175155
175239
175271
175373
175392
175665
175805
176062
176058
176252
176348
176762
177150
178207
178411
178771
179155
179226
179311
179471
179682
179697
179730
179893
179919
180205
180224
180364
180374
180385
180571
180751
180981
181190
181294
181460
181689
181772
181901
182021
182018
182094
182160
182248
182471
182533
182793
183011
183175
183562
183615
183817
184167
184882
184935
185225
185404
185644
185978
186084
186196
186660
186691
186871
187378
187662
187798
187814
187817
187856
188028
188123
188234
188276
188278
188363
188395
188427
189078
189154
189163
189246
189549
189559
189702
189887
190198
190472
190561
190624
190787
190906
190994
191122
191276
191580
191592
191846
191921
192132
192203
192385
192542
192923
192962
193086
193278
193391
193849
194210
194490
194516
195003
195054
195132
195231
195257
195278
195286
195313
195364
195488
195604
195802
195856
196048
196523
196553
196636
196737
197061
197227
197367
197631
197961
197981
198031
198020
198099
198170
198390
198463
198589
198637
198661
198665
198887
198965
199005
199377
199463
199469
199542
199666
199681
199786
