678.56
1927.81
2775.74
3773.22
6012.74
7061.9
11191.4
13546
15029.2
15473.2
15925.5
15930.7
16477.3
16802.4
17784.2
18998.8
19804.8
20144.8
21602
22882.4
24001.7
27464.9
27626.1
29329.7
30247.7
31183
31840.8
33015.1
33987.9
35318.6
35317.6
37149.2
38618.1
43198.7
44376.1
44726.4
45882
46291.1
46874.1
47427
48370.7
48939.5
50237.3
52426.4
54805
56916.4
58176.6
58385.5
58816.3
59619.5
63385.7
66894.8
68881.1
68973.7
73607.7
74448.9
74474.2
74552
76120.2
76458.8
77239.6
77635
79104
79491.4
80602.9
81110.1
84921.2
88326.2
92359.4
95247.3
97719
100580
103572
104435
106195
108319
108778
109745
110963
111970
113478
115700
117683
118425
119101
120242
121354
121808
124683
125351
125963
127852
134321
135795
137011
137049
138401
138414
140176
141415
142052
144033
144034
146666
148052
148163
149048
150210
151756
153513
154001
154413
154458
156327
159325
159848
160094
164421
165692
168229
169507
172852
174985
177122
179181
179407
181655
182513
184688
184710
184975
186933
189752
190799
191026
191187
191836
197180
197633
197811
199223
199483
