788.16
1297.57
1577.26
1809.85
4208.11
4313.77
4742.37
7313.91
7434.91
9503.22
9575.01
9728.59
9897.84
10278.6
10447
10469.4
10895.6
11380.4
11682.7
13871.3
14090.1
14528.2
14550.5
15172.3
17952.5
19500.7
19593.7
20156.4
22017.2
22063.6
22273.8
22604.9
22984.3
24857.1
26846.8
27412.9
28061.2
29517.6
29820.4
30641.7
31510.1
32719.6
34176.3
34268.8
35873.2
35920.4
36013
36126.5
36545.5
37196.5
37982.7
38141.9
38666.7
40849.2
40992.1
41540.1
41719.4
42073
42410.4
42588.3
43708.4
44766.5
45159.4
46079
46165.6
46680.9
47470.9
47498.8
49363.8
49729.9
50241.2
50971.3
51800.1
52362.6
52522.3
53319.2
53388.5
53983.1
54527.6
54787.1
54889
55531.6
55992.1
56839.4
58730
59081.5
59652.8
59722.3
59748.9
60355
60359.6
60365.3
60982.4
62046.5
62461.4
62950.4
64196.1
64475.1
65242.4
65791.1
67552.8
68769.9
69810.6
70263.9
72785.7
73168.1
74667.1
75497.6
75923.9
77454.6
78394.4
78887.5
79162.1
79290.3
79677.2
79695.6
79932.4
81197
82712.7
82878.7
83059.8
83218.2
84078
85300.6
86898.3
86937.8
87385.2
87760.6
88359.4
88548
89069
89973.6
90065.4
90599.9
90703.2
90854.4
91167.3
91614.3
91856.6
94422.6
94640
95444.3
95789.9
95979.8
96328.4
96729.9
97234.2
99826.2
100085
101050
101142
101393
101844
102735
103327
105494
105673
108333
109025
110940
112282
112415
113264
114194
115325
115779
116840
118117
118982
119156
119322
119980
120200
121031
121881
122382
122684
124133
128362
128809
128936
129638
130757
131079
131757
132392
132584
132741
133117
133459
133462
133518
134880
134901
135795
136324
136375
137128
137650
139436
139646
141694
142393
143073
144299
144474
144781
145135
145212
146783
147917
148591
149685
150730
151552
152011
152036
152554
153039
153558
153648
154187
154432
154459
154985
155266
156508
157377
157620
158016
158441
158784
159231
159492
159745
160008
160715
161084
161328
162000
162118
162245
163205
163580
164537
165468
166820
167283
167311
169319
169630
169894
171595
172447
172832
173686
173728
173974
174942
176289
177328
178656
179335
181684
181774
185190
186609
189175
189278
189351
189789
190696
196001
196272
196293
196711
196772
197312
197693
199967
