222.47
614.94
1275.23
1446.02
1530.01
1879.03
2048.17
2863.24
3630.63
4157.11
6358.9
6875.96
7200.49
7541.63
7956.69
8036.5
8445.4
8574.53
8828.14
8898.09
9609.01
10737.1
11031.2
11577.5
11628.3
11794.9
12243.1
12416.4
13010.5
13147.8
13538.5
14297.4
14756.4
15235.2
15309.4
15354
15918.4
16414.9
16852.1
17216.7
17429.8
17485.5
17682.4
17896.8
18381.4
19100
19556.3
19761.2
19948.2
20364.9
20674
21060
21314.6
21485.6
21550.9
21704.3
22335
22698.7
23150.5
23678
24244.1
24724.9
24874.2
25394.8
25409.4
26529.4
27171.4
27622.5
28303.8
28434.3
28659.2
28897
29072.3
29294.3
29458.4
29621.4
29839.2
30289.9
31251.8
31930.9
32373.6
32454.3
33604.6
33867.9
33995.5
34332
34702.2
34748.9
34961.3
34995.4
35665.9
36925.4
37055.8
37427.2
37742.4
37981.2
38228.5
38678.1
38815.1
38939
39285
39690.5
39889.2
39923.2
40175.2
40641.2
40760.1
41658.9
42088.5
42172
42264.1
44559.6
44761
44899.2
44913.6
45353.7
46064.2
46267
46472.3
46521.9
46590.2
47157.7
47331.1
47742.3
49144.5
49383.9
51078.6
51325.1
51843.7
51908.1
52204
52756.3
53094.4
53127
53378.2
53394.7
53736.4
53932.4
54362.3
55261
55327.5
55932.4
56002.5
56311.8
56762.2
57486.6
57582.1
58059.3
58756.1
60007.3
60105.6
60182.9
60280.4
60485.1
61034.4
61219.9
61345.5
61957.6
62459.6
62627.7
62792.6
63267.2
63759.6
63830.6
64108.5
64388.9
64452.4
64486.3
65169.1
65645.8
65980.1
65980.3
66006
66180.3
66525.4
66921.7
67322.8
67651.3
68120.1
68175.5
68446.6
68570
68634
69876.5
70808.5
70813.5
71311.6
71928.6
72283.4
73374.1
74201.7
74602
74914.4
74973.5
75636.3
75694.8
75937.1
76188.7
76802.9
77235
77615.8
77653
77933
78020.8
78091.4
78236.8
78348.4
78391
78774.6
79042.8
79108
79401.2
79487.4
80787.6
80932.8
81134
82824.7
83722
83901.9
85012.3
86029.8
86376.3
86462.3
86542.3
86802
86994.7
87117
87215.2
87309.6
87567.2
87788.5
87924
87945.6
87951.5
88597.4
88913.8
89187.5
91925.4
92848
93447.2
94323.6
94900.8
94991.6
95244.8
95523.1
95520.7
95688.5
96073.6
96169.3
96737.9
96777.2
97132.8
97226.2
97524.6
97981.5
98523.2
98673.2
98784.8
99493.2
100129
100695
101387
101500
101515
101822
102077
102210
102818
102819
103076
103581
103578
103719
103719
104110
105208
105338
105448
105783
106252
106627
106893
107252
108067
108115
108181
108513
108786
109074
109301
109300
109693
110000
110120
110232
110582
110638
110682
110942
111784
112051
113294
113635
113644
114088
114778
115583
115938
117196
118314
118784
119119
119203
119525
119980
120252
120533
121180
121696
121722
121803
122577
123448
123852
123883
124429
124633
124719
125344
125533
125648
126688
127524
128254
128608
129060
129275
130213
130860
131065
131750
131963
132027
132272
132356
132710
133130
133430
134917
135583
135838
136012
136553
136733
137037
137483
137519
137921
138086
138643
139260
139453
139585
139746
140622
141229
141618
142359
142543
142636
142970
143181
143278
143909
144275
144695
144975
145472
145520
145604
145731
146281
146555
146569
146892
146976
149172
149463
149501
150231
150891
151101
151440
151479
151768
152016
152019
152186
152435
152908
152951
153591
153831
153866
154033
155052
155433
155769
156819
157000
157181
157583
158107
158673
159027
159403
160373
160953
161126
162309
162638
162708
163077
164222
164295
164579
165043
165163
165534
166824
167097
167109
167931
168068
169293
169492
169779
169792
170580
170594
171218
171514
171553
171829
172134
172189
172323
172584
172598
173209
173320
173519
173635
173707
173756
174381
174493
175111
175508
175570
175753
176662
177193
177638
177671
178072
178777
178811
179323
179782
180135
180184
180449
181040
181419
182228
182638
182853
183318
183500
184067
184838
185380
185729
185920
185910
186245
186875
187326
187618
187756
188485
188552
189384
189486
189618
189856
190992
193168
193634
193722
194517
194829
195235
195599
195653
195909
195951
196243
196741
197265
197426
197575
197984
198472
198964
199037
199287
199366
199835
