481.23
1566.57
2991.22
4070.28
5367.33
6129.28
6545.91
6556.76
6692.02
8115.33
8887.05
9215.91
9729.39
11259.2
13307.4
13477.1
13826.4
14051.2
15201.7
15834
19067.4
19401.9
19897.9
20120.3
20461.8
21828.9
21862.4
25747
26195.6
26476.6
29421.5
30081
31080.7
31492.6
31608.6
32033.8
34115.1
35956.8
36415.8
37326
39172.6
41224.2
43570.7
44180.8
46960.3
50782.9
51212.6
51223
51415.2
51540.8
52835.1
52982.9
54383.7
55111.1
56549.6
59503.3
61390.6
64213.4
64697.5
65632.3
65866.7
66201
66404.5
67275.2
71270
71478.6
72007.2
72720.4
74117.1
74318.3
74664
75120.6
75695.7
75927
76372.4
76433.1
76643.4
77284.3
79511.8
80377.9
81227.7
85038.3
86109.1
86184.3
87480.8
90939.9
93085.8
95611.1
96009.3
96039.6
96572
96661.7
97230.8
97819.4
99768.6
