515.84
1150.44
1307.78
1382.64
1489.21
1973.41
2645.72
3417.38
4856.86
4943.11
5291.07
5782.41
6186.68
6351.83
6577.22
7454.9
8792.77
9693.01
10603.6
10677.6
10731.6
10924.3
11312.1
11431.8
11485.9
13822.6
14552.1
14655.5
15007.8
16867.7
18296.3
19474.8
19535.8
19733
19791.6
20339.7
20877.9
21256.5
22915.1
24842.4
24898.3
25063.4
28216.3
29408.8
30737.5
34316.6
34903.5
40272.7
40538.6
40884.5
41178
41295.6
41626.8
44570.8
45020.6
45041
45595.9
46033.8
47526.3
47696.7
48415.9
49144.7
50851.1
51041.5
51242.5
51797.3
52124.5
52749.6
53294.8
53631.8
53732
54082.3
54557.9
54691.8
55081.6
55149.1
55465.7
56746.8
57076.8
58162.4
60028.5
60442.8
64197.5
64259.2
64637.4
67630.7
67987.4
68566.4
68881.6
69247.5
69541.7
69824.8
69827.6
70722.7
71997.4
73695
73984.9
74487
74552.5
74720.1
74962.7
75979.4
77571.1
77927.1
78237.4
78404
79931.7
80767.4
81046.9
81930
82352.7
82912.1
83001.7
83292.3
83767.8
84051.8
84384.1
84972.2
85681.4
86038.5
86349
88987.6
89014.2
89579.6
89611
89936.4
89993.8
91168.4
91523.9
93086.7
93823.5
94052.4
94536.4
95704.7
95826.4
96261.6
96896.8
97079
98476
98743.1
99111.7
99228
100111
100211
100831
101157
101251
101335
101579
101646
101826
102193
103184
103377
103412
103715
104268
104381
104416
104657
105180
105556
105775
105878
106312
106523
107617
108378
108389
109538
110532
110811
111072
111317
111965
112025
112659
112885
113125
113325
114585
115447
115564
116977
117774
118077
119629
119893
120523
121777
122139
123290
123442
125203
125689
127503
127731
129407
129600
130274
131047
131307
131331
131492
131683
132169
132271
132364
133309
133612
135923
136513
136587
136740
137668
137888
138135
138641
139884
139999
141858
141997
142354
142474
142927
143592
143903
144860
146102
147430
147966
148903
149024
149395
150036
150393
151914
152325
153352
153694
153781
154265
154786
154876
155072
155865
158005
158753
158791
159191
159957
160650
161108
162716
163417
164090
164993
166368
166348
166883
167103
167906
170224
170968
170981
171265
171505
172099
172224
172219
172671
173558
174810
175631
175638
175672
176000
176033
178118
180869
181039
181588
181624
181617
183025
183533
185326
186424
186842
187318
187884
187920
188628
189515
190129
191240
191661
192941
194157
194742
197136
197955
197962
198852
199859
200375
200771
201097
201757
202085
203137
204774
204995
205300
205298
206193
206307
206740
206959
207319
207629
208480
209258
209432
210265
211941
212428
212522
212680
213505
213555
213832
215162
215486
215834
217459
217960
218508
218642
219238
219386
219456
219870
220814
221030
221458
221665
222162
224657
225153
225629
226203
226889
227034
227263
227609
228183
228252
228568
228856
230252
230392
230539
230972
231164
231268
232006
232057
232370
232483
232585
232610
233404
233883
234855
235150
235318
235437
236096
236381
236874
237900
238015
239412
240268
240725
242080
243825
245973
246576
247652
248713
248743
249555
249657
250641
251204
252222
252562
253062
253567
253983
254185
255648
255751
256287
256460
258249
258777
260084
260153
260544
260887
263244
264987
265946
266138
266359
268864
269160
270408
271150
271299
272102
272604
273006
273170
273737
273957
274311
274737
275033
275534
275755
278805
279629
279755
280192
280999
281731
284017
284146
285310
286169
286231
286540
286539
286890
287156
288248
288247
288318
288673
288923
289352
289559
290581
291682
293180
293756
293888
295052
296352
296543
296548
296735
296924
296944
297184
297275
297472
297481
298000
298381
298748
301622
301976
302445
302820
302905
303006
303141
303176
303360
303505
303999
304318
304590
305005
305952
306804
307724
310182
311212
311519
311755
312105
312116
312514
313346
313427
313501
313726
314247
314311
314416
314804
315121
315944
316027
316143
316461
316971
317487
319252
319785
320741
320811
320905
321949
322238
322826
324374
328104
328447
330336
332885
333239
333274
333964
334560
335001
335748
336424
336767
337692
337988
342126
343313
343541
343768
344474
344619
346921
347159
347743
347992
350034
351221
352864
353242
353359
355449
355805
355872
356318
356794
356870
357018
357671
357740
358736
358844
359163
359177
359240
359289
359326
359734
359854
360281
360480
360608
361466
361759
361851
362214
362721
363173
363434
363484
363866
363952
364360
364450
364740
365027
365034
365452
365737
365746
367537
367679
367942
367952
368674
369053
369059
369496
369607
370007
370395
371371
372966
373063
373437
373958
373973
375109
376184
376565
377397
378253
378943
379620
379905
381227
381848
382452
383347
385349
385943
386226
386700
387791
388048
388292
388338
388806
388855
389596
390582
391861
391894
392625
394156
394239
395279
396032
396734
398508
399121
399606
402031
402284
402853
408123
411580
412338
412820
413988
415738
415760
416159
416725
418086
418279
418292
419691
419920
420352
420725
421712
421791
422004
422210
422621
422875
423115
423271
423427
424666
425059
426702
427213
427281
427744
427799
427823
428656
428875
429197
429643
430534
431828
431950
432038
433293
434734
435178
435468
436327
436935
438646
438853
438896
439559
439586
440129
441215
441632
442257
442702
442891
443066
443125
443838
444010
444086
445035
445788
446050
446119
446297
446405
446467
447092
447493
447728
449415
449662
449771
450233
450426
451116
452703
453090
453171
453198
453619
453755
453817
454450
454714
454984
455435
455829
456220
456489
456825
458710
458728
459684
460014
460041
460455
460916
463172
463284
463432
463700
464527
465256
467171
467280
467491
468285
469121
469249
469272
469377
469684
470787
470824
471200
471255
471740
472500
472569
473297
473367
476381
477223
478064
479708
481326
481655
482160
482604
482747
482980
483803
483803
484794
484883
485120
485421
485494
485542
485940
486410
486721
486752
487610
488625
488694
488733
489495
489996
490343
490425
490699
491711
493032
493999
494639
495728
496496
496659
496840
496882
497488
497893
498489
498604
498755
499357
499920
501005
502980
504690
504764
504925
505403
505864
505935
506116
506646
507102
507094
507370
508128
509395
509467
510105
510491
511224
511405
511615
512389
513732
516096
517944
518718
518894
519110
519408
519485
519695
520426
520744
520782
520991
521148
521452
521547
521662
521711
521724
522143
523158
523544
523882
523946
524155
524942
526018
526131
526907
527782
528136
528506
528605
529697
530114
530981
531083
531452
531957
532533
532732
533085
535326
535674
536253
536328
536564
536804
536988
537669
538009
538309
538493
539062
539777
539966
540744
540864
540934
541171
541457
541716
542104
542143
542172
542600
543292
543619
544148
546225
546695
547445
547788
548118
548276
549140
549342
549477
549720
549921
551045
551291
551884
552064
552090
552217
553128
553536
554180
554964
555802
556014
556333
556397
557023
557363
557402
558137
558438
558811
559258
560006
560594
561426
561819
562096
565762
566152
568754
571745
572810
573736
573992
574076
574418
574544
574834
575176
575192
575606
575927
575971
576591
576627
577500
577557
578319
578368
578474
579084
579257
579668
580973
582277
586096
586578
587319
589930
590061
590786
591260
591320
592213
592628
592871
593788
594127
594712
594798
595808
595850
595894
597959
600078
602201
604152
604848
604888
605147
606629
606840
607304
607895
607947
608393
608488
608604
608787
609203
609810
610340
611557
615833
616964
617163
617964
618234
618612
620532
621185
621525
621582
621956
622490
623535
623714
623821
624378
624833
625040
625458
625635
625661
625815
625845
626401
626421
627136
627204
627489
627540
627906
628357
628463
629884
630134
630513
633593
635472
635878
636521
636651
637960
638524
639312
640197
641275
641383
643376
644555
645610
646046
646218
646325
647522
647540
647835
648803
648827
649358
649614
649843
650257
654601
655008
656464
656919
661238
661472
662925
662932
663128
663356
665730
666247
666535
666611
666873
666882
667024
667329
668115
668394
668495
668783
668925
669690
669911
671003
671433
671725
672040
672214
672240
672928
674915
675131
675422
675532
676409
676596
676709
676924
677063
678014
678848
678884
679944
680057
680343
681160
681347
681935
682106
682194
682389
682436
682619
682623
683854
683997
684139
684482
684583
685924
686587
688041
688301
688751
689650
691440
691773
692245
692286
692301
692894
697335
697481
697824
697937
697971
698421
699006
699310
699320
699497
699658
699869
699949
700272
700475
700870
700964
701021
701746
701906
702170
702577
702739
702996
703181
703242
703980
705508
705819
706680
708489
709339
710185
710976
711760
712202
713156
714378
714699
714859
714935
715159
715344
715721
716100
716749
718119
720692
721253
721442
722058
722452
722615
722669
722776
722836
723030
723756
723976
724053
724161
724533
724706
724907
725573
725788
726067
726261
726634
726949
727558
727652
727856
728405
728597
730730
731401
733625
735108
735612
736116
737217
738183
739985
740810
740936
741151
741165
742161
742194
742700
744520
745055
745684
746304
746330
747349
748111
748186
748399
749216
749462
751212
751439
751525
753600
754005
754812
755741
755897
756553
757289
757585
760032
761152
761167
762159
762771
762974
764040
765654
765917
766768
767750
768468
769106
771126
771766
771847
772013
773371
774070
775044
775454
775771
776527
776746
776982
777359
777808
777924
778315
778319
778480
778755
778908
779271
779361
779577
779720
783193
783234
783839
784203
784442
785093
785352
785353
785634
785625
786085
786211
786524
786961
787408
789276
789448
789758
790682
791245
792166
792357
792970
793031
793496
793947
794263
795524
795907
796184
797231
797611
797609
798696
800284
800288
801276
802178
804549
804655
804918
806121
806858
806987
807108
807557
807824
808440
808715
808980
809204
809557
809860
809964
810026
810034
810336
810480
810962
811572
812527
813154
815817
816159
816624
816759
817676
818664
819635
821287
821538
822240
822700
822905
823911
824281
824864
826308
827589
827905
828300
828458
829343
829662
829677
829792
830305
830454
830516
831502
832520
833241
833254
833270
833516
833838
834352
834941
835042
835492
835926
836603
836938
837032
837326
837457
838229
839389
839815
839874
839918
840160
840374
840611
842364
842379
842928
843554
843825
844154
844241
845280
846218
846487
847117
847172
847524
850030
850086
853026
855572
855619
855826
856587
857888
858198
858469
858873
861421
861473
862018
862200
862573
862780
863653
863791
865922
866772
868477
868716
869427
871062
871101
872602
872695
872792
873654
873847
874233
874849
876054
876174
876313
878294
878609
879314
879526
879554
880084
880234
880421
880662
881007
881123
881364
881401
881949
882186
884148
885109
885517
885753
886626
886979
887238
888005
888341
889127
889958
890118
890427
890488
891652
892195
892335
893151
893739
893776
894170
894215
894439
894503
895139
895292
895565
895787
895867
896156
896609
897131
897227
898363
899351
899752
899793
900392
900419
900540
900726
901016
902403
902564
902595
902596
902688
902948
903177
903194
903297
903609
903729
903797
904163
904328
904444
905062
905274
905606
905821
906043
906981
908273
909262
909896
911122
911161
911387
911787
912641
914689
915419
916504
917590
917618
920438
923053
924615
924969
924982
925451
926677
927127
928308
928663
929396
930250
930556
931642
933459
934468
934785
935255
935374
936231
936613
936703
936879
936900
936979
938567
938608
938883
939416
939535
941230
942049
942093
942273
942830
943458
943697
944100
945538
945524
945746
946885
948087
948904
949263
949646
949743
949930
950124
950164
950399
951232
953461
954508
955456
955474
956076
956233
956476
956519
956634
956981
957912
958923
959341
959986
962322
962811
965812
967498
968356
970035
970826
971099
971336
971652
972547
973019
973321
973330
974123
974739
975259
975346
975691
975761
977255
978163
979835
980531
981421
981817
981948
982395
982663
982808
983063
983591
983685
984315
984895
984899
985465
985673
986469
986913
986954
987108
988306
988641
989243
989310
989660
990178
990805
991401
992144
992537
992778
992926
993069
993092
993404
993518
993745
994834
994846
995377
995824
996076
996190
996264
996584
997474
997872
998245
998358
998757
999100
999265
999372
