1752.08
2130.44
3839.36
5322.81
5515.51
7397.53
7401.01
8773.11
8967.33
9360.59
9884.07
11444.3
12072.1
12858.7
13292.6
13414.2
13818
14212.1
14321.1
14532.8
15474.4
16718.7
17194.1
17252.8
17406.8
18015.1
18231.4
18287.6
19333.8
20491.6
20798.2
21064.5
22805.8
23908.7
24836
25097
26154.8
26403.9
27638.9
27894.7
27973.3
27977
28783.6
30003.5
30496.6
31267.4
32233.5
32854.6
34922.3
35190.8
36597.4
37343.5
37762.2
38827.2
42757.8
44525.7
44814.6
44823
45358.9
45538.6
45894.6
46913.1
47205.7
48512.4
48666.5
48761
49615.1
51312.2
51607.2
52215.8
52497.2
52678
52841
53342.6
53534.8
55610.9
56541.9
56739.5
57500.7
58796.8
59043.2
59176.9
59927
60899.8
61169
62001.8
62520.7
62842.2
63901.2
64662.7
65148.9
65296.4
65650
66761.9
66821.2
69019.2
69324.4
69843.9
71664.5
73146.3
73737.3
75086.7
75530
76470.6
76822.4
77671.1
78756.7
79056.3
79612.5
81131.2
82205.7
82627.8
82843.1
85349.4
85785
86364.2
88047.7
88747.7
88817.5
89328.8
90032.4
90541.3
91517.2
91797.2
92689.6
92832.8
92913.2
92959.1
93324
94389.9
94498.8
95440.8
95829.1
98473.8
98831.8
99102.5
99502.7
99533.6
100169
101023
101833
102270
103193
104050
107079
108340
108691
108843
108903
111222
112167
112850
113223
113632
115771
116150
117089
117128
117427
117519
117764
118289
118561
118861
119067
120244
121058
121927
122474
122694
124027
124076
125942
126424
127206
129513
129631
130174
130490
131349
131605
131718
132434
132601
132676
133199
133985
134662
136008
136406
137232
138116
138163
138218
139808
141654
142015
142004
142050
142551
143207
144500
144770
146810
147114
148879
149056
149111
149543
150922
151003
153198
153796
153981
154932
155363
156244
156386
156699
156678
156969
157599
158168
158290
158448
159205
160507
160758
162598
162921
163532
164105
164900
165183
165758
165892
166762
166886
168375
168902
169050
170526
170651
172225
173470
175351
175385
175932
176802
177275
177767
178023
178302
178745
179029
179304
179406
180442
180805
182196
182635
182701
183621
184358
184964
186015
187896
188155
189573
189940
191948
192107
192412
193245
193346
194607
195449
196532
196712
197039
198784
199983
