1952.26
1999.08
2619.21
3675.38
5821.72
6356.53
6881.41
8621.66
8931.3
9499.17
9639.55
10565.1
11567
12569.6
13323.9
14507.2
15446
15587.7
16131.7
18671.1
18933.5
20333
22444.1
22678
23055.7
25441.9
25501.7
26579.8
27124.8
28152.7
28614.2
29863.6
30988.6
31774.7
32764.9
33291.2
33838.2
34094
34755.6
35063.5
36284.1
38079.7
38877.7
40221.7
41147.6
41743.8
41947.5
42817.5
43658.6
43945.6
44432.5
44830.4
45540.7
45709.2
46756.2
47282.6
47656
48082.4
48546.6
48748.5
50041.9
52965.8
57689.4
58019.9
58419.6
58707.7
58873.4
59864.3
60681.3
61754.5
62298
62908.2
63233.7
63376.5
63775.3
64952.1
68298.4
69991
70162.6
70473.1
71020.7
73758.7
75021.6
75892.1
76547.6
76693.4
78476.4
78806.4
80545.8
81057.3
81986.7
82228.3
83241.8
84362.6
84832.9
86330.4
87654.2
90308.7
98153.1
98841.8
100453
101317
102044
102273
110851
112044
113294
113741
125261
133690
133768
134412
134452
134599
135241
136332
136683
137518
138241
141039
142453
144962
145573
145786
146265
146742
146915
147103
147418
148527
149174
149394
149577
149922
150540
150734
151054
151714
151771
152505
153024
153299
153677
154883
159646
160585
161193
161196
161387
162110
162535
163004
167630
168066
168097
169178
169629
170832
172531
173184
174528
175517
175739
176693
176799
177174
177573
177593
178213
178983
179417
180302
180394
180981
181060
181512
182509
182641
183356
183648
185144
185368
185481
186520
188611
188819
188862
189729
191446
192693
197489
