617.79
1234.55
1890.31
2010.64
2306.99
2428.19
2882.35
2941.2
3842.75
4154
4302.59
4592.66
4714.7
4758.48
5677.21
5754.44
6850.08
7075.41
7489.92
7630.73
8085.45
8182.77
8401.89
9102.5
9164.26
9222.48
9774.32
9779.08
10357.1
10637.1
12544.9
13771.6
13781.9
14393.3
14951.5
14951.6
15987.7
16429.5
17286.2
17858
17876
18034.7
18779.4
19318.8
19727.5
20147.1
20501.7
20789.2
21044.2
21083.1
21315
21541.7
22112.1
22661.7
23620.4
23773.1
24696.6
25183.9
25244.9
25251.9
25676
25884.5
26138.6
26263.1
26498.3
27035.5
27149.6
28106
28685.3
29272.3
29943
30153.9
30456.7
31169.4
31457.8
31683.2
31856.2
32210.7
32381.5
32452.8
32748.7
33318
33623.9
34046.6
34319.8
34734.3
35447.6
35475.9
35498
35963
35987.5
36339.1
36970.7
37017.9
37370.8
38035.4
38320.2
38435.7
39556.6
39639.5
40252.9
40464
40464.2
40956.1
41267.5
41814.6
42575
43720.9
43843.7
43915.2
44372.7
44520.5
44641.3
45450.5
45465.5
45676
46056.2
46236.8
47009.9
48503.9
48928.8
49359
49425.3
49737.3
50696.3
50721.6
51067.7
51564.2
52671.5
52918.4
54482.3
54574.1
55586.2
55676.8
55691.1
56270.4
56444.6
56774.4
56777.4
57033
57389.2
57859.9
58314.2
58682.4
59141.7
59740.3
60081.6
60514.6
60687.7
60892.6
61193.5
61241.5
61702.2
62193.2
62652.5
63139.1
64455.2
64543.2
64640
64933.4
65035.4
65254.8
65457.7
65518.2
65537.4
65796.9
66201.4
66459.9
66678.7
66913.6
67258.9
67276.3
67325.5
67415.8
67634.3
67937.8
69351.5
69788.5
69904.7
70033.6
70221.7
70455.7
70629.4
70833.8
71118
71186.4
71323.1
71349.5
71752.2
71958.3
72256.4
72347.2
72342.5
72911.9
72960.7
73377.7
73796.6
74113.1
74240.2
74603.5
74856.7
75077.4
76245.3
76467.4
76791.3
77040.8
77880.6
78301.6
78375
78620.4
79219.3
79370.6
79591.7
79806.9
79857
80080.8
80161.2
80572.7
80659.7
80967.2
81386.4
81677.2
81983.8
82189.9
82940.1
83188.1
84952.7
86908.7
88381
88699.9
88743.4
88803
88843.4
89305.3
89343.5
90389.8
90567.7
90951.2
91193.5
91276.8
91458.7
91881.3
92014
92210.3
92661.5
93148.6
93199
93719.6
94108.9
94259.6
95685.9
96168.3
96194.3
96722.7
97618.9
97694.1
98057.7
98591.8
98948
99176.8
99315.1
100003
100281
100784
102272
102713
103451
104251
104357
105522
105577
105843
105948
105968
106013
106590
107082
107263
107419
107561
108161
108227
108597
108916
108930
109102
109766
109982
110757
111168
111481
111597
111827
112049
112195
112647
113048
113081
113135
113304
114386
114758
114888
114920
116405
116433
116723
116860
117188
117386
117515
117636
118020
118273
118404
118803
118860
119273
119367
119566
119583
119706
119799
119896
120184
120303
120741
121520
121851
122114
122853
123326
123568
123652
124257
124286
125071
125399
125512
125768
126228
126491
126867
126968
126985
127470
127622
127832
128526
128801
129229
129407
129566
130028
130075
130291
130781
130940
131025
131122
131253
131335
131554
131740
131939
132033
132137
132989
133949
134468
134508
134826
134875
135597
135896
136197
136420
136449
136776
136783
137012
137367
138138
138767
138890
139251
139503
139518
140227
140287
141177
141462
141830
141854
142418
143065
143697
144581
145137
145131
145285
145325
145449
145615
145623
145953
146921
147517
147716
147997
148334
148599
149075
149091
149358
150798
151046
151385
152120
153076
153294
153448
154395
154795
155839
155988
156374
156392
156496
156981
157242
157558
157735
157968
158053
158417
158495
158575
158637
159647
159783
160188
161180
161627
162188
162320
162560
162664
162930
163909
164193
164646
165564
166089
167462
167519
167605
169821
170431
170661
170932
171207
171587
171657
172541
172557
172714
173282
173946
174097
174446
174499
174644
174994
176057
176428
176576
176784
176855
177193
177574
178042
178251
178663
178674
179013
179008
179252
179824
179875
180309
180803
180816
180994
181261
181627
181875
181952
183353
185563
187733
188690
189495
190157
190711
191051
191242
191326
191900
192157
192492
192812
192903
193523
194052
194240
194291
194472
195031
196076
197528
197689
198149
198388
198511
198995
199092
199245
