299.03
385.82
670.08
707.08
1074.61
1438.28
1515.66
1526.98
1640.31
1730.51
1878.21
1948.31
2000.75
2284.94
2396.34
2807.13
2940.23
2946.34
3163.76
3177.32
3327.48
3603.3
3984.76
4026.88
4289.03
4355.2
4421.09
4424.88
4449.72
4725.07
4822.45
4873.68
4884.17
5384.68
5419.64
5445.71
5446.64
5466.56
5894.52
6324.43
6559.53
6708.92
6762.19
6848.21
6947.66
7054.74
7218.54
7261.92
7335.06
7456.07
7811.73
7812.38
7869.4
7909.5
8135.24
8222.61
8262.9
8348.66
8679.62
8693.7
8883.63
8929.42
9010.3
9312.45
9388.05
9532.34
9700.17
9866.12
10125.4
10133.4
10584
10615.7
10706
10981.4
11007.6
11095.8
11320.5
11392.2
11427.7
11669.7
12220.3
12654.9
12785.7
12792.9
13392.5
13640.4
13752.7
13752.4
14143.7
14154.5
14540.4
14758
14956.4
15117.6
15455.1
15585.6
15591.9
15750.6
15799.7
15907.5
16350.1
16780.5
16901.4
16952.9
16976.3
17121.2
18206.6
18336.8
18840.4
19011.6
19103.4
19257.1
19422.5
19450.1
19593.6
19623
19701.8
19843.6
20131.4
20375.7
20520
21175.8
21198.7
21262.4
21348.7
21448.5
21557.9
21614.4
21694
21834.2
22152.1
22219.5
22437.9
22535.6
22664
22856.2
22918.2
23348.4
23708.7
23729
23840.5
23953.9
24301.6
24433.4
24670.2
24701.2
24753.2
25003.2
25182
25395.9
25404.2
25550.4
25559
25716
25873.9
26257.2
26269.7
26382
26431.4
26555.7
26646.4
27025.8
27739.9
27766
28599.8
28786.8
28892.4
29038.3
29309.4
29619.8
29838.5
29971.4
30278.1
30554.7
30620.4
30738.9
30839.6
30842
31264.7
31389.7
31421.9
31511.9
31725.6
31952.1
32094.8
32224
32514.9
32561.5
32976.4
33382.1
33679.5
33703.6
33877.1
33929.4
34069.6
34165.6
34507.7
34531.9
34931.9
35029
35931.2
36614.3
36624.9
37189.2
37233.5
37241
37416.8
37732.4
38087.8
38247.1
38388.5
38533.1
38600.9
38693.9
38970.2
39064.1
39652.9
40121.4
40347.6
40554.8
40712.4
41606.4
41828.9
41970.4
42232.3
42315.4
42779.9
42786.1
42913.5
43430.1
43564.4
43778.7
43913
44113
44145.4
44324.8
44750.6
44907.3
44961.1
44981.8
44985.1
45086.7
45092
45320.1
45434.3
45646.7
45715.2
45996.2
46012.5
46285.7
46357
46387.4
46539.9
46583.5
46668.5
46673.9
46675.2
46834.7
47136
47406.5
47430.4
47761.9
47917
47947.3
48011.9
48121.2
48241.2
48417.9
48672.7
49141.2
49275.5
49283.2
49357.5
49592.4
50549.4
50903.6
51009.2
51099.3
51145
51424.3
51591.9
52024
52207.9
52330.9
52385.1
52427
52683.5
52944
53646.6
53708.1
53724.4
53851
54472
54843.4
54912.7
55228.1
55273.7
55572.7
55700.7
55704.9
55818.5
56054.1
56872.7
57001.7
57007.9
57246.3
57596.9
57633.5
57667.2
58049.3
58420.6
58499.8
58772.1
58781.6
58787.5
59021.1
59133.1
59253.8
59530.7
60039.5
60309.6
60842.1
60952.4
61098.1
61289.8
61594.2
61868.6
62245.3
62907.2
62961.9
63031.3
63275.7
63383.4
63520.5
63762
63852.5
63879.5
63959
64878.6
64952.2
65207.9
65249.6
65311.8
65678.6
65719.1
65802.4
65849.4
66012.4
66186.6
66252.1
66458.6
66640
66744.3
66750.6
66898.3
67120.8
67334.3
67344.8
67430.5
67567.6
67833.1
67845.1
68604.7
68718.4
68833.6
69576.1
69628.2
69976.4
70012.2
70041.9
70297.5
70362.5
70572.2
70608
70621.3
70688.8
70710.3
71064.7
71291.3
72026.3
72049.5
72120.8
72423.8
72565
72938.1
73235
73433.2
73487.1
74126.3
74435.9
75222.1
75221.5
75293.8
75415.1
75701.2
75695.2
75910.7
76028.6
76175.8
76695.5
76779.3
77341.6
77395.9
77666.9
77720.2
77762.4
78011.3
78463.4
78590.5
78919.9
78952.9
79303.6
79474.2
79666
79753
79930.7
79979.7
80509.1
80555.3
80746.1
80780.5
80971.6
81222.9
81239.3
81358.3
81966.5
82224.7
82367
83225.7
83555.6
83795.5
83922.2
84662.5
84729.7
84987.2
85081.1
85104
85376.6
85482.6
85525.9
85632.2
85841.5
85912.8
86201.2
86214
86460.4
86559
86741.7
86898
86926.7
87029.7
87374.2
87631.7
87766
87981
88566.8
88638.1
89342.4
89354.6
89548
89557.5
89870.3
90132.3
90366.4
90788
90846.2
91170
91212.2
91455
91698.3
92103.3
92113.8
92125.5
92428.7
92423.6
92739.1
92870.8
93558.2
93662
93733.8
93749.7
93875
93954
94173.2
94491.5
94492.1
94786.3
95018.3
95023.4
95041.7
95079.2
95439
95483.9
95560.4
95901.7
95927.7
96144.1
96406.5
96653.4
96885.6
96882.8
96926
97124.9
97189.2
97239.8
97310.9
97366.3
97441.2
97635.9
97929.4
98054.6
98132
98137.7
98305
98841.3
99124.6
99196.1
99509.8
99515.9
99840.9
99902
100366
100474
100777
100893
101261
101427
101717
101999
102110
102213
102212
102364
102956
103016
103103
103262
103855
103898
103906
103904
103936
104377
104397
104495
105202
105344
105630
105791
105806
106339
106680
107099
107700
107814
107851
108085
108576
108581
108662
108856
108945
109094
109145
109167
109562
110061
110096
110194
110431
110459
110566
111082
111116
111210
111256
111367
111648
111764
112238
112513
112608
112705
112762
112848
113199
113277
113612
113797
113941
113983
114151
114241
114509
114591
114869
115089
115698
116237
116667
116844
117017
117236
117424
117461
117694
117770
117798
117963
118348
118513
118746
119421
119506
119666
120165
120271
120521
120803
121844
121972
122127
122251
122804
122868
123030
123056
123060
123076
123363
123379
123484
123895
124527
124817
124912
124942
124948
125084
125202
125253
125531
125832
126297
126423
126523
126713
126714
127310
128468
128624
128828
128831
129079
129203
129206
129251
129268
129299
129362
129717
129800
129908
130677
131137
131368
131560
131637
131928
132037
132656
132722
133440
133464
133473
133739
133762
133836
134170
134192
134453
134685
134695
134938
135248
135614
135726
136522
136631
136747
136993
137000
137340
137499
137598
137682
138094
138258
138582
138596
138833
139060
139074
139096
139181
139328
139375
140036
140099
140115
140433
140447
140479
140654
141090
141283
141633
141660
141895
142235
142279
142297
142376
142495
142697
142875
143197
143609
143710
143893
143984
144296
144394
144633
144912
145006
145343
145408
145718
145817
145847
146111
146526
146597
146690
146829
147274
147387
147521
147562
148230
148451
148538
148661
148837
149204
149349
149564
149585
150625
150693
150905
151074
151194
151203
151507
151584
152017
152210
152309
152527
152808
153650
154043
154053
154138
154428
154526
154583
154663
155390
155680
155691
155733
155984
156684
156782
156943
156977
157246
157429
157726
158143
158630
158793
159060
159540
159869
159884
160098
160156
160572
160872
161028
161076
161442
161699
161819
161896
162455
162458
162573
162736
162778
162928
163143
163175
163229
163311
163591
163630
163651
164028
164190
164197
164472
164938
165043
165330
166112
166254
166836
166956
167049
167069
167157
167189
167324
167644
167794
167927
168309
168691
168895
168977
169284
169370
169756
170586
170802
171105
171227
171382
172264
172300
172667
172761
172761
173015
173079
173328
173645
173644
173657
173969
174021
174346
174373
174436
174583
174659
174816
175084
175351
175413
175752
175753
175973
176117
176225
176521
176827
177032
177047
177757
178067
178995
179518
179565
179727
179908
180336
180362
180505
180600
180674
180994
181001
181467
181497
181635
181635
181680
181749
182298
182305
182428
183269
183783
183807
184004
184141
184339
184615
184692
185131
185585
185618
185744
186009
186300
186393
186622
186710
186788
186843
187213
187759
187835
188083
188282
188383
188681
188902
189488
189517
189679
189985
190500
190846
190953
191374
191947
192301
192605
192649
193310
193417
193699
194015
194133
194194
194230
194302
194354
194900
195012
195285
195321
195376
195808
195842
196194
196670
196807
196952
197836
197882
197949
198072
198199
198255
198841
199134
199188
199373
199376
199615
199990
