771.54
1016.76
1035.87
1291.85
1933.6
5554.95
5882.49
6276.05
6807.49
7323.53
7510.77
7546.63
8354.75
8390.44
9448.63
9816.1
10105.1
10225
10424.5
10430
10723.4
13163.7
13488.5
13631.7
13952.2
14048.4
14510.6
14759.6
14830.4
15419.1
16162.5
17148.4
17266.6
17755.5
18141.4
18652.7
19164.4
19721.1
20111.6
20245.2
20724.5
21197.6
21211.8
22327.6
22378.5
23119.6
23287.6
23505.1
23974.3
24278.1
24506.7
24577.3
24928.1
25630.7
25990.1
26210.7
26322
27371.3
27953.8
28891.1
29115.9
29501.4
29787.2
30277
30531.5
32263.9
32701.9
32793.8
33236.4
34104.9
34870.5
35305.3
35387.3
35534.9
36202
36469.6
36644
36709.2
37067
37289
37377.6
38190.6
38448.2
38756.3
38884
39157.4
39965.8
40776.9
41599.4
42692.1
43315.7
44030.2
45153.3
45686.5
46381.7
46748
47372.2
47496.5
47833.8
47908.7
48012.4
48176.9
49938.2
50402.3
50575.4
50843.3
51147.7
51209.1
51824.9
52607
52688.6
53060.2
53334.5
54145
54150.4
55144.2
55235.3
56654.9
57039.9
57053.1
57376.6
57560.9
57639.8
57980.4
58682.1
58969.6
59483
61794
62273.5
62464.6
62564
62977.4
63324.7
63719.2
64435
64452.5
65149.6
65450.6
66643.5
67408.6
68304
68360.7
68532
68777.9
68782.4
68996.2
69794.9
70261.8
70266.3
70635.5
71060.2
71906.3
72080.1
72532.9
72761
72873.1
74322.8
74843
76586.6
76882.3
76889.5
77152.4
77349.2
77927.8
78129.2
78403.7
79079.9
80337.8
80780.3
81446.9
81756.1
82055.5
82052.1
83855
84295
84810.5
86035.1
86887
86991.6
87047.9
89813.7
90574.2
90960.4
91096.5
92700.2
93580.7
93745.4
93947.5
94012.7
95675.9
95804.4
95895.4
96786
97048.9
97463.3
97699.4
98260.8
98436.1
99296.9
100654
101578
101952
102065
103919
104109
104365
104514
105453
105810
106229
106395
107269
107836
108894
109357
109976
110071
110224
110841
110910
111929
112586
113995
114400
114609
115029
115715
116459
116515
116543
116941
117070
117242
118241
120337
121145
121820
121838
122059
122156
122741
123586
124315
124869
125960
126189
126612
127124
127131
127591
127935
128886
128985
130032
130129
130212
130240
130612
131484
131674
131981
132114
135195
135667
136030
136117
137303
137516
137722
138717
139462
141562
143828
144481
144735
145681
146170
146665
148124
148591
148706
149426
150052
150264
151121
151123
151745
151857
151891
151908
152373
152517
154759
154999
155615
155708
156148
157327
157599
157618
158006
159915
160525
162095
162575
162607
162969
163522
164065
165185
165364
166019
166141
166228
167941
168338
169197
169263
169927
170844
172788
174888
179342
180046
180077
181702
181786
182118
182401
183228
183314
183513
183881
183904
185271
185501
186455
187717
188947
190584
191592
191750
193645
196555
197085
197347
199181
