626.53
944.23
1197.51
1240.01
1331.44
1415.82
1441.66
1589.57
1606.49
1708.79
2558.71
2870.7
2889.79
3353.13
3454.91
3512.99
3999.62
4043.4
4151.4
4495.96
4533.24
4704.77
4713.52
4747.9
4804.59
4855.16
4996.9
6089.14
6341.04
6525.8
6537.98
6560.3
6628.96
7117.49
7192.29
7319.61
7345.41
7676.23
7715.88
7827.16
7884.28
8192.31
8459.99
8817.82
8879.38
9051.14
9372.75
9432.16
9445.32
9713.03
9989.98
10044.8
10152.3
10332.1
10692.1
10734.2
11014.7
11592.3
12673.6
12677.8
12728.8
12856.9
12936.4
12958.6
13089.4
13149.3
13356.6
13386.5
13488.6
13638.6
13885.7
13986.3
14005.6
14275.3
14313.7
14548.1
14755.8
14993.8
15329.1
15344
16276.8
16400.5
16524.1
17031.3
17039.7
17921.7
18023.6
18129.9
18308.6
18547.5
18980.8
19000.4
19079
19263.2
19393.8
19796
19849.8
19858.5
19935.1
20026.8
20184.6
20295.4
20396.5
20563.9
20568.2
20910.1
21135.6
21339.2
21597.7
21613.3
21839.5
21871.8
22016.9
22121.6
22368.1
22483.9
22575.9
22600.5
22665.9
22874.4
22926.1
23021.4
23273
23399.2
23521.8
23753.6
24371.5
24790.1
24978.6
25015.4
25046.7
25376.3
25633
25669.1
27281
27283.5
27491.4
27763.7
27923.8
28095.1
28547.2
28792.3
28803.3
28943.7
28951.4
29192.7
29474.5
29740.7
29900.5
30216
30302.8
30964.9
31085.2
31222.2
31379.8
31447
31472.1
31681.5
31690.9
31772.9
31940.2
32340.1
32673.5
32854.8
32987.7
33356.6
33709.9
33929.4
33982
34249.9
34543.4
34716.6
34778.6
34896.5
35143.4
35403.7
35495.7
35513.2
35644.3
35705.2
35867.1
35944
36048
36346
36461.5
36530
36737.2
36745.5
36746.6
36759.1
36998.3
37118.2
37302
37399
37446.7
37509.2
37534.3
37645.2
37696
37912.7
38112.7
38326.6
38380.4
38485.1
38558.1
38630.5
38715.9
38776.4
39106.2
39139.3
39173.5
39286.8
39290.5
39584.6
39724.2
39809
40454.5
40525.2
40763.5
40804.7
40806.1
40890.8
40930.6
41207.9
41453.2
41628
41839.1
42161.9
42177
42197.4
42366.3
42658.9
43157.6
43182.7
43372.4
43926.6
44318.9
44378.5
44420.7
44537
44600.2
44623.7
44714.1
44881.2
44985.8
45058.8
45163
45348.1
45429.5
45491.9
45494.7
45625.7
45674.6
45705.3
45955.4
46010.2
46264
46282.8
46460.5
46610.7
46717.7
47342
47747
48653.2
48700.6
48862.5
48929.7
49750.5
49833.1
50083.1
50101.1
50111.5
50271.9
50325.5
50363.4
50593.2
50669.7
50766.4
50862.6
50912.6
50943.6
50998.1
51645.8
51711.3
52238.4
52438.5
52837.4
53074
53245.1
53312.2
53508.7
53556.3
53614.2
53632.4
53829.9
54276.1
54741.8
54767.9
54807.5
55102.5
55299.3
55401.4
55553.7
55725.2
55809.5
56018.8
56061
56315.9
56350.8
56502.8
56832.5
56859
56866.5
56967
56969
57608.7
57644.9
58108
58139.8
58425
58600.9
58658.3
59290.5
59376.3
60062.3
60113.7
60430.6
60447.6
60574.6
61094.2
61395.8
62281.8
62604.5
62784.3
62900.4
63046.6
63321
63511.8
63549.2
63771.1
64039.2
64347.4
64567.4
64747.1
65429.4
65623.1
66034.9
66055.2
66250.1
66559.8
66824.2
67656.8
67986.7
68129.3
68674.9
68907.7
68939.5
68953.9
68963.6
69083.3
69114
69285.4
69402.6
69611.6
69838.7
69834.9
69848.6
69888.7
70056.9
70160.5
70446.3
70469.4
70488.1
70645.2
70661
70850.3
70858.5
71197.2
71211.1
71409.1
71451.1
71459.7
71528.4
71538.5
71832.8
72100.7
72260
72375
72497.3
72590.1
72930.5
73116.5
73492.3
73868.4
73905.8
74034
74206.3
74228.9
74373.9
74553.3
74562.6
74680.8
74879.2
74935
74952.9
74961.5
75252.4
75347.3
75424.5
75450.4
75553.8
75833.5
76001.5
76085.7
76138.7
76283.1
76311.4
76521.7
76586
76775.2
76769.6
76814.2
76864
77053.8
77218
77287.6
77390.9
77474.2
77854.8
77929.9
78005.5
78209.2
78372.3
78624.5
78666.4
78775.4
79080.7
79122.4
79195.2
79441.6
80001.8
80122.6
80264.3
80552.3
80585
80605.4
80717.2
80786.9
80855.3
80951.7
80980.6
81195.5
81241.6
81399.1
81446.6
81552.8
81624.5
81741.1
82090.6
82419.1
82691
82816.4
82999.8
83088.4
83627.3
83639.6
83746
83739.9
83989.6
84019.4
84511.4
85197
85217.7
85408.3
85430.6
85593.9
86034.6
86307.6
86488.5
86490.5
87027.1
87030.2
87191.2
87489.8
87520.5
87601.3
87642.2
87886.1
88118
88722.4
88817.9
88833
88954.2
89066.5
89076.4
89261.5
89383.6
89498.7
90027.4
90277.7
90412.8
90573.9
90802
90833.4
90931.6
91184.6
91219.6
91597.8
91645.6
91791.7
92002.6
92294.1
92570.1
92661.2
92905.4
92926.2
93065.2
93748.4
93794.7
93976.1
94042.1
94085
94141.6
94153
94242.9
94317.1
94375
94582.9
94623.3
94873
95360
95378
95655.1
95681.3
95779.5
96009.5
96196.5
96263.5
96503
96680.4
96967
97095.8
97110.3
97562.5
97710.8
97812
97828.1
98036.1
98328.3
98422.1
98694.9
98780.1
98951.9
99062.1
99360.5
99486
100189
100332
100367
100378
100482
100524
100690
100795
101012
101077
101096
101459
101459
101741
101757
101983
102017
102018
102112
102209
102265
102431
102786
102785
102887
103303
103339
103522
103989
104099
104271
104305
104618
104784
104866
105393
105404
105425
106098
106554
107214
107868
108289
108304
108329
108345
108522
108654
108661
108880
109213
109221
109227
109575
109734
110236
110541
111035
111162
111244
111612
111758
112015
112041
112155
112156
112294
112519
112730
112937
113059
113312
113390
113389
113501
114156
114242
114403
114702
114740
114948
114970
115125
115443
116098
116142
116325
116803
117098
117631
117779
117934
118054
118345
118553
118614
118890
119062
119107
119333
119549
119624
120734
121131
121463
121668
121691
121732
122150
122441
122490
122773
122967
124517
124677
124719
125026
125106
125177
125210
125405
125508
125579
125714
125709
125975
126930
126930
127531
127549
127638
127848
128163
128214
128760
129227
129327
129451
129555
129925
130104
130117
130390
130419
130580
130694
130703
130839
130889
131180
131181
131304
131581
131672
132028
132022
132311
132439
132634
132932
132947
133114
133329
133476
133632
133849
134026
134188
134264
134277
134364
134522
135338
135585
135635
135777
135805
135831
135878
136283
136311
136350
136419
136489
136658
136699
136953
137004
137177
137206
137517
137529
137579
137676
137761
137890
138116
138591
138662
138870
138950
139169
139392
140043
140270
140752
141063
141225
141296
141337
141381
141498
141630
141648
141917
142216
142248
142238
142455
142700
142980
143448
143488
143630
143752
143808
144316
144419
144873
144891
145339
145421
145569
145579
145660
145668
145778
145794
145885
146004
146423
146464
146747
146805
146819
147189
147464
147593
147600
147644
147813
148160
148187
148412
148565
149344
149678
149751
149763
149934
150216
150444
150480
150570
151599
152069
152425
152639
152678
153072
153653
153856
154026
154267
154460
155140
155394
155757
155772
155833
155991
156679
156802
157014
157155
157626
157687
158020
158059
158255
158570
158847
158859
159151
159250
159378
159747
159822
159854
159998
160189
161278
161336
162051
162215
162368
162439
162688
162972
164452
165021
165275
165454
165753
165942
166261
166377
166393
166417
166773
167130
167499
167965
168101
168305
168571
168735
169218
169248
169845
169964
170968
171356
171792
171862
172193
172180
172638
172644
172898
173144
173185
173267
173590
173674
173821
173847
174385
174735
175041
175122
175138
175235
175435
175611
175673
175691
175934
176123
176223
176494
176698
176784
176822
176934
176990
177056
177379
177410
177420
177664
177724
177737
177777
177937
177968
178102
178418
178476
178517
178570
178883
178907
179174
179167
179192
179553
179796
180056
180115
180223
180392
180786
181031
181393
181657
181822
181958
181941
181976
181985
182248
182415
182543
182592
183018
183139
183145
183463
183877
183980
184226
184433
184661
184963
185113
185183
185274
185562
185698
185728
186045
186356
186817
186892
186902
187064
187365
187429
187621
187652
188230
188414
188615
188712
189508
189541
189716
189762
190975
191230
191710
191744
191969
192064
192422
192475
192513
192612
192614
192744
193204
193229
193618
193749
194024
194281
194443
194642
194676
194720
195051
195361
195368
196416
196529
196537
196618
196697
196901
197043
197234
197456
197492
197742
197917
198199
198243
198320
198607
198606
198969
199467
199536
199894
