202.6
256.46
606.99
1265.32
1429.73
1508.4
1802.59
1864.36
2032.39
2849.77
3615.11
4144.76
4566.55
4778.08
4996.61
5159.68
5408.46
6346.58
6858.11
7183.65
7526.06
7945.69
7959.75
8022.96
8421.66
8440.2
8517.86
8811.96
8877.62
8889.8
9592.83
10724.2
11011.7
11563.9
11603
11776.6
12227.4
12405.7
12996
13130.1
13498
13521.5
14281.5
14739.7
15223.4
15277.5
15336.5
15444.2
15902.3
15974.9
16231
16403.7
16833
17198.2
17409.7
17467.8
17668.1
17886.4
18370.4
19086
19544.6
19569.7
19737.8
19804.5
19853.9
19927
20274.5
20353.6
20663.9
21041.2
21305
21402.6
21471.1
21538.5
21682.7
21718.6
22322.5
22687.7
22985.8
23129
23141.4
23425.5
23662.8
23923.9
24006.7
24229.8
24365.5
24714.5
24864.9
24931.9
25376.1
25399.3
25483.4
25757.7
26400.1
26512
26678.2
27156.1
27185.4
27604.3
28288.1
28421.4
28641.2
28884.8
29055.9
29110.8
29278.2
29444.2
29490.2
29601.2
29824.1
30275.2
31032.9
31233.1
31892.4
31912.7
32360.7
32434.1
32881.2
33582.7
33849.4
33975.8
34318.5
34686.6
34729.6
34942.9
34963.8
35652.7
36744
36881.1
37005.4
37413.9
37730.3
37970
38087.4
38189.6
38213.3
38668.3
38801.8
38837.4
38925.5
39268.9
39660.9
39675.3
39833.6
39905
40014.9
40158
40630
40631.4
40749.9
41294.3
41338.9
41643.2
42073
42147
42252.1
42467
42786.8
44546.8
44738.7
44872.7
44902.9
45019.9
45333.2
45456
45866.2
46049.2
46253.2
46394.7
46461.6
46500.1
46571.7
47139
47319.9
47394.8
47409.3
47731.1
48188.6
49126.9
49362.8
50421.8
51058.7
51299.5
51713.2
51833.3
51876.1
52182.4
52670.6
52738.3
53077.6
53104.9
53380.5
53366
53651.9
53708.7
53917.5
54344.3
54804.3
54956.2
55250.5
55314
55923.2
55969.7
56286.7
56473.8
56749.9
57469.9
57568.4
58049.4
58158.7
58574.6
59025.9
59286
59880.5
59991
60079.7
60171.2
60263.7
60447.8
60459.8
60908.5
61021.6
61204.3
61324.4
61536
61707.9
61938.8
62442.9
62607.7
62768.1
63254.2
63749.1
63819
63856
64076.7
64200.5
64365.5
64436.7
64473.4
64595.5
65150.1
65569.5
65634
65961.1
65966.4
65995.3
66112.5
66171.1
66274
66299.6
66508.7
66897
67283.1
67280.9
67632.9
68104
68162.8
68432.2
68560.1
68608.7
68750.4
69866.4
70790.2
70794.6
70861
71100.4
71292.9
71906.4
72233.7
72269.2
72526.8
72731.9
73362.4
74158.2
74185.5
74335.8
74564.7
74887.7
74964
75625.6
75678.9
75927.7
76172.6
76786.9
77224
77221.5
77561.1
77586.7
77640.8
77917.5
77994.9
78075.5
78220.1
78257.3
78329.2
78372.3
78761.3
79012.8
79032.4
79077.5
79379.7
79478.7
80093.9
80290.1
80359.1
80367.5
80777.2
80916.8
81037.9
81123.6
81524.9
81757.6
82698.8
82798
83460.5
83712.7
83883.1
84869.7
85793.5
86006
86359
86372.7
86449.6
86517.6
86781.5
86819.4
86977.9
87105.6
87194.1
87239.1
87293.5
87531.1
87541.1
87764.1
87775.4
87915.6
87938
87937.8
88585.7
88890.9
89177.5
89455.6
90035.8
90883
91909.7
92415.7
92825.8
93433.5
93605.2
94307.8
94884.9
94950.7
95233.6
95504.6
95508
95671.7
95727.3
96055.5
96155.5
96300.7
96620.7
96714.1
96755.5
97092
97120.9
97132.5
97199.7
97509.6
97964.5
98206.3
98508.8
98665
98768.7
99378.8
99470.9
99481.5
99526.6
99640.2
99701.2
100010
100120
100684
101373
101483
101499
101803
102065
102196
102735
102793
102808
103061
103564
103563
103702
103709
104093
105195
105320
105432
105760
105768
106236
106602
106877
107237
108004
108032
108047
108105
108168
108488
108504
108595
108762
109064
109283
109280
109506
109670
109961
109990
110105
110110
110213
110570
110623
110664
110932
111762
111994
112105
112151
113275
113617
113627
113742
113808
114072
114302
114757
114961
115150
115570
115923
117027
117185
117622
117656
118297
118763
118955
119107
119184
119255
119511
119965
120239
120518
121154
121417
121678
121708
121784
122049
122560
122999
123185
123439
123493
123838
123872
124402
124618
124695
125329
125514
125632
126678
126737
127467
128012
128049
128245
128255
128585
129040
129258
129486
129952
130199
130573
130845
131045
131732
131847
131940
132005
132258
132343
132698
133115
133414
133519
133683
133915
134054
134905
135567
135828
136000
136529
136716
137024
137256
137463
137494
137504
137874
137900
138074
138111
138624
138794
138930
139228
139240
139444
139555
139733
140612
140917
141208
141607
141826
141834
142348
142529
142606
142962
143109
143167
143267
143761
143889
144261
144675
144956
145452
145502
145589
145717
146270
146333
146513
146547
146875
146960
148195
148221
149153
149454
149486
150219
150876
151083
151421
151466
151753
151995
151999
152034
152153
152416
152895
152940
153306
153579
153815
153848
154020
154297
154395
155023
155416
155758
156032
156807
156979
157159
157564
157696
158077
158658
158992
159313
159478
159884
160364
160698
160930
161106
161393
161923
162289
162389
162615
162692
163044
163848
164087
164211
164270
164268
164569
165028
165151
165523
166293
166750
166809
167075
167094
167402
167473
167638
167917
168051
168823
169201
169231
169402
169481
169763
169764
170561
170581
171206
171485
171532
171817
172059
172097
172174
172315
172583
172576
173193
173304
173504
173534
173620
173625
173683
173741
174117
174206
174352
174477
174569
174789
174959
175100
175330
175493
175555
175735
176385
176648
177183
177622
177642
177658
178032
178215
178767
178798
179293
179771
180069
180120
180144
180427
180804
181022
181404
181707
182117
182164
182217
182307
182600
182623
182843
183304
183486
183860
184049
184560
184828
185366
185693
185712
185888
185905
186638
186859
187309
187380
187610
187736
188239
188474
188544
189374
189471
189595
189844
190125
190127
190984
193154
193619
193713
193943
194506
194824
194820
195222
195586
195645
195898
195933
196226
196375
196728
197242
197415
197565
197753
197970
198459
198951
199018
199067
199220
199273
199348
199722
199819
