148.5
161.63
220.39
468.82
1267.98
1307.44
1435.2
1624.19
1986.56
2016.21
2169.1
2407.02
2726.05
2827.91
3443.13
3534.32
3718.98
4061.23
4219.86
4315.1
4556.64
4639.88
5036.48
5180.4
5195.78
5206.47
5463.17
5899.17
5937.12
6058.44
6463.98
6749.8
6752.77
6902.09
6973.39
6982.66
6986.67
7312.86
7431.42
7495.68
7502.29
7751.32
7795.9
7886.51
8140.44
8193.04
8509.35
8959.44
9363.43
9502.52
9528.84
9684.88
9752.06
9995.35
10038.4
10081.1
10135.6
10354.2
10600.6
10616.7
10665.2
10835.8
11265.3
11324.8
12018.5
12270.2
12287.5
12300.7
12512.3
12655.2
12664.9
12676.6
12986.1
13143.5
13459.7
13540.7
13609.3
13935.1
14214.4
14373.7
14480.7
14534.6
14607.8
14959
15106
15589.5
15697.3
15853.8
16312.6
16423.2
17039.2
17075.3
17192.7
17212.7
17357.3
17474.4
17503
17598.6
17702.4
17808.6
17922.6
17993.9
18267.4
18274.9
18274
18580.6
18878.6
19166.5
19282.6
19469.8
19833.7
19981.3
20119.4
20277.8
20399.3
20410.9
20574.7
20598.2
21039.8
21357.7
21727.6
21903
21962.6
22116.1
22251
22257.4
22309.5
22411.3
22682
22782.1
22975.1
23070.4
23109.7
23203.7
23211.6
23423.7
23635
23689.2
23981.7
24160.4
24403.4
24571.1
24780.8
25171.1
25280.7
25632.3
25679.1
25729.3
26019.2
26135.6
26148.7
26344.9
26371.7
26456.6
26513.9
26779.4
26915.5
27012.1
27445.5
27809.8
27959.9
28130.5
28414.8
28562
28662.3
28670.7
28817.4
28888.1
28942.4
29282.5
29317.7
29356.3
29446.8
29478.8
29707.7
29818.2
29949.2
30661.7
30795.9
30966.7
31167.1
31337
31503.4
31877.5
31893.6
31944.7
32048.6
32202.2
32204.6
32401.6
32745.3
32752.4
32761.9
32835.2
33080.4
33164.9
33242
33454.1
33480.2
33494.9
33653.9
34290
34314.1
34678.3
34734
34911.7
35010.8
35107.9
35110
35494.1
35558.9
35581.1
35686.5
35707
36060.6
36082.3
36525.3
37207.2
37343.3
37412.2
37493.9
37802.4
37977.6
38069.9
38688.7
38844.7
39409.9
39412.9
39502.8
39693.4
40424.2
41284.8
42082.7
42507.2
42788
42902.1
43171.7
43345.3
43866
43906.1
44135.2
44161.2
44340.8
44445.9
44641.1
44733.6
44831.7
44844
44904
44978.4
45234.9
45378.9
46082
46438.7
46768.1
47099.7
47864.7
48229.9
48594.4
48714.2
48896.5
48925
49223.2
49459.6
49519.9
49755.9
49849.6
49897.7
49982.1
50053.5
50204.3
50373.3
50656.5
51110.7
51198.6
51602.2
51706.1
51794.1
51927.8
51972.3
52182.3
52233.1
52295.8
52363.1
52444.6
52574.2
52822.1
52990.9
53118.7
53343.7
53413.5
53579.7
53690.2
54015.8
54264.9
54655.8
55006.1
55037.7
55157.1
55261.2
55722.5
56334
56777.9
56939.8
56982.7
57266.9
57501.3
57686.3
57809.9
58082.3
58448.7
58787.1
59055
59409.8
59918.3
60185.9
60687.6
60748
60762.3
61159.2
61201.9
61418.3
61413.9
61497
61570.7
62048.8
62293.3
62381
62526.2
62688.8
62880.1
62980.6
62987.1
63035.7
63138.1
63633.9
63767.7
63998.9
64180.5
64214.5
64241.6
64457.7
64957.6
65101.2
65118.8
65164.2
65408.6
65407
65540.1
65567.6
65995.5
66000.9
66193
66239.3
66353.2
67372.5
67519.9
67627.1
67666.7
67706
68037.8
68192.2
68403.7
68436.8
69251.2
69749.6
70308.1
70340.2
70349.9
70444
70612
70845.3
70886.4
71167.6
71321.9
71471.3
72141.6
72188.6
72999.6
73151.9
73195.9
73492.2
73544.7
73849.9
73974
74001.8
74045.2
74253.6
74256.4
74406.4
74440.5
74482.7
74515.9
74526.8
74687.5
74866.9
74873.2
74876.3
75457.8
75500.3
75591.3
75655.9
75774.7
76000.9
76052.4
76320.8
76327.4
76746.7
77289
77356.3
77734.7
77858.2
78083.4
78387.7
79392.6
79495.8
79812.8
80274
80362.8
80404
80726.1
81095.4
81389.6
81642.1
81903.7
81953.3
82048.9
82050.9
82080.8
82268.7
82350.4
82744.5
82998.9
83200
83374
83415.8
83495.6
83618.8
83823.4
83900.3
83928.9
84821.5
85700.9
85783.5
86051.9
86326.9
86337
86537.6
86656.3
86986.9
87219.3
87264.4
87363
87788.7
87912.5
88222
88386.8
88618.3
88614.5
88815
88975
89012.5
89140.8
89289.9
89309.3
89324.5
89415.7
89587.9
89858.5
89857.3
89905.3
90115.2
90518.6
90784.9
91316.2
91380
91665.6
91837.3
91922.2
91966
92089.2
92234.1
92254.2
92659.4
92687.1
92831.2
92919.9
92968.2
93181.7
93245.1
93398.3
93543.8
93640.7
93861.9
93876.9
93921.4
94112.4
94396
94561.4
94610.5
94997.8
95280.9
95300.3
95772.3
96085.3
96090.3
96321.5
96353.4
96414.4
96592.4
96845.9
97015.3
97022.6
97081.2
97371.7
97544.2
97860
98010.6
98242.3
98254.5
98299.4
98323.1
98471.6
98713
98852.7
98881.7
99204.8
99372.9
99519.7
99568.4
99901.9
99940.7
100310
100505
100755
101077
101155
101166
101295
101313
101416
101429
102096
102202
102216
102658
102838
103131
103545
103652
103898
104053
104085
104134
104197
104229
104271
104825
105134
105184
105245
105435
105817
106104
106315
106567
106702
106959
107078
107126
107400
107474
107525
107631
107948
108421
108444
108740
109121
109214
109666
110140
110188
110338
111032
111094
111170
111287
111732
111889
112023
112031
112409
112464
112762
112875
113051
113165
113390
113410
113474
113807
113861
113951
114045
114297
114646
114850
115075
115106
115278
115469
115707
115754
115749
115897
115937
116041
116067
116072
116340
116354
116443
116463
116915
117188
117381
117452
117470
117577
117594
117767
117844
118355
118727
118759
119356
119400
119411
119839
120069
120198
120319
120514
120521
120610
120677
120683
120826
120986
121237
121442
121687
121803
121819
122097
122111
122134
122370
122451
122504
122547
122683
122890
123084
123229
123306
123340
123578
123574
123882
124118
124192
124412
124426
124623
124678
124682
124947
124972
125139
125159
125200
125320
125473
125475
125701
126036
126217
126488
126653
126711
126743
126874
127031
127302
127506
127703
127746
127872
128281
128377
128848
129199
129195
129963
130302
130353
130351
131165
131237
131545
132072
132221
132490
132619
133462
133544
133772
134118
134212
134302
134346
134590
134810
135100
135168
135213
135349
135532
135651
135880
135930
136138
136314
136357
136973
137148
137219
137333
137562
137815
137943
138502
138701
138726
139011
139126
139166
139302
139478
139489
139734
139778
139914
140014
140488
140620
140966
140966
141169
141290
141460
141461
141823
141841
142049
142110
142144
142427
142479
142518
142704
143128
143390
143591
144312
144686
144857
144939
145151
145350
145371
145408
145542
145655
145706
145932
146011
146482
146616
146856
147330
147366
147529
147631
147954
148677
148737
148751
149040
149048
149163
149427
149616
150272
150365
150484
150508
150631
150846
151076
151277
151409
151546
152028
152116
152231
152857
153262
153352
153474
153507
153632
153658
153744
153856
153929
154065
154219
154301
154522
154603
154902
154981
155069
155054
155139
155286
155622
155725
155888
155886
156158
156239
156285
156494
156495
156745
156819
156927
156961
156979
157080
157301
157323
157389
157544
157980
158089
158201
159695
159722
159892
159942
160268
160457
160801
160881
160932
161169
161466
161981
162398
162497
162501
162593
162784
162829
162873
163045
163049
163349
163413
163537
163685
164214
164356
164379
164748
164928
165390
165538
165600
165619
165890
165930
166042
166322
166398
166755
167024
167305
167449
167832
167930
168463
168544
168625
168742
169000
169121
169098
169267
169631
170234
170351
170380
170608
171087
171213
171396
171423
171640
171876
171975
172069
172066
172253
172558
172562
172971
173113
173336
174032
174084
174140
174194
174405
174707
174850
174916
175381
175576
176202
176281
176529
176634
176820
177039
177087
177171
177350
177629
177708
177699
177823
177970
178001
178127
178156
178217
178521
178524
178536
178657
178691
178675
178782
178997
179128
179658
179666
179820
180055
180236
180426
180623
180838
181358
181391
181725
182147
182176
182352
182465
182571
182900
182944
183055
183122
183219
183296
183335
183381
183462
183490
183618
183869
183897
183912
184295
184297
184365
184464
184653
185058
185355
185538
185733
185717
185890
185922
185951
185968
186274
186449
186541
186664
186693
187028
187223
187659
187829
188114
188743
188821
189094
189979
189991
190149
190358
190584
191015
191371
191654
191856
192004
192131
192405
192701
192818
192866
192913
192994
193105
193140
193694
193756
193937
194075
194111
194235
194351
194523
194828
195020
195086
195358
195385
195585
195886
196143
196415
196474
196657
196976
197128
197117
197562
197811
198005
198031
198179
198264
198355
198790
198992
199823
199927
199901
