179.43
1103.44
1684.94
2430.97
4300.03
5225.94
5912.62
6938.43
6975.33
7848.3
8664.62
9056.8
11413.5
11557.2
11606.8
11778.2
12283.7
12796.3
12822.8
14043.9
14393.2
14611.4
14913.5
16043.1
16789
17200.9
17586.8
18915.5
24487.9
24647.5
24660.8
25605.8
27660.5
27875.6
28767.9
28794.3
29478.1
30023.6
30175.4
31032.4
34019.8
34462.7
34693
34985
35270.9
36463.5
37033.7
37347.7
37908.3
38585.6
39865.3
41966.7
44917.6
45421.1
46253
46482
46694
47910.3
48105.6
48857.8
50462.8
51100
51890
52430.9
52947.7
53188.3
53296
53831.6
54358.8
54444.6
55981.6
56122.2
57173.2
57872.2
59303.8
61772.6
62437.8
65443
65815.4
67166.7
68183.4
69744.4
70129.1
70341.9
70834.6
70961.1
73141
74000.3
74102
76580.2
76881.3
78579.2
79233.6
80632.7
81773.1
83487.4
83949.4
84955.7
86062.2
86969.5
88132.8
88374.3
90848.3
91233.9
92321.2
92768.6
94080.4
96119.1
96193.8
97213.9
97465.9
97791.5
97948.3
98278.2
98802
99886.2
100293
100860
103985
104097
104447
104990
105824
106270
107490
107703
108460
108788
111142
112300
112496
114875
115632
115719
115850
116300
118558
121181
123187
123235
123276
124468
124944
125228
126170
127630
127682
131473
132069
132422
132682
133961
134965
137525
137538
140051
140174
140834
140957
141344
141797
142748
143187
143539
143564
144456
144845
144948
145551
146317
146428
147692
148610
149540
150527
153419
153915
154533
154743
156099
157078
157746
158959
160080
160273
161768
161923
162367
163144
163471
164294
164694
165636
166406
166773
166848
168892
170816
172307
173335
174089
175451
175971
177528
178670
178674
181085
181157
181152
183077
183066
183583
184217
184624
184640
185450
185995
186204
186639
187165
187181
187198
188458
188773
189636
190603
194287
194362
194810
194951
194986
195681
196320
196517
196690
198581
199417
