681.65
818.21
2068.16
6091.48
6918.92
7262.1
8096.69
8776.84
11414.8
11626.1
12671.8
12753
13518.5
13945
14155.8
16776.3
18018.8
18023.3
18122.5
19024
19285.8
19426.5
20011
20023.8
20306.5
20677.6
21097.5
22653.8
27198.3
27292.2
27371.2
27611.2
28169.4
28773.2
29449.1
30127
30966.2
31639.7
32150.7
32988.9
34332
34903
35625.8
35637.8
35772.3
36317.8
36604.7
36621.6
37610.9
37762.7
38975
40525.4
40676
40696.4
43661.8
43949.6
44323.2
45290.4
45820.1
46075.5
47489.3
47778.6
48771
49952.8
50611.6
52865.4
54338.2
55078.2
55851.3
55878.7
57162.2
57625
58719.5
58854.3
59549.3
59612.7
59813.1
59822.6
60712.7
61807.6
62973.3
63832.6
64563.1
65637.2
65746.2
68840.7
69400.8
69514.6
70336.7
71813.6
72739.2
74374.8
75687.7
77150.7
77384
77933.7
78290.7
80642.5
81064.1
81722.2
82024.6
82095.6
83199.2
83964.2
84083.6
84588.7
84907.6
85471.3
86537.6
87020.7
87221.8
88251.7
88304.7
88441.9
89646.4
89931.2
90778.4
92038.8
92220.8
92486.8
92618.7
93667.9
96073.2
96084.1
96887.3
97315.7
97641.6
98102.9
98963.6
