337.44
1307.05
3673.2
4032.38
5746
6313.92
7692.06
8674.73
10680
10879.5
10978.3
11455.9
12245.3
12965.4
13225.7
13535.5
16518.4
17137.7
17573.9
17728.1
17760.7
18509.9
18645.4
19144.9
19779.2
20062.8
20410.3
20478
20923.1
21232.9
22382.1
26293.8
26892.2
27152
27198.8
27321.4
27854.8
28047.5
28821.6
29829.5
30212.6
31163.2
31291
31561.8
32770.2
32838.2
34098.3
35063.1
35471.4
35909.7
36015.4
37442.3
37710.4
38893.6
38956.8
39295.9
39777
39909.3
39974.6
40392.6
40475.4
42274.4
42304
43468.8
43589.1
45443.1
46943.6
47372.6
50397.8
51373.8
51586.7
52553.7
53262.3
54188.3
54601.4
55597.8
56198.4
57416.4
58039.9
58781.5
58819.5
59459.2
59978.6
60881.6
61574
63160.2
64199.6
64341.7
65497.7
66844.7
67190.7
68324.1
68519
68926.1
69333.5
69764
69923.1
70363.5
71089.7
72523.5
72625.4
73123.5
73592.9
74615.7
75293.8
76334.8
76890.4
76910.7
77224.7
77362.8
77386.6
78128.3
80000.9
80264.5
82773.2
82819.8
83461.5
84199.1
84268.7
84721.3
85145.2
85759.4
86695.1
87975.9
88169.1
88994.1
89613.6
90021.4
91371.1
91751.5
92812.8
93444.1
94341.7
94556.9
95046.5
95940.5
97050.7
97387.6
97894
97944.1
99867.2
