224.06
344.43
494.8
508.38
1041.7
1096.39
1565.14
1661.77
1945.63
2075.65
2190.59
2323.41
2374.3
2815.17
2821.2
2965.31
3285.32
3419.19
3604.4
3662.07
3754.49
3780.07
4170.82
4531.51
4541.19
4889.49
5137.48
5339.65
5820
5955.63
5981.98
6124.73
6139.82
6351.83
6473.39
6663.63
6691.17
7027.6
7035.87
7125.66
7149.01
7347
7516.84
7521.69
7573.08
7890.96
8217.09
8272.28
8421.03
8534.66
8758.2
8818.37
8869.79
9302.67
9407.34
9524.51
10075.1
10226.4
10355.9
10772.4
11460.2
11607
11688.2
11768.3
11914.1
12003.4
12358.7
12478.1
12839.5
12893.1
13002.3
13466.4
13925.9
14009.1
14152.7
14560.2
14672.2
14710.8
14747.6
15356.5
15495.9
15543.9
15637.9
15712.8
15730.3
15967.8
16039.3
16223.1
16238.8
16279.8
16295.7
16609.4
16641.5
16666.1
16831.2
17509.8
18038
18704.7
18701.7
18784
18817.8
18939
19457.8
19591.1
19737.6
19805.5
19871.4
20042.6
20061
20135.4
20204.7
20211
20277
20293.6
20636.6
20781.4
20864.4
21274.7
21583.4
21658.1
21978.5
22155.1
22233.2
22346.4
22482.2
22477.6
23337.3
23608
23750.9
24468.8
24514.4
24650.5
24681.8
24778.1
24788
25407.3
25792.3
25900.6
26038.9
26290.9
26564.5
26574.8
26776.3
26779
26883.5
27130.6
27180.7
27547.2
27789.4
27980.2
28068.4
28149.6
28236.3
28250.8
28267.1
28569.5
28667.5
28777.5
29061.1
29294.2
29353.2
29661.8
29756.8
29797.6
30001.3
30028.6
30110.1
30339.3
30599.7
30822.8
30848.5
30911.6
31009.3
31170.6
31186.1
31338.1
31562.8
31709.4
32002.8
32128.7
32210.9
32435.4
32559.3
32590.2
32607.1
32769.1
32995.9
33015.3
33128.9
33227.3
33492.2
33725.3
33784.2
33840.5
34024.6
34130.2
34138.2
34213
34277.8
34573.6
34808.2
34940.6
35539.5
35646.5
36221
36798.5
36929.3
37100
37218.2
37441.9
37458.5
37744.2
37877.5
38113.5
38305.9
38360.6
38888
39079.7
39409.2
39431.9
39692.2
39785.2
40306.2
40312.1
40543.8
40947.2
41532.7
41581.2
41704
41988.3
42010.7
42164.6
42259.7
42452.4
42580.2
42726.4
42820.2
42831.1
42845.9
43091.7
43250.4
43258.7
43328.3
43530.8
43685
43831.5
44540.1
44740.9
44840
45018.3
45092.9
45310.7
45614.6
45626.9
45728.9
45825.7
45863.8
46016
46088.4
46267.9
46331.7
46364.4
46406.7
46454.3
46558
46892.7
46961.8
47036
47076.6
47286.6
47328.1
47596.9
47766.8
47958.8
48205.4
48510.2
48603.4
48844.7
48843.1
49066
49295.8
49341.4
49528
50025.2
50066.5
50286.5
50520.6
50596.6
50789.8
50954
51139
51296.9
51493.4
51570.4
51930.5
51934.8
52315.3
52331.3
53018
53075.7
53097.1
53172
53600.5
54175.1
54952.9
54972.9
55402.6
55625.1
55664.1
55790.8
55817.1
55865.5
55991.8
55998.1
56072.8
56370.7
56491.5
56520.7
56647.1
56844.6
56981
56998.5
57112.4
57127.8
57257.7
57945
58066.2
58138.1
58223.4
58411.4
58955.8
59292.5
59808.9
59932.5
60086.2
60197.5
60272.5
60436.9
60493.5
60537.7
60589.3
60725.6
61078.9
61145.7
61204.2
61241.4
61338.6
61450.7
61758.3
61850.5
61900.3
62029.4
62063
62089.3
62334.7
62351.1
62404.3
62609.5
62603.7
62815.8
62867.1
63068.2
63093.6
63142.8
63383.7
63449.1
63482.1
63564.9
63620.9
63686.5
63912.6
63945.7
64273.4
64478.5
64678.2
64773.4
64918.5
65022.7
65354.4
65756.7
65799.5
65925.5
66036.8
66368
66440
66446.6
66710.4
67147
67175.2
67487.9
67556.3
67841.5
68045.1
68103.2
68170.3
68310.1
68353.9
68394.4
68622.5
68822.6
68975.7
69078.5
69449.9
70049.7
70089.9
70239.7
70439.9
70461.5
70794
70934.1
71301.6
71598.6
71753.2
71853.6
71915.8
71972.3
72076
72359
72428.9
72773
72972.6
73111
73125.2
73266.5
73477.9
73515.2
73782.7
74447.8
74478.2
74588.2
74645.3
74747.2
74857.9
74932.9
74961.2
75306
75572.5
75815.6
75934.3
75949.2
76492.9
77043.5
77163.8
77321.4
77338.4
77602.8
77689.3
77823
77903.3
77923.4
78152.4
78204.2
78507.5
78600.9
78604
78940.8
78951.4
79164
79345.5
79364.5
79551.6
79587.1
79595.6
79900.1
79949.3
80108.1
80373.6
80496.8
80519.1
80619.8
80700.2
80760.6
80828.8
80993.3
81679.6
81850
82103.4
82654.4
82665.1
82744.2
82981.7
83237.7
83373.6
83467.4
83518.7
83847.2
84157.3
84313.1
84794.8
84903.9
85184.9
85230.4
85342
85376.2
85616.7
85695
85824.6
86446.2
86503.6
86896.4
87071
87130.4
87226.9
87519.3
87581.8
87595.4
87945.5
88011.1
88537.9
88645.7
88848.4
88978.2
89539.1
89644.4
89741.3
89912.3
89970.5
90170.7
90419.7
90571.5
90760
90991
91084.4
91556.6
91911.7
92185.4
92857.4
93193.1
94737.2
94975.5
95182.2
95236.5
95411.4
95505.6
96137.1
96273
96576.2
97563.4
97924.9
98310.5
98331.6
98504.6
98662.9
99027.2
99088.4
99300.7
99304.3
99587.1
99868.6
99916.1
100875
101216
101643
102104
102268
102325
102634
102853
103069
103218
103297
103694
103930
103945
104315
104382
104475
104643
105004
105067
105204
105450
105578
105715
105824
106364
106380
106525
106590
106808
106890
106929
107034
107093
107237
107510
107678
107719
107739
108111
108175
108203
108243
108314
108583
108678
108973
109046
109278
109335
109341
109342
109675
109686
109719
109841
109973
110041
110742
111074
111117
111286
111355
111905
112002
112112
112124
112564
112940
113772
113996
114137
114171
114284
114420
114739
114733
114832
114828
114968
114994
115102
115168
115159
115311
115480
115701
115761
116003
116457
116496
116553
116586
116834
116956
117328
117440
117687
117713
117728
117850
117881
117964
118027
118101
118132
118333
118399
118484
118671
118817
119297
119406
119421
119502
119572
120272
120921
121176
121983
122316
122401
122869
123305
123546
123597
123633
124031
124070
124240
124362
124652
124726
124958
124984
125105
125401
125606
125728
125754
125854
125917
126311
126540
126663
126735
126736
126809
126945
127184
127221
127279
127512
127573
127631
127877
127980
128310
128433
128647
128734
128874
128979
129122
129454
129785
129877
130025
130126
130246
130457
130495
130487
130719
130764
130840
130855
131106
131200
131330
131413
131529
131774
131866
131898
132189
132227
132301
132481
132613
132727
132862
133152
133392
133649
133676
133690
133719
133744
133963
134136
134207
134470
134608
134829
134924
134965
135046
135221
135457
135812
136229
136736
136742
137569
137708
137834
138161
138204
138639
138788
139402
139649
139822
140118
140169
140409
140515
140703
140813
140916
141122
141352
141353
141474
141688
141736
141877
142075
142122
142125
142324
142348
142511
142526
142581
142775
142947
143069
143167
143177
143264
143312
143382
143972
144007
144074
144204
144407
144571
144699
144783
144993
145085
145091
145118
145191
145248
145401
146140
146167
146272
146395
146726
146794
147034
148541
148813
148923
149318
149459
149531
149694
149786
149937
150071
150194
150391
150459
150673
150685
150887
150899
151182
151338
151377
151557
151715
152081
152328
152404
152567
152679
152950
153113
153325
153447
153717
153731
153830
154135
154260
154403
154440
154957
155190
155233
155636
155727
156131
156236
156303
156467
156544
156676
156802
157142
157135
157412
157563
157724
157729
157937
157984
158004
158321
158318
158426
158496
158706
158803
158870
159053
159065
159112
159158
159319
159385
159717
159706
159782
160661
160876
160905
160961
161053
161128
161492
161518
161557
161691
161721
162084
162198
162465
162510
162822
163491
163821
163849
164026
164162
164394
164583
164597
164710
164849
165050
165606
165638
166214
166440
166446
166649
166720
166797
166989
167193
167212
167460
167577
167644
167731
167743
168144
168776
168816
169244
169887
169894
169900
170182
170744
170735
170803
170939
170988
171028
171067
171206
171242
171430
171459
171603
171662
171742
171929
171965
172214
172230
172494
172510
172657
172765
173045
173108
173228
173397
173399
173496
173540
173591
173833
174223
174673
174911
175082
175159
175320
175416
175445
176125
176178
176256
176519
176657
176911
177014
177047
177195
177275
177438
177526
177558
177731
178015
178065
178142
178581
178600
178634
178720
178741
179382
179525
179574
179615
179989
180280
180498
180695
180824
180941
181021
181230
181337
181400
181547
181586
181947
181998
182158
182189
182341
182381
182466
182516
182691
182916
182977
183570
183630
183651
183787
183913
183948
184029
184157
184238
184305
184329
184626
185086
185288
185722
185970
186463
186610
186778
186944
188185
188384
188410
188631
189259
189771
189777
189888
189938
190086
190184
190363
191303
191376
191564
191648
191696
191751
191823
192015
192123
192181
192557
192896
193039
193068
193112
193806
193926
194219
194230
194389
194881
195012
195080
195270
195554
195862
195886
196351
196401
196428
196711
196714
196726
196856
197100
197216
197432
197653
197661
197759
198111
198128
198453
198479
198696
198800
199020
199260
199325
199878
199945
