119.46
309.35
449.17
1015.86
1141.18
1148.31
1172.75
1388.33
1645.78
1690.7
1693.22
1763.39
2102.76
2164
2165.42
2410.5
2454.82
2476.1
2700.84
3064.75
3170.83
3244.29
3480.24
3547.04
3675.26
4522.16
4785.34
4790.83
4949.23
4965.88
4976.58
5060.23
5369.5
5407.9
5429.6
5745.52
5849.43
5997.89
6110.91
6318.84
6402.54
6529.23
6788.33
6986.05
7231.13
7295.75
7338.37
7622.97
7655.69
7791.17
7846.03
8012.79
8113.48
8123.94
8311.08
8479.53
8483.44
8657.81
8710.63
8725.04
8905.06
8917.08
9027.93
9083.54
9380.76
9506.27
9566.03
9612.72
9639.54
9673.73
10007.2
10080.3
10088
10132
10217.6
10224.5
10286.2
10480.9
10579.7
10745.5
10810.1
10982.2
11151.4
11224.4
11341.7
11356.6
11354.3
11583.3
11677.7
11940.9
12001.5
12359.4
12548.9
12685.9
12711.6
12797.3
12799.9
12798
12963.1
13011.8
13034
13229.5
13242.8
13252.8
13295.4
13298.5
13352.9
13378.1
13622.4
13704.9
13778.3
13896.1
14089.3
14110.4
14150.8
14162
14320.3
14352.7
14361.8
14537.5
14739.7
14854.4
14857.1
14929
14945.7
15218.7
15483.8
15541.2
15546.5
15996.9
16051
16226.8
16241.6
16380.6
16388.2
16458.9
16620.1
16651.5
16767.5
17176.2
17389
17415.8
17497.7
17572.5
17597.6
18039.7
18182.1
18377.4
18495.6
18580
18591.2
18645.7
18867.9
18931.3
18993.7
19102.2
19251.7
19282.7
19454.1
19483.8
19506.8
19661.2
19704.1
19706.4
19981.2
20024.1
20080.3
20176.1
20245.4
20342.1
20526.9
20539.3
20635.4
20684.1
20756.7
20800.8
20820.4
21018.4
21085.4
21261.2
21482.7
21503
21508.9
21601.9
21606.6
21608.5
21719.5
21812.4
22057.6
22071.8
22237.7
22349.7
22368.7
22376.6
22449.8
22476.3
22482.4
22549.3
22587.7
22728.8
22779.2
23009.3
23015.8
23048.6
23189.4
23227.1
23335.8
23431.9
23797.5
23994
24172.4
24213.2
24230.4
24299.5
24572.6
24589.4
24716.1
24743.6
24825.9
24855.6
24929.8
24986.2
25160.6
25233.9
25237.6
25244.6
25259
25338.1
25504.2
25624.3
25670.7
25865.7
25977.4
25992.2
25996.1
26040.7
26117.4
26165.6
26208.8
26300.9
26325
26458.2
26569
26653.2
26841.2
27060.7
27123
27241.4
27250
27263.7
27331.4
27362
27481.6
27537.3
27671.2
27682
27785.2
27950.3
27995.7
28119.4
28169.7
28364.1
28371.4
28422.4
28460.3
28490.1
28677.1
28678
28983.9
28989.3
29048.8
29056.3
29205.9
29228.4
29266.2
29430.1
29581.2
29630.8
29700.5
29724.2
29751.8
29977
30139.3
30272
30420.2
30652.1
30735
30784.7
30792.4
30941.2
31045.3
31225.7
31250.8
31505.9
31505.4
31705.1
31902.7
31971.1
32031.4
32227.5
32259.4
32342.8
32450.6
32798.5
32877
32934.3
32992.4
33011.7
33240.3
33422.5
33508.1
33523.5
33627
34063.6
34107.9
34515.5
34626.1
34766.2
35051.7
35225.7
35435.9
35478
35556.8
35595.4
35776.2
35834.1
35835.5
35901.9
36077.7
36092.3
36145.9
36171.6
36405.2
36778.8
36829.5
36839.4
36952
36983.1
37104.9
37266.7
37342.8
37413.9
37496.7
37495.9
37536
37587.5
37959.3
38005
38135.7
38175.2
38197.7
38322.1
38383.9
38600.7
38645.5
38754
38829.2
39076.3
39110.5
39382.1
39376.3
39498.2
39670.6
40033.1
40046.2
40145.6
40155.6
40437.3
40555.2
40625.3
41061.4
41156.6
41173.8
41396.8
41918.6
42032
42028.9
42041.4
42238.1
42257.7
42257.3
42423.1
42462.4
42851.8
42925.6
42961.1
43168.9
43196.7
43262.3
43453.5
43451.3
43457.3
43462
43727.1
43815.4
43859.4
43867.7
43899.8
44029.8
44110.3
44289.8
44305.8
44307.8
44482
44582.2
44688.5
44885.9
44989.1
44999.5
45013.7
45143.2
45215.4
45252.1
45361.2
45536.8
45670.5
45717.2
45729.6
45885.8
45882.3
45920.7
46040.1
46142.3
46275.2
46295.2
46348.3
46381.4
46445
46541.3
46618.1
46631.9
46635.9
46859.7
47042.5
47155.1
47171.7
47308.5
47386.8
47509.8
47582.9
47683.9
47853
47932
47929.9
48161.5
48283.9
48299
48560.5
48656.9
48685.6
48790.4
49014.4
49042.6
49097.1
49133.1
49245.8
49330.3
49444.8
49561.9
49714.7
49722.6
49850.2
49891.3
49904.4
49939.3
49963.2
50032.3
50142.2
50366.9
50474.4
50522.9
50677.6
50911.7
50977.1
51124.8
51223.9
51242.9
51450.4
51604
51695.7
51738.1
52069.6
52082.6
52211.2
52244.1
52280.2
52282.6
52568.3
52702.5
52834
52882.6
52970.8
52988.5
53003
53124.1
53312.1
53383.2
53603.5
53652.7
53786.8
54018.2
54030.1
54035
54304
54314.4
54336.8
54387.8
54529.1
54620.2
54725.3
54923.6
54945.9
55049.2
55179.7
55217.4
55388.2
55412.4
55423.5
55480.9
55817
55848.8
55944.3
55951.7
56167.2
56256.9
56302.8
56371.7
56494
56635.6
56639.5
56660
56686.1
56978.5
57063.6
57069.5
57082.1
57187.3
57202.1
57228.2
57497.9
58006.3
58135.9
58216.7
58286.4
58302.4
58339.8
58599.2
58770.2
58778.1
58878.3
58908.7
59023.9
59335.3
59389.4
59399.9
59640.6
59780.6
60234.5
60271.1
60284
60298.5
60364.6
60509.3
60577.2
60832.5
60872.3
61016.9
61092.9
61108.3
61471.6
61475.3
61487.5
61504.6
61709.9
61795.7
61840.5
61870
62297.6
62545.6
62643.9
62772.5
62827.8
62932.8
63117.4
63274.9
63316.8
63321.3
63340.1
63602.2
63662.8
63693.6
63698.4
63899.1
63972.7
64130
64255
64342.2
64365.1
64491.3
64603.9
64682.7
64813.4
64840.2
64877.5
65014.8
65034.6
65065.9
65297.5
65429.2
65580.1
65697.4
65882.7
66091.7
66102
66202
66253.3
66294.3
66411.1
66559.5
66627.1
66646
66671.7
66828.1
66876.1
66912
66949.3
67022.6
67128
67146.9
67218.2
67224
67595.8
67628.6
67897.3
67910.6
67963.4
68041.1
68151.5
68428.8
68501
68547.3
68589.2
68624
68675
68758.5
68813.8
68863.5
68879.3
69059.1
69084
69169.3
69207.1
69241
69493.3
69669.7
69749.7
69990.1
70038.4
70063.1
70067.8
70123.4
70253.1
70315.7
70347
70397.7
70531.1
70828.8
71055.3
71096.4
71162.4
71186.9
71212.9
71334.9
71423.6
71561.3
71673.7
71685.1
71837.2
71957.8
72115.5
72291.2
72349.9
72491.1
72522.9
72634.5
72726.1
72881.1
73156.5
73175.1
73246.8
73398.7
73432.1
73570.1
73632.4
73684.2
73743.8
73940.5
74006.9
74150.1
74205.2
74217.5
74290.7
74505.4
74599.1
74694.3
74884.6
74914.5
75381.2
75478.3
75641.4
75655.6
75687.9
75700.3
75754.5
75872
76041.2
76067.7
76187.1
76342.1
76439.8
76474
76826.5
76924.9
77056.4
77068.5
77235.5
77347.1
77433.2
77527.6
77531
77768.4
78016.1
78132.7
78131.1
78433.7
78441.7
78494.1
78693.5
78712.7
78822.3
78814.9
78927.9
78978.5
78995.3
79103.5
79227.2
79266.9
79602.3
79638.3
79668.2
79744.4
79847.7
80102.9
80101.1
80208.8
80227.4
80320.5
80479.1
80654.2
80749.9
80753.8
80851.3
81032
81230.4
81283.7
81398.7
81589
81615.6
81614.6
81778.5
82113.8
82293.5
82446.8
82490.8
82702.7
83002.6
83015.2
83064.3
83155.4
83176.9
83303.1
83431.2
83589.3
83709.6
83748.7
84019.9
84024.2
84090
84215.9
84241.1
84423.1
84571.6
84788.5
84903.4
85138.5
85197.2
85295.4
85357.4
85422.2
85670.8
85739.2
85833.2
85961.1
85985.3
86405.8
86445.6
86682.2
86689.3
86745.1
86784
86820.9
86975.9
86985.8
87107.6
87123.7
87334.1
87371.2
87396.7
87511.8
87566.3
87781.4
87824.5
87836.4
87940.3
88445
88497.4
88613.6
88765
88832.2
88848.3
88881.4
89063.1
89422
89581.3
89726.7
89778.9
89797.1
89898.3
89932.6
90042.2
90130.3
90191.4
90205.8
90326.1
90506
90504.4
90676.6
91018
91062.1
91299.4
91302.2
91330.7
91430.2
91565.8
91713.6
91720.2
91883.4
92079
92106
92250.3
92268.1
92268.2
92298.6
92303.7
92553.1
92567.6
92606.1
92665.1
92704.5
92967.8
93215.7
93391.6
93417.7
93453.9
93720
94037.1
94248.8
94278.6
94296
94339.7
94487.2
94520.7
94512.2
94951.9
95043.6
95154.4
95216.1
95287.5
95361.5
95516.1
95610.8
95664.4
95841.5
95879.6
96069.3
96103.7
96199.1
96303.8
96491.5
96701.2
96707.8
96845.7
96934.1
96938.1
97122.9
97243.4
97231.5
97436.3
97527.4
97561.5
97596.4
97606.9
97681.7
97832.4
97971.7
98087.3
98110
98189.7
98543.2
98641.9
98773.3
98985.4
99065.1
99340.8
99374
99409.3
99502.9
99506
99565.4
99576.9
99823
99895.2
100125
100170
100185
100237
100339
100446
100675
100720
100930
101059
101136
101428
101687
101883
101906
101963
102002
102051
102116
102174
102219
102239
102602
102621
102649
102663
102727
102886
103001
103036
103152
103213
103276
103369
103599
103628
103746
103799
103940
103980
104267
104322
104563
104842
104901
104933
104993
105258
105275
105647
105754
105814
105997
106000
106122
106170
106484
106505
106522
106641
106852
106878
106975
107084
107511
107596
107641
108007
108080
108236
108347
108568
108701
108731
108765
108788
108834
108874
108901
108997
109229
109278
109381
109754
109846
109958
110356
110494
110612
110740
110741
110743
110813
110954
110950
110997
111291
111408
111589
111609
111617
111638
111697
111782
111817
111898
111930
111984
112087
112179
112269
112760
112879
112933
113023
113013
113266
113433
113469
113543
113584
113613
113673
113776
113807
114066
114175
114359
114418
114573
114701
114790
114874
114953
115123
115155
115277
115421
115530
115545
115673
115726
115846
116191
116456
116472
116629
116776
116959
117078
117298
117334
117345
117365
117461
117622
117695
117712
117787
117812
118068
118142
118158
118375
118450
118623
118622
118687
118771
118865
118882
119023
119092
119333
119715
119748
119749
119799
119786
119914
120025
120100
120148
120298
120526
120756
120851
121081
121142
121197
121319
121373
121422
121642
121638
121716
121721
121993
122026
122211
122211
122281
122328
122486
122551
122563
122622
122832
122845
123093
123103
123096
123147
123337
123362
123405
123650
123750
123773
123833
123991
124214
124306
124351
124444
124507
124726
124761
124778
124844
124987
125031
125103
125339
125607
125621
125674
125863
125886
125914
125980
126067
126086
126147
126186
126254
126379
126468
126760
127003
127011
127103
127313
127464
127572
127582
127668
127717
128037
128281
128557
128717
128851
129197
129396
129435
129588
129705
129988
130054
130123
130173
130191
130337
130493
130490
130608
130748
130807
130819
130848
130869
130859
130893
130948
131213
131307
131437
131573
131944
132001
132016
132174
132251
132362
132388
132459
132558
132893
133041
133146
133201
133386
133443
133809
134020
134032
134232
134333
134421
134509
134554
134567
134572
134625
134822
134847
134997
135110
135215
135438
135575
135574
135651
135669
135749
135842
136019
136085
136221
136321
136459
136462
136519
137075
137076
137158
137219
137270
137360
137394
137425
137452
137564
137598
137602
137796
137802
137820
138159
138283
138285
138369
138398
138533
138578
138586
138852
138963
139047
139092
139368
139620
139712
139820
139861
139873
140058
140137
140156
140322
140375
140401
140450
140777
140904
141006
141018
141216
141302
141491
141760
142039
142232
142237
142767
142837
142853
142859
143033
143091
143192
143366
143404
143528
143593
143620
143793
143896
143906
144473
144521
144563
144587
144695
145011
145074
145095
145134
145375
145760
146076
146136
146226
146244
146404
146463
146649
146814
147189
147227
147245
147276
147341
147494
147689
147795
147813
147827
147955
148079
148107
148108
148139
148202
148455
148478
148588
148681
148883
148918
149072
149077
149289
149278
149281
149454
149479
149638
149694
149793
150099
150138
150192
150375
150427
150652
150660
150774
150967
151002
151016
151036
151254
151324
151336
151483
151514
151545
151575
151642
151782
151966
151983
152101
152299
152487
152635
152639
152789
152797
152852
153097
153667
153750
153867
153894
153959
153971
153984
154057
154082
154190
154248
154346
154785
154845
154880
154981
155029
155067
155108
155122
155379
155441
155465
155602
155704
155844
155892
156039
156077
156082
156173
156244
156399
156609
156808
157355
157347
157511
157550
157590
157721
157863
158089
158250
158297
158558
158585
158768
158899
159223
159339
159435
159439
159536
159560
159723
159900
159945
159977
159980
160193
160228
160474
160797
160901
161049
161115
161211
161299
161828
161980
161994
162024
162272
162335
162392
162684
162746
162919
163015
163167
163168
163221
163351
163390
163652
164135
164147
164178
164193
164248
164291
164673
164756
164817
164935
165027
165213
165309
165363
165781
165860
165886
166042
166146
166138
166162
166199
166435
166487
166513
166596
166634
166657
166962
167016
167048
167195
167209
167300
167469
167535
167622
167782
167841
167903
168215
168259
168346
168580
168626
168653
168732
168786
168843
168842
168887
169181
169258
169377
169502
169675
169742
169826
169859
169929
169947
170065
170141
170147
170253
170406
170690
170797
170846
170869
170921
170958
171130
171156
171183
171215
171348
171467
171607
171682
171756
171825
171979
172103
172095
172185
172299
172522
172526
172640
172698
172839
172841
173068
173289
173307
173330
173358
173579
173606
173752
173804
174034
174025
174031
174155
174275
174413
174464
174483
174519
174640
174694
174727
174744
174829
174871
174927
175011
175150
175293
175492
175522
175553
175797
175807
175856
175886
176147
176319
176469
176469
176651
176767
176858
176863
176893
176911
177020
177146
177146
177423
177571
178023
178017
178082
178084
178201
178185
178326
178483
178484
178676
178673
178662
178937
178966
179098
179209
179367
179517
179848
179870
179864
180152
180178
180283
180624
181093
181180
181192
181412
181597
181649
181759
182019
182060
182103
182114
182221
182256
182328
182488
182682
182696
182748
183065
183113
183167
183185
183267
183519
183558
183692
183976
184000
184046
184179
184195
184325
184372
184415
184493
184525
184814
184837
185004
185045
185178
185199
185392
185521
185559
185564
185724
185840
185850
186004
186188
186257
186265
186336
186591
186723
186976
187021
187063
187489
187514
187857
187895
187926
187930
188058
188086
188287
188601
188678
188914
189241
189260
189386
189512
189640
189744
189825
189976
190045
190104
190170
190240
190432
190762
190832
190984
191092
191109
191362
191467
191499
191502
191648
191647
191718
192061
192108
192180
192283
192321
192356
192390
192487
192522
192770
192815
192831
192963
193068
193139
193265
193286
193405
193442
193427
193455
193488
193635
193673
193763
193854
193929
194074
194139
194322
194451
194464
194488
194668
194884
194925
194926
195025
195066
195081
195255
195308
195664
195680
195784
195879
195976
195975
196003
196051
196140
196166
196168
196230
196314
196514
196558
196923
197191
197320
197550
197649
197703
197733
197850
197881
197906
197993
198159
198607
198626
199051
199233
199364
199391
199415
199622
199748
199749
199758
199838
199853
199916
199930
199963
199987
