678.56
1927.81
2775.74
3773.22
7061.9
13546
15029.2
15473.2
15930.7
16477.3
16802.4
18998.8
19804.8
20144.8
21602
24001.7
27626.1
30247.7
31840.8
33015.1
33987.9
35318.6
35317.6
37149.2
38618.1
43198.7
44726.4
45882
46291.1
46874.1
48939.5
50237.3
51905.4
52426.4
54805
56916.4
58176.6
58385.5
58816.3
59619.5
68881.1
68973.7
74448.9
76458.8
77239.6
79104
80602.9
81110.1
84563.8
84921.2
88326.2
92359.4
95247.3
97719
100580
103572
103633
104435
106195
108319
108778
109745
110963
111970
113478
115700
117683
119101
121354
121808
134321
135795
137011
137049
138414
140176
141415
142052
144034
146666
148052
148163
150210
151756
152746
153513
154001
154413
159325
159848
160094
164421
165692
168229
169507
174985
176711
179181
181655
182513
184710
184975
186933
189752
190799
191026
197180
197811
199223
199483
