1049.02
1197.72
1253.86
1600.93
1659.58
2147.66
2370.77
2689.94
3429.84
3549.32
3634.39
4853.86
5309.52
5402.29
5829.27
6457.9
6730.97
7061.82
7466.84
7687.43
8021.21
8204.31
8317.59
8543.24
8807.46
8895.4
8985.75
9118.87
9354.04
9555.25
9669.37
9796.51
10577.2
11520.9
12135.3
12181.4
12327.6
13770.4
13806.4
13903.8
14043.2
14482.3
14687.3
14837.2
14865.9
15226.6
15699.6
15785
15863.1
16283.7
16348.6
17048.2
17064.3
17136.3
17448.3
17695.1
18042.5
18619.5
19085.3
20184.4
20434
20453.8
20656.1
21251.9
22048.7
22775.4
23078.8
23342.8
23761.7
23967.9
24347.2
24420.9
24686.7
24718.4
24891.2
25307.8
25323.2
25601.3
25941.2
26088.8
26516
26613.5
27401.7
28104.7
28389
29015
29042.4
29498.2
30516.8
30967.8
31433.1
32497
32955.8
33244.6
33664.9
33933.3
33974.5
34576.6
34908
35225.6
35629.6
36372.9
36871.2
37077.4
37630.6
39227.7
39459.5
39622.5
39892
40064.9
40201.3
40251.8
40432.1
40575.4
40774.9
41198.7
41265.4
41334.9
42113.2
42137.7
43739.3
43959.1
44266.4
44973.6
45105
45784.8
46061.9
46082.3
46276.1
46644.9
46765.5
46998.6
47362.7
47812.2
48446.4
48567
49796.9
49915.8
49958.7
50508.6
50845.4
50865.1
51214.8
51932.1
52121.5
52244.9
52331.2
52465.6
52879.9
53235.4
53323.4
53500.6
55120.1
56028.3
56069.5
56254.7
57455.3
57498.5
58125.4
58145.7
58904.8
59186.1
59347
59534.1
60028
60699.8
61077.2
61494.2
61606.8
63360.4
64614.9
64670
64783.6
65135.1
65257.3
66785.6
67658.9
67739.4
68246.4
68579.8
68776.9
68922.8
70660.3
71566.4
71986.6
72187.9
72301
72469.5
73104.5
73270.4
73556.2
73760.3
73762.4
74294.6
74514.2
74988.9
75846.8
76669.5
76741.9
77080.6
77601.6
78040.6
78344.6
78662.8
79100.1
81854
81969.3
82103.3
82904.6
83232
83395.1
84580.8
84855.4
85308.9
85348.2
85524.8
85851.4
85868.9
85968.2
86420.1
87157
87165.4
87192.9
87947.3
88452.7
88542.5
89069.8
89130.4
89209
89832.7
90223.6
90569.7
91386.8
91580.7
91662
91780.1
92077.4
92484.9
92557
92616.5
93323.8
93696.9
93707.5
94064.7
94557.2
94792.7
95323.9
95396.9
95514.2
95597.2
95892.4
96453.8
96548
96638.8
97734.8
97753.5
98441.3
98741.1
99019.5
99582.8
100717
100936
101820
102732
104307
104638
104798
105571
105895
106360
106379
107007
107518
107566
108012
108649
109051
109609
109646
109866
110207
110686
110855
112189
112675
113034
113095
113173
113244
113356
113869
113890
113928
114858
115051
115607
115902
116578
116799
117357
118013
119104
119792
120329
120499
120760
121212
121445
121533
122023
123228
123681
123741
123817
124255
124324
124561
124575
124642
124718
125465
126046
126161
126752
126844
126958
127236
127446
127746
127872
128104
128314
128612
129442
129673
129933
130232
130483
130516
130904
131006
131080
131298
131919
131928
132254
132712
132969
133200
133519
134177
134542
134636
135474
135611
136282
136472
137343
137382
137584
138895
138907
139162
139301
139414
140243
141866
142075
142142
142273
142345
143187
143211
144377
144406
144777
145207
145552
145948
146111
146241
146379
146720
147047
147110
147537
147932
148409
148499
148983
149136
149465
149554
149663
149893
150022
150402
150592
150734
150912
151176
151425
151987
152136
152510
152611
152981
154327
154623
154694
155297
156000
156223
156334
156863
156877
157006
158212
158924
159449
160028
160518
160845
161374
162001
162179
163015
163166
163591
163716
163748
164646
165020
165540
166211
166243
166503
166622
166963
166960
167337
167534
168323
168377
168666
168796
169105
169351
169955
170244
170597
170964
170998
170984
171004
171432
171683
172076
172965
173043
173258
173615
173844
174478
174933
175132
175424
175431
175553
175576
176395
176426
177206
177498
178058
178376
178820
178970
180018
180119
180176
180383
180455
180782
181083
181135
181150
181267
181433
181662
181944
182185
182638
183007
183098
183572
184040
184523
184619
184624
184833
185611
186017
186097
186224
186416
187187
187308
187770
187821
188049
188087
188959
189807
189909
189970
190527
190706
190992
191181
191396
191831
192199
192307
192893
192988
193194
193511
193942
194028
194051
194489
194638
195505
197659
198764
198924
199254
