1815.88
2512.2
4114.28
6205.95
6740.21
7018.48
7841.82
8115.5
8297.45
9926.42
10314.1
10650.3
11888.1
12238.4
13366.6
14691
18910.1
19082.7
19213.7
19591.2
19653.1
21372.3
22494
23583.5
23633.4
24241.9
25645
25708
26485.8
28614.3
29952.1
30108.3
31274.6
33030.4
33169.4
34457
34506.4
37139.5
38093.8
39213.2
39265.7
40344.2
40846.2
41995.6
42319
43374.1
43691.9
46905.9
47762.6
48562.6
48734.1
51610.4
53607.3
54058.3
54196.1
54830
55223.9
55656
55827.1
56811.5
56889.3
57806.3
59029.7
59259.1
59251.8
59894.7
60916.3
62541.2
63389.3
63886.7
64266.8
64503
65210
65560.5
65721.5
65750.7
66588.7
69148.4
69690.1
69750.7
70337.6
70686.7
71494.8
71892.7
72170.7
72275.1
73563.4
73579.7
73905.6
74096.3
74811.7
77399.7
77539.5
79309.3
79591.3
82439.4
83549.2
84269.8
86274.1
86438.3
88371
88657.6
88748.4
89003.9
89776.1
90647.5
90929.3
91131
93083.7
93960.4
94595.7
94610.1
94807.7
95439.3
95997
96219.5
96822.8
97136.9
97758.1
98104.7
100708
101005
102065
103749
104490
105056
105101
106649
106993
108194
108642
109284
109798
110262
110815
113733
114993
116683
117254
117454
119317
119990
120156
120957
126043
127086
127873
127907
128742
129774
129813
130618
130757
131522
132089
132166
132700
132701
134045
134628
135587
137846
140432
142355
143036
143274
143351
143951
145075
145174
145844
146375
146682
146783
147129
149470
150108
150798
151121
151168
152481
152689
154574
155225
155256
156068
156145
156183
156754
156979
159182
160832
161727
161927
162191
162861
163653
164560
165712
167139
168993
169054
169054
169486
169651
171341
173424
174189
174255
175309
175883
175969
176429
177038
177378
179567
179574
180666
181146
182232
182572
183267
185062
186350
187142
187555
188338
188442
188543
189778
190351
191344
191368
191464
193208
193987
195712
197137
197369
197445
197868
198343
199205
199358
199627
