537.6
1585.16
2410.06
2520.21
2616.42
2842.82
2959.68
4266.99
5148.4
6878.18
7318.21
7672.18
7819.27
8894.13
9420.89
9758.96
9811.08
9896.42
10450.1
10594.6
11670.4
12160.5
12169
12317.5
13667.3
14510.4
15021
15800.4
16055.7
16518.2
16686.8
16964.3
17233.8
17473
18304.9
18346.8
18643.6
18911.5
19088.9
20291.5
21269.9
21749.3
22694.2
22753.9
23431.5
23449.7
23766.4
23991.8
25514.3
26169.2
26191.3
26567.9
27482.8
28746.5
29362.6
29886.4
30003.3
30335.1
30522.3
31045.5
31964.6
32372.6
32565.5
32681
32893.3
33194.1
33549.7
33552.3
33904.5
34335.5
36885
37388.9
39045
39350.1
39610.9
40178.9
40664.8
40774.9
41578.1
41624.1
41641.2
41676.6
41711.8
41823.7
41837
41953.2
42787.1
42890.2
42990.5
43328.4
43560.3
43926.3
44720.9
45058.3
45164.9
45791.7
47105.4
47470.2
47653
47986.7
48399.3
48644.5
49245.6
50487.3
50728.2
50919
52579.1
52827.5
53275.6
54035.6
54371.5
54854
55342.7
55403.9
55744.2
56313.2
56588.8
57655.2
58673.8
58807.8
59026.8
59111.8
59182.4
59598.7
60397.4
60607.9
61785.6
62012.9
62847.3
63093.6
63173.5
63654.1
63974.3
64135.3
64533.7
64887.4
64957.1
65026.2
65404.9
65530.7
65560.9
66346.2
66587.4
66704.1
67736.1
68427.1
69000.2
69385.6
69448.4
69609.9
69899.1
70732.8
70741.3
70790.7
71090.3
71498.3
71735
71787.8
71916.4
72042.2
72188
73227.1
73492.6
73821.3
73845.5
74354.5
75069.5
76016.4
76349.1
77218.2
77296.2
78012.8
78558.2
78574.4
79014.8
79209.5
79880.4
81417
82250.4
82298.2
82675.5
82915.7
83216.4
83929.6
84267.7
84272.9
85729.7
85810.6
86265.7
87342.6
87906.9
88399.9
88449.4
88741.4
88768.1
89284.2
89826.7
90266.5
90564.4
90744
90781.6
90862.3
92894
92912.7
93002
93090.5
93640.7
93850
94695.7
95234.9
95862.8
96055.6
96530.1
96884.3
97375.7
97422.3
97501.5
97641.8
97926
98153.7
98157
98463.4
98554.7
98894
99178.6
99358.6
99538.9
99680.8
99757.5
99847.4
100351
100466
100757
101616
102262
102888
103474
103481
104037
104069
104093
104268
105072
105162
106286
106459
106831
106912
107647
107989
108342
108523
108770
109023
109147
109262
109672
110164
112601
112886
112990
113125
113750
113885
114288
114329
114773
114846
115058
115515
115914
116026
116429
116714
116835
116984
117091
117471
117641
118427
118848
119645
119726
120272
120319
120695
120723
120988
122801
123048
123156
123371
123364
123382
124856
125035
126063
126445
127508
127937
128609
129669
129669
129680
129857
130520
131111
131352
131399
131943
132445
132510
133188
133776
133797
134416
134526
135629
135729
137273
137440
137734
138493
139150
139808
139891
140099
140173
140688
141296
142158
142685
142920
143019
143047
144344
144430
144717
144926
145939
146593
147002
147021
147063
149262
149666
149849
150449
150531
150695
150835
150889
151750
151806
152410
152440
152692
153064
154082
154330
154678
154767
154817
155183
155604
155637
156033
156119
156113
156389
156571
158865
160520
160854
161337
161556
161660
161778
161855
161885
162122
162180
162495
162639
162908
163363
163739
164310
164544
165058
165277
166553
166770
167411
167791
168069
168546
168747
168816
168855
168879
169236
169348
169538
169758
169865
169998
170125
170385
171576
172479
172688
172910
173132
173990
173999
174362
174619
174655
175087
175274
175419
176082
176288
176374
177186
178456
178803
179201
179344
179499
179727
179776
180245
180268
180402
180419
180804
181013
181216
181328
181796
181936
182162
182202
182280
182828
183593
184211
184940
185262
186017
186252
186696
187435
187692
187854
188160
188259
188306
188397
188477
188694
189305
190658
190821
191156
191323
191631
191951
192430
192582
192957
193423
193898
194252
195268
195403
195645
196557
196766
197666
198003
198028
198058
198135
198416
198502
198619
198703
199010
199405
199724
199724
