135.66
2320.86
2658.41
3203.77
4176.56
4252.57
4295.46
5079.62
5597.75
6803.72
6872.92
7106.31
7141.32
8286.86
8414.02
8741.41
9656.38
9680.64
10111.7
10308.5
10441
11350.9
11662.3
12059.5
12707.3
13972.3
14317.3
14568.3
15009.7
16112.4
16424.2
17267.6
17502.9
17506.5
18399.6
18795.8
19902.4
20040.2
20953.9
21087.9
22193.5
22586.5
22711.3
23000.4
23073.6
23522.4
24015.7
24140.6
24384.4
24848.7
25170.9
25504.5
25627.2
26202
26951.5
27115.5
28333.1
28583.1
28616.3
29748.8
30476
30812.1
31962
32105.5
33022.5
33112.1
33568.5
33617.4
34495.1
34892.7
35259.4
35558.6
35693.7
35896.1
35964.6
36349.6
37119.4
37138
37805.6
38296.3
38589.5
38786.7
39271.3
39520
39529.5
40690.9
41261.3
41878.5
42071
42097.8
42438.3
42825.1
43136.4
44100.1
44213.3
44697.9
45275.5
46146.6
46185.9
47185.2
48541.6
49329.7
49571.4
49976.7
50969.5
51712.7
53355.8
54421
54558.1
54627.9
54945.2
55157.6
55551.9
55551.8
55610
56095.4
56664.1
57475.8
57524.9
57599
59123.8
59539.5
59552.4
60060.6
60165
60527.2
60646
60917.6
61145.1
61236.5
61647.3
61726.2
61931.9
62342.9
63081.4
63988.2
64071.7
64165.4
64345.9
65166.6
65369.9
65809.8
66311.7
66831.6
67525
68234.6
68473
69250.7
72523
77664.5
77741.4
78518.6
78549.8
78949.1
79380.1
79613.2
80545.1
81759.8
81778.2
81838.1
81967.6
82785.1
82953.6
84365.8
85104.5
85889.2
86074.5
88286.3
88874.1
89475.5
90074
90376.6
90491
91145.2
91634.2
91675.2
91723.1
92212.1
92990.1
93964.1
94717.2
95651.1
95659.7
95842.1
96266.7
96436.1
96553.3
96613.5
98181.4
98821.8
99236.1
99347.5
99655.2
100516
100760
100849
101286
101628
101672
102480
102715
106958
107150
107391
107481
108367
108585
108818
109003
109127
109155
109462
109457
109914
110520
110933
111651
112204
112410
113285
114149
116111
116296
116408
116827
117828
119028
119689
120359
120386
120464
122117
122653
123493
124063
124572
125229
125262
125436
125609
125669
126760
127039
127228
127767
129138
130415
130960
131107
131833
132299
132316
132449
133244
133756
134067
134096
134794
135101
135827
136041
136305
136475
137061
137229
137733
137870
138286
138710
138932
139236
139358
139960
140487
140704
140732
141037
141041
141103
143079
143723
143981
144090
144375
146542
148987
149389
149632
149726
149742
150164
150406
150508
150651
150935
151108
151799
151974
152358
152738
153173
153774
155083
155135
155201
155871
156138
156794
157046
157335
157556
157609
157815
157956
158598
159113
159671
159927
160086
160350
161315
161584
162540
166085
166210
166435
166640
166738
166880
168060
168686
168691
170236
171193
171675
172875
172955
173147
174754
174828
175376
175884
176056
176663
178503
179172
179523
179835
180047
180616
180877
182972
184787
185110
185426
186083
186343
187072
187117
187723
188066
188112
188695
188966
189261
189654
189705
189934
190613
191163
191387
191482
191632
191737
192508
193806
193932
194281
194604
195252
195268
196012
196723
198080
198568
198930
198935
199622
199621
