1252.96
3149.2
5916.78
6823.14
7628.67
13449.6
15145.6
15614.5
16066.4
16842.3
17133.2
17736.1
18740.9
18852.7
18918.2
19578.7
19912.3
20290.6
20490.1
20695.6
21108.5
21823.9
22981.7
25029.2
25177.2
25641.2
26416.6
26887.5
27414.9
27874.9
28362.7
30964.1
31389.6
31890
32456.1
32813.5
34423
35442.4
40524.7
40837.9
41170.4
41353.8
41603.3
43045.5
43775.5
44192
44660.4
44838.3
45392.6
45395.3
45754.3
47489.8
48026.6
50153.9
51417.8
53720
61758
62174
62398.4
62447
63014.4
63881.6
65591.2
66252.9
71949.7
79140.9
79496.2
84846.4
86394.9
89546.8
91891.7
92318.6
98571
99224.7
99406.5
103431
104064
104384
105865
106173
106182
109674
111565
114053
115565
119079
119856
120093
121883
122101
122230
123294
123401
123816
124776
124968
125942
127151
127413
127549
127920
129291
133303
137355
139369
150419
160030
160717
162337
164257
165615
191287
