2011.62
2514.5
2879.55
3277.22
3478.48
4288.61
5483.75
5527.77
7710.51
7717.09
7788.23
8017.13
8866.77
8896.79
9427.16
9552.71
10484.7
10556.7
10577.3
11241.7
11770.4
12102.7
12163.6
12255.1
13527.9
13910.5
13933.3
14298.8
14934.5
15140.5
15435.1
15939.4
15939.5
16506.7
17313
17359.7
17667
18021.8
18144.4
18812.4
18848.8
20754.8
21892.3
21896.6
22381.8
23065.8
23931.8
24927.6
25948.5
25986.3
25996.6
26138.7
26646
26710.3
26927.7
27310.4
27940.9
28324.4
28669.3
28856.4
28887.9
31007.4
31453.9
31597
31923.5
32071.2
32438.5
33071.8
33162.3
33382.4
34077.3
34759.8
35027.8
35061.2
35268.3
35318.7
35613.7
36078.9
36388.9
36499.8
36848.3
37458.6
38104.1
39470.8
40506.4
40657.6
41672.7
41966.8
42397.3
43254.5
43857.1
44738.7
44836.4
45530.8
45599.8
46004.2
46115.6
46523.1
46604.1
46824.5
47056.3
47861.6
47877.8
48042.5
48269.2
49395.3
49392.2
50088.2
50378.2
50851.1
51094.2
51620.3
52776.2
53138.3
53692.5
54313.5
54938.1
54965.9
55318.9
56717
58278.4
58950.3
60402
61011.5
61006.6
61785.6
63921.4
64316
65444.2
66025.8
66036.8
67500.2
68796.3
69721
69830.9
69848.3
70495.4
70888.4
71525.7
71550.5
71608.1
73022.4
73280.7
73536
74074.7
74820.2
75512
75809.8
76616.6
77560.3
78550.6
79649.3
81448.9
81997.4
82227.4
82610.3
83103.5
83195.1
83614.4
83761.8
84830.5
85241.2
85887.6
86230.4
86238.1
86493.7
86752.6
87327.2
87619.9
88603.1
89570.6
90050.2
90094.1
90612
90617.2
90730.5
91096.9
91360.7
91559.6
91825
92696.3
94719.5
95122.7
95678.7
96203.3
97929.3
98931.5
99960.6
100337
101123
102386
102897
102955
102999
103590
104141
104324
104771
105203
105550
105991
106061
106481
107135
107549
108303
108380
109084
109125
109723
109754
110666
111389
111445
111822
112109
112374
112560
113086
114026
114229
115099
116363
117340
117641
117775
118388
118518
118956
119060
119088
119484
120189
120241
120907
121148
121460
121612
121879
122113
122946
123448
123832
123911
124108
124476
124669
124752
126702
127907
129171
129564
130167
130506
130603
130915
131445
133391
134827
135904
135974
136981
137645
138950
139125
139304
140142
141367
141612
143599
143621
144006
144580
144712
145364
145824
146582
146676
147124
147790
148130
148441
148798
149213
150105
151291
151403
151833
152121
152548
153289
153954
154093
154101
154916
155807
156216
156761
157649
157849
158527
159288
159431
160059
160085
160125
161450
162251
162769
163244
163676
164294
166555
166568
166599
166982
167529
167918
167934
168566
169228
169817
170693
170949
171307
171520
172674
172769
173220
173811
174241
174565
174718
174767
175796
176514
176882
176914
177254
177748
178380
178959
179493
180893
181030
181355
182006
182251
182631
182837
183149
183286
183349
184077
184452
185088
185397
185425
185681
186242
186370
186509
186775
187685
188531
189252
190349
190945
192553
192819
193641
194051
194586
196116
196325
196628
196737
196841
197622
197797
199847
