283.66
1140.89
2401.6
3324.71
3507.21
4541.47
4926.06
6128.87
7319.56
9349.67
9500.66
9778.43
10366.6
11091.6
11287.1
13192
14384
14601.1
14974.9
15339.6
15367.9
15948.4
15986.7
16271.4
16809.6
17180.9
17756.8
18240.4
18542.1
19019.8
19566.4
20291.7
20734.5
21206.1
21563.5
22077.1
22980.6
23168.1
23173.9
23663
24217.1
24565.1
24735
25161.1
25606.7
27175.7
29405.4
31397.3
31433.7
31882.1
32276.1
32524.9
32723
32803.6
34538.2
34868.6
35123.3
35487.9
35524.7
36174.1
36421.9
38252.6
38823.4
39054.4
39501.2
39498.7
39914.3
39922.9
40167.5
40722.3
41101.9
41278.7
41514.1
41730.7
42132.4
45416.9
46679.1
46852
47344.3
48375.9
51987.3
55065.7
55141.6
56022.3
56217.7
56461.6
56795.5
57070.1
57093.1
57126.2
57156.8
57382.5
57564.8
58120.8
59441.9
59721.5
60239.4
60508.4
61073.3
62154.8
62962.5
63627.3
65259.2
66092.4
67073.5
67371
70760.7
71499.5
72274.9
72356.1
73067.1
74531.1
74661.9
74930.9
77403.9
77763.7
78030.3
79759.7
79842
80411.5
81432.5
81500
81827.5
82739.5
82954.6
84085.8
85832.5
86162.6
86332.3
86764.9
86925.9
86932.8
88632.3
88815.5
89099.7
92908.3
93101.9
93776.6
94013.3
94221.7
95774.4
96166
96221.2
96762.9
97963.4
98899.9
98907
100413
101171
102303
103838
104122
105534
108095
108951
110116
110527
113588
114177
114505
114515
114991
115004
116323
117623
118570
119280
119284
119659
120594
122905
122935
123041
123079
123274
123844
123973
124108
124231
124508
124602
126927
127323
127570
127606
128528
128916
129997
130647
133262
134275
136734
137152
137870
138849
139217
139885
140891
145179
146633
146693
146842
146947
147542
148354
148976
149315
150113
151654
152379
152802
152970
153084
153398
153710
154381
154667
155100
155330
155486
155813
155813
157954
162009
162959
164711
165729
166336
166645
166917
168784
168889
169294
169339
169411
169431
169634
170432
170425
170547
171906
171995
174759
178075
178239
179141
179209
179612
179729
179931
181776
182539
184048
184949
187868
188400
188570
188968
189268
191028
191556
193871
194328
195102
195533
196009
196321
196790
196939
197120
199057
199280
199747
