196.51
1136.99
2115.3
2305.1
2762.98
3151.01
3295.31
5108.92
6290.23
6727.71
7172.86
7645.02
8524.68
8996.12
9005.45
9485.55
10810.1
11074
11552.3
11850.4
11997.1
12078.8
12214.5
12509.6
12602.5
12842.3
12915.1
13028.9
13472.7
13867.3
13998.8
14703.7
15447.8
15466.9
15668.1
15872
16221.5
16555.5
16934.2
18749.1
19261.5
19797
19952.3
21002.8
21046.9
23038.5
23370.5
23933.7
23953
24118.7
24201
24508.4
25577.9
25764.6
25923.7
27566.7
29584.7
31563.2
32073
33201.3
35002
35160.1
35600.3
36476
36892.8
37017.6
38220.7
38340.9
39478.9
40122.6
40597.7
40968.3
41345.6
42269
43491.1
45642.1
45935.1
46460.3
46554
46590.2
47501.4
47666.7
47812.3
49486.5
50191.9
51309.6
52561.8
52959.8
53131.3
53739.2
54521.7
55398.7
56495.2
56518.9
57123.2
57586.9
58002
59577.4
59746.5
61181
62495.3
63040.1
63576.5
64205.1
66173
67362.1
67963.9
68109.3
68407.4
69676.7
72937.1
73361.3
74741.3
75274.1
75322.2
76139.3
76884.9
77864
78860
79205.4
80533.7
82024.5
82333.7
82607.8
83738.1
83811.8
83995
84578.6
84870.3
85269
85592.2
85896.6
86168.5
87268.3
87878.3
89288.3
90035.5
90331.2
90832
92769.1
93496.9
93788
94233.7
94652.9
94810.4
94873.7
95211.7
95309.3
95711
96967.5
97138.9
98008.7
98933.6
101266
102614
102709
102928
103213
103686
104819
105719
106191
106246
106914
107649
107817
108023
108212
109142
110073
110348
111128
111661
112950
113492
113551
114039
114110
114116
114669
115146
115478
117518
117554
117811
120220
120625
122074
122663
122954
123134
123413
123660
124516
124704
124991
125247
125517
125926
126000
126055
126898
127067
128035
128884
129032
129649
129924
129923
130106
130606
130640
130803
131441
132428
132734
132930
133264
133693
133802
135555
136389
136679
136721
137796
137887
138064
138441
138749
138908
138988
139040
139096
139145
139385
140121
140338
141977
142319
142455
142643
142707
143306
143367
143424
145411
145589
145652
146710
147704
148060
148901
149267
149728
149916
150262
150632
150679
152064
152402
154168
154239
154629
154976
156515
158659
159547
162588
162734
163048
163403
163952
164371
164819
165093
165200
166076
166233
168596
168866
169819
170531
172839
173381
173635
175229
175582
175977
176584
177932
178327
178647
180041
180333
180621
181342
181374
181517
182369
182506
182596
183070
183115
183628
184990
185638
185971
186421
186537
186798
187243
188091
188097
188249
188446
188678
189128
189532
189997
191381
192177
192316
192354
193984
194171
194606
195999
196072
196236
197521
198218
198733
199251
199359
