1242.16
1443.6
1453.54
4070.25
4144.26
4198.77
4209.83
5477.67
5534.23
5576.04
6165.38
6201.54
6204
6243.81
7630.97
7699.75
7717.77
7736.95
7864.21
8111.03
8157.71
8187.28
8201.13
8226.15
8240.96
8246.09
8247.13
9768.75
9773.47
9899.67
9925.16
10133.3
10458.7
10697.5
10964.3
11104.8
11287.1
11332.7
11343.3
11458
11581.7
12172.8
12283.5
12291.8
12477.4
12518.5
12536.9
12577.1
12620.7
12628.5
12626.2
12679.3
12711.9
12752.2
12776.2
12795.6
12800.2
12823.9
12962.1
12971.3
12975.5
12979.9
12990.7
13003.5
13011.4
13039.6
13045.8
13104.3
13117.3
13145.3
13156.4
13162.7
13189.9
13192.6
13197.4
13257.5
13356.7
13387.5
13389.2
13423.5
13537.4
13549.2
13555.2
13558.1
13577.7
13583.8
13648.6
13969.2
14132.5
14170.6
14732.2
14833.2
14842
14850.9
14852.8
14861.4
14916.2
14918.4
14926.9
14935.2
14943.2
14949.2
14956.9
14979.7
15429.5
15458.7
15467.2
15485.9
15830.8
15831.5
16134.8
16215.1
16335.1
16617.9
16834.8
18446.1
18818.7
18918.1
18929.4
18944.4
19860.7
20675.3
20680.9
20682.2
20755.8
20760.4
20820.6
20938.1
20947.5
21057.8
21489.4
21492.2
21507.2
21571
21603.8
21606.4
21610.6
21611.6
21631
21635.8
21667.6
21684
21729.1
21919.9
21994.7
22012.5
22047.4
22114.6
22115.7
22154.8
22183
22214.8
22223.4
22844.1
22847.8
22880.3
23030.8
23072.6
23189.8
23214.8
23237.8
23259.1
23284
23351.9
23357.9
23363.4
23366.3
23374.1
23376.5
23389.6
23396.9
23419.3
23425.8
23466.1
23480.8
23481
23488.4
23660.7
23684.6
23710.4
25285.9
25348.7
25358.8
25396.3
25403.5
25419.1
25425.4
25498.8
25511.2
25512.8
25516.7
25549.1
25589.5
25610.8
25621.3
25625.8
25632.7
25639.8
25648
25653.2
25679.5
25689.9
25775.5
25776.5
25832.3
25870
25883.8
25885.8
26009
26035
26042.2
26053.5
26076.7
26234.9
26638.3
26654.4
26675.4
26752.7
26788.8
26844.1
26854.2
26856.7
26867.5
26935.3
27026.4
27087.1
28213.6
28308.7
28355.6
28361
28375.8
28382.2
28446.8
29147.5
29147.5
29213.1
29213.8
29214.2
29221
29240.9
29250.7
29267.7
29279.1
29280.6
29282.8
29285.4
29311.8
29315.2
29358.6
29394.4
29398.3
29444.5
29472.7
29503.7
29512
29519.9
29522.6
29826.8
29841.7
29850.3
29868.1
29880.1
29892.4
29947.6
30299.9
30309.1
30321.9
30327.7
30335.3
30343.8
30397.8
30448.7
30461
30491.4
30498.7
30518.3
30537.9
30547.8
30578.3
30579.2
30581.2
30644.5
32674.5
33004.1
35384.8
35407.8
35420.6
35657.4
35855.7
35936.4
35950.1
35967.1
35991.2
36003.3
36477.2
36944.7
37606.6
37614.6
37638
37645.6
37655.6
37656.4
37665.4
37672
37676.5
37685.1
37686.8
37689.7
37691.3
37692
37710.7
37717.2
37725.4
37760.5
37764.3
37784.6
37799.9
37804.5
37828.1
37831.2
37839.2
37864.8
37888.6
37900.5
38267
38277.8
38289.2
38293.8
38299.6
38315
38315.8
38318.3
38327
38355.5
38371.9
38394
38540.2
38613.7
38754.7
38903.1
38949
38959.7
39013.2
39105.8
39254.7
39271
39290.2
39315.3
39318.4
39319.2
39363.4
39439.5
39450.4
39455.8
39467.3
39483.9
39503.9
39556.7
39558.9
39561.3
39566.1
39768.9
39771.2
39776.9
39783.8
39790
39801.8
39803.4
39815.6
39821.7
39893.8
39911.7
39915
39920.3
39929.6
39943
39948.9
39973.4
40008.1
40009.6
40016.4
40329.6
40668.8
40676
40681.8
40695.5
40703.2
40705
42236
42255.7
42294.8
42304.2
42429.9
42567.8
42716.1
42757.9
42880.1
43327.5
43351.4
43366.3
43403.4
43423.5
43435.1
43441.4
43448
43474.3
43477.7
43485
43515.4
43536.3
43540.4
43541.1
43543.6
43545
43551.1
43571.3
43592
43626.5
44660.7
44723.2
44728.4
44903
44928.3
44982.8
45053.2
45093.7
45100.8
45119.6
45210.4
45247.7
48387.7
48402
48404.2
49069.6
49076.9
49172
49176.6
49200.2
49207.3
49216.7
49219.2
49227.6
49244.7
49287.5
50917.3
50996
51010.4
51079.5
51121.5
51138.9
51196.4
51203
51220.8
51454.3
51457.4
51459.3
53323
53495.2
53504.7
53583
55294.1
55969
56035.6
56182.7
56657.4
56834.4
57198.7
57238.5
58018.4
58024
58232.6
58703.3
58792.1
58795.6
59014.3
59024.5
59027.4
59038
59055.6
59128.3
59140.9
59768.1
60920.6
61045.2
61093.5
61115.9
61719.9
61738.8
62334.4
62375.1
62397.9
62419.7
62457.9
62821.4
62873.8
63709.2
64494.9
64888.8
65573.4
65686.1
65728.4
65915.3
65978
66101.9
66131.7
66183
66296
66927.5
66989.3
66992.8
67419.3
68523.1
68581.2
68621.7
68647.9
68739.3
68814.8
68828.8
68855.8
69010.7
69130.7
69229.1
69242.7
69528.1
69567.2
70192.2
70438.5
70445.7
70449.2
70462.5
70465
70468.6
70475.2
70493.8
71380.9
71396.6
71409.1
71436.3
71468.5
71545.8
71630.7
72109.2
72232.6
73407.1
73469.1
73482.8
73505.6
73518.4
73519.2
73523
73578.6
73593.8
73600.3
73604.5
73636
74529.5
74900.5
74920
75501.6
75506.4
75590.9
75648.2
75689.7
75797.8
75813.5
75863
75897.2
76116.3
76276.6
76323.8
76324.2
76574.8
76581.1
76582.1
76689.3
76694.2
76767.9
76928.6
76938.9
76948.8
76971.6
77009.8
77014.4
77027.3
77594.6
77610.5
77612.4
77627.3
77712.4
77794.7
77799.5
77824
77932
77975.1
77975.5
77977.1
78002.8
78038
78045
78065.7
78212.4
78667.6
79335.6
80213.8
80596.4
81059.1
81063.2
81074.3
81085.6
81096.6
81098.6
81098.4
81103.9
81107.5
81126.6
81142.6
81147.1
81149.9
81153.2
81200.2
81203.6
81212.5
81241
81249.5
81254.5
81257.4
81277.7
81290.1
81411.4
81443.7
81465.3
81467.7
81470.2
81489
81490.2
81492.9
81535.8
82736.7
83016.4
83021.6
83024
83043.2
83095.5
83133
83165.2
83175.9
83176.8
83189.1
83195.9
83203.2
83219.1
83238.3
83241.2
83242.7
83246.6
83257.7
83267.5
83589
83959.8
84018.4
84022.9
84031.7
84040.7
84057.7
84067.9
84083.7
84084.7
84085.2
84111.4
84113
84121.9
84125.6
84134.8
84135.7
84163.3
84175.3
84183.4
84188.8
84190.9
84206.5
84208.9
84216.6
84228
84230.9
84234.3
85312.3
85444.1
85466.3
85486.3
85504.1
85579.7
85598.5
85611.1
85625.1
85627.4
85633.3
85636.3
85649.9
85647.3
85663.7
85710.2
85737.4
85816.7
85836
85841.5
85842.4
85861
85874.8
85879.5
85886.7
85887.6
85914.2
85918.8
85929.6
85936.4
85944.3
85946.6
85947.6
85953
85956.3
86000.8
86022.4
86026
86047.7
86130.4
86178.9
86200.6
86212.9
86230.1
86240.4
86243
86246.1
86248.9
86342.9
86390.7
86406
86446.1
86531.4
86535.9
86528.1
86587.6
86606.9
86641.1
86677.4
86680.9
86713.6
86891.4
86900.3
86907.3
86910.6
86921.4
86922.1
87015.5
87067.8
87095.6
87112.1
87122.4
87123.9
87126.3
87133.7
87150.2
87154.5
87145.5
87166.6
87178.8
87183.5
87189.1
87194.3
87203.5
87220
87221.3
87223.6
87228
87239.3
87247.5
87269.7
87272.3
87275.7
87288.6
87292.4
87296.2
87301.1
87307.7
87316.3
87328.3
87358.4
87365.5
87532.2
87543.3
88709.5
88717.2
88725.5
88741.8
88760.7
88795.4
88811.3
88821.9
88857
88869.1
88870.3
88880
88926.5
88946.8
89091.6
89103.7
89113.6
89120
89128.2
89132.1
89152
89165.9
89179.4
89183.4
89227.9
89256
89261.5
89268
89278.9
89293.5
89312.5
89318.1
89338.1
89342.2
89378.6
89370.7
89440.6
89475.6
89479.3
89486.5
89513.2
89720.4
89752.7
89750.4
89766.4
89785.8
89782.2
89803.2
89807.2
89817.9
89814
89816.5
89822.3
89830.6
89828.7
89837.4
89839
89845.1
89857.3
89861.7
89859.2
89867.9
89874.2
89916.7
89913.3
89919.2
89939.2
89958
89978.7
90010
90028.3
90037.4
90057.8
90086.5
90174.1
90189
90228.5
90248.6
90255.3
90274.4
90319.7
90332.3
90333.4
90382.7
90456.5
90480.9
90817.2
91353.3
91356.8
91370.4
91443
91446
91505
91541.1
91542
91571.7
91587
91597.5
91600.8
91601.4
91649.3
91653.2
91652.7
91673.3
91742.9
91751.5
91881.6
91893.6
91923.6
91957.6
92322.1
92345.4
92392.8
92625.1
93033.2
93047
93054.2
93064.3
93072.5
93081.6
93084.5
93097.1
93109.2
93113.7
93106.8
93118.4
93121.9
93132.1
93133.8
93154.2
93160.3
93173.9
93179.6
93182.5
93241.6
93245.7
93261.1
93265.2
93269.4
93300.3
93311.8
94159.2
94199.6
94553.4
94595.8
96344.7
96393.9
96438.5
96493.9
96773.9
97110.6
97117.2
97155.1
97286.7
97425
97546.7
97571.1
97637.3
97676.2
97710.1
97716.2
97753.6
97774
97876.6
97957.3
98189.1
98284.4
98372.3
98452
98616.8
98682.2
98795.2
98816.6
98923.4
98965.8
99021.6
99436.3
99548.2
100542
100778
100839
100855
101352
101519
102248
102274
102575
102620
102635
103066
103095
103147
103188
103221
103390
103423
103460
103465
103498
103635
103669
104258
104323
104393
104664
104699
104701
104706
104708
104708
104710
104731
104747
104748
104750
105922
106260
106279
106281
106293
106329
106373
106375
106380
106690
106945
107269
107309
107326
107333
107334
107336
107363
107366
107399
107428
107448
107471
107540
107575
107646
107685
107737
107792
107798
107850
107877
107899
107917
107933
107936
107938
107960
107992
108001
108199
108682
108691
108889
108995
109340
109397
109463
109560
109572
109600
109618
109621
109628
109633
109640
109652
109663
109668
109750
109834
110088
110123
110368
110511
110618
110683
110709
110714
110715
110716
110728
110743
110752
110814
111550
111569
111577
111609
111651
111661
112068
112380
113392
113441
113458
113584
113595
113601
113632
113847
113856
114192
114246
114282
114330
114342
114690
115021
115038
115042
115057
115048
115055
115061
115063
115067
115087
115097
115098
115105
115110
115123
115128
115138
115180
115209
115295
115531
115784
117504
117506
117517
117827
118136
118141
118453
118492
119241
119277
119300
119382
119404
120847
121045
121076
121128
121169
121246
121235
121283
121279
121305
121313
121398
121400
121405
121455
121507
122317
122452
122636
122640
122699
122767
122778
122814
122815
122818
122822
122833
122892
122896
122898
122937
122940
122988
123020
123022
123031
123039
123050
123057
123071
123075
123082
123118
123135
123146
123142
123162
123172
123184
123210
123213
123233
123262
123362
123395
123424
123428
123466
123477
123487
123501
123504
123505
123511
123532
123538
123555
123566
123568
123569
123586
123592
123612
123624
123638
123641
123655
123663
123664
123667
123677
123683
123691
123698
123707
123726
123730
123739
123741
123743
123780
123806
124368
124450
124561
124611
124627
124633
124671
124689
124799
124819
124907
124929
124934
124977
125264
126153
126158
126172
126176
126204
126207
126266
126286
126289
126338
126381
126436
126454
126485
126495
126503
126508
126512
126533
126537
126544
126561
126585
126662
126781
127124
127126
127127
127128
127143
127160
127162
127168
127171
127179
127188
127198
127208
127219
127249
127252
127254
127268
127283
127295
127297
127352
127376
127380
127435
127437
127445
127458
127492
127533
127943
127946
127960
127972
127978
127987
128026
128029
128051
128064
128145
128318
128636
128728
128897
128936
128942
129022
129307
129546
129579
129622
129636
129650
130001
130824
130901
130954
131319
131353
131398
131439
131446
132294
132398
132513
132528
132540
132546
132597
132646
132905
132966
133198
133217
133240
133276
133273
133286
133344
133352
133359
133368
133411
133434
133587
133622
133631
133654
133713
133724
133721
133745
133751
133766
133771
133769
133782
133783
133794
133798
133877
133903
134289
134312
134427
135070
135416
135725
135777
136686
137126
137189
137295
137447
137558
138103
138125
138129
138313
138323
138355
138397
138420
138437
138440
138465
138519
138524
138536
138555
138597
138623
138663
138665
138683
138727
138728
138768
138776
138792
138803
138840
138849
138872
139037
139053
139055
139077
139314
139324
139347
139389
139443
139478
139596
139631
139973
140027
140414
140452
140585
140657
140665
140724
140743
140753
140774
141057
141117
141140
141165
142689
143190
143246
143328
143332
143342
143351
144700
144772
144780
144817
144854
144871
144880
144916
145221
145389
145392
145419
145422
145435
145453
145458
145460
145463
145468
145491
145499
145501
145517
145520
145527
145532
145558
145560
145608
145615
145622
145633
145642
145646
145658
145666
145669
145692
145704
145811
145833
145857
145870
145901
145922
145930
145951
145956
145961
145972
145970
145972
146003
146010
146009
146014
146012
146043
146049
146058
146061
146064
146068
146080
146086
146086
146089
146096
146105
146112
146120
146123
146132
146137
146235
146661
146675
146681
146683
146688
146702
146713
146724
146756
146760
147956
147970
147982
147987
147990
148000
148020
148036
148066
148075
148225
148254
148977
149013
149054
149569
149703
149742
149811
149814
149816
149817
149817
149848
149894
149902
149917
149963
150667
151838
151923
152028
152295
152442
152609
153615
156197
156249
156313
156330
156352
156507
156635
156665
156699
156723
156731
156774
156786
156815
156906
156913
156941
156955
156962
157043
157048
157140
157146
157199
157202
157211
157248
157280
157451
157564
157640
157668
157725
157759
157773
157764
157795
157928
158082
158092
158216
158218
158245
158264
158326
158353
158361
158380
158402
158421
158441
158453
158448
158462
158487
158532
158532
158535
158655
158666
158670
158692
158722
158740
158743
158745
158747
158790
158805
158838
159051
159058
159118
159149
159173
159241
159242
159265
159286
159301
159322
159360
159464
159904
160061
160205
160208
160274
160338
160364
160555
160722
160775
160781
160814
160838
160868
160905
160960
160961
160981
160980
160988
160989
161002
161011
161019
161024
161036
161043
161057
161063
161120
161121
161137
161142
161196
161254
161293
161308
161522
161547
161559
161570
161582
161585
161603
161619
161650
162684
162799
162879
163549
163551
163935
164186
164191
164214
164234
164238
164258
164277
164300
164304
164364
165142
165143
165312
165314
165556
165635
165671
165752
165758
167037
167045
167199
167337
167440
167470
167480
167487
167498
167504
167597
167634
167667
167699
167753
168099
168149
168173
168199
168446
168513
168574
168754
168846
168871
168956
169430
169463
169520
169709
170127
170324
170370
170389
170426
170469
170506
170524
170543
170662
171044
171744
171801
172859
172863
172877
172924
172941
172947
172957
172963
172968
172978
172985
173002
173026
173048
173052
173055
173064
173094
173138
173153
173170
173174
173330
173392
173397
173413
173429
173435
173443
173443
173475
173486
173539
174033
174144
174196
174263
174305
174336
174339
174363
174373
174374
174369
174386
174401
174411
174426
174440
174481
174490
174503
174634
174712
174715
174743
174766
174768
174792
174844
174857
174866
175705
175820
175879
176565
176797
176861
176950
177011
177633
177662
177797
177890
177938
177954
177961
178965
179001
179096
179099
179131
179138
179160
179196
179203
179216
179272
179278
181350
182083
182114
182126
182126
182129
182130
182133
182140
182155
182164
182171
182177
182199
182254
182256
182260
182276
182290
182296
182298
182303
182305
182307
182314
182319
182327
182331
182333
182335
182343
182349
182352
182358
182363
182368
182373
182374
182387
182391
182392
182452
182455
182473
182486
182504
182521
183089
183245
183253
183277
183284
183381
183388
183393
183423
183478
183666
183876
183886
183887
183930
183988
185501
186152
186408
186437
186455
186458
186471
186482
186484
186489
186490
186497
186501
186504
186510
186512
186515
186527
186543
186566
186587
186624
186746
186760
186762
186770
186776
186779
186785
186792
186798
186801
186814
186825
186835
186852
186856
186862
186872
186919
186949
187248
187273
187275
187305
187313
187331
187351
187379
187404
187406
187415
187428
187448
187645
187713
187735
187773
187787
187794
187805
187823
187861
188322
188432
188483
188499
188523
188541
188569
188584
188611
188665
188688
188759
188837
189177
189236
190516
191005
191042
191101
191343
191368
194297
194869
194907
194937
194940
194941
194996
195019
195004
195036
195080
195098
195113
195163
195460
195486
195496
195502
195522
195536
195589
195599
195631
195657
195742
195760
195819
195835
195844
195878
195903
195909
195931
195938
195953
195981
196007
196016
196056
196137
196381
196447
196675
196950
196973
196972
197018
197050
197051
197035
197057
197097
197105
197110
197176
197202
197212
197251
197287
197294
197302
197309
197317
197330
197332
197358
197383
197383
197390
197395
197406
197508
197523
197532
197550
197553
197584
197657
197713
197786
198140
198705
198827
198846
198990
199268
199370
199399
199410
199486
199537
199579
199602
199629
199632
199655
199664
199753
199982
202109
202200
202231
202250
202267
202282
202284
202285
202296
202298
202306
202311
202314
202425
202429
202498
202614
203575
203724
203733
203737
203761
203765
203768
203769
203822
203921
204090
204395
204401
204412
204431
204459
204471
204537
204944
205084
205093
205129
205148
205194
205224
206903
206927
206964
206975
207186
208342
208350
210191
210361
210402
210416
210439
212273
212463
212939
213302
213305
213331
213382
213449
213450
213495
213541
213627
213650
213660
213709
213724
213728
213782
214047
214073
214103
214120
214128
214131
214141
214175
214176
214179
214180
214183
215158
215980
216002
216013
216014
216036
216053
216059
216073
216079
216089
216104
216110
216115
216146
216973
217951
218846
219112
219119
219146
219151
219156
219163
219190
219269
219332
219335
219356
219381
219389
219410
219418
219433
219773
220267
220300
220344
220351
220457
220545
220841
221454
221601
221632
221660
221712
221758
221763
221805
221816
221839
221876
221890
221913
222168
222211
222252
222275
222315
222326
222340
222371
222400
222431
222477
222506
222518
222528
222529
222538
222570
222626
222665
222957
222977
223176
223226
223402
223542
225038
225969
225987
226009
226053
226136
226160
226194
226197
227599
228362
228601
229062
229114
229131
229132
229140
229142
230784
230806
230825
230847
230856
230862
230873
230880
230883
230899
230951
231813
231949
231957
231959
232003
232065
232273
232288
232297
232348
232342
232350
232353
232359
232363
232367
232655
232676
232687
232711
232744
232774
233397
233468
234196
234206
234221
234252
234274
234304
234320
234326
234338
234347
234348
234356
234637
234655
234715
235401
235436
235455
235470
235472
235482
235483
235489
235531
235828
237467
237477
237596
240355
240383
240439
240531
240897
241018
241085
241101
241130
241149
241153
241214
241331
241378
241384
241403
241420
241771
241847
241956
242187
242203
242965
243700
243738
243772
243831
243862
243867
243872
243901
244098
244177
244232
244264
244306
244329
244330
244341
244371
244372
244379
244395
244398
244402
244405
244412
244454
244458
244504
244517
244536
244812
244831
244869
244879
244887
244892
244903
245477
245525
245532
245559
245573
245602
245603
245634
245644
246117
246207
246226
246260
246278
246315
246317
246326
246334
246367
246399
246407
246428
246439
246517
246798
246827
246858
246957
247917
247941
249269
249270
249274
249286
249292
249299
249327
249328
249334
249343
249364
249369
249370
249372
249374
249378
249379
249385
249386
249396
249424
249442
250116
250123
250128
250149
250166
250192
250212
250300
250343
250347
250418
250468
250505
250499
250520
250530
250545
250548
250573
250849
251284
251313
251359
251466
251488
251491
251493
251490
251498
251503
251518
251524
251540
251533
251543
251547
251555
251559
251567
251573
251582
251591
251599
251607
251613
251620
251641
251637
251652
251659
251692
251702
251735
251846
251859
251869
251870
251876
251884
251905
251898
251931
251932
251936
251953
251959
251972
251984
251984
251987
251988
251994
251999
252025
252039
252044
252054
252063
252065
252081
252088
252095
252100
252094
252110
252119
252154
252171
252210
252254
252256
252744
252854
252895
252911
252937
252945
252954
252956
252960
252962
252964
252971
252984
252987
253008
253010
253011
253053
253067
253161
253185
253338
253339
253346
253358
253360
253362
253365
253371
253377
253403
253406
253409
253414
253419
253420
253427
253430
253432
253435
253440
253464
253476
253495
253527
253550
254044
254051
254059
254068
254121
254123
254132
254209
254230
254240
254271
254283
254285
254307
254331
254348
254376
254377
254395
254411
254420
254422
254437
254443
254446
254453
254461
254476
254496
254517
254519
254521
254537
254554
254577
254582
254584
254588
254604
254619
254633
254638
254651
254660
254678
254681
254687
254696
254704
254708
254704
254707
254716
254728
254743
254752
254754
254752
254764
254766
254775
254782
254785
254782
254790
254796
254796
254819
254820
254832
254834
254834
254834
254844
254841
254853
254864
254853
254892
254905
254912
254979
254986
254987
254990
254995
255002
255011
255025
255034
255038
255064
255109
255112
255116
255128
255141
255145
255150
255147
255162
255164
255167
255172
255162
255214
255242
255315
255330
255403
255409
255419
255442
255478
255492
255529
255536
255593
255667
255704
255953
256166
256186
256243
256259
256264
256273
256284
256282
256285
256295
256309
256313
256334
256337
256341
256352
256383
256389
256393
256404
256408
256579
256608
256616
256623
256651
256703
256709
256756
258050
258088
258111
258160
258176
258193
258230
258233
258235
258249
258274
258286
258293
258306
258317
258322
258357
258368
258370
258386
258406
258411
258415
258427
258450
258451
258457
258472
258508
258509
258514
258515
258521
258529
258539
258546
258552
258559
258568
258576
258585
258588
258605
258696
259132
259290
259316
259555
259557
259567
259569
259774
260386
260413
260417
260439
260456
260501
260504
260529
260574
260581
260585
260594
260597
260607
260607
260630
260626
260646
260666
260687
260694
260697
260699
260708
260699
260742
260736
260772
260774
260778
260806
260856
260861
260872
260877
260915
260926
260930
260932
260957
260963
260967
260969
260975
260991
260996
261001
261005
261024
261036
261047
261056
261106
261110
261133
261122
261138
261132
261161
261237
261239
261291
261355
261370
261371
262451
262484
263228
263230
263238
263253
263254
263268
263275
263279
263282
263330
263338
263358
263383
263416
263418
263423
263436
263423
263455
263482
263535
264228
264332
264336
264365
264555
264643
264742
264767
264787
264792
264800
264815
264834
264856
264858
265012
265047
265062
265072
265074
265077
265088
265107
265114
265238
265266
265317
265442
265569
265580
265585
265634
265650
265665
265699
265706
265796
265908
265921
265951
266361
266422
266665
266680
266691
266695
266709
266716
266716
266743
266757
266759
266765
266785
267143
267315
267455
267456
267466
267478
267479
267486
267499
267503
267505
267512
267669
267676
267694
267700
267704
267711
267718
267732
267734
267752
267797
268066
268070
268081
268136
268139
268183
268206
268209
268215
268227
268281
268285
268295
268330
268524
268548
268734
268756
268764
269105
270155
270573
271200
271456
271591
271616
271638
271913
271930
272183
272205
272227
272252
272449
272444
272526
272568
272577
272701
272820
272887
272930
272935
272943
273022
273032
273040
273052
273093
273154
273157
273182
273188
273203
273245
273301
273345
273352
273380
273420
273453
273727
273776
273828
274674
274741
275639
276024
276078
276165
276193
276197
276214
276233
276248
276259
276282
276294
276808
276842
276848
277623
277628
277645
277740
278346
278938
278962
279016
279061
279291
279316
279331
279332
279371
279371
279439
279447
279468
279609
279650
279689
279805
279844
279887
279888
279890
279892
281968
282178
282205
282222
282224
282231
282245
282364
282416
282696
282772
282784
282805
282810
283536
283669
283695
283811
283826
284047
284149
284499
284510
284515
284594
284654
287404
287457
287485
287772
287795
288420
288744
288752
288768
288934
288941
288954
288957
289021
289032
289040
289053
289054
289093
289094
289096
289143
289148
289153
289158
289169
289170
289181
289194
289200
289202
289207
289210
289222
289226
289241
289242
289256
289264
289267
289270
289324
289377
289439
289588
289609
289735
289799
289807
290081
290113
290142
290149
290170
290187
290182
290223
290255
290293
290300
290302
290307
290312
290323
290327
290342
290350
290358
290369
290392
290398
290402
290415
290426
290437
290443
290455
290479
290487
290487
290493
290498
290514
290526
290529
290539
290565
290644
290650
290657
290710
290714
290874
290921
291175
291242
291342
291878
291879
291886
291896
291907
291911
291994
291995
292223
292399
292575
293534
294105
294158
294466
294468
294486
294505
294547
294565
294750
295054
295097
295126
295139
295163
295168
295193
295418
295433
295441
295441
295446
295458
295466
295473
295477
295479
295489
295493
295495
295525
295531
295539
295552
295554
296179
296197
296223
296251
296392
296406
296424
296448
296632
296638
296677
296701
296706
296779
296857
296865
296891
296900
296919
296935
297049
297319
297406
297658
297679
297688
297875
297903
297910
297921
297925
297930
297941
297946
297948
297954
297956
297961
297980
297983
297989
298003
298021
298032
298038
298043
298096
298166
298191
298210
298193
298196
298199
298203
298204
298217
298236
298266
298249
298284
298304
298309
298337
298449
298457
298538
298543
298553
298688
298776
298794
298799
298812
298863
298878
299160
299183
299191
299205
299238
299246
299260
299275
299277
299351
299362
299474
299480
299500
299582
299594
299613
299646
299653
299668
299696
299707
299723
299742
299763
299786
299811
299840
299844
299846
299853
299913
299997
300025
300521
300534
300548
300666
300688
300698
300723
300752
300918
300939
300946
300970
300984
301004
301013
301179
301205
301267
301329
301325
301431
301452
301486
301598
301623
301631
301639
301649
301671
301947
301982
302008
302642
302740
304019
304024
304049
304059
304096
304133
304136
304220
304230
304236
304468
304645
304926
304939
305979
306010
306401
306904
307005
307105
307129
307149
307187
307985
309582
309605
309640
309646
309651
309670
309677
309683
309684
309716
309722
309723
309730
309738
309792
309809
309873
309876
309888
309904
309907
309918
309956
309962
309975
309975
309978
309980
309995
310006
310009
310012
310018
310034
310043
310061
310073
310078
310085
310088
310103
310120
310163
310151
310156
310177
310213
310242
310246
310285
310311
310314
310339
310348
310428
310412
310438
310429
310447
310451
310461
310474
310477
310489
310494
310506
310514
310519
310543
310578
310581
310585
310603
310755
310809
310867
310873
311505
311544
311550
311556
311560
311569
311580
311621
311691
311750
314079
321210
321405
321459
321469
321538
321586
321596
321641
321842
321847
322319
322339
322348
322386
322515
322563
323423
323469
323511
323528
323551
323555
323605
323614
323619
323633
323635
323649
323659
323695
324108
324121
324176
324213
324292
324297
324316
324370
324573
324609
324645
324653
324674
324705
324708
324723
324727
324733
324793
324854
325009
325034
325031
325062
325135
325213
325303
325381
325519
325548
325674
325767
325863
325886
326930
329146
331047
332135
332138
332153
332195
332871
332968
333138
333246
333391
333557
333592
333941
335027
335065
335300
335348
335820
336139
337098
337115
337212
337248
337253
337256
337433
337855
337959
338018
338064
338112
338175
338229
338256
338348
338398
338402
338893
339641
339901
340165
340202
340227
340536
341277
341283
341341
341417
341791
341828
341835
341856
341864
341963
342174
342186
342207
342224
342260
342292
342369
342567
342706
343095
343228
343304
344827
344883
345056
349578
350158
350238
350539
350629
350767
350881
350946
351642
352082
352366
352383
352407
352742
352894
353738
353782
353896
353915
354294
354614
354938
355149
355159
355177
355186
356148
356347
357438
357451
357457
357485
357496
357502
357555
357591
357632
357934
358552
358583
358611
358623
358778
358828
358987
359342
359388
359431
360693
360695
360723
360768
360799
360784
360928
360929
360957
360987
360998
361002
361019
361039
361077
361083
361269
361314
361725
362149
362192
362231
362237
362352
362355
362568
362623
362915
363442
363514
363542
363552
363572
363609
363633
363634
363651
363788
364259
364322
364331
364338
364368
364373
364470
365028
365349
365440
365448
365532
365546
365552
365557
365575
365829
366505
366512
366537
366547
366555
366637
366645
366650
366680
366683
366697
366713
366719
366791
367535
367558
367563
367592
367611
367613
367615
367616
367641
367735
367716
367738
367743
367753
367741
367795
367779
367818
367827
367828
367881
367908
367909
367927
367929
367945
367946
367961
367985
367988
367991
367992
368005
368010
368085
368146
369012
369346
369783
369797
370182
370212
370828
371374
373109
373768
373868
373903
373969
374869
377625
379032
379119
380281
380342
381223
381317
381485
381506
381582
381675
381917
381952
381982
381985
381983
381985
381999
382001
382218
382233
382299
383993
384215
384683
384770
384777
384779
384792
384826
384848
384928
384933
384945
384958
385697
386287
386485
386498
386597
386635
386643
386764
386803
386847
387577
388213
388654
388682
389373
390913
390926
390950
390954
390957
390958
390963
391241
391281
391288
391298
391309
391314
391446
391495
391499
391520
391522
391541
391541
391546
391613
391637
391686
392266
392327
392454
393395
393439
393435
393490
393519
393690
393795
393818
393877
393893
393928
393941
393963
393970
393975
393989
394006
394022
394023
394223
394347
394433
394484
394542
394573
394700
394705
394788
394844
394911
395207
395278
395302
395304
395311
395324
395320
395324
395361
395362
395380
395408
395400
395436
395484
395644
395678
395719
395732
395960
396717
397441
397538
398884
398907
399518
399633
399687
399826
401722
401982
401994
402315
402333
402412
402795
403054
403072
403082
403125
404368
404810
404847
405002
405192
405407
406620
406971
407094
407197
407326
408390
410830
411294
411326
411850
411900
412055
412087
412155
412276
412401
412433
412469
412508
412804
412878
412948
412961
412970
412978
413256
413285
413320
413345
413381
413455
413594
414471
414741
414798
414809
414860
414861
414912
414925
414927
414941
414968
414981
414983
415003
415056
415151
415201
415239
415622
415989
416004
416083
416094
416127
416136
416186
416634
417054
417126
417168
417374
421722
421732
423687
424514
424587
424760
425014
425034
425046
425858
426131
426188
426302
426475
426508
426510
426539
426672
430923
430927
430978
430982
430991
432172
432234
432289
432292
432341
432405
432414
432448
434086
434093
434112
434392
434417
434588
437601
437649
437692
437727
438588
438704
438717
438735
438743
438746
438750
438763
438779
439098
439142
439214
439911
440006
440392
440416
440712
440844
441830
441900
441954
442428
442460
442465
442470
442475
442484
442506
442511
442550
442555
442563
442573
442592
442662
442695
442793
442962
443105
443114
443202
443650
443761
444532
444547
444555
444572
444584
444625
444642
444662
444760
444796
444816
444817
444836
444890
445014
445057
445097
445206
445280
445313
445456
445472
445545
445563
445944
445977
446331
446394
446441
446449
446479
446493
446559
446604
446637
446664
447354
447436
447460
447473
447481
447490
447497
447502
447523
447530
447535
447539
447543
447560
447566
447629
448292
448401
448414
448464
448473
448496
448526
448528
448537
448539
448558
448569
448589
448598
448602
448612
448892
449621
449669
449696
449718
449744
449762
449771
449786
449787
449824
449830
449901
450090
450136
450144
450159
451357
451441
451542
451559
451598
451666
451682
451791
451808
451824
451853
451856
451873
451911
451926
451941
452019
452024
452033
452037
452044
452050
452051
452056
452058
452060
452070
452077
452105
452095
452122
452107
452120
452121
452125
452120
452128
452136
452154
452188
452195
452328
452357
452456
452459
452461
452464
452470
452474
452477
452486
452516
452501
452502
452509
452528
452512
452532
452515
452547
452551
452566
452563
452586
452602
452604
453220
453222
453228
453233
453237
453254
453258
453264
453266
453272
453275
453283
453285
453287
453291
453293
453315
453319
453324
453331
453333
453338
453354
453366
453378
455122
455130
455134
455167
455179
455189
455197
455218
455224
455232
455234
455238
455239
455243
455247
455253
455273
455277
455278
455280
455283
455284
455287
455325
455329
455333
455337
455340
455372
455496
455501
455522
455529
455539
455548
455544
455559
455574
455578
455582
455589
455590
455604
455610
455617
455622
455626
455661
455682
455699
455701
455755
455779
455785
455793
455812
455819
455821
455838
455845
455862
455867
455874
455899
455948
456135
456148
456175
456184
456185
456202
456211
456208
456209
456218
456226
456225
456234
456261
456289
456293
456323
456332
456367
456418
456612
456620
456649
456685
456694
456777
456789
456799
456853
456875
456881
456898
456901
456919
456928
456935
456938
456939
456942
456954
456987
456992
456997
457012
457017
457021
457037
457050
457078
457101
457131
457152
457174
457219
457228
457239
457240
457241
457247
457259
457263
457271
457273
457278
457279
457292
457296
457300
457303
457307
457309
457315
457321
457332
457338
457349
457363
457379
457384
457401
457408
457425
457430
457431
457433
457452
457454
457458
457487
457501
457506
457546
457566
457567
457586
457587
457615
457633
457641
457655
457663
457680
457806
457813
457817
457864
457877
457883
457893
457904
457924
458514
458523
458537
458566
458569
458612
458631
458687
458778
458813
458819
458831
458836
458840
458890
458916
458919
458970
459466
459625
460347
460363
460422
460458
460501
461122
461225
461226
461232
461242
461244
461253
461306
461307
461311
461334
461338
461340
461341
461346
461349
461351
461352
461358
461360
461375
461378
461384
461386
461387
461396
461397
461401
461402
461404
461408
461413
461414
461420
461424
461426
461429
461433
461451
461451
461456
461461
461463
461464
461465
461466
461471
461493
461499
461505
461506
461517
461520
461523
461525
461530
461531
461539
461540
461565
461577
461586
461599
461605
461610
461613
461617
461618
461638
461639
461649
461654
461659
461660
461661
461663
461667
461668
461676
461677
461698
461714
463646
463787
463844
464232
464341
464464
464527
464563
464586
464592
464607
464608
464615
464619
464630
464633
464640
464646
464651
464657
464664
464670
464673
464688
464691
464699
464712
464716
464721
464740
464746
464764
464793
464800
464804
464825
464843
465107
465115
465118
465129
465140
465169
465683
465731
465736
465800
465817
465817
465825
465836
465842
465860
465881
465883
465888
465893
465901
465902
465905
465907
465914
465928
465932
465934
465938
465939
465943
465946
465949
465955
465963
465966
465969
465970
465970
465974
465975
465984
465987
465988
465996
465999
466004
466005
466024
466062
466077
466095
466116
466124
466126
466129
466152
466155
466161
466163
466164
466183
466226
466237
466243
466256
466268
466274
466287
466293
466298
466302
466307
466314
466321
466326
466333
466339
466344
466353
466359
466367
466368
466369
466370
466376
466386
466389
466393
466394
466400
466405
466422
466424
466432
466434
466439
466465
466466
466477
466492
466494
466509
466514
466530
466530
466531
466546
466551
466554
466557
466599
466688
466690
466696
466699
466707
466707
466712
466726
466727
466735
466807
466812
466819
466872
466920
466936
466955
467046
467051
467106
467110
467143
467156
467179
467205
467220
467308
467314
467319
467332
467334
467341
467348
467351
467355
467356
467358
467359
467365
467368
467370
467372
467373
467375
467377
467379
467382
467384
467388
467391
467398
467400
467404
467410
467427
467443
467461
467484
467489
467490
467770
467854
467863
467938
467946
468023
468093
468109
468110
468113
468114
468354
468520
468533
468627
468641
468643
468646
468672
468701
468733
468808
468808
468812
468828
468841
468841
468852
468858
468859
468866
468882
468884
468900
468903
468906
468915
468990
468999
468980
468983
468991
469010
469015
469122
469122
469223
469254
469374
469829
469833
470004
470247
470252
470261
470270
470363
470341
470401
470451
470432
470442
470445
470474
470532
470644
470659
470662
470762
470763
470768
470770
470780
470781
470784
470867
470872
470882
470890
470914
470946
470956
470960
470986
470990
471011
471027
471037
471037
471046
471067
471088
471111
471117
471118
471122
471130
471132
471187
471212
471215
471221
471226
471244
471244
471249
471263
471297
471291
471300
471301
471316
471305
471325
471344
471331
471334
471343
471340
471349
471371
471377
471426
471428
471439
471447
471453
471461
471515
471519
471526
471535
471545
471597
471612
471618
471633
471634
471644
471645
471663
471664
471673
471687
471695
471724
471724
471934
471940
472004
472042
472043
472098
472120
472125
472126
472139
472153
472201
472254
472263
472954
473576
473577
473629
473659
473672
473675
473750
473763
473846
473867
473855
473875
473916
473921
474840
474859
474936
474982
475022
475089
475112
475129
475137
475143
475202
475268
475292
475324
475326
475407
475409
475414
475415
475421
475472
475479
475494
475539
475827
475906
476729
476771
476786
476788
476813
476875
476882
476911
477130
477313
477338
477359
477374
477414
477477
477494
477545
477566
477627
477642
477648
477661
477664
477673
477684
477685
477691
477717
477726
477728
477735
477758
477761
477816
477801
477822
477999
478033
478062
478064
478086
478090
478096
478097
478118
478119
478135
478150
478255
478326
478341
478498
478513
478545
478564
478842
478909
478926
479363
479629
479711
479809
479815
479833
479839
479852
479854
479881
479885
479872
479918
481989
482074
482083
482931
483397
483399
483473
483499
484694
484739
484812
485542
485560
485583
486230
486238
486242
486244
486431
486591
486672
486778
486787
486806
487020
487068
487121
487161
487205
487208
487255
487356
488458
488796
488945
488976
489219
489501
489505
489647
489682
492140
492141
492724
493907
495072
495087
496424
496568
496575
496634
496643
496645
496696
496783
496805
496822
496846
496871
496884
496893
497132
497157
497194
497217
497341
497373
497377
497392
497409
497414
497414
497431
497600
497650
497744
497796
497807
497861
497931
498104
498381
498540
498551
498558
498596
498596
499006
499620
500180
500205
500220
500227
500372
500377
500384
500421
500422
500426
500452
500475
500483
500494
500492
500499
500511
500532
500848
500881
500926
500979
501001
501032
501035
501038
501055
501062
501071
501090
501102
501110
501122
501123
501125
501134
501142
501150
501172
501174
501182
501186
501204
501251
501261
501276
501291
501308
501315
501339
501341
501341
501365
501367
501385
501410
501416
501473
501497
501512
501838
501872
501882
501997
502331
502881
502990
503259
503271
503313
503332
503338
503382
503633
503984
504761
504758
504809
504876
504878
504942
505002
505574
505583
505588
505587
505605
505608
505801
505818
505858
505933
505946
505963
506058
507077
507191
507256
508555
508583
509477
509679
509709
509803
509863
510810
510828
510828
510973
511084
511387
512219
512314
512344
512371
512384
512374
513653
513870
513908
513931
513952
514005
514067
515434
515782
515785
516138
516216
516298
516328
516413
516451
516509
516764
516819
516825
516824
516875
516936
516949
516976
516982
516996
516997
517278
518174
518226
518292
518284
518478
518814
519007
519015
519598
520094
520169
520180
520213
520249
520404
520786
521156
521185
521202
521328
521347
521376
521410
521417
522201
522204
522219
522243
522245
522468
522477
522484
522526
522542
522567
522694
522805
522853
523111
523120
523258
523262
523361
523736
523741
524268
524289
524289
524408
524427
527278
527414
527418
527492
527497
527544
527547
527575
527603
527612
527616
527632
527713
528017
528034
528036
528070
528087
528092
528102
528107
528113
528114
528118
528170
528178
528192
528194
528240
529149
529152
529162
529194
529203
529233
529240
529279
532582
532617
532625
532677
532686
533025
533067
533088
533090
533234
533239
533252
533328
533396
533412
533427
533466
533472
533484
533489
533529
533567
533583
534052
534765
534988
535072
535074
535133
535214
535300
535407
535418
535449
535908
537586
537607
537673
537864
537938
538013
538051
539684
540080
540112
540148
540170
540179
540259
540631
540682
540789
540815
540841
540847
540863
540891
540907
541051
541106
541117
541120
541150
541158
541177
541178
541211
541225
541239
541242
541257
541258
541270
541287
541281
541282
541349
541370
541377
541624
541801
541855
542027
542030
542033
542413
542416
542423
542428
542445
542469
542479
542491
542530
542551
542582
542603
542663
542929
543737
544932
545512
547335
547342
547358
547434
547476
547502
547513
550924
551004
551088
551295
551306
551310
551445
551502
551518
551538
551542
551546
552202
552232
552235
552260
552282
552302
552334
552338
552347
552367
552424
552654
552673
552767
552780
552807
552923
552932
553006
553066
553081
553084
553092
553095
553105
553110
553391
553403
553410
553435
553426
553432
553443
553454
553461
553462
553466
553471
553473
553493
553504
553506
553524
553540
553555
553582
553825
553971
554003
554013
554076
554111
554114
554160
554217
554223
554227
554230
554233
554245
554242
554243
554252
554255
554263
554271
554293
554983
554981
555013
555043
555071
555163
555471
555496
555510
555514
555536
555554
555565
555571
555581
555583
555594
555633
555654
555669
555679
555690
555700
555716
555720
555725
555733
555737
555753
555799
555864
555885
555961
555978
555983
556004
556006
556021
556025
556026
556033
556045
556047
556062
556054
556070
556074
556066
556069
556080
556088
556080
556089
556089
556090
556099
556103
556113
556115
556127
556128
556130
556131
556139
556205
556214
556225
556267
556267
556318
556333
556334
556346
556355
556358
556366
556375
556392
556474
556483
556490
556558
556743
556870
556902
556954
556975
556991
557002
556995
557014
557017
557002
557027
557029
557031
557126
557167
557172
557214
557247
557246
557270
557299
557337
557325
557348
557356
557353
557386
557436
557471
557480
557531
557564
557564
557578
557620
557626
557671
557856
557948
557977
557981
558012
558025
558018
558030
558034
558075
558080
558097
558110
558102
558113
558117
558116
558132
558138
558161
558162
558183
558176
558178
558181
558184
558226
558248
558249
558293
558316
558360
558368
558398
558415
558447
558454
558507
558519
558717
558726
558739
558792
558844
558932
559025
559035
559085
559096
559129
559214
559477
559499
559508
559515
559525
560376
560391
560393
560394
560410
560441
560483
560665
560786
561487
561571
561604
561634
561674
561681
561697
561723
561767
561804
561834
561905
561926
561951
562008
562027
562042
562058
562103
562120
562181
562186
562283
562340
562370
562379
562379
562401
562402
562410
562445
562579
562725
562744
562811
563252
563324
563465
563453
563469
563504
563654
563894
563916
563970
563972
564025
564101
564110
564159
564191
564182
564227
564277
564296
564349
564371
564420
564452
564476
564498
564633
564650
564713
564719
568293
573713
577109
577351
578639
578699
578786
578788
579070
579280
579302
579307
579320
579374
579381
579382
579410
579442
579447
579506
579539
579545
579549
579551
579554
579620
580042
580169
582346
583201
583628
583641
583706
583744
584215
584278
584338
584783
584793
584924
585023
585988
588175
588216
588758
589191
589202
589208
589215
589219
589323
591461
591587
591825
592040
592024
592078
592120
592138
592191
592321
592973
593002
593101
593545
593565
593599
593637
594303
594476
594918
595089
595123
595228
595247
595266
595397
595719
595737
596087
596384
596460
596541
599073
599122
599132
599278
599306
599411
599577
599720
599756
599778
599884
599963
600014
600090
600830
601199
601243
601256
601257
601295
601374
601891
601900
601972
601987
602042
602060
602088
602085
602089
602232
602240
602247
602538
602857
602897
602947
603261
603320
603414
603499
603530
603633
603654
604301
604385
604728
604752
604763
604764
604816
604976
605188
605241
605375
605401
605772
605882
606154
606310
606376
606934
611767
611779
611817
611826
611879
612678
612693
612706
612775
612778
612828
613980
614109
614155
614263
614351
614438
614590
614747
614795
614820
614868
614873
614878
614884
615022
615037
615064
615211
619229
619262
619288
619293
619298
619299
619328
619335
619358
619387
619406
619410
619437
619488
619492
620000
620039
621322
621362
623978
624009
624075
624077
624081
624096
624156
624514
624584
625305
625605
625763
625819
626380
626399
626411
626749
626768
626819
626856
626861
626861
626866
626883
626906
626911
626924
626929
626940
626941
626963
626978
626980
626997
627014
627026
627036
627072
627117
627127
627135
627153
627158
627160
627189
627228
627280
627386
627394
627396
627411
627417
627420
627440
627457
627827
627901
627955
628013
628082
628154
628157
628169
628171
628177
628183
628187
628223
628275
628278
628287
628345
628575
628671
628711
628715
628788
628798
628804
628818
628836
628840
628852
628863
628866
628875
628896
629075
629072
629080
629125
629130
629132
629210
629445
629514
629530
629556
629585
629587
629605
629619
629670
629679
629690
629695
629709
629721
629741
629745
629748
629789
629905
629922
629931
630020
630034
630036
630040
630075
630089
630094
630108
630197
630370
630421
630477
630601
630617
630625
630642
630638
630664
630835
630847
630875
630950
630977
630987
631013
631030
631055
631063
631070
631085
631105
631118
631128
631150
631741
631834
631864
631896
631898
631903
631919
631927
632751
632775
632803
633057
633074
633096
633130
633219
633472
633905
633942
633964
633999
633981
633997
634002
634004
634036
634076
634079
634161
634197
634229
634244
635962
636032
636070
636086
638956
639335
639348
639384
639400
639407
639419
639484
639572
639682
639712
639725
639738
640074
640199
640233
640244
640281
640364
640415
640438
640529
640536
640619
640974
641378
641399
641444
641460
641464
641493
641519
642641
642700
643030
643071
643425
643723
643762
643767
643823
643838
643848
643944
643980
643994
644003
644016
644018
644039
644053
644096
644108
644309
644318
644366
644373
644380
644402
644419
644430
644465
644607
644612
644619
644624
644639
644652
644691
644790
645497
645511
645533
645538
645567
645665
645685
645731
646193
646205
646233
646468
646504
646532
646533
646546
646578
646588
646642
648805
648813
648828
648858
648864
649045
649067
649073
649757
650029
650291
650305
650408
650414
650424
650434
650494
650949
650953
651999
652059
652638
654081
654190
654817
654833
655073
655771
655818
655834
656232
656386
656463
656774
656837
656900
657056
657386
657450
657816
657851
657885
657891
657894
657898
657904
657917
657936
657964
657961
657966
657974
657982
657996
658004
658007
658038
658193
658197
658218
658318
658321
658460
658491
658516
658629
658735
658790
658934
659044
659054
659068
659086
659088
659094
659104
659111
659193
659216
659218
659228
659238
659240
659269
659286
659291
659297
659307
659329
659362
659382
659389
659405
659431
659456
660589
660643
660655
661032
661050
661062
661104
661125
661454
661590
661652
661965
662034
662076
662101
662141
662176
662194
662219
662233
662251
662402
662434
662447
662459
662462
662467
662481
662481
662482
662484
662489
662488
662529
662553
662562
662567
662651
662666
662690
662699
662712
662746
663033
663062
663064
663089
663091
663109
663121
663142
663150
663203
663888
663923
663926
663945
663961
663973
663978
663982
663991
663988
663998
664000
664007
664014
664022
664030
664067
664145
664487
664563
664614
664645
664634
664678
664682
664683
664694
664695
664767
664831
664871
664887
664892
664898
664906
664907
664913
664916
664924
664929
665326
665327
665392
666571
666872
667956
668046
668054
668106
668123
668140
668142
668153
668187
668191
668355
668387
669645
669784
669803
669805
669825
669826
670425
670504
670724
670802
671163
671157
671162
671171
671181
671184
671199
671264
671387
671414
671434
671462
671466
671468
671478
671483
671591
671703
671734
671767
671799
671804
672110
673144
673198
673209
673724
673783
673804
674072
674816
674851
674992
675094
675200
675224
675215
675218
675498
675924
675925
676167
676168
676450
676791
676862
676958
677205
677244
677308
677355
677368
677360
677460
678525
679140
679236
679544
679737
679894
679955
680229
680325
680572
681198
681207
681212
681229
681234
681239
681495
681691
681706
681738
681789
681807
681835
681912
682036
682065
682265
682364
682744
682810
682914
683082
684281
684326
684548
684935
685212
685630
685883
685954
686011
686513
686660
686679
686684
686694
686732
686735
686766
686788
686819
686816
686829
686904
686908
686912
686954
686954
686967
687067
687101
687136
687153
687221
687226
687690
688071
688099
688114
688119
688127
688142
688235
688355
688932
689037
689384
689421
689751
689816
689872
689971
690075
690171
690419
690445
690485
690496
690531
690581
690757
690768
690828
691480
691965
692031
692526
692612
692892
692921
693168
693320
693665
693848
694672
694980
695306
695484
695531
696199
696296
696323
696355
696442
697134
698192
699837
701321
701398
701440
701464
701736
702239
702555
702572
702574
702605
702623
702655
702755
702779
702794
702812
702939
702944
703011
703058
703207
703217
703341
703503
703678
703688
703730
703800
704330
704333
704354
704404
704412
704472
704577
704772
704783
704809
704916
705033
705043
705687
706186
706211
706212
706284
706286
706311
706376
706441
706462
706500
706533
706558
706635
706647
706674
706676
706672
706654
706675
706699
706716
706680
706684
706687
706692
706719
706722
706702
706730
706815
706823
706832
706865
706879
706846
706890
706913
706874
706875
706894
706922
707022
707050
707174
707208
707218
707234
707238
707252
707253
707269
707290
707393
707389
707431
708462
708504
708479
708583
708593
708724
708744
708734
708737
708884
708963
709045
709057
709057
709061
709085
709164
709132
709137
709139
709156
709185
709191
709229
709233
709267
709302
709312
709314
709336
709340
709328
709343
709362
709346
709347
709347
709456
709460
709466
709476
709519
709538
709707
709720
709982
709999
710006
710014
710032
710046
710086
710766
711357
711648
711766
711806
711924
711945
711958
711979
712008
712142
712199
712202
712224
712252
713362
713371
713475
713574
713588
713729
714231
714255
714654
714676
714684
714700
714716
714736
714791
714793
714810
714839
714919
714941
714974
715026
715032
715076
717000
718007
718014
718049
718054
718057
718073
718143
718401
718588
718602
718626
718642
718724
718772
718796
718799
718805
718812
718829
718838
718855
718932
719066
719105
719125
719129
719151
719156
719158
719161
719169
719374
720102
720623
721807
722943
722946
723459
723556
723797
725842
725894
725898
725901
728756
728767
730470
730566
730854
731026
731055
731074
731076
731144
731158
731169
731177
731183
731196
731199
731207
731261
731300
731345
731451
731509
731516
731549
731561
731693
731862
731885
731887
732134
732245
732255
732556
732580
732618
732626
732641
732669
732995
733022
733123
733149
733278
733354
733359
733364
733367
733414
733449
733936
733981
734007
734008
734282
734310
734312
734315
734327
734769
735452
735470
735589
735614
735620
735900
735990
736037
736046
736264
736304
736584
736615
737461
737677
737893
738115
738121
739762
739771
739776
739794
739802
739823
739838
739844
739851
739857
739870
739872
739878
739892
739895
739898
739915
739926
740008
740012
740020
740304
740321
740339
740360
740356
740363
740404
740436
740488
740639
740654
740686
740697
740702
740731
740733
740734
741488
741508
741624
741653
741665
741701
741937
741976
742091
742119
742120
742143
742160
742161
742179
742184
742189
742202
742217
742229
742245
742258
742261
742266
742270
742277
742279
742320
742327
742346
742491
742547
742565
742605
742591
742623
742694
742863
743162
743204
743221
743237
743238
743246
743253
743260
743262
743339
743651
743676
743676
743684
743707
743712
743718
743722
743740
743757
743741
743782
743803
743846
743920
743958
743987
744012
744024
744049
744062
744078
744078
744081
744083
744101
744151
744133
744159
744193
744161
744176
744559
744753
744758
744758
744761
744856
744863
744931
745046
745090
745270
745317
745819
745835
745920
745928
745971
746066
746310
746414
746455
746749
746779
746789
747906
747991
747999
748011
750056
750072
750143
750203
750626
750703
750752
751421
751474
752140
752138
752168
754042
754063
754124
754200
754239
754253
754266
754284
754295
754298
754331
754831
754954
755061
755102
755117
755293
755331
755457
755476
755495
755500
755617
755676
755693
755700
755728
755742
755750
755778
755854
755838
755927
755946
756022
756031
756064
756133
756198
756233
756235
756236
756261
756271
756276
756317
756336
756444
756524
756633
756659
756674
756676
756677
756685
756728
756732
756737
756751
756752
756823
756847
757336
757408
757444
757453
757500
757503
757614
757618
757663
757667
757716
757709
757730
757757
757770
757774
758016
758035
758507
758514
758522
758557
759092
759104
759108
759113
759586
759668
759706
759709
759712
759714
759723
759734
759738
759739
759746
759755
759761
759766
759771
759788
759793
759796
759802
759817
759858
760112
761612
762003
762243
762317
762751
762782
762847
762872
763096
763701
763857
763871
765962
766043
767858
767909
767920
767938
768553
768610
768615
768641
768643
768646
768649
768675
768713
768719
768729
768752
768775
768851
770532
771339
771427
771484
771542
771548
771549
771555
772547
772551
772555
772565
772599
772621
772663
772698
772764
772841
772865
772881
772906
772908
772914
772938
772941
772973
773021
773028
773088
773106
773216
773236
773282
773603
773688
773875
773887
773888
773898
773931
773945
775545
775550
775571
775578
775581
775629
775672
775674
775680
775689
775695
775703
775706
775707
775712
775715
775718
777227
777245
777246
777257
777259
777265
777269
777273
777278
777280
777287
777291
777297
777306
777308
777320
777324
777329
777341
777346
777353
777359
777380
777437
777481
777482
777496
777503
777549
778093
778119
783307
783334
783407
783409
783472
783486
783506
783510
783519
783530
783532
783570
783592
783625
783631
783641
783654
783678
783701
783713
783715
783720
783726
783756
783759
783825
784192
784199
784249
785501
785541
785553
785561
785610
785664
785691
785722
785734
785745
785765
785772
785773
785776
785779
785782
785819
785823
785832
785834
785855
785877
785901
786171
786896
787091
787160
787172
787209
787241
787383
787524
788044
788097
788140
788146
788138
788168
788191
788196
788185
788187
788189
788215
788234
788241
788251
788237
788272
788276
788295
788507
788500
788538
788545
788580
788807
788857
788861
788888
788881
788909
788891
788939
788944
788975
788981
789078
789121
789122
789150
789162
789247
789284
789381
789389
789392
789504
789511
789521
789525
789545
789599
789611
789695
789714
789746
789779
789933
790000
790006
790050
790301
790376
790434
790435
790450
790554
790580
790591
790761
790765
790766
791739
791933
794955
794971
794980
794984
794989
795012
795014
795021
795055
795058
795059
795079
795092
795093
795097
795110
795115
795183
795184
795189
795193
795204
795238
795245
795246
795249
795250
795266
795267
795278
795279
795301
795303
795307
795310
795317
795322
795324
795325
795339
795349
795355
795357
795361
795367
795392
795396
795400
795416
795417
795418
795427
795428
795431
795437
795442
795446
795448
795457
795463
795468
795469
795472
795473
795476
795482
795483
795488
795491
795499
795501
795512
795517
795521
795527
795528
795538
795542
795545
795548
795549
795555
795558
795579
795584
795592
795594
795596
795665
795667
795676
795682
795691
795703
795705
795709
795715
795719
795721
795753
795776
795788
795791
795793
795803
795808
795814
795828
795835
795838
795845
795865
795870
795872
795874
795876
795883
795887
795890
795897
795900
795907
795912
795920
795925
795928
795934
795940
795943
795945
795951
795952
795957
795963
795964
795966
795978
795983
795994
796014
796029
796030
796042
796062
796069
796070
796077
796079
796081
796087
796089
796094
796100
796100
796106
796110
796112
796116
796120
796122
796131
796131
796135
796137
796138
796142
796144
796153
796169
796177
796182
796196
796193
796186
796250
796334
796650
796697
796675
796706
796685
796704
796706
796708
796738
796803
796828
796829
796831
796852
796866
796871
796874
796878
796889
796904
796905
796908
796909
796910
796912
796924
796924
796926
796935
796936
796942
796948
796950
796961
796964
796970
796979
796980
796993
796995
797024
797027
797146
797406
797410
797424
797431
797459
797468
797473
797497
797540
797549
797566
797592
797596
797603
797607
797608
797623
797626
797629
797654
797666
798085
798133
798211
798280
798331
798392
798545
798567
798619
799447
799823
800016
800031
800059
800105
800113
800104
800112
800116
800147
800186
800194
800200
800218
800237
800255
800246
800265
800274
800278
800282
800284
800315
800354
800342
800343
800379
800355
800358
800360
800365
800372
800383
800391
800399
800407
800416
800422
800464
800609
800666
800717
800755
800759
800751
800791
800831
800849
800852
800898
800975
800986
800966
800998
801004
801032
801049
801166
801242
801408
801411
801423
801436
801441
801482
802501
802511
802520
802566
802534
802595
802556
802617
802630
802641
802750
803174
803239
803258
803278
803283
803302
803311
803321
803378
803400
803408
803462
803465
803475
803487
803520
803530
803570
803765
803800
803806
803808
803813
803818
803826
803837
803843
803847
803877
803894
803884
803902
803907
803911
803913
803926
804451
805100
805132
805261
805330
805430
805530
805545
805563
805576
805604
805605
805606
805609
805647
805671
805676
805723
805738
805742
805743
806774
806912
806918
806906
806940
806947
806975
806978
806996
807043
807044
807045
807087
807101
807123
807150
807135
807223
807240
807332
807339
807352
807360
807362
807365
807372
807372
807377
807391
807397
807404
807416
807420
807431
807434
807476
807478
807479
807483
807483
807486
807490
807490
807490
807494
807496
807499
807503
807503
807551
807552
807555
807558
807558
807586
807589
807601
807606
807608
807611
807615
807618
807620
807623
807624
807693
807702
807708
807711
807718
807741
807742
807760
807770
807771
807787
807788
807805
808466
808446
808490
808537
808563
808565
808620
808677
808726
808732
808748
808756
808759
808760
808763
808765
808767
808772
808780
808785
808789
808790
808791
808793
808793
808799
808802
808805
808807
808813
808817
808824
808829
808831
808832
808835
808854
808859
808873
808879
808881
808893
808893
808915
809069
809170
809236
809215
809256
809277
809282
809288
809289
809303
809326
809316
809342
809346
809343
809352
809365
809376
809379
809381
809390
809394
809399
809402
809421
809426
809429
809436
809439
809440
809443
809446
809451
809488
809669
809699
809701
809716
809728
810102
810183
811816
811915
812270
812345
812351
812392
812770
812878
812926
812928
812959
813070
813071
813076
813082
813090
813100
813102
813104
814593
814594
814617
815765
815785
815812
816211
817463
817858
818399
818414
818509
819106
819121
819133
819160
819169
819198
819577
819595
819604
819606
819613
819619
819621
819641
819650
819886
819902
819927
819972
819995
820006
820022
820033
820040
820049
820050
820051
820064
820068
820074
820083
820088
820101
820085
820115
820125
820102
820115
820228
820252
820241
820278
820290
820302
820352
820360
820360
820366
820372
820377
820394
820398
820410
820412
820389
820423
820438
820446
820476
820566
821644
822024
823024
823302
823534
823537
823550
823581
823574
823585
823639
823644
823659
823720
823761
823772
823798
823806
823895
823904
823913
823927
823950
823933
823937
823992
824007
824276
824686
824789
825314
825291
825325
825341
825902
826082
826086
826139
826365
826465
828809
829702
829705
829715
829719
829725
829767
829768
829773
829795
829824
830004
830083
830090
830115
830129
830154
830159
830174
830180
830193
830202
830207
830218
830232
830235
830244
830271
830286
830313
830384
830424
830451
830515
830518
830558
830583
830589
830591
830611
830615
830627
830682
830711
831034
831037
831093
831213
831232
831664
833905
834100
834143
834142
834170
834184
834187
834193
834230
834233
834237
834253
834262
834269
834276
834666
834687
834693
834714
834723
834731
834758
834828
834840
835202
835289
835330
835369
835374
835381
835387
835423
835429
835437
835438
835488
836597
836641
838385
838519
841137
841186
841336
841483
841502
841510
841514
841519
841531
841543
841555
841558
841576
841617
841604
841650
841652
841704
841704
841803
843170
843174
843229
843335
843615
843640
843706
843723
843735
843762
843789
843910
845952
845993
846000
846017
846047
846066
846078
848404
848597
848649
848657
848649
848670
848884
849096
849242
849258
849272
849259
849339
849351
849375
849375
849387
849388
849393
849405
849410
849417
849428
849463
849985
850023
850046
850053
850068
850069
850075
850089
850090
850079
850104
850113
850136
850157
850132
850165
850168
850172
850149
850192
850198
850204
850212
850213
850228
850234
850251
850287
850291
850294
850492
850502
850619
850840
850913
850933
850981
851097
851114
851119
851121
851130
851135
851138
851143
851147
851192
851220
851224
851620
852653
853607
853623
853684
855693
855726
855835
855888
855905
855940
855944
855954
856015
856016
856018
856310
856397
856454
856537
856555
856583
857918
858844
859074
859314
859555
860164
861099
861244
861329
861385
861395
861424
861426
861446
861462
861485
861496
861505
861515
861555
861576
861578
861583
861594
861764
862053
863008
863408
863422
863425
863457
863659
863677
863689
863694
863703
863705
863714
863725
863735
863738
864372
864410
866826
867952
868570
868608
868610
868615
868616
868623
868628
868636
868645
868656
868672
868694
868696
868712
868714
868745
868756
868768
869059
869092
869098
869131
869146
869154
869186
869245
869273
869286
869307
870202
870214
870234
870236
870261
870313
870329
870374
870393
870408
870413
870416
870667
870683
870710
870803
870817
870935
871828
871847
871863
872297
872379
872392
872435
872452
872494
872530
872554
872580
872603
872607
872631
872657
872700
872918
874798
876854
876870
876902
883090
883128
883139
883163
883176
883177
883186
883196
883236
883240
883246
883260
883265
883267
883278
883296
883639
883911
883946
883972
883974
883994
883996
883998
884006
884012
884029
884034
884052
884061
884069
884070
884071
884089
884093
884102
884126
884154
885665
886012
886030
886039
886043
886044
886056
886064
886080
886086
886088
886487
886500
886511
886532
886570
886592
888283
888298
888324
888409
888410
888416
889223
889230
889285
889294
889353
889388
889645
889773
889775
889978
889988
890004
890023
890030
890046
890065
890096
890110
890122
890254
890406
890465
890483
890488
890502
890528
890564
890577
890585
890632
891924
891949
891992
891979
892036
892067
892077
892123
892460
893326
893437
893653
894002
894105
894219
894324
894370
894398
894537
894560
894663
894683
894647
894686
894717
894728
894733
894816
894834
894837
894889
894908
894959
894989
896323
896372
896378
896406
896438
896457
896538
896562
896567
896580
896797
900630
900635
900649
900717
902250
902665
902744
903248
903309
903406
903421
903454
903749
904494
905884
905903
906855
906856
906883
906910
906948
907400
907607
908207
908235
908255
908293
908314
908322
908359
908518
908810
908864
909650
911794
911795
913769
914225
914261
914302
914340
914365
914898
915268
915299
915304
915327
915358
915955
916105
916552
916680
916885
917008
917090
918405
918764
918742
918782
918828
918836
918839
919225
919250
919257
919618
919649
920302
920504
920582
920667
921001
921020
921225
921225
921747
921778
921780
921826
921841
921861
921910
921959
921947
922139
922306
922408
922580
922590
922618
922619
922643
922794
922916
922899
922905
922956
922974
922995
923065
923073
923107
923124
923229
923270
923513
923549
923780
923793
923858
923870
923880
923892
923876
923903
923914
923925
923985
923991
924048
924087
924103
924116
924120
924692
925330
925343
925361
926569
926657
926662
926670
927045
927109
927119
927147
927180
927558
927696
927922
928402
928552
928565
928583
928634
928652
928770
931412
931438
931463
932694
935348
936419
936493
936590
937230
937257
939177
940321
940648
940693
940681
940698
940734
940738
940740
940744
940745
940721
940749
940751
940755
940767
940777
940778
940783
940799
940958
941057
941059
941382
941427
941522
941548
941571
941580
941595
941606
941616
941640
941655
941661
941682
941687
941703
942264
942266
942286
942287
942336
942338
942361
942378
942400
942415
942435
942440
942442
942449
942457
942436
942463
942484
942493
942499
942505
942510
942530
942508
942536
942539
942546
942548
942550
942557
942562
942568
942575
942579
942580
942596
942605
942612
942711
942723
942745
942747
942752
942765
942771
942778
942787
942797
942802
942803
942805
942811
942814
942816
942822
942840
943840
943853
943862
943866
943872
943876
943890
943895
943899
943900
943901
943913
943921
943922
943928
943930
943933
943933
943951
943952
943981
943982
943992
944015
944020
944021
944024
944062
944075
944079
944087
944098
944312
944354
944358
944361
944367
944376
944386
944398
944410
944410
944412
944413
944419
944427
944439
944445
944447
944450
944464
944468
944470
944472
944483
944496
944499
944501
944502
944507
944509
944511
944513
944516
944526
944529
944530
944532
944534
944537
944539
944541
944543
944544
944557
944566
944567
944569
944571
944573
944576
944578
944579
944588
944590
944591
944594
944599
944611
944617
944622
944733
944756
944762
944770
944786
944782
944817
944844
944974
945016
945077
945962
946038
946053
946058
946072
946117
946128
946131
946144
946167
946173
946175
946185
946187
946190
946192
946194
946211
946232
946240
946264
946326
946299
946369
946336
946397
946381
946381
946417
946422
946425
946439
946441
946455
946458
946459
946472
946478
946486
946490
946495
946508
946516
946529
946547
946551
946556
946562
946565
946571
946573
946578
946592
946609
946611
946615
946615
946616
946621
946631
946635
946638
946647
946653
946657
946659
946663
946666
946681
946684
946693
946703
946709
946712
946715
946748
946751
946764
946778
946781
946806
946809
946811
946816
946817
946818
946880
946819
946822
947217
947224
947232
947239
947247
947250
947252
947257
947258
947258
947268
947269
947280
947285
947288
947304
947313
947320
947321
947327
947345
947373
947356
947362
947363
947387
947367
947372
947375
947381
947384
947399
947400
947407
947409
947432
947413
947419
947443
947422
947423
947448
947439
947452
947454
947456
947480
947466
947467
947471
947511
947536
947562
947563
947566
947570
947605
947627
947653
947698
947853
947947
948010
948096
948105
948158
948167
948192
948196
948201
948203
948206
948220
948222
948233
948757
948767
948774
948782
948806
948808
948810
948810
948815
948822
948834
948841
948849
948850
948864
948873
948876
948880
948883
948886
948889
948895
948903
948915
948920
948923
948926
948938
948942
948950
948956
948961
948965
948973
948974
948983
948986
948992
949006
949007
949014
949036
949038
949047
949055
949060
949062
949079
949102
949121
949124
949134
949137
949146
949150
949152
949155
949159
949164
949167
949171
949175
949177
949184
949188
949201
949202
949212
949214
949216
949221
949222
949223
949225
949229
949230
949235
949236
949240
949246
949249
949249
949260
949262
949270
949272
949274
949829
949940
950171
950182
950230
950262
950398
950459
950464
950507
950540
951378
951408
951809
952792
952806
952835
953311
953335
953348
953899
953962
953974
954039
954089
954132
954168
954184
954196
954229
954241
955720
955745
955863
955993
956097
956270
956277
956384
956409
956453
956499
956636
956718
956792
956898
956903
956964
957059
957215
957266
957325
958022
958052
958112
958188
959543
959553
959565
959612
959762
959812
962141
963430
963494
963554
964860
965152
965274
965845
965929
965990
966128
966507
966942
966948
966967
966968
966972
966977
966985
967005
967018
967021
967045
967065
967083
967088
967096
967115
967125
967119
967123
967130
967141
967149
967157
967185
967201
967201
967195
967214
967200
967220
967209
967218
967240
967226
967242
967250
967251
967237
967244
967267
967300
967286
967289
967299
967319
967330
967348
967376
967934
968493
969680
969697
969762
969801
969809
969852
970300
970339
970394
970436
970448
970477
970487
970495
970508
970528
970609
970616
970629
970660
970682
970701
970712
970725
970728
970735
970743
970745
970748
970752
970755
970763
970771
970780
970789
970798
970849
970855
970928
970976
971196
971207
971235
971238
971250
971259
971279
971280
971334
971400
971584
971584
971592
971609
971626
971658
971736
971775
971794
971998
972003
972026
972027
972046
972569
972659
972662
972693
974444
974488
975172
975233
975267
975306
975321
975424
975453
975494
975797
976198
976235
976280
976286
976318
976343
976436
977449
977779
978714
979231
980217
980324
980404
980385
980401
980658
980744
981162
981287
981346
981753
981755
981806
981958
983199
983204
983280
983538
983543
983587
983593
983602
983621
983718
983741
983750
983751
983850
983902
984221
984299
984301
984353
984369
984425
984467
984498
984499
984660
985558
985629
985845
985875
985887
985948
985987
988442
988956
988978
989005
989084
989097
989144
989666
989693
991598
991606
991752
991766
991775
991795
991849
991859
991935
992422
992884
992991
993128
993286
993324
993567
993703
994187
996399
996433
996466
996513
996665
998094
998166
998202
998556
998753
999325
999340
999872
