227.65
388.09
412.93
441.59
522.49
629.5
668.43
732.55
767.46
804.1
845.36
927.87
1028.89
1382.51
1386.77
1464.56
1682.99
1692.13
1701.1
1909.84
2027.71
2151.45
2320.7
2352.3
2498.05
2584.71
2661.26
2745.21
2763.51
2801.7
2887.56
2921.36
3107.11
3152.57
3170.76
3522.27
3556.32
3570.93
3577.98
3616
3704.24
3733.31
3872.3
3873.5
3915.35
4172.29
4194.65
4250.33
4341.02
4485.07
4489.99
4499.6
4526.15
4593.47
4761.85
4822.18
4848.44
4963.17
5125.85
5154.4
5414.66
5501.6
5507.99
5674.01
5744.95
5775.85
6290.13
6350.89
6364.96
6494.26
6593.99
6621.99
6806.28
6868.02
6885.49
7250.03
7377.97
7517.78
7525.19
7656.71
7677.02
7732.8
7971.3
8106.06
8170.65
8229.1
8313.51
8436.15
8506.49
8521.1
8731.22
8748.6
8838.95
8896.7
9126.63
9339.3
9344.63
9362.18
9455.87
9567.46
9623.68
9694.26
9732.75
9976.58
9994.55
10012.3
10052.2
10059.9
10291.9
10310.6
10374.6
10486.4
10531.5
10544.9
10646.5
10751.2
10783.4
10906.2
10922.7
11069.6
11090.1
11095.1
11143
11277.3
11373.1
11527.3
11580.3
11616.6
11676.9
11820.5
11915.7
12317.2
12429.7
12477.9
12651
12887.4
12901.9
12905.5
12910.3
12932.4
12977.3
13072.1
13111.9
13204.7
13222.1
13251.4
13485.2
13614.3
13744.4
13782.5
13798.3
13864.4
13932
13931
14032.1
14152.6
14192.8
14598.2
14631.6
14752.6
14783.7
14822.5
14831.5
14965
14970.2
15132.8
15174.1
15178.4
15296.1
15484.3
15481.5
15675.7
15723.8
15733.3
15744
15815.6
15883.7
16045.2
16097.9
16247.6
16391.7
16482.5
16505.2
16753
16901.9
17228.3
17284
17397.8
17490.8
17580.6
17647.8
17678.8
17784.7
17961.5
18037.9
18372.6
18658.6
18757.6
18807.7
18977.8
19019.1
19205.4
19561.6
19646.4
19685.4
19694.8
19695.6
19758.8
19920
20207.3
20359.2
20512.3
20645.9
20712.1
20786.1
20921.1
20949.7
21140.2
21194.8
21253
21296.9
21434.9
21580.6
21632.1
21671.2
21731
21964.1
21981
22139.8
22259.9
22294.6
22342.1
22375.8
22384.3
22477.1
22517.6
22603.4
22699.7
22713.7
22723.8
23060.4
23094.4
23169.1
23197.7
23351.7
23369.9
23618.1
23789.5
23837.5
23979.6
24144.9
24163.2
24193.5
24286.9
24289.7
24342.6
24399.6
24624.7
24831.2
24966.5
25145.1
25164.8
25172.8
25206
25545
25661.9
25672.6
25733.4
25762.5
25764.9
25917
26002.3
26205
26287.9
26395.7
26436
26514.2
26686.7
26848.3
26924.1
26999.9
27054.4
27056.2
27130.9
27406.1
27421.2
27703.7
27806.3
27984.6
28005
28017.5
28045.8
28078.2
28106.3
28173.3
28248.9
28307.7
28476.4
28482.3
28529.9
28548
28611
28798.3
28831.8
28853.6
28900.5
28947
29098.8
29117.9
29146.4
29272.4
29471.7
29620.3
29663.3
29852.8
29944.9
30177.9
30220.7
30320.7
30339.1
30452.2
30797.2
30814.8
30837.1
30998.3
31039.9
31050.9
31153.5
31172.8
31249.7
31283.3
31429.1
31614.6
31653.4
31682.3
31875.9
31925.6
32012.4
32054.2
32439.2
32912.2
32958.9
32971.3
33146
33311.3
33332
33350.8
33370.6
33576.7
33585.3
33684.2
33930
33968.1
33972.9
34024.7
34205.4
34250.2
34277.1
34679.9
34731.3
34781.7
34831.6
34931.1
35093.6
35124.6
35205.5
35315.5
35330.3
35339.3
35414.6
35428
35447.6
35735.8
35859.2
35949.8
36067.6
36190.6
36270.9
36311.3
36346.3
36633.1
36769.7
36770.8
36814.9
37013.1
37031.9
37086.2
37105.6
37125.5
37206.7
37252.7
37346.3
37484.5
37753.4
37780
37808.5
37896.7
38101
38170.1
38205.4
38390.6
38436.7
38452.9
38551.7
38719.3
38858.1
38922.9
38978.9
39030.6
39188.8
39331.2
39537.3
39534
39941.9
39941.7
40210.5
40280.8
40280.4
40411.4
40403.3
40424.3
40440.1
40563.1
40649.3
40803.9
41018.8
41121.6
41228.8
41327.3
41367.7
41468.4
41471.3
41496.6
41772.6
42011.6
42076.4
42152.2
42225.4
42237.6
42303
42336.8
42349.3
42431.6
42503.8
42577.8
42588
42676
42726.8
42733.1
42776.2
43057.3
43073.6
43084.3
43127.5
43268.5
43428.8
43504.9
43627.4
43741.1
43745.1
43843.9
44021.4
44147.8
44275
44278
44355.6
44405.5
44412.4
44497.7
44537.4
44626.7
44712.8
45048.3
45137.5
45190.8
45441
45458.3
45548
45865.5
45957.4
46153
46157.6
46250
46308.6
46396.9
46426.1
46812.1
46881.6
47056.5
47070.7
47122.6
47417
47471.2
47472
47489.5
47620.8
47805.1
47823.8
47867.9
48056.3
48110
48098.9
48121.7
48318.1
48655.6
48717.9
48763.8
48779.6
48786.8
48873.4
49144.3
49214.2
49212.3
49297.7
49306.5
49382.4
49480.4
49687.2
49726.5
49800.8
49923.7
50155.5
50208.7
50232.3
50285.3
50377.3
50511
50614.4
50636.4
50715.3
50767.2
50821.1
50877.7
50966.4
50973.6
51071.7
51205.7
51206.9
51241.4
51590.8
51797.3
51887.6
51977.2
52103.6
52124.5
52253.1
52314.5
52327.7
52392.6
52439.1
52571
52603.5
52639.3
52658.2
52671.9
52801.9
53099.5
53124.9
53303.3
53332.2
53358.4
53414.7
53443.7
53443.9
53501.7
53537.1
53593.3
53798.1
53979.1
53993.7
54446.6
54666.8
54770.4
55050.8
55136.5
55196.2
55264.3
55381.7
55390.4
55521.8
55575.7
55597.8
55750.6
55865.9
55956.9
55973.7
56018.2
56182.8
56204.6
56228.1
56536.6
56548.3
56559.4
56694.5
57061.3
57153.2
57229.6
57451.8
57696.3
57721.5
57784.5
57817.5
57882.6
58058.5
58199.9
58210.3
58209.3
58262.8
58398.1
58552.9
58669.4
58698.9
58709.8
58780.5
58797.9
58803.5
58968.6
59081.1
59193.2
59213.2
59247.1
59415.9
59507.2
59600.5
59688.6
59688.4
59774.7
59776.2
59853.7
59850.3
60013.6
60146
60178.8
60205.4
60253.9
60288.4
60344.3
60510.1
60534.8
60573.8
60597.5
60646.2
60948.5
60979.6
61059.5
61210.4
61221.2
61249
61279.8
61331.4
61407.3
61551.3
61680.3
61798
61844.6
61868.7
61980.9
61979.6
61987.3
62064
62391.3
62444.5
62448.8
62519.3
62554.4
62646.1
62668.8
62803.9
62972
63026.6
63071.8
63235.6
63383.3
63381.7
63450.5
63559.9
63669.4
63718.9
63863.1
63880.6
64027.5
64129
64249.8
64248.2
64262.1
64298.3
64360.2
64368.2
64463.8
64741.4
64755.8
64774.3
64951
65001.9
65060.9
65104.7
65112.8
65177.6
65272.7
65375.2
65443.5
65555
65580.1
65947.3
65967.4
66049.2
66139.5
66140.1
66265.1
66339.7
66353.1
66450.6
66465.7
66494.1
66649.2
66701.8
66845.8
67023.5
67027.6
67031.5
67105.2
67462.7
67475.4
67541.9
67577.9
67602.2
67677.8
67829.2
67840
67907.3
67942.2
67960.8
68001
68106.4
68361.2
68391.2
68542.8
68632.3
68647.1
68870.9
68893.1
68908
68951.8
68976.3
69324
69850.3
69858
69905.7
69971.3
70120.9
70459.8
70526.9
70566.1
70582.2
70609.8
70623.6
70800.8
70825.2
71062.2
71212.6
71210.1
71411.9
71462.8
71490.4
71502.3
71696.7
71972.8
72241.3
72355.8
72368.1
72460.7
72602.6
72712.1
72776.6
72878
72882.1
72943.5
73049.2
73112.4
73190.1
73414.8
73551.7
73795.2
73827.6
73837.9
73943.4
73944.1
73952.8
73963.4
74158.9
74244.1
74471.2
74509.2
74535.7
74534.9
74620.5
74784.3
75031.8
75075.6
75069.7
75159
75281.7
75288.8
75318.1
75354.2
75583.6
75586.4
75604.8
75673.4
75685.4
75930.6
75944.5
76136.1
76514.9
76575.7
76589.2
76682.1
76699
76703.4
76846
76969.6
76983.3
77099.1
77163.7
77217.8
77235.8
77636.5
77664.4
77720.1
78074.6
78143.3
78150.4
78282.2
78323.5
78417.3
78502.5
78570.4
78644
78679.6
78740.6
79123.5
79125.2
79275.9
79299
79670.8
79706.9
79758.4
79811.2
79876.3
79890.6
80053.1
80221.3
80261.5
80386.7
80406.7
80585.6
80683.7
80689.9
80775.9
80828.7
80978.3
81122.5
81146.4
81213.2
81433.7
81460
81641.9
81674.8
81989.8
82321.9
82522.6
82644.9
82827.8
82834.6
83067.3
83111.8
83278.4
83313.3
83439.5
83518.9
83537.7
83620.5
83780.6
84088.2
84230.6
84272.5
84350.8
84406.4
84508.7
84602.2
84644.5
84753.9
84853.3
84893.1
84894.1
84905.7
85166.8
85210.5
85293.3
85309.4
85333.3
85561.6
85756.1
85814.9
86035.6
86064.6
86229.6
86372.5
86504.3
86604.2
86749.7
86964.8
87058.5
87146.9
87231.2
87320.4
87389.7
87508.9
87536
87843.4
87951
87997.4
88061.2
88103.8
88105.6
88107.8
88279.3
88302
88357.8
88402.9
88567.1
88585.3
88685.4
88714.6
88964.2
88993
89259.9
89471.8
89509.7
89619.4
89681.5
89781.6
89816
90206.8
90310.2
90321.5
90531
90656.9
90731.5
90839.3
90884.8
91044.6
91059.7
91199.9
91354.6
91430.5
91424.7
91450.1
91499.8
91618.8
91775.7
91804
91865.5
91874.2
92019.4
92045.6
92121.3
92283.8
92321.9
92340.9
92447.7
92488.5
92565.1
92641.9
92640.6
92740.6
92748.5
93147.5
93218.4
93277.6
93285.5
93295.6
93497.2
93510.6
93778.1
93778.8
93853.6
93868.9
93873.2
93939.3
93957.4
94059.9
94139.1
94151.2
94228.6
94249.7
94310.8
94435
94439.8
94644.6
94708.6
94833.8
94855.7
95097.3
95105
95251
95496.2
95567.4
95671.6
95684.1
95790.1
95910.8
96097.6
96212.9
96222.5
96400.1
96436.6
96473.9
96500.7
96539.3
96570.4
96687.2
96961.5
96991.4
97032.2
97266.7
97368.8
97441.2
97447.4
97590.9
97615.4
97617.5
97686.8
97696.6
97735.1
97989.5
98014.4
98114.2
98181.7
98193
98248.5
98303.4
98341.8
98554.9
98574
98693
98706.8
98772.7
98781.1
99000.6
99320.2
99407.4
99494.9
99572.8
99579.1
99627.3
99783.1
99969.6
100078
100229
100706
100884
101016
101114
101260
101304
101327
101482
101662
101700
101864
102073
102278
102306
102328
102337
102330
102355
102558
102689
102687
102710
102731
102842
102895
103079
103083
103112
103151
103212
103410
103524
103558
103577
103760
103841
104016
104077
104089
104141
104173
104203
104343
104523
104564
104592
104753
104833
104880
105466
105551
105556
105660
105676
105781
105792
105791
105802
105817
106014
106296
106346
106471
106513
106531
106608
106843
106955
106992
107108
107218
107301
107419
107546
107635
107705
107725
107878
107899
108076
108130
108261
108319
108393
108409
108436
108506
108536
108667
108742
108914
108994
109215
109549
109729
109805
109842
109904
109950
109956
110134
110143
110255
110400
110600
110611
110743
110790
110878
110884
110919
110936
110974
111149
111297
111461
111675
111761
111859
111881
111959
112085
112188
112235
112387
112533
112544
112614
112671
112784
112979
113023
113059
113105
113245
113430
113632
113805
113809
113859
113862
114018
114042
114242
114346
114390
114468
114487
114591
114603
114668
114815
115124
115232
115712
115739
115757
115773
115811
115941
116015
116183
116324
116321
116611
116620
116677
116985
117076
117195
117240
117409
117472
117608
117652
117690
117793
117794
117952
117969
118150
118316
118323
118369
118392
118389
118568
118702
118773
118782
118943
119009
119032
119048
119154
119239
119403
119484
119564
119642
119682
119735
119736
119792
119793
119812
119858
119913
120170
120243
120265
120403
120463
120514
120533
120543
120687
120865
120901
120983
120978
121107
121155
121225
121252
121397
121420
121610
121642
121667
121695
121770
121857
121886
121988
122005
122048
122169
122220
122276
122290
122452
122489
122616
122674
122817
122866
122942
123052
123120
123185
123256
123266
123379
123462
123515
123622
123755
123769
123765
123863
123877
123894
124130
124224
124268
124333
124511
124537
124867
124874
124922
124930
124982
125154
125252
125275
125437
125515
125579
125670
125860
125865
125890
125983
126018
126121
126185
126204
126211
126377
126591
127047
127061
127094
127168
127191
127210
127314
127424
127476
127716
127759
127966
128017
128066
128180
128254
128318
128431
128429
128441
128459
128536
128523
128639
128715
129080
129096
129218
129392
129435
129627
129623
129628
129668
129758
129899
129900
130025
130140
130176
130256
130406
130411
130442
130536
130737
130757
130813
130960
131216
131285
131494
131837
131875
131884
131925
131983
132174
132264
132449
132606
132729
132936
132981
132983
133034
133051
133174
133263
133373
133519
133571
133589
133608
133685
133694
133852
133888
133910
134196
134248
134495
134604
134690
134903
134903
134934
135110
135191
135347
135407
135444
135839
135832
135882
135906
135907
135941
136091
136189
136275
136305
136402
136469
136485
136527
136560
136568
136785
136901
136981
137075
137119
137225
137317
137341
137390
137430
137562
137598
137622
137771
137794
137921
138052
138137
138211
138206
138226
138274
138406
138652
138669
138914
138958
139010
139013
139091
139266
139293
139403
139476
139476
139603
139770
139792
139978
140043
140057
140095
140201
140228
140592
140899
141236
141300
141398
141506
141530
141544
141930
142059
142065
142126
142308
142337
142576
142659
142693
142716
142814
142836
142970
143163
143246
143272
143271
143853
143907
143914
143913
144032
144068
144133
144236
144290
144422
144641
144755
144781
144939
145044
145087
145140
145150
145169
145248
145390
145413
145469
145523
145524
145691
146009
146023
146089
146117
146140
146148
146242
146300
146372
146439
146628
146662
146748
147028
147048
147223
147379
147446
147469
147653
147668
147757
147944
148042
148091
148194
148267
148354
148455
148525
148618
148629
148686
148690
148723
148726
148831
148876
149004
149048
149170
149258
149277
149410
149460
149588
149675
149712
149829
149836
150074
150149
150304
150423
150540
150541
150592
150650
150694
150736
150791
150991
151007
151072
151097
151227
151266
151299
151483
151513
151523
151667
151708
151941
151958
151975
152171
152172
152263
152345
152525
152582
152594
152758
152850
153011
153060
153164
153284
153303
153435
153505
153583
153620
153745
153977
154022
154051
154190
154454
154497
154546
154661
154713
154789
154996
155033
155080
155257
155438
155498
155501
155561
155828
155845
155840
155965
155963
156052
156164
156197
156260
156342
156549
156719
156982
156997
157089
157150
157414
157460
157608
157653
157910
158016
158379
158418
158476
158508
158640
158697
158713
158916
158994
159001
159078
159273
159296
159367
159415
159548
159553
159954
159966
159987
160079
160136
160222
160247
160362
160422
160515
160558
160770
160890
161025
161017
161092
161141
161291
161359
161395
161426
161523
161573
161587
161620
161721
161780
162090
162175
162286
162343
162483
162511
162614
162618
162684
162747
162885
162903
163270
163566
163913
163926
164053
164170
164177
164241
164363
164358
164494
164511
164545
164551
164556
164887
164900
164970
165058
165061
165105
165112
165302
165390
165442
165507
165549
165613
165650
165752
165942
165974
166018
166150
166166
166272
166433
166552
166661
166705
166757
166764
166892
166883
166994
167053
167092
167294
167301
167429
167487
167578
167794
167793
167896
168045
168052
168189
168362
168368
168406
168474
168608
168619
168702
168706
168768
169002
169233
169292
169416
169424
169460
169533
169589
169608
169825
169893
169982
170035
170173
170288
170280
170407
170442
170490
170512
170913
170909
170944
171016
171061
171077
171113
171245
171298
171423
171533
171564
171752
171771
171966
172137
172142
172156
172197
172413
172452
172502
172597
172633
172627
172857
172919
173107
173273
173282
173371
173421
173576
173660
173754
173801
173790
174014
174067
174173
174425
174538
174584
174734
174841
174864
174941
175156
175165
175202
175251
175276
175351
175638
175678
175884
175974
176150
176173
176245
176368
176371
176652
176785
176798
177094
177090
177123
177255
177343
177538
177566
177580
177606
177671
177745
177846
177942
178155
178179
178212
178266
178436
178564
178677
178669
178740
178758
178818
178888
179047
179050
179086
179102
179299
179360
179424
179670
179810
179823
180013
180151
180267
180375
180671
180830
181005
180998
181117
181165
181242
181258
181252
181271
181429
181447
181608
181686
181709
181826
181932
182013
182036
182053
182124
182294
182295
182399
182571
182595
182637
182640
182661
182728
182830
182841
182896
183001
183070
183066
183183
183249
183418
183581
183590
183608
183644
183735
183875
183934
184002
184118
184158
184203
184209
184382
184521
184620
184615
184770
184755
184783
184777
184963
184977
185052
185119
185186
185307
185317
185397
185434
185475
185593
185668
185797
185839
185901
185937
185991
186065
186199
186410
186415
186498
186637
186685
186779
186936
186992
187245
187314
187317
187396
187402
187411
187457
187642
187734
187928
187923
187942
187968
188154
188187
188216
188296
188317
188524
188712
188874
188896
188919
188959
189233
189321
189382
189695
189705
189774
189828
190053
190294
190326
190346
190378
190406
190470
190620
190999
191053
191139
191145
191179
191220
191278
191288
191409
191761
191796
191864
192011
192104
192094
192181
192392
192554
192622
192747
192809
192908
192957
193000
193020
193083
193211
193233
193304
193351
193406
193445
193541
193714
193754
193818
193867
193909
194033
194079
194076
194146
194325
194437
194562
194568
194646
194762
194810
194822
194909
195141
195174
195289
195455
195486
195551
195576
195644
195926
195941
195971
195994
196332
196385
196425
196508
196557
196779
196860
197337
197338
197344
197380
197469
197490
197495
197582
197596
197937
197984
198217
198241
198395
198399
198506
198532
198977
199050
199102
199223
199301
199572
199618
199680
199693
199748
199917
199991
