398.79
605.29
697.85
999.07
1757.68
1803.37
1832.22
2481.54
2631.75
2656.85
3157.97
3964.75
4497.81
4990.95
5547.69
5672.02
5760.63
6052.55
6380.33
6645.15
7025
7733.72
8236.64
8940.2
9458.53
9815.22
9994.99
10409.2
10906.5
11246.2
13518.7
13556.4
13829.9
14191.7
14331.7
14645.5
14884.9
15743.5
16137.9
16139.7
16503.1
16973.6
17044.5
17051.6
17376.6
19043.1
19633.8
19775.7
20461.7
20565.7
20841.5
20912.2
21037.9
21657.3
21742
22818
22857.3
23610.8
24510.6
25350.4
25531.4
25691.7
25942.4
26027
26120
26357.3
26951.2
27175.2
27248
29161.3
29293.6
29461.5
29480.2
29995.5
30241.3
31327.1
32300.9
32629.9
32727.9
32782.7
32987.6
33118.8
34846.9
35019.4
35455
36561.7
36649.3
36704
37554
38229.7
38349.4
38934.7
39502.1
39716.1
41326.9
41928.4
42062.3
42327.9
43097.1
43383.2
43562.4
43957.3
43963.6
44369
44574.5
45201.3
45240.6
45439.4
45663.7
46123.5
46353.5
46434.2
46756.5
47538.3
48186.5
48460.9
48534.3
48749.5
49199.7
49641
49835.6
50046.9
50189.1
50264.8
50511.7
51341.9
51679.4
51803.1
51979.6
52605.4
52634.5
52864
53744
54739.3
54762.8
55344.1
55356.1
55361.6
55380
55882.6
56356
57193.2
58105.7
58533.5
59016.4
59066.5
59452.9
60161.7
61007.7
61554.1
61576.3
61758.7
62500.5
62817.6
63100.5
63136.3
63775.9
64123
64152.6
64571.2
64708.4
65307.5
65402.1
67164.3
67269.5
67680.4
67972.3
68022.2
68993.5
69214.5
69636.6
69649.2
69654.3
70024.6
70059.1
70570.8
70771.5
71092.2
71098.5
71416.5
72093.1
72151.8
72878.8
73087.4
73500.1
73580.2
73652.9
73894
74558.2
74702.9
76111
76150.3
77336.2
77339
77386.2
78172.7
78331.8
78693.6
79134.3
79266.7
80022.7
80351.5
80350.4
80478.6
80668.4
81015.3
81639.9
81683.2
82269.9
82462
82558.1
82826.1
82932.3
83393.2
83424
83925.2
85217.3
85640.7
87091.1
87702.8
87752.9
88034.6
88066
88314
88833.4
89572.1
89753
89838.5
90647.6
90864.9
91093.9
91664.9
91751.6
92103
92140.4
92398.2
92723.5
92771.1
93260.2
93926.5
94138.8
94426.5
94547.4
94907.7
95232.9
95811.7
96328.2
96428.4
96944.6
96951.9
97325.8
98444.3
98778.6
99247.4
99712.1
100148
100207
100733
100766
101652
103299
103834
103955
103974
104065
104178
104467
105127
105430
106200
106756
106812
107139
107792
108074
108156
109120
109152
109905
110125
111027
111363
113394
113552
113670
113680
113742
113900
114376
114426
114603
114856
115490
115696
115944
116088
116239
116268
116628
116956
117338
118192
118299
118575
119995
120535
120561
120811
121013
121028
121636
122092
122167
122274
122743
123689
123926
124018
124695
124859
125860
125954
126676
127651
128061
128886
129442
130747
131368
131523
131914
132412
132414
132645
133211
134201
136034
136927
136935
137360
138747
138748
138893
139188
139257
139511
139544
139913
139936
139954
140237
141371
141430
141504
142278
142318
142629
142756
143987
144113
144647
145657
146279
146287
146537
146808
147440
148161
148626
148950
149339
149365
149851
150760
151300
151321
151800
152014
152231
152477
152685
153813
153967
154561
155421
155950
157227
157538
157663
158130
158274
159083
159368
159495
162786
163025
163069
164678
164770
164939
165032
165225
165405
165718
166016
166080
167181
167183
167710
168366
169071
169405
169725
170309
170345
171692
171866
172331
172376
173205
173698
173803
174632
175358
175499
175581
176609
177011
177128
177735
177916
178436
179335
179668
180070
180602
180656
181240
181407
181487
181874
182394
183854
184750
185619
185938
186499
186580
186635
187133
187170
187332
187574
187788
187793
188112
188973
189622
190088
190749
190834
191187
191628
193584
193771
194459
194687
195547
195728
195820
196234
197219
197750
197764
197781
198292
199081
199285
199428
