793.19
1949.73
2924.81
3554.17
3613.37
3758.62
3971.01
4442.91
6413.55
6881.28
8560.58
9393.45
10984.4
11401.1
11608.8
12876.8
14357.8
16271.7
16716.7
18161.7
18410.1
24335.2
27449.8
28504.8
30794.1
30977.9
31962
33956
34878.3
36671.1
37835.7
38287.1
40216
41708.6
42380.7
42580.5
43504.4
46460.4
49241.6
50765.3
51482.4
52287.1
53110.5
55426.2
55528
55766.9
56554.7
57275.1
58997.1
60210.3
60510.7
61488.7
64020.7
64139
64462.4
64533.5
65185.7
65959.4
66666.4
67514.5
67671.9
67939
68382.2
69578.9
70804
71300
73806.4
75353.7
75599.9
75710.9
77687
80257.8
81305.7
82569.7
83331.1
83568.2
84257.9
84784
88414.5
89844.8
90573.9
92289.1
92357.6
94218.2
97052.3
98307.3
98602.2
102383
104180
107338
107376
108093
109764
109771
112208
112593
113815
114602
117984
118487
120304
120900
121159
122940
125249
125314
125728
125823
125914
126868
130757
133027
133544
134145
135099
135933
137082
137394
137582
139213
142108
142170
143012
145734
146138
149448
150621
150760
151492
151617
152201
152558
154072
155964
157461
158106
160738
164282
165477
165778
169130
172628
176345
181580
182040
182552
182869
188342
189404
190501
191690
192251
193340
193723
194343
194586
195261
195608
197475
