413.6
1786.78
3856.13
6354.32
6463.01
6693
6861.13
7514.35
7921.79
8946
9380.31
11265.8
12015.7
13550.6
15497.2
16014.6
16031.8
18135.5
19018.8
19224
19561.7
19719.4
20941.7
21698.5
21850
23434.3
23446.5
23805.5
24543.8
24877.3
26835.8
27289
27529.8
27617.8
28369.2
28406.4
32457.3
33695.1
34331.9
34546.4
35734.5
36303.5
37060.7
37803.1
39364.7
39935.8
41113.9
41639.1
42084.8
42419.4
42688
42810.2
42981.1
43423.9
43905.4
47904.9
48486.3
49095
53667.2
56490.4
59774.6
60625.7
61572.1
65246
65577.2
66217.6
66467.1
68707.1
68804.2
68925.7
69357.8
72632.3
74638.4
75700.4
75915.8
76240.7
76233.2
76352.1
77290.8
77295.5
78395.2
79070.8
79872.4
80718.9
84874.1
86090.7
86891.5
89084.3
89666.3
90899.9
91159.7
91268.6
92055.1
92388
93647.8
96876.4
97483.1
97910.5
98682.4
99186.1
101490
102964
105127
105346
105608
106234
107428
110692
113927
116910
117471
117478
122265
123239
124813
124867
124954
126365
128893
131244
133930
134700
135410
135501
137221
139599
140874
140955
142742
145656
148218
148358
149531
150242
150396
150976
151407
151693
152047
152729
155687
157558
158047
158036
161284
162090
163134
163828
163952
166555
166843
166914
167615
170401
171010
175679
175811
178156
179227
179893
180517
181629
183927
184203
184810
186120
186813
187162
187171
187200
188827
189073
190033
194264
194765
196995
