1111.35
2150.82
2287.55
3705.1
4280.39
5406.7
5634.5
6274.01
8582.85
9605.89
10695.5
10994.5
12454.9
12573.7
15139.9
15228.8
15426.1
16714.4
17287
17857.5
18236
18844.1
18845.8
20080.9
20341.5
20936.1
21815.2
22071.5
22557
22570.7
23846.6
25412.8
27367.8
28790.1
29811.8
30282.1
31149.2
31323.3
31870.6
32238.4
33249.9
34095
34959
35398.9
35477.2
36401.1
37096.9
37539.3
40912.8
59187.4
60179.9
61668.3
63707.1
64563.1
64733.5
65501.6
65953.4
67319.4
67672.8
68374.7
70259.2
72298.2
72807.8
72849.3
73672
75168.6
75472.9
76233.1
76486.9
76876.3
77595.2
79960
83914.2
85928.2
86754.1
87678.5
88985
89390.6
89962.9
90026.8
90227.1
90619
90866.2
91439.1
94973.7
95959.9
96434.5
96644.4
104770
105096
107092
109206
110276
115689
118088
118705
119230
121634
122200
123570
125308
126572
127068
127342
127532
127721
128750
129486
129620
130728
130930
132556
132931
133257
134210
135505
137779
142503
144629
148355
150795
156404
160739
161054
162479
163943
166318
170126
170222
170517
171170
171499
172267
173885
174105
174177
176126
176300
176598
176624
177139
177213
177700
178437
179643
180083
181768
182423
184264
184311
184555
187012
187459
188067
188100
188446
188894
189382
190383
190699
191295
193387
194572
195882
195886
196499
196678
197321
197842
197947
198262
198405
199844
199968
