152.53
184.07
238.44
1751.73
3044.95
4112.79
4313.34
4526.48
5011.79
5339.97
5396.4
5590.58
5650.53
5937.27
7210.08
7864.25
9331.55
9935.1
10394.5
10750
11130.6
11210.8
11496
11947.4
12743.1
13396.6
13404
13687.8
14240.5
14399.3
14618.5
16087.3
16899.6
17281.9
17535.6
18142.6
19129.4
19809.6
20402.1
21295.5
21663.1
21998
22018.3
22356.9
22820.9
23079
24699.7
25209.9
25785.2
25792.3
26156.3
26663.3
26989.5
27129
27131.6
27180.3
27282.8
27588.4
27747.6
27973.4
29152.4
29505.8
30106.1
30780.1
30866.8
30898.9
31152.8
32008.8
32356.7
32805.3
33766.9
33840.6
33940.8
35179.3
35775.9
36268.5
36707.9
36712
37198.1
37708.7
37834.3
38563.7
39046.3
39397.9
40464
41199.4
41346.2
41866.7
41889
42253.7
43538
43960.9
44779.9
44966.2
46246.9
46575.8
47687.9
49807.7
50025.1
50413.8
51057.5
51580.4
52131.8
52719.2
53579.4
54062.7
54074.2
54143.7
54486.1
54541
54609.9
54696.4
54884.7
54944.3
55140.4
55311.3
56608.1
56621.2
59071.8
59643.2
59809.7
60200.9
60289.9
60539
61058.3
61091.1
63020.4
63664.8
64263.4
64295.3
64845.7
65299.6
65611.7
66260.1
66662.6
67925.4
68187.7
69143.4
69401.3
69414
69719.5
70045.6
70370.6
71095.1
71202.7
71355.8
72600.5
72746
73273.1
73315.8
73994.5
74299.2
75783.5
76524.2
76955.5
78003
78239.9
78524.8
78681.8
79088.4
79471.5
79710.4
79912.5
80328.6
80445.7
81209.5
81656.9
82940.9
83241.1
83264.7
84444.7
85419.2
87149.1
87712.4
89093.9
89349.8
89698.3
90340.2
90494.8
90515.2
90660.8
90892.7
91303.6
93011.6
94194.4
94953.7
95359.1
96855.6
97034.5
99553.6
99853.7
100041
100875
100924
101377
101662
101792
102393
102508
102639
102987
103049
103192
103392
103737
104188
105030
105285
106012
106164
107134
108546
110597
111229
111260
112610
114205
114514
114548
114735
115154
115364
115370
115514
115578
116649
117244
117486
117931
118088
119252
119589
119742
119797
120812
121514
121532
121714
122125
122606
123238
124211
124559
125780
127405
128413
128626
128807
129504
130592
130907
131454
132148
132371
132674
133286
134458
135519
135932
136077
136146
137235
137519
138397
138405
140850
142014
142031
142395
142518
143458
144954
145047
145478
145707
146563
146664
147030
147178
147672
147937
148002
149378
149819
150637
150746
152369
152411
152866
153182
153469
155048
155236
155303
155480
156165
156279
156787
156836
156874
158188
158312
158352
159203
159236
159232
159582
159627
160392
160836
161464
161680
161988
162120
162150
163209
163447
163645
164335
164370
165571
165766
167148
168213
169162
170068
170259
170585
171786
172411
174001
175248
175452
177214
177443
177569
178085
178198
179135
180408
180648
181381
181515
183273
183336
183592
184262
186240
186816
187179
187364
187626
188253
188770
189377
190594
190739
191013
193378
195170
196004
196120
196186
196397
196410
196831
197428
197571
198085
198085
198214
198720
199167
199646
