1107.51
1538.58
2518.91
3394.91
4333.49
4505.03
4929.23
5122.05
5188.03
5501.97
5644.79
6260.37
7513.25
8129.33
8521.66
9800.17
10384.2
10774.5
12449.8
12715.5
13471.4
13522.2
13680.3
13982.5
14076.4
14235.6
14522.8
14645.1
15105.9
16039.4
17659.9
18107.8
18432.7
18750.6
20168.8
20638.2
20668.7
20960.4
21195.2
21949.8
22798.7
22992.3
23259.5
23287.7
29611.8
30354.6
32942
33213.8
33830.8
33954.2
34289.9
35316.9
36843.7
38900.3
39116.2
39512.8
40743
40979.9
41048.8
41418.5
43234.3
43259
43473.9
43765.7
44154.4
44306.1
45504.1
46532.6
48346.6
49048.1
51447.4
51697
51982.9
52173.8
52963.3
52977.8
53084.3
53582.3
53645.7
54441.6
54582.4
55729.3
55833
55955.4
56007
56268.9
56317.9
56474.1
56992.3
57346.3
57724.6
58149.7
58378.2
58808.4
59190.5
59699.4
59954.5
60020.5
60321.3
61998.1
62319.8
63169.5
63876.4
63950.7
63983.4
64913.2
65658.7
65775
67931.2
68450.2
68459.8
69047.9
69468.9
69829.7
70351.6
71188.2
71743.5
71827.1
71836.6
72418.9
72625.9
72815.7
73027
73143.3
73196.4
73195.9
73389.9
73631
74002.8
76248.1
77568.4
78379.3
78596.6
79025.2
79407.9
79438.4
80663.3
81389.9
81467.4
81737.2
81792.5
82102
82985
83429.6
83659.1
84057.4
84220.4
84280.7
84904.9
85306
85493.7
85725.5
85789.5
86233.9
86823.2
86854.1
90940.9
91452.6
92647.9
93166.3
93276.5
93557.5
94195.8
94753.7
94904.9
95837.9
97125.5
97629.6
98034.9
98790.4
98888.7
99292
99706.6
100141
100417
100530
100695
101037
103873
103885
105198
106058
108465
109075
109290
109464
109750
109833
110229
112291
112681
113171
114209
114367
114957
115135
115280
115424
116150
116939
117786
118354
119268
120155
120614
122484
123334
123606
124084
126636
129194
129779
130291
131699
132209
132557
132829
133026
134001
135303
135552
136542
137487
138031
138242
138266
138691
139950
142616
144529
144693
144968
145862
146352
146765
147186
147344
147464
147664
147716
149452
152041
152969
153203
153320
153463
154061
154288
154568
154647
154789
156003
157440
157427
158715
159227
159331
159365
160833
161020
161514
162674
163264
163262
163413
163690
164669
164985
165620
165801
166003
166309
166396
167209
167925
168234
168797
170541
170912
171432
171877
172969
173981
174137
174656
175212
175277
175627
176007
176084
176140
176671
176761
178212
178319
178785
178888
179105
179626
180075
180451
181860
184668
185561
185683
186148
186489
186720
187048
187087
187226
188046
188085
188453
188567
190831
192591
192642
193812
194288
194993
195351
195690
195833
195921
196102
196381
197576
197795
198497
198841
199087
199470
