111.64
150.48
375.32
933.29
1072.71
1281.26
1413.33
1475.04
1868.37
1996.87
2477.44
2570.25
2928.28
2972.89
3566.59
3982.22
4214.04
4287.87
4684.21
5248.62
5868.31
6368.26
6491.43
6508.63
6621.27
6716.22
6856.36
6875.69
7184.65
7708.37
7875.98
7924.24
8028.4
8148.79
8250.67
9086.78
9368.48
9428.57
10068
10672.4
10675.4
10949.4
11109.4
11187.1
11810.3
12445.1
12812.5
13416.2
13643
13667.1
13679.4
14123.4
14238.1
14622.4
14913.4
15086.6
15377.4
15925.1
16981.5
17190.6
17549.3
17570.1
17806.8
17806.8
18654.6
19261
19300.9
19970.3
20124.7
20264
20298.8
20431.5
20603
20760.4
20971.7
20981.1
21091.9
21175.2
21582.6
21653.2
21809.8
21866
22020.9
22169.4
22783.1
23055.5
23175.1
23310.8
23745.9
23849.4
23977.1
24875.8
24936.6
25880.8
26027.6
26085.3
26119.3
26448.9
26507.5
26816.4
26830.4
27409
27446.3
27790.5
27918.6
27936.9
27991.7
28773.2
29255.3
29661.1
30418.9
30958.6
31732.2
31829.7
32047.5
32106
32717.5
33582.9
33744.6
33832
34084.1
34215.2
35157
35673.3
35684.4
35833.6
36037.1
36137.6
36153
36342.7
37241.9
37310.9
38729.5
38789.7
39010.7
39589.3
39869.1
39873.4
40483.7
40876
41120.4
41245
41516.6
41826.5
42010.4
42128.2
42292.7
42721.3
42800.1
42845.4
43058
43105.9
43294.2
43542.5
43555.3
43592.8
43782.4
43808.1
43913.3
44030.5
44182.4
44724.6
44906.8
44922.1
45112.5
45188.1
45298.5
45434.2
45877.6
45936.5
46364.4
46791.5
46819.4
47167.7
47223
48533.4
48809.3
48882.6
49637.3
49715.6
49766.3
49959
50135.7
50389.1
50391.8
50584.7
50623.7
50637.4
50694.5
50862.8
50936.4
51189
51298.6
51498.4
51584.6
52469.9
52710.2
52883.9
52928
53615.3
53655.9
53697.1
54328.9
54531.8
54672.8
54718.5
54861.8
54913.1
55129.1
55665.8
56035.8
56550.5
56820.7
56925
57451.6
57870.5
58196.1
58219.1
58592.7
58821.3
59169.4
59348.5
59496.5
59799.8
59894
60145.7
60319
60330.9
60490.7
60547.6
60552.6
60799.8
60926
61233.2
61266
61340.8
61385.3
61983.3
62095.1
62109.3
62183.3
62392.8
62482.6
62723.2
62746.7
63119.5
63522.5
63611.3
64361.7
64561.8
64642.3
64916
64937.8
65012.8
65167
65215
65300
65339.5
65432.8
65747.2
65955.7
66020.6
66246.3
66453.8
66524.9
66804.3
66907.1
66962.1
67092.4
67331.9
67713.1
68061.8
68138.8
68520.6
68751
69223.3
69318.8
69710.8
69979.9
69996.7
70158.6
70296.6
70605.7
70756.9
70980.2
71026.2
71032.4
71077.8
71420.2
72320.5
72461.3
72594.8
72992.8
73416.8
73557
73667.1
73875.5
74276.2
74649.8
75985.1
76212.1
76209.7
77138.5
77196.9
77409.6
77728.8
77784.8
78005.9
78204.8
78352.2
78397.7
78517.7
78771.9
79312.5
79398.1
79772.2
80434.2
80515.9
80736.9
80759.4
80999
81293
81312.2
81345.4
81613.7
82588.7
82868.3
83240.8
83385.9
84038.9
84065.4
84105.4
84379.9
85008.9
85339.7
85409.2
86040.1
86387.6
86396.4
86606.3
86631.6
86975.3
87165.6
87644.1
87754.9
87824.8
88361.2
88696.2
88775.6
89224.3
89337.7
89365.7
89428.5
89514.8
89561.9
90037.1
90435.9
90580.2
90631.3
90935.7
91142
91184.1
91300.6
91393
91763
91774.7
91846.5
92539.8
92814.3
93332.4
93386.5
93426.8
93479
93475
93576
93581
93843.2
93878.9
94034.4
94168.9
94234.4
94331.5
94925.6
95100.8
95861.5
96592.2
96643.1
97862
98428.2
98507.9
98667
98827.2
98946.8
99294.3
99442.8
99526.9
99591.7
99717
99993.9
