227.65
388.09
412.93
441.59
522.49
629.5
668.43
732.55
767.46
804.1
845.36
927.87
1028.89
1382.51
1386.77
1464.56
1682.99
1692.13
1701.1
1909.84
2027.71
2151.45
2320.7
2352.3
2498.05
2584.71
2661.26
2745.21
2763.51
2801.7
2887.56
2921.36
3107.11
3152.57
3170.76
3522.27
3556.32
3570.93
3577.98
3616
3704.24
3733.31
3872.3
3873.5
3915.35
4172.29
4194.65
4250.33
4341.02
4485.07
4489.99
4499.6
4526.15
4593.47
4761.85
4822.18
4848.44
4963.17
5125.85
5154.4
5414.66
5501.6
5507.99
5674.01
5744.95
5775.85
6290.13
6350.89
6364.96
6494.26
6593.99
6621.99
6806.28
6868.02
6885.49
7250.03
7377.97
7517.78
7525.19
7656.71
7677.02
7732.8
7971.3
8106.06
8170.65
8229.1
8313.51
8436.15
8506.49
8521.1
8731.22
8748.6
8838.95
8896.7
9126.63
9339.3
9344.63
9362.18
9455.87
9567.46
9623.68
9694.26
9732.75
9976.58
9994.55
10012.3
10052.2
10059.9
10291.9
10310.6
10374.6
10486.4
10531.5
10544.9
10646.5
10751.2
10783.4
10906.2
10922.7
11069.6
11090.1
11095.1
11143
11277.3
11373.1
11527.3
11580.3
11616.6
11676.9
11820.5
11915.7
12317.2
12429.7
12477.9
12651
12887.4
12901.9
12905.5
12910.3
12932.4
12977.2
13072.1
13111.9
13204.7
13219.4
13248.9
13485.2
13614.3
13744.4
13782.5
13798.3
13864.4
13932
13931
14030
14152.6
14192.8
14598.2
14631.6
14749.9
14783.7
14822.5
14831.5
14965
14970.2
15130.7
15168.5
15178.4
15296.1
15484.3
15481.5
15675.7
15721.4
15733.3
15744
15815.6
15883.7
16045.2
16097.9
16244.6
16391.7
16479.8
16505.2
16753
16901.9
17226.3
17284
17397.8
17490.8
17580.6
17645.3
17678.8
17782
17961.5
18037.9
18372.6
18658.6
18757.6
18807.7
18977.8
19019.1
19205.4
19561.6
19646.4
19685.4
19691.2
19695.6
19758.8
19920
20204.5
20359.2
20512.3
20645.9
20712.1
20786.1
20921.1
20949.7
21140.2
21191.8
21253
21296.9
21434.9
21580.6
21632.1
21671.2
21731
21964.1
21981
22139.8
22259.9
22291.8
22342.1
22380.2
22375.8
22474.5
22517.6
22601
22699.7
22713.7
22723.8
23060.4
23094.4
23169.1
23197.7
23349.4
23369.9
23618.1
23789.5
23834.4
23863.3
23974.4
24132.2
24163.2
24193.5
24283.4
24289.7
24342.6
24399.6
24621.7
24823.6
24966.5
25145.1
25164.8
25172.8
25206
25541.6
25661.9
25669.9
25733.4
25730.7
25762.4
25764.9
25917
26000.4
26205
26287.9
26395.7
26436
26509.4
26686.7
26839.4
26924
26999.9
27052.5
27053.9
27130.9
27401.8
27416.5
27699.2
27806.3
27984.5
27998
28017.5
28045.8
28072.3
28103.9
28170.5
28246.1
28303.2
28476.4
28479.8
28529.9
28548
28608.6
28794.2
28825
28853.5
28898.4
28947
29098.8
29117.9
29146.4
29270
29471.7
29620.3
29663.3
29852.8
29944.9
30177.9
30218.3
30320.7
30336.4
30452.2
30514.6
30797.2
30811.5
30837.1
30998.3
31039.9
31049
31153.5
31172.8
31247
31283.3
31429.1
31614.6
31653.4
31682.3
31875.9
31922.4
32009.1
32054.2
32439.2
32910.1
32956.7
32969.2
33146
33308.6
33329.8
33350.8
33370.5
33576.7
33585.3
33681.7
33926.1
33968.1
33970.7
34024.7
34202.4
34250.2
34277.1
34677.8
34731.3
34781.7
34828.2
34931.1
35090.1
35122.4
35203.6
35315.5
35330.3
35339.3
35414.6
35428
35444.7
35735.8
35859.2
35949.8
36063.8
36190.6
36270.9
36311.3
36339.4
36633.1
36769.7
36770.7
36807.7
37010.1
37031.9
37086.1
37105.6
37125.5
37199.3
37252.7
37346.3
37482.3
37753.4
37778.2
37808.5
37896.7
38101
38170.1
38202.9
38390.6
38436.7
38452.9
38549
38716.1
38858.1
38920.3
38976.9
39027.8
39186.6
39327
39534.5
39534
39941.9
39941.7
40210.5
40280.8
40280.4
40411.4
40403.2
40421.7
40438
40563.1
40649.3
40803.9
41018.8
41121.6
41226.3
41327.3
41367.7
41465.2
41471.3
41493.3
41657.3
41754.8
42011.6
42076.4
42152.2
42225.4
42235.3
42300.6
42336.8
42346.2
42431.6
42503.8
42577.7
42588
42676
42726.8
42733.1
42771.4
43057.2
43073.6
43084.3
43125.1
43268.5
43424.6
43504.8
43623.6
43738.8
43741.8
43843.9
44017.9
44145.5
44278
44275
44355.5
44403.6
44412.4
44495
44537.4
44626.6
44710.2
45048.3
45137.5
45175.2
45440.9
45455.7
45548
45862.5
45957.4
46150.5
46155.3
46243.9
46304.6
46396.9
46423
46812
46878.9
47052
47068.3
47122.6
47414.9
47461.6
47472
47489.5
47618.6
47805.1
47823.8
47865.2
48051.1
48106.9
48098.9
48118.9
48315.8
48649.1
48713.9
48763.8
48779.6
48786.8
48840.3
48871
49144.3
49211.6
49208.9
49295.5
49304.2
49378.3
49480.4
49685
49724
49795.5
49915.7
50155.5
50206.6
50225.3
50241.8
50285.3
50377.3
50507.7
50608.9
50632.5
50704.9
50763.2
50821.1
50877.7
50964
50973.6
51066.7
51203.4
51206.9
51237.8
51590.8
51795
51884.9
51977.2
52052.9
52103.6
52121.7
52248.8
52309.9
52323.7
52392.6
52439.1
52568.8
52601.4
52639.3
52658.2
52666.3
52801.9
53094.9
53124.9
53298.9
53328.9
53354.7
53409.5
53441.3
53441.6
53494.3
53537
53593.3
53795.6
53979.1
53990.6
54444
54663.7
54770.4
55050.8
55136.5
55196.2
55264.2
55381.7
55387.4
55519.4
55575.7
55595.8
55748.5
55865.9
55951.5
55973.7
56014.7
56182.7
56204.6
56228.1
56532.3
56548.3
56554.5
56691.8
57058.1
57153.2
57229.6
57451.8
57696.3
57718.4
57781.6
57814.6
57882.5
58058.5
58200.5
58199.9
58206
58260.5
58395.5
58549.4
58669.4
58698.9
58706.5
58780.4
58790.9
58803.5
58965.2
59056.4
59081.1
59193.1
59213.2
59247.1
59403.2
59505.1
59600.5
59685.8
59685.6
59765.6
59771.6
59847.6
59853.7
60008.2
60145.9
60178.7
60205.4
60253.9
60285.6
60344.3
60510
60531.7
60570.8
60594.9
60643.5
60946.2
60975.6
61056.1
61207.9
61214.9
61246.6
61277.2
61328.7
61404
61543.3
61680.2
61795.6
61844.5
61865.8
61978.8
61983.6
61979.6
62063.9
62384.6
62442.4
62448.7
62516.6
62551.3
62643.1
62665.4
62799.9
62969.5
63006.3
63068.1
63235.6
63380
63379.1
63447.5
63556.9
63664.4
63714.5
63863
63880.6
64023.3
64129
64246.5
64244.5
64259.5
64296.2
64354.1
64365.7
64463.8
64741.4
64753.3
64771.5
64948.4
64998.9
65060.9
65102.7
65104.7
65177.5
65203.5
65270.6
65375.2
65443.5
65551.6
65578.2
65944.9
65967.4
66049.1
66098.1
66133.7
66262.2
66336.6
66349.6
66444.7
66465.7
66491.5
66649.1
66701.8
66845.7
67020.3
67027.5
67029.4
67102.8
67458.7
67470.8
67538.9
67575.2
67593.9
67677.7
67826.9
67837
67905
67939.5
67960.8
67997.8
68103.3
68359.9
68391.2
68542.7
68632.2
68647.1
68870.8
68889.7
68905.4
68949.4
68971
69321.2
69845.1
69856
69903.5
69967.7
70118.3
70456.5
70524.6
70563.5
70582.1
70606.3
70620.8
70797.6
70821.4
71059.9
71208.3
71207.5
71407.2
71462.7
71490.3
71495.2
71696.7
71969.5
72237.5
72344.5
72364.2
72456.8
72599.1
72710
72774.7
72875.3
72879.1
72939.6
73049.2
73104.3
73187.5
73412.4
73548.9
73795.2
73821.9
73837.8
73941.3
73941.9
73949.9
73960.5
74133.7
74241.8
74468.6
74507
74533.4
74532.5
74620.4
74781
75004.5
75072.7
75067.3
75156.3
75278.3
75283.8
75318
75351.3
75580
75582.6
75601.7
75673.3
75679
75924.2
75941.3
76133.9
76514.8
76572.7
76586.5
76679.3
76690.6
76699.9
76842.4
76969.6
76981.1
77096.9
77160.9
77215.3
77235.8
77632.3
77662.1
77720.1
78072
78143.2
78145.7
78279.9
78320.9
78410.5
78502.4
78568.1
78641.7
78677.4
78740.6
79119.8
79122.7
79272.4
79296.8
79667.2
79706.9
79756.2
79811.2
79871
79890.5
80050.7
80214.1
80261.5
80386.7
80404.4
80583.1
80680.8
80687.5
80775.9
80824.5
80973.8
81120.2
81140.7
81210.6
81426.4
81459.9
81641.8
81672.3
81987
82321.8
82508.5
82642.4
82825.2
82831.7
83063.2
83108.7
83278.4
83309.6
83439.5
83514.9
83535.5
83612.6
83774.1
84086.9
84227.5
84268.7
84347.2
84404.1
84508.2
84599.9
84642.4
84750.3
84853.3
84891.8
84893.1
84899.5
85162.4
85207.2
85280.8
85306.8
85330.3
85557.8
85752.7
85810.5
86031.1
86053.8
86226.6
86370.1
86501.2
86599.5
86746.6
86962.3
87056
87144.6
87228.8
87314.7
87387.1
87505.2
87533.4
87839.4
87951
87995.3
88058.3
88100.7
88101
88103.9
88276.8
88299.7
88357.7
88402.9
88563.5
88583
88683.1
88712
88961.6
88993
89256.5
89469.7
89507.6
89616.1
89679.2
89779.6
89811.3
90206.8
90305.1
90318.9
90528.3
90654.4
90728.9
90839.3
90881.4
91036
91057.3
91197.2
91351.9
91422
91430.5
91447.9
91495
91613.4
91775.6
91801.2
91863
91874.2
92015.5
92042.2
92121.3
92281.5
92321.8
92337.1
92444.9
92486.6
92562.5
92638.3
92641.9
92736.1
92748.5
92894.3
93145.1
93218.4
93275.2
93283.3
93295.6
93491
93508.2
93773.2
93775.1
93849.1
93866.3
93873.2
93937.3
93957.4
94055
94139.1
94148.7
94228.6
94246
94308
94435
94436.6
94641.6
94704.3
94831.9
94852
95094.5
95104.9
95248.3
95493
95560.3
95662.3
95681.9
95784.9
95910.8
96097.6
96209.2
96219.6
96393.6
96436.5
96473.9
96491.2
96536.4
96567.5
96684.4
96718.2
96959.2
96989.5
97031.8
97264.7
97365.4
97437.5
97444.8
97588.1
97614.3
97613.3
97686.7
97693.8
97733
97987.4
98005.9
98110.3
98179.2
98189.1
98241.8
98300.7
98337.1
98552.5
98570.8
98690.8
98704.8
98772.7
98776.8
99000.6
99318.1
99407.4
99494.9
99569.7
99576.5
99622.8
99779.7
99966.7
100076
100226
100704
100881
101012
101110
101260
101300
101325
101480
101662
101698
101864
101998
102073
102276
102302
102321
102336
102327
102352
102556
102686
102684
102708
102728
102838
102883
103075
103081
103112
103148
103208
103403
103524
103554
103574
103578
103756
103838
104010
104076
104089
104137
104171
104203
104338
104520
104564
104583
104750
104830
104877
105463
105542
105556
105660
105676
105781
105788
105799
105791
105814
106006
106292
106346
106471
106513
106531
106605
106839
106951
106990
107106
107214
107297
107419
107543
107633
107705
107725
107878
107894
108072
108130
108258
108319
108388
108405
108436
108506
108533
108665
108742
108911
108991
109215
109544
109724
109805
109839
109904
109950
109956
110134
110143
110252
110400
110598
110608
110739
110788
110874
110882
110919
110936
110972
111144
111295
111457
111671
111760
111859
111881
111956
112085
112188
112232
112383
112502
112530
112541
112609
112668
112781
112977
113020
113056
113105
113243
113422
113627
113805
113809
113859
113862
114015
114042
114238
114342
114386
114465
114484
114585
114603
114665
114812
115121
115229
115709
115735
115754
115756
115811
115938
116012
116183
116322
116319
116608
116617
116674
116981
117076
117192
117235
117409
117469
117603
117650
117688
117790
117794
117949
117966
118150
118307
118320
118369
118392
118387
118568
118697
118770
118779
118943
119006
119028
119045
119149
119239
119403
119481
119560
119638
119682
119735
119736
119790
119790
119809
119854
119913
120170
120239
120260
120400
120461
120511
120529
120541
120684
120744
120820
120826
120863
120896
120983
120976
121101
121155
121222
121252
121397
121420
121610
121642
121664
121692
121770
121857
121883
121986
122002
122045
122166
122218
122276
122290
122449
122484
122614
122674
122757
122810
122866
122939
123052
123117
123179
123254
123264
123376
123459
123511
123614
123750
123766
123762
123859
123877
123890
124130
124224
124268
124333
124511
124535
124867
124871
124922
124930
124982
125152
125252
125272
125431
125512
125577
125664
125855
125859
125888
125978
126018
126118
126182
126204
126209
126377
126589
127043
127057
127092
127102
127168
127188
127208
127312
127421
127473
127713
127756
127959
128011
128064
128177
128251
128316
128423
128425
128439
128457
128534
128523
128636
128715
129076
129096
129218
129390
129435
129627
129623
129620
129667
129755
129891
129899
130025
130140
130173
130239
130399
130409
130442
130536
130742
130737
130810
130932
130960
131212
131282
131492
131834
131871
131882
131925
131980
132174
132260
132447
132603
132727
132933
132978
132983
133029
133049
133172
133263
133371
133519
133571
133589
133605
133685
133694
133849
133885
133906
134192
134245
134495
134604
134687
134900
134901
134930
135106
135191
135345
135405
135444
135839
135832
135878
135906
135907
135941
136091
136189
136272
136302
136399
136469
136485
136520
136555
136566
136782
136898
136978
137071
137116
137223
137313
137341
137390
137430
137562
137591
137619
137768
137790
137921
138050
138137
138211
138206
138223
138269
138406
138652
138665
138914
138958
139007
139013
139091
139266
139293
139394
139476
139476
139600
139768
139792
139976
140040
140054
140095
140201
140228
140590
140765
140899
141232
141300
141395
141504
141530
141541
141928
142059
142064
142126
142306
142335
142569
142658
142690
142716
142814
142832
142968
143163
143243
143272
143271
143850
143904
143914
143909
144032
144068
144133
144232
144290
144419
144487
144636
144753
144781
144939
145039
145084
145140
145167
145150
145245
145390
145413
145467
145521
145519
145691
146009
146023
146087
146117
146137
146145
146242
146295
146370
146435
146628
146659
146745
147025
147048
147221
147379
147446
147449
147651
147668
147757
147941
148039
148087
148190
148263
148352
148455
148520
148618
148629
148683
148687
148720
148722
148821
148873
149001
149048
149167
149254
149277
149410
149460
149588
149675
149709
149829
149832
150074
150146
150301
150423
150538
150540
150588
150650
150694
150733
150788
150991
151004
151070
151097
151227
151263
151299
151480
151513
151523
151665
151703
151941
151958
151973
152169
152172
152257
152342
152525
152580
152591
152755
152848
153008
153056
153161
153280
153303
153435
153503
153580
153616
153743
153975
154022
154049
154187
154451
154494
154546
154661
154710
154786
154990
155005
155031
155077
155255
155433
155487
155498
155558
155824
155843
155840
155962
155958
156050
156164
156194
156258
156341
156549
156716
156979
156993
157089
157145
157411
157460
157605
157650
157906
158013
158376
158415
158472
158500
158638
158695
158712
158913
158989
158997
159071
159268
159292
159365
159415
159545
159549
159949
159963
159987
160079
160132
160219
160247
160362
160418
160510
160552
160767
160887
161013
161025
161089
161140
161287
161359
161392
161423
161521
161581
161571
161618
161717
161777
162090
162174
162282
162336
162364
162476
162509
162611
162618
162681
162746
162881
162899
163258
163563
163913
163923
164049
164170
164177
164241
164359
164358
164494
164508
164542
164548
164556
164884
164897
164967
165055
165057
165103
165112
165299
165390
165442
165505
165546
165610
165650
165752
165934
165970
166015
166150
166163
166269
166433
166550
166658
166698
166755
166764
166890
166881
166989
167050
167090
167289
167298
167427
167487
167575
167790
167790
167894
168040
168052
168186
168357
168368
168403
168468
168604
168616
168702
168706
168768
169002
169230
169289
169414
169420
169456
169533
169586
169606
169822
169893
169979
170031
170170
170288
170280
170404
170439
170486
170509
170913
170903
170941
171013
171061
171074
171113
171241
171294
171423
171530
171561
171749
171768
171966
171986
172137
172142
172153
172195
172411
172448
172500
172597
172629
172627
172854
172917
173051
173107
173270
173279
173368
173417
173574
173654
173754
173798
173790
174014
174064
174173
174422
174536
174582
174731
174839
174859
174937
175156
175165
175198
175248
175272
175348
175429
175636
175675
175882
175972
176150
176173
176242
176366
176371
176650
176785
176792
177092
177087
177118
177220
177252
177343
177536
177563
177578
177586
177602
177668
177743
177846
177939
178154
178177
178209
178264
178436
178561
178675
178669
178737
178754
178816
178885
179043
179044
179083
179102
179299
179354
179422
179484
179667
179807
179823
180010
180151
180261
180375
180671
180830
181002
180996
181105
181165
181241
181256
181249
181271
181426
181446
181608
181686
181705
181823
181928
182013
182032
182049
182122
182294
182290
182397
182571
182591
182637
182637
182657
182726
182826
182841
182892
182998
183066
183064
183180
183247
183415
183573
183587
183606
183644
183731
183875
183929
184000
184113
184153
184201
184203
184377
184518
184620
184612
184767
184752
184781
184777
184958
184974
185052
185119
185186
185307
185313
185394
185434
185472
185593
185665
185792
185834
185897
185937
185988
186062
186194
186407
186413
186498
186578
186630
186683
186772
186932
186990
187243
187314
187314
187393
187400
187411
187457
187639
187730
187921
187921
187940
187965
188154
188185
188213
188293
188317
188524
188707
188871
188893
188915
188940
189230
189321
189382
189695
189701
189774
189825
190048
190292
190326
190335
190378
190403
190470
190617
190999
191053
191136
191140
191176
191220
191276
191285
191406
191712
191761
191791
191862
191894
192007
192104
192094
192181
192389
192551
192622
192747
192807
192908
192953
193000
193016
193080
193208
193231
193302
193347
193401
193443
193541
193714
193750
193816
193864
193909
194030
194070
194076
194146
194323
194435
194562
194566
194631
194762
194807
194819
194903
195138
195174
195289
195455
195481
195551
195574
195644
195924
195939
195961
195993
196328
196383
196422
196506
196555
196779
196857
197335
197335
197342
197377
197466
197488
197495
197582
197596
197937
197982
198214
198241
198392
198395
198502
198532
198974
199050
199102
199223
199295
199569
199618
199678
199693
199748
199913
199991
