613.75
748.49
976.87
1133.99
1163.97
3077
3445.29
3497.5
3926.01
4166.89
5600.24
7123.39
7331.61
7995.3
9835.22
9873.08
10731.9
10957.1
11588.6
11850.9
12558.9
13327.7
13585.9
13776.6
14112.5
14394.1
15124.7
15735.1
15760.8
18280.6
18366.5
19235.6
20874.1
22169.5
23037.2
23170.3
23673.3
24668.3
24900.1
24989.4
25654.3
25902.5
27359
28829.3
29020.5
29662
31532
32886.7
32916.3
33375.3
34764.7
34926.9
34966.5
35576.1
36201.3
36271.8
36828.4
37836.6
39265.2
40908.6
42509
43875.2
44155.5
44776.7
46413.3
47542.8
49123.9
49235.7
49488.6
49805.7
49987.1
51321.9
51616.3
51755.8
52126.8
52665.7
53014.4
53242.7
53385.8
53956.1
54173.2
54234.3
54775.8
54856.6
55279.4
55673.9
55868.4
56003.1
56775
57368.8
58197.3
59722.6
60077.9
60375.3
61170.7
61806.7
61815.9
62420.4
62577.4
62937.5
63157.5
63947.7
64541.1
65438.9
65950.7
66563.2
66890.7
67462.2
69186.3
69764.6
69877.7
70462
71321.4
71345.7
71911.2
72434.7
73326.9
73683.3
76659.3
77152
77472
77938
79257.4
79993
79988
80916.9
81004
83367.6
83713.2
84747.5
85490.7
86155.1
88216
88426.9
88892
90785.1
90939.7
91399.6
91628.3
91887.6
92222.6
92360
92585.5
92801.9
93414.7
93574.8
93600
94110.6
94262.7
94323.5
94602.5
94690.3
94820.6
94961.6
95124.6
95438.4
95751.2
96726.4
96840.4
97593.6
100106
100317
100348
100444
100928
101566
101594
101862
101945
102930
106367
109702
110513
110775
111652
112179
112710
112939
113223
113601
113786
114282
115671
116173
117991
118622
118924
119286
119322
119709
119848
119992
120778
120834
121505
121537
121680
121843
122613
123575
123564
123684
126002
127191
127263
127595
127630
128380
129356
130338
132312
132886
133234
133436
134112
134177
134831
135246
135488
135954
136323
136496
136913
138646
139116
140267
140332
140931
143351
144010
144041
144137
144782
144846
145092
146196
146443
146848
146855
147210
147395
147441
147701
147787
148025
148515
148522
148724
149163
149676
149823
150220
150489
151002
151470
152083
154576
154844
155185
156454
158436
159113
160470
163330
165082
165105
165844
166065
167262
168591
168698
169267
169509
169899
171159
171681
171948
172085
172346
172551
174600
175376
176782
177207
177838
178284
178972
179234
179258
179524
180389
180876
181676
181803
182266
183802
184689
185264
185320
185338
185456
186037
187043
187496
188073
188675
189056
189743
190043
190165
190598
190672
191358
192335
192474
192759
193047
193277
193447
193548
194490
194694
194708
195134
195863
196114
196203
197338
197683
197964
199796
