4928.86
5104.6
7543.15
10779.1
11023.6
12573.3
12844.2
13198.5
13391
15069.5
15340.2
15414.3
16497.4
16858.8
18742.6
19085.8
21305.8
21817.4
22399.9
22674.6
22743.6
23378.9
25170.7
25907.2
26082.9
26134.9
26280.6
26526
26586.4
28689.2
29218.3
29698.8
31603.2
31974.5
32300.9
32382.5
36794.4
40847.3
46661.2
48581.9
50273.2
51319.1
51447.4
53186.1
57053.4
58781.5
59987.8
63988.9
64525
65240
65400.8
65461.4
67906.4
67985
69608.1
69935.7
70483
70557.2
71170.5
72659.4
72930.7
74331.6
74559.2
75835.7
76090.8
78033
79537.6
88266.1
88361.7
90871.2
91334.5
91724.7
92558
93309.6
94488.9
96588.9
98979.4
100190
100684
101129
101741
102698
103153
103490
104910
105612
106444
106880
107843
109984
110758
110872
113016
113670
115908
117667
118182
122128
125096
127272
128340
129073
129425
130766
132315
132560
132919
136393
137085
139284
140121
140465
143335
144751
147962
148824
149254
149567
152695
156785
159214
161561
161582
163942
164479
164468
165434
168022
168103
171632
172149
172241
172437
176479
176609
177115
177291
177348
180581
181163
181474
183459
185191
187027
187073
187456
187579
188412
189371
190707
191733
192250
192979
193804
193947
194416
195458
195615
198811
