459.32
629.18
2133.21
2572.46
2821.23
4422.52
5019.53
5288.73
5577.15
5865.69
6595.09
6645.93
6716.64
7559.33
7717.52
7896.38
8323.82
9332.22
9519.74
9548.56
9727.92
10147.5
11322.1
11873.2
11927.2
12395.9
13140.1
13186.1
14070
14220.4
15252.5
16148.3
16295.4
16335.8
17564
18017.6
18530
19038.2
19095.1
20589.1
21120.3
21242.9
22058.6
22192.3
23008.2
23100.8
23541.3
25549.8
25873.1
27144.9
28014
28107
28683.7
29041.7
29332.6
29510.3
30143.8
30483.1
31060.4
31808.7
32295.1
33160.8
33615
34125
34417.7
34526.9
34791.7
34860.2
35431.2
35706.3
35812.4
36224.3
36458.8
36690.7
36893.8
36934.6
39125.1
39732.3
40345
40740.2
41298.4
41454.3
41480.7
41848.1
42017.2
43318.3
43347.9
44437.1
44541.3
44826.5
45320.6
45949.7
46895.3
47247.8
47841.4
48261.9
49216.9
49857.7
51179.9
51218.5
54650.8
54760.3
55319.4
55322.3
55692.7
55743.1
56540.1
56647.9
56779.7
57266.8
57810.2
59007
59426
60364
60858.3
61170
61652.2
62682.1
64888.1
65362.7
65357.4
65905.4
66082.7
67042.1
67318
68228.1
68405.9
68958.9
72083.2
72414.3
73709.9
74375.6
74624.8
75210.7
75748.2
76591.9
76907.5
77145.8
81297.7
81305.8
81556.6
81583.3
81602.4
81612.3
81950.6
82273.4
82371.8
82579.9
83821.4
85674.4
85971.3
90635.6
90744.9
90963.2
91915.1
92063.9
92351.9
92423.6
93843.8
95816.1
96617.4
98783.7
98933
98946.5
99816.1
100185
100384
100872
101165
101518
101601
101699
102066
102514
102941
104004
104489
105772
106928
107984
108586
108908
110735
112851
114198
114661
115384
116463
117261
117526
117528
118182
118360
118386
118561
119021
119931
120032
120141
120296
120512
120717
121716
122459
122740
123651
123680
123799
125030
125052
125540
126075
126847
127632
129266
129683
131095
131516
131683
132074
133787
133839
134218
134894
135445
135695
136300
136648
136750
137059
137077
137179
137675
138412
138785
140124
140125
140676
141392
142812
143334
143371
145948
146368
146554
146889
146896
147800
147882
148188
148750
149122
149395
149804
149864
149917
150319
150383
150643
150845
151612
151640
151844
152782
153476
153705
153981
153998
154844
155304
155320
156962
157048
157247
157951
158096
158348
158776
159447
159803
159891
160175
160491
160895
161485
161896
162566
163470
163544
163874
163954
163958
165224
165301
165391
165937
166443
167791
168037
169472
169601
169894
171795
173481
174295
174926
175162
175822
176437
177464
178407
179507
179849
180201
181382
182384
182389
183142
184479
185256
185581
185928
186775
186878
188418
188936
189134
189980
190199
190603
190944
191247
191257
191433
191884
192264
194014
194145
194639
195072
195082
195352
195750
196162
196235
196615
198364
198824
199444
199848
