256.07
825.42
1067.51
1796.03
2059.35
2116.3
3448.88
3780.61
4477.14
4727.96
4802.59
4871.84
7639.61
9727.21
9985.14
10126.9
11879.5
12060.2
12520.1
12719.4
13940.6
14282.1
15138
15730
16340.8
17831.5
19219.2
21447
21538.9
21937.3
24003.7
24235.8
25472.9
26835.3
28259.1
28899.2
29415.4
30049.4
30317.4
30335.5
31151.8
32251.9
32965.5
33122.8
33354.1
33531.1
34213.5
34726.4
35013.1
35284.9
35521.9
35950.5
36590.4
36603.7
37397.4
38138
38160.2
38490
38606.2
40362.1
40888.5
41828.6
42220
42244.6
45015.8
47935.5
47935.9
48744.5
48831.5
49464.6
49568.7
50397.2
50737.8
50741.4
51118.9
51895.2
53086.2
55333.4
56488.2
56550.5
56715.2
56943.4
58355.4
60337.2
60509.5
60853.4
61001
61347.2
62745.6
63857.2
64199.1
64366.9
64388.5
64737.7
67130.1
67458.1
69342.5
69921.6
70248.1
70465
70609.7
70842.2
72160.2
72371.7
73001.7
73600.9
74637
75541.4
75554.2
77748.9
78618.6
79305.9
79709.4
79909.8
79961.3
80071.3
80451.8
81360.3
81539.3
83239.1
83903.6
84080.1
84204.8
84304
84818.3
84928.2
85470.3
86566.8
88667.5
91630.6
93702.3
94798.2
95061.2
95073
95573
96971.8
98018.9
100003
100657
102415
103185
103968
104624
107486
108117
108457
108561
108803
109363
109405
110181
110216
110393
111198
111925
112857
112979
113101
113976
115394
118964
119673
120090
120803
121104
121746
121944
123110
123125
123166
123416
123901
125108
125625
128338
128943
130465
132080
132972
133306
133886
134050
134238
134910
135036
136243
136376
136588
137177
137814
137846
137908
138041
139505
139513
139684
140072
140180
140419
140708
140919
141009
142061
142326
143173
145373
146555
147069
149197
149759
151541
152574
153152
154553
154652
155992
156185
156284
156652
157382
157726
157768
157938
158463
158656
159065
159232
159801
160477
161411
161445
161840
162110
162774
163391
163958
165507
166637
168307
168820
170025
170600
170601
171022
171700
171749
172769
172790
173027
173817
176852
177942
178248
178368
178532
178876
179345
180528
180891
181074
181699
182591
182668
182930
183177
183383
183786
183944
183951
184014
184348
184672
185338
187072
189190
190266
190391
190870
190958
192013
192690
193527
193527
193634
194034
194075
194493
194664
195276
195434
196400
196960
197468
198876
198897
