4001.96
4017.7
5432.83
6925.97
8164.62
8896.91
13671.4
16609.6
16757.6
18836
20189.6
23430.5
24679.1
24712.6
25624.6
27558.5
29317
29412.8
29883.2
31271.4
31408
34205.4
40468.3
41069.2
42032.2
44188.7
45245.9
46165.6
47128.3
47529
48833.8
52416.3
52470.7
53533.7
55938.3
56064.5
56083.3
58301.8
58582.4
59377.6
60003.9
60569.2
63564.8
67146.1
68934.3
71281.5
75091.7
75430.7
81426.8
85035.3
88007.6
88510.2
89217.9
89726.2
90938.9
90983.1
91305.4
93325
93577.8
94964.5
97935.3
98206.6
100179
101769
104198
104583
104978
105019
105802
106062
109198
109779
111352
111354
112106
113973
115032
119353
119675
119960
119966
121058
122093
123500
126675
126771
128789
129714
132124
133100
134078
136302
136910
139417
139432
139726
141291
141584
142251
143660
143668
143801
144416
144606
145070
149832
150229
161495
162954
163193
165108
165329
166128
167835
168277
169138
170156
173057
173946
175416
176152
177926
179624
180331
181426
181921
182550
192340
193503
193591
194444
196755
198530
