897.11
943.34
1040.37
1623.5
1722.77
2346.71
2392.49
3100.53
3316.88
3348.72
3400.92
3652.91
3706.61
3711.59
3731.19
3803.11
3967.75
3981.58
4439
4687.5
4844.15
5049.67
5167.62
5355.3
6003.75
6099.28
6423.82
6643.89
7671.47
7677.23
7841.9
7861.27
8170.85
8424.64
8606.19
8703.23
8719.88
8774.07
9026.53
9060.31
9484.08
9643.5
9842.15
10123.4
10765.8
10818.6
10972.9
11167.6
11606.9
12055.5
12214.9
12945.9
13206.6
13476.7
13798
14958.5
15273.5
15493.9
16086.2
16115.8
16854.2
16928
17787.5
18199.7
18302.2
19029.7
19139.3
19430
19434.8
19693.4
19912.3
20090.2
20139.6
20493
20847.7
20989.2
21553
21854
22805.5
23334.5
23639.1
23836.4
23930.8
24502
24575.8
24810.6
24979.7
25168.4
25216.7
25837.9
26207.9
26336.5
26382.5
27137.9
27156.6
27280.6
27590.4
27692
28714.5
28808.5
28943.2
29123
29146.1
29246.6
29637.2
30248.9
30500.7
30547.7
31060.3
31217.8
31505.7
32490.3
33059.3
33333.2
33690.2
33754.7
34261.4
34374.6
34507.7
34721.4
35160.2
35244.4
35388.3
35605.5
35747.4
35823.8
35981.6
36103
36278.4
36473.8
37231
37535.4
37632.7
37934.8
37946.2
38151.6
38371.1
38409.8
38478.8
38715
39023.8
39277
39372.8
40079.7
40248.3
40320.1
40875
41047.8
42173.3
42201.1
42272.1
42632.9
42845.9
43282.1
43603.7
44070.2
44507.4
44608.6
44949.9
45210.1
45692
46083.7
46202.1
46238.2
46817.3
46848.8
47034.6
47041.2
47224
47323.4
47491.4
47793
47837.9
48570
48899.8
49434.5
50267.6
50617.5
50735.1
50831.3
51308.3
51376
51784.2
51839
52207.5
52613.4
53034.8
53223.5
53230.9
53458.2
53738.1
54010.4
54396
54617.2
54763.2
55299.2
55533
55588.4
55640.5
55706.9
55937.4
56651.1
57167.4
57232
57316
57761.4
58045.5
58220
58285
58286.9
58531.9
58773.5
59085.7
59150.4
59859.6
59903.8
60115
60361.3
60371
60616.6
60716.9
60990.5
61605.4
61978.4
62200.2
62246.7
62324.4
63223
63347.9
64588.1
64719.4
65204.7
65331.1
65875.7
66669
66706.8
66712.9
66963.3
66976.7
67215.7
67279.1
67489.9
67994.2
68113.8
68730.1
69441.7
70943.8
71116.8
71209.1
71504.5
71543
71675.2
71932.4
72275.9
72628.6
72717
72923.7
72952.5
73456.8
73867.3
73927.5
74110.7
74551.6
74934.4
74983.4
75168.2
75614.8
75622.5
76148.2
76477.2
77421.3
78478.5
78681
78922.8
79940.7
80147.5
80265.7
80790.3
81110.6
81213.3
81734.4
81745.1
82318.7
82702.1
82990.6
83479.9
84340
84375.8
84642.7
84757.3
84890.6
85092.8
85608.9
85965.3
86434
86663.7
86846.2
87012.2
87581.7
87719.8
87769.6
87998.4
88109.2
88226.1
88476.8
88579.2
88617.4
88719
88806.6
88927.5
88960.5
88967.9
89023.9
89082.7
89391.5
89803.6
89860.6
90225.2
90267.3
90531.5
90684.3
90735.5
90852.3
90887.4
91014
91122.8
91792.7
92410.1
92611.5
92823.4
92989.5
93032.1
93094.2
93479.4
93946.5
93951.7
94442.6
94670.3
95595.7
96007.8
96017.8
96822.2
96848.1
96992.1
97642.4
97742.3
97852.4
97877.3
97968.6
97996.3
98603.1
98883.5
98907.4
99113.8
99472.7
99526.6
99552.2
99704.8
99896.7
100141
100158
100678
101205
101614
102923
102931
103367
103538
103879
104113
104313
104709
104763
105402
105425
105821
105884
106056
106110
106203
106529
106679
106734
107072
107607
107812
107853
107983
108184
108336
108646
108909
108948
109056
109272
109425
109543
109570
110068
110879
110920
111044
111435
111590
111934
112827
112900
112919
112969
112999
113135
113495
113676
113729
114321
114476
114736
115507
116378
116543
116699
117262
117371
117817
117918
118181
118258
118286
118343
118942
119259
119269
119694
119766
119836
119848
120118
120394
120545
120827
120837
120922
121216
121282
121656
121958
122309
122599
122697
122903
123174
123885
124243
124442
124568
124747
124892
125740
125735
125772
125865
126119
126424
126707
126960
127092
127224
127545
127687
128156
128509
128546
129315
129501
129547
129726
130037
130508
130831
131221
131694
131843
132634
132885
133124
134368
135096
135533
135879
135911
135936
136218
136510
136588
137342
137723
137982
138578
138806
139224
139259
139536
141119
141474
141608
141795
142012
142013
142096
142666
142861
143188
143193
143353
143405
143568
143806
143983
144293
144304
144383
144375
144694
144758
145000
145313
145848
146095
146429
147730
149022
149291
149758
150052
150084
150185
150195
150520
150701
150731
151379
151640
152057
152287
152403
152593
153215
153616
153717
153929
154490
156276
156515
157317
157632
158327
158520
159184
159250
160006
160152
160204
160363
160372
160602
160759
161178
161207
161201
161240
161429
161723
162166
162440
162700
162964
163053
163237
163261
163818
163922
164356
164622
164697
164707
164950
166200
166590
166594
166883
167349
168108
168192
168222
168448
168463
168703
168913
169152
169544
169630
169913
169954
170058
170359
170638
170745
170872
171148
171569
171822
171971
172368
172651
172674
172714
172811
172866
173182
173283
173671
173755
173934
174389
174792
175129
175434
175918
176018
176279
176325
176785
176870
177325
177745
177822
178040
178693
179087
179277
179434
179911
180210
180766
181164
181347
181394
181417
181715
181930
181986
182272
182349
183100
183174
183351
183473
183651
183732
183779
183905
184016
184604
184708
184829
185277
186499
186805
187267
187279
187399
187773
187810
188136
188428
188616
189197
189260
189324
189891
190266
192103
192486
192567
193039
193325
193589
193629
193626
194193
194211
194379
194732
195037
196168
196618
196778
197533
197914
197963
198342
198523
198730
198738
198872
199133
199266
199529
199685
