1223.05
3469.94
5444.61
6377.79
6579.45
6584.63
6917.52
9866.08
12058
13934.5
14312.5
14797
15240.2
15690.2
16702.1
16849.5
19421.1
19432.5
20964.5
21816.2
25544.3
26165.2
28818.1
29939.5
30608.3
30795.2
31344.8
32705.6
34440.7
34727.7
35227.3
35523.4
36625.5
38364
38366.8
38730.5
42470
43282.2
45056.9
45696.3
50524.7
50769.6
53282.7
53340.3
53857.8
54010.4
56388.8
56727.2
56997.7
60383
62174.6
62811.7
63013.2
63881
66372
67397.4
68501.6
69326.1
69824.3
70884.8
70883
71008.2
73383.2
74895.5
75280.3
75987.4
76361.4
77234.8
77392.4
78649.1
78899.7
78981
79054.9
79111.8
80615.7
80947.6
81387.3
83777.9
83846.7
83985
84141.2
86198.9
86921.2
87814.2
88292.5
88998.1
92357.5
92773.9
93960.1
94908.5
98286.5
99467.2
101049
101536
102042
102918
103429
103917
104364
105012
105383
107776
108308
108641
110445
110490
110648
110843
111128
112036
112934
112940
115573
119199
121623
122999
123294
123317
126015
127636
129951
131207
131633
131951
133012
133572
133717
136519
136568
140087
140505
144235
145568
146875
147384
148856
149367
150598
155884
155975
161166
162499
163060
163622
165375
165512
167052
169884
172407
172723
174082
174541
175141
175150
177726
178075
180596
181013
182101
182304
183621
183820
184239
186538
186753
186882
188733
189822
192082
192360
192473
192533
194588
197941
198556
198871
199365
199415
199947
