122.5
1332.57
1414.34
1556.28
1934.76
2013.11
3095.73
3690.86
4247.6
4539.24
4752.26
4954.31
6042.32
6316.69
6371.89
6400.65
6621.57
6687.5
9085.71
9215.08
9561.05
10622.2
11439.6
11552.8
11637.5
11843.6
11884.9
12556.4
12777.7
13089.1
13327.4
13389
13761.7
13788.7
13799.1
13817.7
13892.6
14177.3
14229.3
14483.1
14664
14971.9
14992.7
15134.9
15500.3
15542.8
16174.3
16415.4
16508.4
17258.7
19061.4
19232.1
19304.4
19970.3
19982.1
20458.3
20604.1
21070.1
22383.1
23639.4
24087.3
24695.5
25033.9
27727.5
28244.7
29172.6
29394.2
29613.6
29884.5
30128.8
30167.2
30559.7
30571.6
30763.5
30801.4
31528.2
31660.4
32052.7
32702.8
33019.3
33685.3
33832.1
34070.9
34298.8
34571
34886.3
34985.3
35108.8
35350.1
35730.9
36103.7
36141.8
36471.2
37001.1
37213.7
37804.8
37922.6
38060.9
38091.2
38185.3
38472.7
39011.8
39286.8
39956.4
40944.7
41090.5
41740.5
41891.1
42008.1
42841.4
42904.9
43568.6
43767.9
43819.3
44344.6
44777.7
44902.8
45167.8
45565.2
45784.9
45990.6
48001
48595.6
49350.2
49685.4
49837
50230.3
50423.3
50526.7
50871
50880.6
51678.4
52728.1
52929.7
52976
53074.8
53299.5
53681.8
53747.4
54565.3
55789.1
55993.3
56430.2
56580.5
56716.2
56785.5
56844.4
57263.2
58872.5
59702.2
59795.6
59897.4
60227.6
60284.8
60465.7
61745.5
62518.6
62596.7
62725.8
63118.3
63231.3
64591.5
66250.1
66275.2
66906.4
67898.6
68244.7
68669.8
68848.7
69187.2
69312.9
69602.4
70007.7
70192.4
70703.5
70747.1
70753.5
70855.3
70934
71363.9
71512.1
71641.8
71936.5
72037.5
72140.9
72503.4
72765.9
73007.5
73712.7
74011.6
74581.6
74614.4
74791.9
74971.4
75060.2
75075.3
75284.3
75620.6
75844.7
75867.8
76416
76505.5
76542.6
76924.9
77320.2
77812.6
78031.2
78060.4
78350.4
78433.5
78489.4
78632.3
78994.8
79236.8
80433.5
80587.9
80697.8
80796.8
81260.3
81468.5
81955.7
82860.9
83301.8
83379.8
83659.2
83980.5
84885.9
84928.9
85429.5
85472
86377.2
87624.2
87680.3
87872.1
87926
88367.7
88764.4
89227.9
89319.4
90297.9
90333.3
90552.2
90596.9
91651.9
91822.7
92661.9
92866.6
93062.6
93818.1
93858
93891.4
94168.6
94624.6
95659.8
95855.8
95900.1
96074.3
96518.9
96781.6
96874.7
97155.2
97184.5
97209.2
97254.7
98068
99188.6
99945.5
100703
100735
100735
101574
101829
102040
102169
102237
102675
102716
103220
103676
103690
103715
103768
104254
104369
104647
104719
104776
104834
105031
105749
105884
105908
106266
106374
106546
107635
108035
108095
108407
108564
109069
109862
109911
110319
110594
110852
111204
111224
111273
111950
112041
112301
112491
112526
112600
114536
114933
115734
117575
118034
118897
119009
119500
121277
122637
122749
123222
123372
124478
125261
126569
126666
126790
127142
127167
127486
127976
128148
128644
129119
129168
129442
130465
130825
131096
131296
131411
131805
132322
132797
132837
133415
133497
134552
135974
136322
136449
136564
136886
137192
138089
138857
139367
139867
139928
140993
141568
141632
141920
142278
142364
143023
143101
143195
143762
143834
144001
144615
144656
145190
145425
146189
146820
147118
147158
147987
148245
148347
149146
149252
149744
149999
150465
150499
150839
151177
151222
151896
153021
154172
154845
155282
155834
157085
158107
158137
158275
158322
158740
158753
160077
160577
160736
161790
161872
162296
162944
163106
163829
164365
164519
164907
164980
165195
165383
165964
166149
166177
166511
166735
168498
168525
168872
168887
169290
169860
170420
170963
171604
171727
171913
172525
172598
172869
173047
173463
173696
173752
174011
174076
174299
175057
175057
175152
175510
175527
175715
176050
176122
176402
176595
176838
177039
177162
177203
177492
177528
177633
177771
178134
179165
179243
179486
179660
180028
180039
180057
180430
180504
180573
180641
180726
181163
181350
181605
181825
181949
182067
182237
182267
182830
183321
183543
183866
184046
184068
184097
185290
186324
186391
186422
186636
186701
186784
187022
187292
187819
188232
188559
190071
190118
191613
191817
192197
192359
192528
192587
192849
193066
193290
194042
194341
194382
195392
195578
195782
196801
197157
197590
197785
197988
198732
198748
198942
199220
