251.99
365.92
532.04
543.26
1069.03
1587.18
1688.14
1967.11
2404.01
2845.02
2852.22
2988.56
3308.23
3440.93
3634.02
3686.74
3789.97
5186.65
5948.03
6007.72
6164.55
6377.67
6501.92
6719.3
7058.91
7168.81
7195.83
7563.75
7602.78
7920.71
8442.58
8852.25
8898.5
9555.47
10111.7
10265.9
10801.5
11488.8
11816.6
11946.7
12034.5
12383.1
12862
12920.2
13499.5
14032.7
14178.6
14762.5
14785.3
15377.9
15516.2
15563.3
15744.8
16079.1
16323.6
16326.8
16634.9
16685
16851.7
17532.1
18067.9
18728.2
18741.5
19629.6
19862.8
20082.8
20166.8
20223.1
20235.2
20331.4
20666.4
20820.2
20882.5
21299.7
21608.9
21689.1
22000.4
22175.8
22382.2
22497.1
22520.9
23805
24500.4
24704.3
24803.5
24820.6
25440
26075.3
26324.8
26586.4
26651
26803.7
26805.4
26925.8
27164.5
27570.1
27814.1
28030.6
28085.9
28284.3
28596.3
28800.6
29098.7
29326.4
29398.1
29685.9
29788.7
29816.4
30033.3
30052
30138.8
30364
30663.7
30880.1
31043.8
31194.8
31216.7
31601
31736.4
32176.4
32249.8
32612.3
32645.9
33036.1
33068.7
33814.8
34066.5
34240.7
34597.5
34835.6
35565.9
35667.6
36256
36820.1
37117.5
37246.2
37489.4
37896.9
38150.5
38390.5
39437.5
39806.2
40332.4
40336
40569.8
40972.4
41584.7
42006
42185.4
42289
42482.2
42847.6
42855.1
42866.4
43120.3
43280.7
43704
43864.8
44589.3
44768.8
45144.3
45645.7
45752.2
46043.4
46106.1
46288.6
46398
46432
46485.5
46919.1
46991
47067.8
47104.5
47310.4
47619.2
47802.8
47982.1
48536.8
48736.1
49108.5
49322.2
49361.8
49548.3
50084.8
50540.5
50617.8
50976.8
51164.7
51320.7
51962.3
53065.2
53106.2
53192.1
53627.4
55041.4
55429.9
55694.2
55733.5
55845.5
56017.4
56093.4
56509.5
56553.7
56676.2
57020.1
57147.1
57155.6
57280
58091.2
58168.6
58438.1
58980.4
59333
59831
60292.6
60461.8
60561.4
60617.5
60744.5
61107
61186.7
61232.1
61261.3
61377
61468.2
61775.4
61876.5
61917.7
62053.2
62118.5
62646.3
62850
63095.9
63129.3
63169.3
63477.3
63601.2
63648.8
63708.4
64305.7
64514.1
64698.2
64790.6
64939
65054.4
65384.8
65824.6
66059.5
66469.8
66472.9
67208.7
67507.2
67583.7
67865.7
68204.3
68334
68374
68430.5
68856.8
68998.9
69096.2
70074.3
70110.5
70483.1
70475
70956.3
71623.6
71771.6
71932.9
71943.5
72392.3
72453.8
73138.7
73146.5
73306.1
73500.4
73540.7
74490.2
74500.4
74773.4
74881.4
74971.4
74987.2
75325.5
75595.2
75971.8
76509
77090.8
77363.1
77369.7
77631.4
77717.6
77895.7
77924.9
77943.5
78232.6
78980.3
78985.8
79395.2
79617.8
79635.2
79978.4
80391.4
81028.6
81727.9
81888.9
82131.6
82690.6
82778.8
83262.7
83555.8
84184.5
84346.2
84827.1
84932.4
85263.5
85377.8
85641.4
85855.5
86473.9
86521.1
86913.8
87108.5
87248.1
87601.4
87984.2
88693.3
88864.7
89563.3
89665.8
89937.3
89998.6
90215.2
90441.9
90784.5
91115.1
91577.3
91947.1
92209.4
92895.3
94762.8
95272
95533.2
96163.9
96599.4
97619.5
98355
98529.4
98691.3
99321.4
99610.7
99890.9
99965.3
100914
101239
101661
102130
102294
102350
102669
102881
103241
103827
103987
103995
104337
104664
105047
105094
105226
105488
105600
105739
105842
106388
106547
106913
107262
107697
107763
108134
108196
108265
108606
108702
109068
109306
109357
109368
109362
109699
109883
109997
110113
110766
111103
111137
111303
112020
112190
112593
113799
114031
114750
114785
114861
114990
115149
115183
115501
115726
115806
116474
116522
116585
116618
116978
117350
117481
117732
117764
117874
118418
118511
118699
118849
119441
119536
119605
120309
120940
122032
122458
122892
123323
123575
123664
124066
124097
124267
124388
124704
125002
124978
125138
125637
125881
125900
125934
126331
126562
126762
126981
127206
127251
127901
128005
128334
128461
128675
129001
129805
129897
130152
130483
130780
131369
131448
131554
131819
131914
131919
132251
132339
132511
132888
133173
133420
133717
133748
134159
134645
134860
134951
134985
135063
136755
136766
137732
138229
138810
139422
139859
140427
140736
141376
141394
141905
142143
142350
142373
142553
142600
142807
142989
143343
143411
144001
144027
144120
144227
144432
144724
145107
145139
145419
146163
146186
146294
146760
146812
147058
148562
148953
149346
149496
149554
149717
150089
150226
150496
150745
150910
151201
151359
151409
151749
152107
152430
152594
152710
153005
153148
153351
153471
153755
153760
153855
154439
154462
154983
155218
155251
155686
156161
156266
156323
156487
156580
156724
156824
157161
157154
157448
157589
157745
157759
157970
158028
158027
158343
158346
158523
158749
158895
159085
159177
159415
159741
159729
160681
160897
160997
161083
161524
161539
161588
161721
161784
162222
162493
162842
163524
163846
163871
164182
164602
164625
164736
165084
165640
166257
166482
166677
166739
166829
167219
167233
168166
169264
169915
169928
170202
170766
170767
170824
171045
171105
171270
171455
171679
171770
171966
171999
172237
172260
172802
173131
173255
173438
173454
173559
173632
174243
174705
174980
175195
175477
176203
176274
176685
177035
177468
177554
177578
177765
178034
178093
178174
178646
179412
179561
179635
179639
180015
180296
180535
180717
180961
181425
181584
181614
182037
182184
182206
182400
182542
182725
183007
183651
183808
183964
184049
184201
184263
184329
184349
184657
185115
185741
186001
186484
186634
186970
188233
188407
188656
189286
189815
189837
189907
190224
191505
191581
191691
191737
192148
192922
193831
193957
194257
194913
195033
195108
195311
195599
195882
195913
196381
196428
196453
196740
196744
196890
197135
197244
197475
197683
197782
198494
198719
199040
199901
