389.84
548.96
698.89
1214.3
1626.93
2315.45
2612.16
2831.41
3327.39
3411.37
3481.85
3673.26
3752.97
3881.54
3907.24
4222.71
4887.33
4964.99
5076.98
5289.14
5288.94
5479.81
5693.2
5747.23
5777.69
5979.39
6009.8
6292.45
6455.15
6633.47
7014.98
7111.27
7241.63
7307.53
7353.54
7432.35
7538.49
7684.43
7886.54
8237.27
8245.4
8282.64
8936.51
8969.71
9321.41
9336.89
9609.3
10203.2
10973.3
11390.7
11579.7
11701.5
12245.5
12429.7
12472.4
12596
12676
12716.1
13012.6
13184.3
13550.3
13763.1
13768.3
14678.5
14752.4
14989.4
15448.1
16629.5
17256
17639.2
17966
18164.3
18193.9
18397.1
18399.5
18691.1
18914.1
19189.7
19476.5
20006.7
20025.1
20140.1
21747.9
21825.2
22148.1
22381.1
22599.4
22671.5
23095
24474.6
24511.4
24888.5
24963.4
25331.9
25356.1
25495
25973.5
26102.8
26364.9
26401.9
26462.5
26591.4
26869.6
27001.3
27356.4
27469
28077.3
28574.1
28736.8
28765.4
28809.5
28946.5
29141.3
29406.5
29436.6
29491.5
29626.4
29631.7
29648
29952
30436.4
30578.7
31390.1
31507.7
31902.3
32249.4
32664.2
33337.4
33358
33568.2
33643.7
33952.5
34374.1
34529.2
34822.6
34916.8
35064.4
35126.4
35125.6
35149.8
35400.6
36133.5
36436.7
38264.7
38447.5
38625.8
38741.1
38767.2
38922.6
40150.3
40575.7
40707.6
42107.5
43602.6
45106.9
45173
45343
45582.3
45634
45769.1
45787.5
46159.2
46468.6
47119.8
47147.7
47186.4
47213
47285.7
47423.9
47481.9
47560
48224.7
48291.5
48532.9
48538.9
48675.3
48723.2
48770.7
48813.3
48847.4
48874.2
48953.2
48975.3
49077.8
49558.5
49684.9
49938.8
50265.2
50427.5
50679.8
50896.1
51048.2
51114.6
51251.7
51392.4
51571.8
51689.9
51699.1
51940.8
51977.7
52200
52371.2
52575.9
52571.3
52580.9
52734.4
52731.6
52832.7
52906.7
52979.5
53124.8
53151.4
53321.2
53324.6
53474.5
53513.1
53652.5
53677
53746.7
53929.6
53962.9
54121.2
54244.5
54319.2
54340.5
54367
54865.9
54870.5
55188.5
55526
55660.4
56744.4
57017.1
57995.5
58288.9
58660.2
58752.6
59966.2
61065.6
61224.9
61626.6
62371.1
62439.2
62713.9
62809.5
62913.6
63334.9
63393.3
63926
64583
64928.7
65142.8
65223.1
65268.8
65458.7
65701.7
65774
65926.3
66627.2
66850.9
67164.7
67559.8
67843.8
68177.7
68341
69281.1
69312.8
69363
69583.7
69950.6
70452
70720
71206.8
71491.2
71591.5
72149
72895.6
74184.1
74339.2
74571
74804.8
74941.5
75482.8
75543.4
75655.2
75783.4
75888.1
76346.4
76822
77983.4
78323.3
78400.7
78527.7
78776.8
79504.5
79758.2
80088.7
80138.1
80237
80268.8
80360.8
80380.7
80568.7
80649.8
80726.8
80833.3
80887.1
81209.7
81236.8
81313.7
81335
81484.6
82010.8
82089.1
82198.3
82385.3
82584
82577.9
82589.4
82877.4
82889.4
83243.3
83355.1
83529.1
83694.2
83975.1
84418.3
84571.7
84897.6
84985.3
85224.5
85375.5
85404.2
85649.4
85703.5
85930.6
86077.9
86205.1
86421.1
86675.5
86784.6
86857.3
87103.7
87219.2
87372.3
87403.9
87515.4
87926.5
88195.5
88484.3
88846.7
88884.3
88924.2
89229.1
89316.4
89488.5
89679.9
90196.2
90287.1
90348.1
90489.6
92563.3
92778.8
93220.4
93250.2
93527.5
93553.6
93584.6
93781
94169.3
94169.5
95716.2
96094.8
96147.5
96361.7
96967.1
97365.8
97378.6
97380.7
98006.2
98069.6
98552.1
98589.7
98687.5
98932.6
99217.3
99289
99417.3
99661.1
99899
100040
100056
100090
100251
100351
100395
100453
100566
100650
100780
101135
101221
101320
101440
101641
101680
102153
102355
102586
102602
102636
102757
102987
103127
103401
103589
103607
103986
104012
104063
104817
104931
105292
105898
106285
106504
106556
106834
106882
106984
107276
107309
107312
107673
107947
109033
109179
109844
110327
110588
110619
111336
111825
111918
111937
112104
112669
112722
112784
112836
113069
113311
113359
113533
113895
114005
114161
114329
114358
114443
114599
115191
115663
116297
116602
117107
118303
118729
118844
118922
119237
119350
119532
120088
120697
120999
121793
122003
122412
122512
122596
122891
123500
124051
124118
124308
124529
124761
124824
125270
125762
126426
126465
127414
127628
127685
128493
128506
128641
129143
130794
131093
131460
131881
132044
132323
132470
132470
132522
132591
132843
132970
133090
133122
134768
134882
134998
135208
135689
136703
136790
137068
137526
138129
138186
138301
138432
139816
140554
140594
140695
140989
141580
142112
142281
142852
143039
143164
143195
143657
143828
145129
145560
145917
146009
146447
146830
146994
147509
147738
147839
148049
148341
148486
148605
148763
149843
149859
149949
150209
150293
150537
150559
150903
151968
152213
152837
152852
152909
153078
153334
153397
153474
153834
154833
154883
155023
155969
155999
156144
156303
156624
157190
157487
157755
158037
158163
158500
158580
158714
159619
159670
159779
159876
159994
160222
160751
161172
161291
162004
162039
162051
162243
162416
162428
162475
162523
162555
162759
162879
162898
163189
163260
163299
163307
163493
163498
163865
164058
164237
164374
164384
164607
164688
164758
165446
167076
167238
167370
167517
167619
167678
167821
167965
168172
168374
168419
168633
168693
168917
170914
171321
171328
171337
171585
172090
172106
172482
172858
173006
173135
173170
173251
173384
173859
173886
174029
174336
174373
174561
174792
175238
175829
175891
176082
176373
176394
176469
176525
176956
176960
178807
179117
179198
179431
179512
181016
181097
181306
181367
181516
181619
181859
181879
182129
182744
182787
182832
183514
183545
184187
184201
184248
184642
184857
185369
185415
185441
185526
185539
185597
185833
185854
186017
186271
186323
186621
186654
187163
187220
187256
187442
187482
187647
187761
187844
187961
188009
188152
188161
188364
188483
188544
188648
188691
189004
189845
190842
191018
192058
192650
192679
192759
193192
193364
193820
194148
197174
197810
197846
198194
198273
198535
198863
198905
199055
199089
199456
199774
199846
