95.63
251.39
1214.89
1811.19
2151.06
2269.46
2712.92
2916.2
3146.29
3189.14
3232.87
3339.22
3447.62
3573.29
3794.14
3875.75
4438.26
4603.95
4696.7
4723.5
4862.33
4939.74
5041.06
5072.27
5259.75
5327.75
5970.49
6277.26
6910.44
7195.16
7349.3
7723.18
8507.86
8807.37
8949.43
8995.31
9109.75
9274.37
9574.9
9735.52
9769.99
10189.5
10262.9
10380.6
10798
10918.9
11017.9
11042
11164.3
11260.9
11682.3
11817.8
11901.3
12330.5
12525.9
12536.2
12763.3
13343
13353.3
13376.8
13629.2
13675.7
13918.2
14175.6
14589
14767.2
15080.8
15165.2
15414.7
15470.6
15527.5
15686.7
15793.4
15890.9
15929.6
16091.6
16107.6
16157.3
16180.7
16430.3
16856.5
16941.2
17125
17319.7
17690
17791.1
17823
17980.1
18319.6
18346.9
18447.7
18630.2
18733.5
18768.6
19391.6
19841.7
20339.5
20760.7
21328.1
21634.7
21736.5
22152.8
22180.8
22329.5
22495.2
22537.1
22808.6
22873.2
22901.2
23286.7
23301.5
23654.4
23659.2
23983
24141.1
24435.8
24464.8
24550.3
24818.8
24829.9
24930.6
25066.1
25233.4
25308.7
25546.5
26440.9
26634.8
26803.8
27126.4
27518.2
27577.1
27705.8
27711.8
27989.4
28899.8
29148.4
29207.1
29326.6
29378.8
29743.4
30058.3
30115.3
30411
31131.1
31171
31613.2
31905.8
32177.6
32383.3
32402
32693.7
33059.7
33287.5
33303
33658.1
33750.5
33797.6
34587.9
34896.4
35349.2
35625
35675.5
35714.1
36264.6
36485.5
36897.7
37035.4
38063.9
38185.2
38630.2
38724.8
39178.3
39278.6
39467.3
39819.9
40143.4
40190.8
40404.7
40430
40523.5
40716.8
40889.4
41260.3
41302.8
41483.1
41708.3
41827.8
41871.4
41944.8
42207.3
42561.3
42692.9
42770.9
43466.1
43620.2
43659.2
44927.5
45068.9
45103.1
45240.3
45373.2
45530
45579.6
46237.9
46243.4
46480.7
46516.8
46553.2
46682.7
47062.2
47206
47415.1
48239.4
48460.3
48564.6
48887.6
48995.6
49193.5
49299.9
49902.3
49939.1
50056.2
50838.8
51210.9
51297
51411.9
51511.4
51649.1
51665.5
51776
51789.5
51947
52116.6
52246.4
52284.2
52306.3
52568.5
52675.7
52969.7
53339.5
53397.6
53456
53520
53702.2
53923.6
54010.2
54134.6
54619.3
54830.7
55030.8
55514.6
55548.1
55943.1
56091.5
56195.2
56335.1
56346.3
56472.8
56631.5
56723.6
57190.9
57875.2
57984.4
58244.1
58362.1
58491.7
58503.9
58500.8
58922.7
59368.4
59395.2
59870.7
60152.3
60199.7
60215.2
60454.5
60466.8
60489.8
60488.2
60953.1
61027.5
61305.1
61382.8
61603.9
61653.9
62036
62239
62623.5
63177.6
63271.4
63388.1
63399.6
63427.9
63499.3
63827.2
64134.1
64176.9
64498.6
64585.4
64675.7
65028.4
65053.5
66034.9
66038.8
66117
66292.5
67013.4
67049.1
67071.6
67210.5
67360.7
67447.3
67866.6
67901.7
67911.6
68030
68367.9
68513.3
68575.8
68711.8
68921.5
68966
69055.2
69310.5
69652.7
69794.7
69994
70061.6
70188.4
70743.4
70815.5
70955.9
71046
71177.4
71269.3
71323.2
71346.5
71370.6
71499.2
71502.6
71742.5
71925.4
71974.1
72113.1
72131
72283.6
72313.1
72454.9
72481.1
72495.8
72677.6
72859.9
73078
73291.1
73427.9
73860.8
73881.3
73939.6
74008
74080.4
74719.6
74728.8
74726.4
75019.3
75630.5
75997.8
75994.5
76228.8
76310.7
76653
76799
76903.5
77177.5
77284.4
77827.6
78107.6
78106
78250.2
78283.1
78413.5
78448.6
78457.8
78672.1
78875.1
78943.1
78951.9
79771
79906.4
80249.6
80458.9
82109.4
82223.4
82609.3
82678.1
82736.1
83167.3
83286.2
83404.8
83508.9
83756.4
83837.3
83869.6
83900.3
83976.2
84443.8
84649.6
84683.4
84747.7
84895.4
84903.1
85036.6
85156.5
85456.3
85742.6
85771.5
86238
86351.9
86740.7
87299.2
87306.2
87519.6
87664
87747.4
87834.3
88292.3
88574.4
89118.1
89385
90083
90089.4
90322.1
90386.3
90437.2
90588.3
90762.3
91406.7
91430.7
91483.1
91556.8
91771.8
91805.5
91828.6
92207.1
92476.1
92482.5
93308.7
93340.8
93409.1
93548.8
93572.9
93727.3
94017.2
94077.2
94179.5
94262
94309.3
94405.5
94422.8
94536.7
94733.4
94786.4
94946.9
95091.3
95233.3
95299.5
95350.6
95764
95969.7
96050.4
96110.8
96410.7
97867
97884.3
98281.7
98462.8
98848.7
98971.5
98996.2
99294.8
99789.3
99796.7
99954.1
100167
100249
100525
100597
100693
100721
100812
101763
102025
102029
102257
102466
102679
102801
103096
103096
103268
103613
103891
104075
104340
104447
104823
105007
105101
105385
106041
106091
106349
106454
106470
106706
106759
106814
106907
106967
107407
107460
107484
107597
107736
108048
108171
108293
108489
108512
108913
109496
109796
109843
110059
110108
110555
110742
110798
111091
111152
111513
111641
111927
111947
111975
112110
112201
112456
112836
112909
113116
113383
113552
113566
113786
113803
113928
114179
114194
114587
114627
115140
115150
115262
115419
115661
115757
115800
115870
116060
116100
116192
117289
117324
117714
117989
118021
118116
118337
118753
119115
119394
120690
120801
120965
122097
122777
122801
122873
123017
123239
123720
123806
124490
124656
125109
125289
125513
125688
125743
125890
126145
126334
126355
126653
126751
126860
127258
127375
127492
127525
127593
127835
127827
127854
128038
128103
128161
128180
128297
128484
129308
129660
129708
130410
130887
130897
131156
131379
131411
131552
131668
131724
131765
131838
131869
131953
132097
132274
132454
132530
132689
132752
132966
133007
133353
133562
133639
133877
134165
134390
134892
135048
135150
135192
135277
135333
135406
135409
135637
135748
135807
136542
136566
136732
137153
137465
137595
137597
137836
138340
138643
138777
138972
139481
139505
139739
139759
139775
139881
140337
140341
140410
140471
140742
140843
140953
141009
141039
141275
141481
141538
141772
141832
141870
142042
142053
142357
142475
142713
142733
142810
142853
142862
142925
143011
143938
144374
144473
144504
144639
144646
145005
145156
145183
145192
145306
145512
145515
145709
145769
145827
145938
146102
146215
146440
146993
147129
147279
147433
147495
147535
147630
147823
148041
148249
148689
148871
149098
149706
150119
150802
150815
151349
151624
151825
152098
152187
152209
152226
152404
152575
153016
153151
153439
153503
153600
153689
153890
154593
155003
155133
155202
155291
156451
156779
156872
157038
157564
158187
158268
158402
158654
158906
158921
159357
159435
159470
159512
159585
159626
159692
159710
159937
160080
160433
160434
160662
160747
160893
161225
161290
161788
161977
161994
162097
162925
162966
163147
164514
164645
165040
165402
165566
166428
166441
166771
166789
166942
167036
167064
167260
167295
167364
167424
167551
167582
167674
167823
167915
167949
168252
168351
168408
168717
168889
168907
169086
169110
169126
169123
169525
169691
169894
170179
170230
170437
170764
170772
170790
171039
171072
171191
171224
171252
171312
171605
171626
171861
171894
171992
172192
172242
172514
172535
172748
173045
173575
173729
174187
174207
174244
174308
174561
174962
176199
176256
176655
176647
177460
177873
177885
177916
177953
178434
178464
178589
178607
178736
178791
178847
179068
179094
179108
179840
179955
180230
180365
180529
180640
180975
180992
181044
181275
181335
182002
182231
182444
183305
183658
183884
184233
184304
184426
184675
185161
185436
185650
185814
186004
186413
186432
186447
186583
186909
186939
186950
187169
187183
187216
187263
187396
187491
187682
187820
187889
188052
188161
188208
188209
188316
188334
188556
188717
188810
188997
189386
189455
189736
189797
190826
191061
191137
191528
191871
191872
192207
192361
192659
192678
192702
192768
192809
193175
193228
193289
193317
193452
193747
193895
194448
194488
194665
194892
195268
195626
196163
197212
197453
197620
197726
198454
198487
198581
198765
198831
198909
199111
199282
