510.11
929.69
1324.66
1341.08
3252.17
3575.95
4765.66
5265.34
5722.43
6631.38
7417.79
9943.5
10015.5
10511.2
10572.3
11504
11995
14304.6
15004.1
15495.2
15786.2
16052.9
16721.9
17151.4
17353.7
17408
18040.8
18053.1
18415
18733.4
19680
21282
21840.6
22233.8
22273.6
22687.1
23270.3
23516.9
26545
27809.5
28402.5
28418.3
29365.1
29813.7
30131.4
30202.3
30403.2
30458.8
30842.6
31789.3
32095.8
32459.4
33127.2
33492.8
33596.8
33647.8
34368.7
34805.8
35741.5
38291.9
38298.6
38882.8
38894.3
39304.1
39851.7
41542.1
44251.9
44276.6
45383.6
46239.1
46341.2
46423.6
46637.9
47859.2
48302.3
49298.2
50404.6
50994.2
51545.1
51853.7
51955.6
52698.8
53360.6
54768.6
55018.9
55035
55382.3
55693
56614.7
56736.7
57524.7
57598.6
60238
60815.7
61395.3
62557.7
63140.1
63293.7
63689.2
64761.1
67443.6
67724.3
69051.9
69531.9
69947.6
70385.6
72532.7
72573.6
72878.3
74576.1
74657.8
75016.5
75088.6
76386.1
77724.3
77861.2
79319.2
79752
80900.2
81607.3
82208.4
82269.1
82466.4
84726.7
84968.1
86392.9
86423.2
88349.1
90014.9
92076.9
92235.7
93716.7
94214.2
95565.5
96003.4
96979.6
98085.7
99419
100588
100631
105056
105287
106225
106274
106377
106848
107930
110256
111765
111888
112293
112694
113131
113192
114323
114601
115011
115460
115513
116011
118055
118311
118445
118814
118999
119182
119863
120312
121038
121380
121387
122042
122478
125561
127881
128088
129593
129917
130023
130791
130808
131078
131585
131759
132392
132483
133207
133448
134367
136121
136201
137176
137260
137641
142045
142625
143073
145185
147135
149034
150638
150931
151232
151560
151891
153885
153901
154052
154140
154343
154676
155685
156379
156909
157738
158053
158121
158325
158797
160118
160859
161137
161741
162413
162622
162987
163377
164098
164229
164981
165859
166267
166553
166905
167957
169278
169691
169831
170955
173584
173770
174075
175506
175773
176245
177119
178338
180052
180153
180886
181176
181368
182160
183253
183575
185408
185717
189392
190279
190770
191571
192395
194737
195079
195242
198468
198897
