691.1
1187.51
1287.02
2206.2
2988.82
3007.89
3153.27
4795.4
5117.88
5136.41
5827.28
6062.49
6250.98
7050.74
8980.87
9501.83
9731.16
9846.07
10270
10295.2
10423.6
10953
11274.7
11685.9
12758
13784.1
14007.6
14137.3
14502.4
14718
16341.6
16397.2
17159.3
17219.2
17824.4
17866.1
17974.4
18221.3
18366.1
18566.2
19155.4
19412
19633.9
20904.9
21127.3
21517.2
21588.3
22757.1
23324.9
23449.6
23981.3
24258.4
26024.5
26188.8
27687.6
28032.1
28275.5
29996.6
30268.1
33147.3
33336.6
33711.8
34179.8
37085.7
38002.5
38583.1
39311.1
40846.9
41015.2
41129.4
41889.2
44055.4
45503.6
45847.6
45930.9
47342.9
47423.8
47684.4
48994.8
49165.8
49189.6
49604.6
50184.6
50288.4
50491
50956.8
51369.8
51820.8
52462.3
54064.3
54702.1
54832
55076.1
55217.6
56833
56965.3
56981.7
57319.7
58605.7
59413.2
59517.7
60035.8
60514.1
60870.5
61598.5
62864.7
66826.1
67629.4
67960.5
68122.4
68339.5
68722.6
69048.5
69079.8
70078.4
71557.3
72103.8
72355.1
72538.8
74096.9
74163.8
75542.7
76047.9
81339.4
81724.2
81759.6
82139.3
83004.5
83185.5
84538.9
86736.8
88260.1
88348.6
88672.5
90711.2
91017.2
91583.2
91635.5
91753.8
92118.4
92398
92766.9
93014.6
93495.9
94393.2
94579.6
95344.8
95799.6
97334.3
98515
100211
100219
100290
100631
104792
105245
105615
106049
106213
106638
107377
108687
110116
111552
111573
111996
112729
113061
113948
114187
114396
114915
115143
116374
117538
117556
118029
118069
118645
118893
119372
119842
120182
120805
121098
121207
121656
125338
127749
128496
129072
129354
129792
130074
130302
130605
133097
134662
135571
135975
136585
137606
138752
139001
141342
141631
141814
145592
146306
148584
149314
150270
150557
152691
153129
153320
154057
154161
157155
157214
157872
158021
159311
159788
160312
161354
161825
162060
162148
162626
163736
163822
164034
164133
164817
166051
167504
168620
169055
169254
169649
170747
171321
172281
173618
173957
174331
174557
174917
175937
176086
177042
177443
178613
178643
179650
180717
181012
181565
182331
183327
183558
185125
185391
187749
188475
190557
190715
191252
191561
193778
195944
197684
198362
199997
