353.87
412.98
1153.48
1245.13
2251.23
2792.29
3674.67
4586.99
4749.45
5012.28
5170.11
6475.49
7463.53
7545.22
7560.24
7772.18
8113.82
8468.3
8649.35
8968.44
9665.08
10279
11507.9
12371.4
13123.9
13180.4
13714.6
13914.8
14337.5
14551.7
14683.7
14780.9
15417.8
17667.6
17920.7
18075.8
20364.4
21712.4
21738.1
22874.5
22962.2
22981.7
23074.6
23363.8
23455.2
23679.6
23949.1
24535
24661.9
24750.6
25105.9
25203.5
26598.8
27583.9
27815.2
28207.8
28291.5
28951.7
29031.9
29050.8
29144.6
29421.7
29997.6
30211.7
30229.8
30566.2
30896.4
31040.3
31260.9
34859.7
34880.5
36378.2
36417.4
37276
37446.1
37468.4
37499
37959
38000.6
38324.5
38579
38643.7
40064.3
40084
40646.8
40708.6
40937.3
41148.6
41344.7
41783.1
41871.4
41975.9
42003.3
42816.3
43128.7
43415.6
43907.4
44009.2
44005.8
44304.9
44496.1
45186.6
45255
45969.5
46297.1
46444.9
46660.9
47055.9
47670.9
47684.8
50787.8
51037.9
51409.8
51545.6
52644.4
52791.2
52989.9
53012.6
53133.7
53520.4
53646.9
53692
54208.5
54491.9
54811.9
54831.9
54880.7
55214.5
55379.7
55843.2
56548.7
56946.8
57604.8
57935.1
59284.3
59293.7
61194.5
61886.9
62046.2
62152.9
63486.5
65174.9
65634.8
65959.4
66360
66579.6
68053.5
69377.6
70010.7
70407.2
70761.9
70984.3
71697.8
71870.3
71939.2
72178.2
72551.4
72642.6
73346.5
73426.5
73505.6
74209.4
74411.6
74827.9
75095.1
75224
75373.1
75745.4
75840.9
75892.6
75955.4
76294.4
76348.8
76516.1
76558.1
77293.2
77544.5
77683.2
78076.9
78211.1
78698.3
78772.7
79706.5
80368.2
80675.7
80735.1
80819.7
81240.9
81303
85506.2
86600.1
86641.9
87008.1
87112
87419.6
87981.6
88226.4
89164.1
90333.6
90560.4
92457.1
93099
94054.8
94290.3
95176.6
95836.5
96213.1
96441.2
96475.3
97124.3
97184.1
97499
98007.3
98024.8
99141.2
99158.3
99299.7
99601.4
99742.7
99856.6
