991.24
1145.45
1937.48
2400.91
2491.05
2987.56
4192.49
4265.5
5336.84
5389.59
6248.33
7197.11
7604.33
7760.18
8377.64
9845.19
9982.2
10328.2
11667.4
11762.5
11999.8
16130.8
55384
82913.9
83823.2
84824.8
85192.5
87823.8
87926.7
88265.6
90067.3
90192.5
90433.6
90933.9
92233.8
92878.7
94492.1
94941.3
95429.4
96251.3
96851.2
97673.4
98462.4
98869.6
100664
100832
101469
101763
102870
104458
104998
106768
107709
109128
111655
112202
113042
113285
113856
114157
114766
114965
115443
116089
116347
116415
116880
118363
119145
119750
120040
121534
123195
123723
123779
124368
125520
126488
127249
128007
128522
129262
130287
130462
131455
131613
132279
133250
134007
134050
134841
135500
140043
140379
141054
146450
181529
