726.64
1791.49
2759.71
3309.35
3900.88
4976.14
5347.15
5621.03
5749.21
6631.29
7452.02
8779.61
10224.3
10770.7
11527.7
11707.6
12435.6
14045.3
14176.6
14701.4
16538
16607.7
17013.3
17319.2
17333.5
17851.8
18572.9
22409.2
23964.3
25435.8
28843.4
29422.5
30107.1
30548.2
30900.4
36797.3
38408.9
39537.5
40899.2
41113.6
42855.8
43550.5
45192
45458.3
51872.1
52131
52328.9
54494.5
55669.7
56171.6
58435.1
59201.2
59726.3
59920.9
60460.6
60817.1
60849.1
61271.5
61749.7
62046
62115.6
62976.9
63908.1
64316.2
64637.5
66052.8
67090.2
68766.5
74097.1
74982.3
80977.4
83873
84334.7
84968.3
85223.4
87474.3
87673.1
87923.8
88403.7
90951
93524.8
95039
95415.7
98276.2
99593.2
101433
102570
103645
103762
104810
105009
107275
109741
109800
112154
118641
121151
121447
127417
127630
129036
129237
129335
129774
131601
133626
133711
136466
138228
138476
138818
142223
142813
145360
146318
147347
151572
152311
157721
159768
160904
162112
163756
164023
164600
165296
165315
165491
165654
167606
168285
169932
170401
170658
171431
172978
176543
177231
177585
177745
179524
180481
181579
183307
186355
187322
189078
189374
190027
190800
192214
192959
196047
196756
197540
197905
197963
199574
