278.75
1519.76
1985.52
3660.47
4129.2
5198.92
5713.47
6688.75
7080.07
7101.8
7298.45
7472.41
7525.37
7530.71
7764.48
7796.62
8974.81
10456
10924.1
11904.2
12274.4
13914.4
14269.4
14552.5
15510.8
16240.2
19004
20674.2
21379.5
21891.5
26069.4
26666.4
27029.1
27171.1
28496.8
29108.1
29574
29722.3
29766.9
30199.8
31397.7
32022.9
32146.5
32683.5
32824.2
36171.8
36192.1
37162.8
38394.2
41678.2
41859.6
41980.7
42586.8
42867.9
43677.7
43917.6
44157.4
45735.5
46111.1
46812.6
46852.1
46944.2
51483.9
53602.6
58017.9
62029.8
63006.1
63216.8
63839
64231.7
66009.1
66629.6
66818.1
66830.3
67483.7
68360.3
70714.7
71441.7
72311.6
72727.8
72734.3
73003.9
73282.8
74732.2
76085.1
76304.8
77639.1
78682.4
79693.1
80268.6
81224.4
81253.3
81489.2
82171.8
82426.5
82820.3
83851.9
84747.3
85281
85963.5
86307.8
86730
87687.8
87852.6
88118.5
88258
91062.7
91975.2
92721.5
93205.8
93450.7
93458.7
94098.6
96801.1
100538
102008
102682
102926
104116
106193
107188
108191
110029
111220
111774
113586
113723
113891
114461
114614
116411
117116
118887
119350
119382
120544
120833
121490
123112
123750
124494
124781
124896
126597
126811
127587
131219
132656
133965
135829
137491
139107
139738
139969
140650
140897
141515
141902
142505
143768
144988
145038
146226
146322
147541
147894
148173
150290
151581
152393
152584
153012
153308
154153
154954
155119
156429
158501
162951
163180
163332
163410
169895
170102
170198
170381
173230
174327
175913
176249
176842
179439
179550
180343
181277
181546
185237
186005
186051
187330
189542
189763
191587
192227
192387
192449
192716
193461
195197
197155
197795
199619
199639
