123.22
1842.68
1919.49
1951.5
2766.68
2822.82
3366.47
3812.67
5230.85
6569.05
6816.89
6945.47
7231.81
7269.12
7573.9
7867.51
8080.74
8235.62
8802.08
9900.84
10295.1
11096.9
11310.8
11317.3
11979.1
12344.9
13529.4
14062.7
14335.4
15342
15841.4
16078.4
16911.5
18122.4
18924.8
19225.7
19608.9
19626.3
20842.6
21066.1
24453.7
24989.4
25818.4
26078.8
26506.3
26868.5
26886.6
28299.4
29081.2
29291.1
29384
29442.3
29790.1
29870.5
31013.6
31057
31347.4
32254.8
32505.4
32717.2
33006.9
33609.1
35973.8
36089.6
36325.3
36931.4
37347.9
37965.8
39249.8
39843.7
41184.8
41498.6
41919.1
42264.6
42420.8
42951.8
43324.4
43434.1
43706.2
44344.1
45021.5
45197.9
46504.6
46548
47778.8
49251.4
49648.6
50038
51122.3
51301.8
53160.1
53462.5
53977.9
55299.6
56211.9
58599.9
59019
59018.1
59638.4
59968.7
61156.1
61524
61894.8
61898.4
62424.3
62666.5
62762
64075.4
64273.2
64461.5
65649
65863.4
66232.5
69115.8
69352.4
69408.1
69700.4
70380.1
70657
70972.2
72318.7
74128.4
74595.6
74840.8
74927.3
75295.7
75690.8
75791.9
76756.8
76777.9
76788.7
77546.5
77581.6
77939.3
78461.1
79182
79286.6
79555.9
80190.1
80373
80920.5
81260.7
82170.6
82660.2
82728.7
84260.5
84333.2
84363.9
85256.9
85760.6
86119.7
86538.2
86589.6
88014.7
89616.4
90293.9
91755.4
93066.8
93178.9
93755.4
94194.8
94744.9
98641.2
99659.3
101111
101345
101720
102565
103930
104138
105504
105999
107227
107756
107904
108483
109950
110515
110692
110742
110983
111222
111261
111481
112140
112428
112811
113121
113327
113512
113817
114238
116191
116194
116734
116758
117027
117342
117817
118250
118757
118930
119043
119830
120258
120401
120442
120909
123011
124350
125469
125559
126222
126411
127155
127436
127780
128097
128317
128591
129927
130101
130764
131122
131568
132577
133782
134220
134979
135234
135747
136154
136740
137260
138386
138661
138960
139433
139566
139588
139815
140157
140500
141110
142152
143978
144443
144820
146230
146504
146661
147083
147232
147799
148929
149954
150070
150158
150598
150852
150941
150940
151428
151483
152106
152424
153361
155824
156306
156653
157095
158145
158162
158666
158916
159552
160317
162227
162592
163049
163183
164821
164905
165225
165277
166058
167185
167427
168132
168198
168339
169340
169936
169983
170233
170596
174075
175024
175485
176188
176709
176728
177880
178372
178472
178993
179085
179369
180965
181390
181439
182361
183895
185147
187706
188354
188584
188750
190418
190855
190970
191593
191889
192329
192954
193136
193403
194954
197393
198769
