828.59
1193.44
1379.45
2116.18
3643.64
3715.39
6110.82
6317.79
7086.25
7591.59
7920.88
8193.68
10274.8
10366.7
10494.8
12334.1
12335.6
12633.8
12828.6
16967.5
17196.7
18035.5
18458
18597.5
19234.4
19798.9
19936.1
20609.5
23131.6
23406.5
25047.2
26973.8
27580.6
27849.9
29349.9
32042.6
32413.7
32906.4
33073
34278.1
36860.6
37259.1
37450.7
37567.2
37678.9
38635.8
39449.5
40108.4
40137.5
40213.3
40235.8
41226.9
41325.8
42057.4
42972.1
44322.5
44653
44809.9
46358.1
46412.1
47407.3
47771.3
48111.7
48518.5
49474.8
49476.9
49713.8
52373.4
53032.9
54213
54223.6
54785.2
54834.6
55365.1
55413
58775.3
58803.5
59275.6
59334.8
59725.4
59727.5
60007
61260
62030.2
62125.3
62515.3
62618.9
63653.7
66140.4
66452.6
66586.9
66881
68607
70186.9
70397.9
78921.7
80544.6
80848.8
81177.5
81339.5
81737
81756.4
82807.4
82993.2
85233.1
85580.2
85647.3
85841
86205.2
87882.5
88175.6
88511.8
92755.1
92924
93185.4
96221.5
96441.5
97643.2
99046.8
