672.71
786.93
1006.21
1484.22
1755.71
2023.23
3843.5
4720.4
5188.42
5676.56
5904.16
6624.23
9326.44
9772.34
11533.1
11918.6
18059.3
18568.4
19877.1
21147.1
21510.9
22421
23393.6
24058.9
24729.6
24833.9
24926
25334.9
28009
28068.7
28558.4
29398.7
30517.5
32197.2
34280.3
35156.6
36016.4
36474.4
36774.9
37840
37958.7
39942.5
40153.1
42674.3
43517.1
45322.6
45990
46736.5
46919.3
48433
48602.3
51266.4
51753.7
52244.1
54669.2
54947.9
55514.4
57501.3
58144.8
58870.3
59271
59559.2
60160.1
61093.2
63506.5
63716.4
64457.2
65755.9
66597.9
69892.5
71357
72399.6
73129.1
74400
74993.9
75165.3
75581
75755.9
76566.5
78092.6
78916.2
80147.7
80574
83546.2
85665.4
87242.2
88030.9
88791.5
88943.4
93510
93759
94968.6
95118.2
95412.2
97031.6
99737.9
99764.3
