289.97
614.09
1070.9
3768.48
4553.79
4903.9
5529.34
6410.43
9809.95
10352.1
11080.2
11325.7
12702.1
12943.7
14958.7
16947.9
19466.4
20617.6
21454.8
22215.5
22312.8
26476.8
26516.7
27328.4
28144.6
29625.3
30073.3
30109.5
31111.5
31274
31596.4
31635.7
33660.9
34831.3
35400.4
36152.9
37537.1
38589.5
40059.8
42133.3
42674.8
43126.9
43830
44745.3
46012
46365.5
47104
47737.3
49288.8
51113.4
51448
51760
52123.4
52431.2
52791.4
52885.4
53990.4
54249
56451
57025.5
57922.6
59043.1
60135.9
62971.1
63070.2
64794.3
65562.2
66041.3
66495.1
66848.3
67008.8
68217.7
68261.6
68598.1
69221
69492.9
71388.7
72210.2
73007.8
73849.8
74138
76196.1
76524.1
77377.8
77903.1
78174
78565.5
79732.7
80687.5
80926.7
82819.3
87368.8
89939.6
90087.7
91174.4
91389
91919
95583.5
99645.1
101311
102375
107711
108538
109471
109713
111358
113137
114050
114656
114749
115697
118682
118755
119107
120208
121369
122810
122997
123866
125057
126055
126731
127525
128248
128379
128940
129507
129952
130067
130935
131340
131618
131870
132300
132822
133387
133810
133964
134205
134589
135001
135103
136137
136698
136756
136859
137228
138796
138930
139278
139279
140307
141818
143303
144773
145458
146868
147197
147348
147648
148046
148738
149121
149358
149813
150358
150381
150521
151187
152622
152996
154844
155229
155693
157342
157387
159726
161779
163704
164816
165878
166143
166969
167498
168074
169016
169309
170668
171332
172956
173739
178260
178383
179114
179395
180143
180722
180930
181725
183228
183891
184170
184510
185444
186159
186186
186908
188656
189259
189816
190068
190312
190435
190734
190783
191227
191628
192324
193096
193579
193638
196502
196639
197251
197747
198144
198536
