132.86
378.96
668.92
801.69
897.23
1224.6
1311.4
2079.3
2105.88
2343.31
2372.05
2739.22
2780.16
3385.4
3399.61
3562
3610.32
3890.94
3909.53
3926.53
4261.57
4376.31
4553.25
4647.31
5017.16
5153.94
5169.39
5285.71
5468.92
5482
5647.94
5749.56
6238.93
6490.64
6690.12
6866.58
7085.29
7168.14
7267.01
7312.73
7541.55
7559.17
7577.32
7607.59
7614.59
7663.96
7902.13
7940.01
8339.48
8386.39
8400.62
8555.62
9192.86
9280.94
9669.04
9907.98
10783.8
10837
10949.8
11072
11127.5
11240
12306.4
12324.4
12340.6
12733.2
12796
13236.7
13675.6
14080.1
14423.7
14552.9
14767.1
15036.5
15275.9
15851.8
16019.2
16027.6
16069
16102.3
16155.9
16415.9
16452.6
16480.3
16489.2
16588.9
16609.6
16603.9
16703.7
16782
16853.5
17059.9
17617.9
17626.8
17721
17926.5
18060.7
18140.5
18397.1
18432
18541.2
18609.1
18728.2
18963.2
18983.3
19206.3
19305.6
19487.5
19669.7
19945.9
19945.8
20295.4
20333.6
20512
20723.6
20738.2
20912.6
21013.1
21063.5
21157.6
21225
21511.8
21873.9
21914.7
22268.1
22330.2
22711.9
22873.4
23181.8
23210.1
23240.5
23391.1
23455.2
23517.3
23936.7
24127.2
24201.2
24285.5
24304.3
24464.2
24615.8
24809.4
25043.4
25110.3
25243
25276.7
25538.5
25592.1
25685.6
25984.6
26376.6
26498.1
26656.6
26727.3
26761.5
27318.6
27826.4
28071
28228.1
28340.3
28423
28551.6
28613.7
28672.4
28767.7
28784.5
29099.5
29237.8
29263.1
29480.4
29687.1
29954.5
30125
30609
31225.8
31327.4
31806.2
31958.1
32016.6
32340.9
32413.4
32545.9
32870.5
32998.7
33216.2
33436.2
33626.1
33790.7
34192.4
34324.5
34427.3
34581
34655
35049.2
35084.6
36191.5
36583.3
37111.1
37286.5
38069.8
38090.4
38353.2
38586.6
39197.9
39222
39381.7
39619.7
39888.9
39917.9
40143.8
40167.6
40475.4
40606.3
40960.5
41071.5
41104.9
41610.4
41766.2
41836.4
41843.4
41956.2
42156.6
42364.7
42500.6
42531.7
42738.4
42802.9
42842.3
42930.7
42944.6
43328.4
43360.5
43601.1
43959.7
44108.6
44307.5
44457.6
44635.2
44641.8
44896.2
45211.6
45373.2
45642
45751.9
45994.9
46245.4
46250.1
46438.2
46801
47430.9
47606
47727.3
47979.1
48101.1
48112.8
48399.3
48664.2
48883.8
48961.2
49203.5
49208.9
49599.1
49645.2
49791.6
50084.1
50357.4
50502.9
50721.2
50985.6
51045.6
51066.1
51111.7
51354.9
51514.3
51576.9
51608.1
51670.3
52054
52059.5
52096.2
52650.3
52779
52931.9
53158.7
53795.2
53922.4
53978.1
54449
54464.4
54749
55137.6
55436.6
55539.5
55539
55737.8
55788.9
56228.4
56854.6
57009.3
57284.5
57446.6
57552.8
57595.2
57815
57869.5
57892.7
58340.5
58409.3
58469
58611.1
58617.9
58654.1
59018.9
59029.3
59103.8
59268.2
59354.4
59768.9
59823.1
59885.9
59900.7
60144.1
60213.1
60223.4
60587.8
60607
60837.5
60919.3
61003.1
61111.2
61214.2
61493.4
61558.6
61737.3
61934.4
61996.5
62103.4
62179.5
62273.3
62374
62557.7
62665.7
63184
63788.7
64062.9
64072.6
64296.5
64592.8
64669.1
64703.1
64707.5
64786.3
64922.6
64997.5
65156.9
65401.4
65727.1
65893.1
65937.8
66097.6
66128.6
66419.3
66503.4
66625.7
66630.9
66878.1
67045.5
67266.6
67652.7
67667.6
67721.8
68077.6
68167.4
68201.4
68247.5
68273.7
68301
68367.7
68518.2
68526.2
69013.3
69175.4
69393.9
69534.7
70089.8
70647
70692.1
71112
71682.4
71749.1
71803.3
71935.7
72018.8
72177
72534.7
72560.6
72875.7
72938.2
73219.3
73515.9
73531.4
73969.9
74100.1
74149.6
74612.3
75852.4
75906.7
76678.6
76985.3
77491
77635.6
78023.3
78067.1
78380.6
79113
79197.3
79306.6
79424.5
79564.4
79755.5
79773.6
79850.5
80179
80336.2
80443.8
80696.8
80708.3
81537
81735.4
81867.2
82002.1
82088.5
82244.5
82373.3
82516.6
82675.8
82804.4
82827.1
82889.5
82914.3
82952.9
83058.8
83329.8
83598.1
84060.9
84124.3
84194.2
84419.7
84490.4
84682
84966.3
85107.6
85458.4
85770.4
85914.6
85944.8
86029.6
86054.5
86241
86554.9
86633
86771.2
87176.7
87204.2
87538.9
87671.7
88525.5
88640.2
88776.3
88863.2
89152.3
89429.6
89450.6
89510.6
89559.9
89714.4
89867.4
90371.2
91216
91429.8
91706.1
91946.4
92485.2
92573.5
92847.8
93283.4
93374
93414.3
94213.5
94349
94580.9
94738.9
94767.7
94816.7
94872.6
94935.8
95073.5
95071.5
95180.6
95243.8
95603.2
96300.1
96717.1
97141.7
97203.3
97239
97780.6
98134.4
98121.8
98614.6
98668
98737.1
98949.5
99242.2
99444.3
99503.2
99737.6
99854.5
100094
100274
100291
101663
101871
102068
102135
102241
102392
102503
102608
102635
102899
102961
103096
103368
103533
103595
103786
104153
104397
104930
105163
105912
106034
106367
106455
106457
106485
106490
106487
106667
106690
106759
106870
107000
107066
107166
107279
107296
107305
107535
107589
107692
107720
107877
108489
108589
108645
108740
108816
108952
109150
109445
109577
109592
109675
109857
109938
110036
110074
110217
110281
110348
110507
110699
111268
111877
111943
112031
112016
112444
112790
112947
113159
113189
113211
113354
113382
113437
113772
113793
113830
113819
113831
114187
114216
114239
114530
114550
114753
114768
114827
115256
115361
115416
115496
115734
115746
115790
116033
116256
116339
116649
116676
116870
116900
116951
117028
117515
117542
118039
118168
118339
118764
118784
119024
119155
119213
119301
119549
119575
119681
119789
119946
120050
120104
120414
120497
120541
120572
120880
120914
121120
121238
121252
121540
121675
121950
122073
122158
122561
122752
122812
123047
123262
123294
123355
123777
123804
124042
124109
124246
124259
124697
124772
124936
125047
125114
125155
125165
125241
125551
125730
125851
125943
126188
126292
126709
126990
127694
128464
128474
128609
129136
129335
129518
129557
129884
130215
130223
130253
130334
130549
130556
130632
130656
131219
131348
131420
131617
131817
131954
132033
132316
132312
132360
132394
132534
132539
132633
132795
132884
133186
133235
133687
133848
134089
134112
134336
134374
134648
134680
134839
134916
135040
135108
135165
135667
135987
136121
137058
137109
137150
137286
137480
137528
137580
137663
137889
137940
137967
138127
138163
138274
138409
138722
139025
139393
139400
139779
139847
140028
140111
140136
140206
140408
140736
140940
141462
141608
141856
142260
142314
142598
142721
142722
142795
142945
142943
143420
143480
143789
143796
143813
144298
144533
145589
145836
145921
145964
146146
146192
146237
146305
146381
146554
146734
146740
146850
146968
147008
147062
147101
147204
147266
147442
147470
147537
147911
148132
148172
148428
148629
148712
148704
149128
149335
149418
149829
149953
150164
150214
150343
150449
150749
150803
151124
151512
151657
151836
151893
151932
152293
152833
153125
153175
153218
153567
153649
153670
153731
154062
154090
154206
154316
154647
154940
155045
155169
155220
155647
155824
155883
155996
156060
156324
156460
156550
156931
156985
156987
157103
157295
157370
157417
157520
157690
157709
157827
157824
158016
158072
158060
158390
158445
158902
159041
159108
159443
159509
159609
159766
160254
160412
160487
160527
160627
160746
160759
160767
160832
161127
161141
161198
161225
161431
161581
161620
161934
162487
162545
162645
162781
162878
163027
163102
163196
163212
163295
163374
163397
163454
163463
163637
163639
163976
164045
164041
164281
164634
164800
164848
164960
165031
165462
165934
166005
166216
166286
166365
166456
166517
166585
167063
167127
167304
167296
167350
167351
167438
167607
167834
167820
168032
168075
168258
168607
168662
168744
168939
169031
169021
169084
169328
169413
169540
169645
169908
169968
170043
170089
170194
170288
170810
170813
170958
171010
171140
171271
171675
171704
171831
171969
171970
172393
172674
173224
173519
173884
174367
174957
175422
176225
176385
176578
176696
176702
176789
177033
177129
177128
178064
178254
178331
178335
178407
178894
179498
179699
179694
179701
179808
180007
180138
180462
180955
181107
181420
181472
181622
182353
182406
182434
182438
182647
182917
183700
183774
184262
184721
184985
185036
185248
185389
185950
186164
186251
186352
186433
186606
186862
186879
187263
187570
187645
187682
187811
187900
187945
188011
188022
188640
188782
188795
188947
189031
189140
189292
189396
189437
189469
189529
189618
189727
189775
189983
190041
190352
190381
190399
190532
190581
190741
190824
190884
190991
191025
191199
191369
191588
191974
192220
193060
193124
193185
193232
193648
193915
194013
194142
194197
194209
194425
194693
194856
194911
195019
195079
195156
195275
195479
195631
195738
195957
196103
196194
196286
196531
196670
196748
196769
197019
197084
197428
197753
197954
199062
199347
199441
199476
199515
199683
199955
