1091.69
2713.87
7482.4
8376.05
11728.4
12607
13801.8
14980.9
15106.3
15224.1
16807.7
16939.6
17018.3
17635.5
19877.8
20588.9
24330.4
24342.8
26085.8
28210.7
28786.1
31174
33512
37461.7
38976.3
40860.6
42389.5
43455.1
44514.4
46264.6
47370.5
50459.5
51004
51896.8
55705.5
57498.6
58263.8
58741.5
58990.1
65095
68462.3
69226.1
70501.5
73107.7
73443.4
74297.6
75637.7
75850.1
77607.1
80661.8
82998.9
83370.3
86067.1
88159.3
88634.1
88935.5
90702.6
91241.4
91254.3
91622.6
91816.4
92050.2
92512.3
94330.5
96940
97204.5
98886.5
