337.85
1177.26
1325.87
1773.54
2165.19
2234.69
2534.64
2576.39
3526.7
3834.34
5020.47
5371.46
6104.57
6492.83
7183.12
7276.56
7880.29
7954.49
8954.89
9250.6
9556.17
10128.5
11496.7
11752.4
11988.1
12112.7
12998
13427.3
14795.1
15141.3
15751.2
16030
16223.8
16465.3
16799.8
16946.5
17001
17245.7
17854.9
18199.1
18497.9
19055.3
19593.2
19640.1
19673.7
20320.9
21131.9
21592.3
22611.9
22862.6
24236.5
24323
25302
26277.7
26750.2
27362.2
27817.4
27932.6
29001.6
30074.7
30334.3
30750.2
30857.9
31051.8
31310.3
32866.3
33128.1
34587.4
35309
35759.3
35843.1
36355.7
37115
38172.7
38774.5
40229.4
40820.7
40959.5
41880
42639.4
43084
43099.6
43745.8
43799
44024
44253.7
45273.6
45375.8
45660.3
45782.7
46474.2
46985.7
48402.8
49321.6
49979.7
50039.1
50811.7
51263.8
51756
52752
54078
54704.2
55028.9
55324
56047.5
56044.8
57127.2
57711.3
57821.5
58234.8
59085.6
59230
59422.5
60054.4
60665.1
61368.7
62407.7
62441.1
63921.8
64207.6
64212.1
64445.5
64497.6
64566.2
64899.3
65536.1
65920.7
67547.4
68132
68595.7
68749.8
69605.5
70317.7
70390.3
70614.7
71555.6
72234
72565.4
72989.3
73004.6
73398.1
73849.5
74505.2
74996.7
75558.5
75591.5
76437
77491.7
79647.6
82116.4
82823.5
83208.6
84650.1
85130.3
85406.3
85545.8
85613.7
85905.8
86507.1
86617.4
86642.7
87030
87737.3
87757.1
87902.4
88089.6
88244.4
88294.9
88624.2
88825.1
89121
89641.2
90085.3
90154.6
90289.6
90752.1
90872.8
91159.3
91415.1
91552.5
92405.8
92603.6
92874
93009.5
93683.6
94025.7
94028.4
94516.9
94527.6
94692.9
95297.3
95380
95583.7
96090.1
96871.6
97013.2
97585.5
98037.3
98333.7
98447.4
98582.6
98829.5
