157.18
1369.07
1551.29
1824.85
2871.27
3218.11
3368.36
3682.97
3861.8
5157.9
5380.11
5453.26
5975.45
6480.22
7841.7
8292.31
8991.68
9619.97
9664.13
9670.22
10592.1
10741.2
10832.3
10844.1
11119
11848.4
11894.1
11984
12394.6
12706.7
12901.9
13170.9
14718.7
15889.2
16644.4
17940.3
18063.5
18176.5
18181
18790.2
18876.8
21289.2
21402.3
21526.2
21953.5
22837
23040.5
23147.4
23375.2
23697.9
23702.5
24007.2
24130.3
24462.1
24609.9
24990.1
25031.2
25469.3
26114
26180.1
27847.9
28000.8
28304.3
28558.5
28612.7
29655.1
30037.8
30649.1
31406.2
32333.1
33235.8
33311.6
34427.7
34580.5
34891.8
35064.9
35251.9
35541.5
36553.1
36594.8
37551.6
38183.3
38352.6
39052.8
40359.3
41197.7
41260.1
41579.4
42161.5
42346
42988
43026.6
43259.8
43283.5
44587.7
44880.1
45012.3
45259.5
45520.3
45716.7
46202.8
46786.8
46962.8
47249.6
47575.3
47875.2
48102.5
48115
48367.5
48376.8
48783.1
48883.4
49149.1
49414.7
49752.3
49876.7
49925.6
50178.8
50515.9
51061.7
51279.4
52842.9
53403.5
53763.6
53970.4
55816.5
56058.2
56174.9
56534.6
56581.5
57367.1
57463.7
58019.9
58151.6
58555
58847.3
59186.5
59525.7
59822.4
61726.8
62859.7
63040.8
63286.6
63376.4
63419.8
64215.5
64479.8
64997.8
65210.2
65409.6
65531.3
65699.4
66427
66943.8
67160.7
67250.1
67585.8
69212.4
69383
69489.3
69661.3
69807.7
69841.1
70453.3
70488.3
70675.9
71557.5
72400.1
73119.6
73503.6
74015.5
74432.6
75007.2
75457.2
75674.4
76059.1
76155.6
76640.6
76722.4
76760.3
76942.6
76975.1
77356.7
78344.6
79792.6
79896.8
80608
80648.6
80869
81371.9
81585.1
81666.7
81908.9
82226.5
82711.8
83042.1
83281.5
83631.4
84051.9
84207.7
84385.4
84582
85295.5
85332.3
85914.5
85974.1
86053.1
86249
86365.8
87388.2
87436.5
87508.6
87902.4
88236.6
88626.3
89273.8
89655.2
90259.1
90310
90787.2
91014.7
91068.3
91092.1
91085.9
91788.7
91822.9
91958
92040.8
92371
93229.4
93460.7
93734.6
93806.2
93894.1
94625.9
94655.9
94890.4
95120.8
95255.6
95579.1
96126.5
96425.2
97061.7
97505.7
97863.8
98079.1
98235.4
98429.1
99330.1
99384.6
99744.3
99783.8
99977.5
99985.8
100149
100202
100560
100855
101396
101402
102056
102779
102941
103386
103442
103779
104259
104318
104710
104855
105797
105895
105949
106134
106444
107126
109572
110315
111188
111615
111805
111958
112237
112688
112710
112695
112851
112864
112950
113044
113392
113761
113866
114148
115442
115901
116401
116391
116687
117351
117909
118306
119122
119265
119288
119609
119904
120321
120561
120583
121313
121342
121844
121982
122058
122674
122945
123412
123679
125538
125702
126979
126980
127060
127478
128055
129044
129146
129480
130242
130827
131851
131946
132410
132816
132821
133649
134392
134833
135073
135465
136483
137293
137594
138673
138770
138829
139052
139170
139356
139428
139676
139919
139947
140188
140468
140826
141234
141434
142037
143634
144291
144395
144543
144636
145691
145740
145956
146153
146623
147047
147464
147707
148341
148781
148775
149200
150036
150059
150615
150972
151115
151896
152836
153683
154275
154300
154398
154538
155070
155084
155566
155593
156282
156634
156739
159313
159348
159571
159586
160309
160326
162718
162849
163012
163383
163796
164068
164289
164381
166130
166186
166617
167281
167572
167644
168765
169127
169139
169443
169585
169920
170490
170972
170965
171610
171810
172116
172815
173223
173735
173781
174963
175538
176003
176051
176647
176669
177724
178013
178699
178978
179085
179585
180142
180635
181196
181471
181914
182007
183084
184731
185136
185259
185540
186442
186593
186653
186741
186879
187271
187254
187295
187555
187742
187835
187838
188436
188442
188546
189186
189518
189634
189885
190375
190569
190671
191271
192036
192122
192606
192964
193009
193349
193739
194314
194463
194459
194491
195107
195564
195895
195965
195985
196388
197226
197239
197542
197758
197905
197956
198900
199799
