194.29
1890.07
2684.69
3081.9
3254.98
3420.07
3587.39
3761.69
4460.17
4576.81
4633.53
5001.68
5620.86
6419.89
7283.29
7358.65
7585.24
7853.75
8232.52
8267.65
9495.34
9581.17
9920.44
12598.3
13076.7
16664.5
17548.3
18080.2
19546.9
20285.5
20538.7
20541.3
20974.8
21277.5
21748.9
22461.7
22707.5
22987
26811.1
27752.9
28328.7
28335.3
29011.5
29542.3
30010.3
30867.8
31461.7
31774.5
32165.9
32274.9
32300.1
32449.9
32496.3
32898.4
32911.9
33107.6
33131.2
33772
34453.6
34566.2
34678.1
35896
36076
36197.7
37101.8
37412.4
38156.2
39432.5
40658.8
40743.8
41088.1
41246.1
41378.8
41631
41668.7
41994.9
42003.9
42102.8
42247
43735.8
43834.2
44087.8
44192.8
44881.4
46312.4
46326.2
47526
47774.8
47867.1
48589.4
48946.4
49262.9
49701.2
49717.8
49879.6
50393.6
50511.6
50816.2
50961.2
51230.4
51945.8
52826.5
53055.3
53127.4
54227.6
54281.9
54675.4
54910.7
56395.5
56469.7
57390.3
58058.3
59088.9
59481.1
59591.9
59998.3
60393.7
60478.8
61172.9
61643.1
62378.5
63613.4
63823.9
64183.9
65820.5
66318.3
66603.8
66779.5
67030.2
68300
68749.4
68995.1
69681.3
69961.1
69982.7
69995.3
70502.2
70602.7
71711.1
72113.1
72418
72615.2
73290.1
73396.2
73473.2
76467.8
76734.2
76861.7
77075.2
77170.5
78284.2
78637.6
79107.8
80246.9
80299.1
80363.8
81174.1
81773.4
81804.4
82218.6
82870.2
83199.2
83415.5
84233.7
84306.8
84569.8
84760.9
85318.9
86672.8
87766.6
87830.8
88408.7
89585.1
90002.2
90198.8
90276.9
90460.6
90483.4
94250.5
94530
94669.9
94851.3
96431.8
96624.8
96916.9
97848
98016.1
99031.7
99349.4
