101.92
147.14
183.5
491.79
1220.91
1371.4
1477.5
1560.61
1616.25
1631.59
1951.1
2019.69
2304.47
2453.84
2454.43
2708.93
2807.26
3019.8
3057.55
3246.35
3548.68
3607.93
3702.49
3774.48
3880.12
4533.81
4667.65
4957.31
5276.29
5338.86
5376.11
5455.01
5762.09
6181.54
6198.61
6421.49
6491.45
6512.55
6601.52
6917.42
6920.92
6948.12
7273.4
7528.8
7585.93
7886.67
7887.29
8239.77
8619.85
9024.11
9110.98
9293.18
9496.1
9671.28
9677
10004
10023.7
10050.2
10103.9
10229.3
10369.5
10552.6
11244.2
11872
12303.9
12933.6
13587.2
13593
13667.4
13919.5
14035.5
14111.1
14429
14516.8
14556
14678.5
15831.8
16085.9
16256.5
16365.4
16845.1
16896.7
16899.9
17080.4
17278
17311
17769.3
17857.3
18531.5
18600.9
18867.8
18995
19644.1
20341.4
20720.2
21128.1
21324.2
21567.4
22006.1
22645.8
22750.6
23043.8
23352
23668.7
23705.7
23772.9
23851.4
23919.8
24390.5
25682.9
25721.4
25996.1
26171.2
26269.8
26906.3
26981.7
27287.7
28432.9
28488.7
28609
28821.3
29553.5
30715.2
31087.4
31711.5
32066.2
32096.8
32320.8
32442.9
33022.3
33079.4
33235.6
33311.1
33348.5
33494.5
33810.8
35006.7
35888.1
36326.9
36588.2
36688.1
36885.8
36907.2
37070.9
37205.9
37365.5
37530.9
37889.4
37974.3
38121.9
38220.5
38359
38588
39137.2
39249.7
39546.7
40055.6
40589.5
40745.4
40785.7
41705.8
41928.1
42146.7
42492
42676.4
42940.9
43437.6
43663.5
43892.4
44260.6
44496.6
44718.1
45239.1
45571.2
45595.9
45763.7
46003.1
46089.6
46382
46482.4
46969.2
48047.6
48705.3
48965.1
49162.2
49223.9
49439.7
49532.2
49601.9
49688.4
49935.6
50527.8
51030.2
51424
51465.7
51498.4
51799.5
51907.1
51916.8
52044.6
52176.3
52382.9
52516.9
52547.2
52601.7
52720.4
52848.5
52947.9
53182
53200.3
53326.9
53385.9
53396.2
53463
53717.3
53857.3
53894.5
54205.4
54252.4
54400.3
54681.8
54712.8
55278.4
55274.6
55325.5
55434.7
55675.7
56983.9
57469.4
57629
57837.7
58087.9
58141.5
58302.3
58437.7
58452.5
58755.2
58893.3
59009.7
59253.2
59319.6
59761.7
59889.1
59911.6
60136.1
60426
60941.8
61107.4
61473.9
61990.7
62105.9
62227.3
62340.7
62685.9
62744.5
63016.8
63133
63338
63559.4
64361.2
64406.3
64992.1
65193.6
65245.7
65387.1
65565
65739.8
65761.1
66115.1
66229.9
66385.9
66434.1
66513.1
66623.5
66987.1
66992.2
67139.9
67440.5
67593.1
67918.5
68386.4
68681.9
68756.8
68915.2
69376.4
69387.7
69723.4
70045.3
70270.5
70343.2
70871
71011.7
71231.8
71556.9
71782.6
71809.9
71922.4
72158.1
72275
72341.3
72439.7
72455.9
72608
72669.3
72840.5
72836
73007
73852.4
74516.9
74683.3
74931.1
75328.1
75752.9
75915.2
76063.4
77010.1
77070.3
77121.7
77230.3
77401.6
77565.9
77562.8
77683.3
78004.8
78190.5
78259.5
78484.8
79367.7
79401.8
79656.3
79743.7
79864.8
80028.1
80427.4
80664.9
80993.2
81205.8
81226.7
81444.7
81707
81844.2
81955.2
82155.2
83306.8
83608.2
83903.1
84128.5
84221.3
84412
84528
84843.8
84901.7
84943.3
85923.8
86067.4
86113.9
86257.5
86522.1
86580.5
86698.2
86764.2
86885.5
87155.9
87161.3
87173.8
87370.4
87493.5
87514
87601.1
88002.5
88154.3
88262
88337.4
88639.8
88870.2
89027.4
89597.1
89779.5
89986.6
90073.1
90097.1
90119
90284.9
90313.3
90346.2
90502.3
91110.4
91413
91669.4
91810.3
91839.9
91924.4
92126
92237.4
92324
92332.4
92436
92541.5
92714.6
92938.3
92982.6
93172.1
93245.2
93309.5
93349.3
93382.4
93540.5
93663.9
93664.4
93711.9
94260.2
94306.5
94456.1
94486.9
94511.7
94518.8
94875.8
94995.2
95256.8
95275.9
95840.9
95930.4
96222.8
96425.2
96641.9
97016
97101
97273.1
97334.7
98011
98718.5
98975.6
99132.7
99214.9
99409.4
99611.2
99913.4
100183
100351
100574
100731
100928
101365
101549
101665
101666
102120
102148
102178
102514
102543
102565
102892
103335
104245
104449
104705
104964
104987
105095
105178
105327
105518
105736
105796
105965
106299
106303
106373
106501
106822
106830
107772
108404
108505
109136
109155
109319
109411
109545
110042
110194
110297
110534
110585
110786
110837
110852
110871
110915
111171
111318
111513
111667
111910
111930
112135
112425
112894
112908
113037
113366
113588
113750
113771
113823
113968
114004
114093
114383
114622
114792
114843
114914
115116
115579
115590
115840
115864
116096
116501
117009
117012
117079
117764
117799
117869
118244
118491
118772
119400
120382
120422
120426
120475
120744
120925
121285
121402
121445
121688
121969
121998
122377
122686
122716
122746
122794
122902
123121
123110
123267
123433
123812
124203
124451
124977
125209
125247
125617
125719
126070
126240
127204
127331
127373
127669
128299
128869
128948
129065
129113
129434
129456
129487
129942
130415
130428
130462
131270
131499
132024
132220
132228
132233
132579
132786
133042
133143
133172
133482
133646
133785
133952
134061
134067
134337
134397
134571
134884
134894
135207
135271
135591
135756
135819
135855
135901
136194
136354
136939
137401
137405
137679
137767
138166
138205
138406
138469
138761
138868
139373
139524
139777
139800
139943
140142
140480
140758
140962
141299
141766
141786
142207
142552
143073
143446
143483
144013
144023
144400
144473
144508
144542
144752
144962
145525
145882
146044
146092
146093
146103
146201
146219
146268
146288
146430
146504
146527
146532
146635
146699
147414
147499
147825
148051
148070
148326
148603
148755
149004
149323
149443
149759
149792
149969
150451
150595
150658
150749
150767
151360
151403
151613
151886
152091
152190
152465
152687
152720
152854
153250
153273
153278
153414
153412
153661
153900
153936
154347
154463
154650
154841
154861
154918
155260
155305
155434
155908
156081
156098
156279
156380
156561
156603
156623
157270
157431
157858
157881
158052
158065
158642
158933
159770
159768
159867
159986
161033
161617
161734
162009
162210
162304
162313
162337
162490
162813
162968
163684
163746
164305
164355
164558
165775
165790
165909
166132
166313
166400
166508
166573
166673
167247
167351
168352
168491
168741
168809
169247
169746
170632
171053
171185
171814
172382
172864
172911
173278
173328
173386
173892
174298
174773
175064
175119
175531
175730
175950
176111
176345
176369
176680
176827
176918
176930
176947
176948
176958
177029
177100
177191
177504
177899
177900
178170
178213
178483
178516
178510
178588
178675
178841
178881
179259
179507
179917
180002
180150
180214
180392
180454
180599
180927
181342
181421
181685
181977
182779
183177
183482
183539
183958
184210
184743
184854
184925
185176
185218
185277
185310
185314
185334
185385
185548
185648
185860
186408
186513
186567
186787
187038
187593
187603
187897
188293
188597
188790
188993
188999
189174
189191
189204
189555
189924
189971
190207
190259
190334
190452
190744
191065
191065
191911
192166
192627
192958
193283
193306
193605
193640
193806
193830
194277
194308
194319
194548
194699
194718
194796
195263
195519
195766
195985
196047
196100
196352
196345
196376
197100
197446
197641
197708
197806
197902
197919
197921
198063
198244
198845
199229
199272
199407
199570
199827
199846
199975
