227.82
984.31
1055.39
1296.41
1441.67
1730.42
2508.71
2768.37
2945.69
3103.7
3158.35
3215.26
3218.96
3325.19
3706.78
3728.42
3793.52
3954.56
4177.31
4410.48
4515.31
4604.28
4661.65
5038.18
5120.37
5778.81
5810.82
5903.33
6670.35
6922.13
8059.44
8569.94
8594.96
8711.71
9013.22
9640.05
9836.13
10305.3
10595
10849.2
10924.3
11052.2
11373.1
11379.2
11761.5
11865
12350.5
12656.6
13009.4
13200.9
13391.4
13541.2
13706
13809.9
14046.7
14299.4
14353.3
15143.1
15254.2
15866.4
16201.8
16612.5
17211.4
18200.6
18415.2
19124.8
19318.2
19396.2
19520.9
19921.7
20234.8
20481.4
20694.9
21406.3
21724.3
22323.9
22741.3
22903.7
23078.6
23293.3
23428
23802.5
24248.3
24705.2
24958.6
25055.1
25362.5
25422.4
25719.9
25760.8
26153.8
26456.6
26612.1
26724.3
26866.3
27025.8
27463.9
27668.1
27876.6
27976.4
28070.6
28264.6
28364.3
28405.1
28442.5
28645.8
28984.5
29016.8
29062.5
29306.2
29516
29524.4
29851.6
29911.9
30123.2
30292.4
30297.9
30440.4
30580.1
30791.5
31221.1
31226.1
31315.3
31744.8
31872.7
32045.9
32081.8
32539.7
32581.5
32803.9
32840.8
33221.2
34002.6
34016.5
34198.2
34210.2
34353.1
34533.5
34660.6
35121.9
35122.6
35412.7
35618.2
35692.3
35917.5
35943.7
36102.8
36476.9
36604.7
36898.3
36991.3
37002.9
37406.6
37495.7
37824.6
37989
38283.7
38350
38598.2
38626.8
38902.7
39061.8
39094.8
39291.5
39413.6
39784.3
39830.9
40270.1
40486.9
40823.5
40999.4
41088.2
41457.2
41649.5
41860.5
42147
42585.3
42868.2
42878.7
43756.6
43992.5
44026.5
44176.3
45023
45375.8
45698.2
46107.7
46348.2
47109.1
47528.9
47615.4
47680.2
48333.6
48636.1
49053.3
49057.3
49413.8
49662.5
49709.8
49966.6
50013
50228.6
50236.3
50550.4
50612.6
50846.9
50857.6
51138.7
51184.9
51301
51345.1
51538.3
51655.2
51736.4
52493.5
52575.2
52627.5
52932
54057
54174.6
54631
56128.9
56273
56464.8
56664.9
56761.7
57033.3
57122.5
57341.6
57567
57670.7
57688.9
57849.6
59590
59690.4
60062
60506.2
60541.9
60559.8
61176.3
61314.3
61853.7
61861.6
61916.5
62164.7
62210.3
62344.6
62371.7
62572.5
62728.4
62780.6
63232.4
63517.6
63887.4
63913.6
64033.6
64082.8
64228.3
64494.7
64940.7
64981.8
65043.1
65354.1
65695.5
65832.7
66005.4
66030.1
66324.3
66354.6
66714.1
67209.7
67877.8
67986.7
68533
68712.2
69061.8
69400.9
69528.4
69829.5
70020.1
70454.3
70630
70831.4
71025.9
71248.3
71584.9
71611.4
71856.4
71864.2
72127.2
72173.7
72425.1
72510.5
72672.2
72884.4
73058.5
73242.6
73565.1
73850.3
73975.8
74317.6
74458.1
74493
74778.4
74900.2
75858.7
75957.9
76354.7
76351
76477.1
76529.9
76602.1
76661.2
76730.4
77129.4
77307.4
77349.9
77755.8
78167.2
78355.9
80208.5
80641.6
81217.4
81223
81839.5
82716.7
83067.1
83652.3
83865.3
84259.2
84735.3
85060.3
85658.4
85914.8
86255.7
86438.4
86560.8
86626.5
86794.4
87231
87436.8
87593.3
87780.2
87837.3
88078
88135.3
88610.4
89391.7
89868.7
89934.3
90458.4
90947.3
91220.9
91597
92035.7
92079.5
92201.6
92385.9
92799.9
92897.3
93404.6
93832.4
93876.3
93944.8
93999.4
94205.3
94334.8
94726.5
95502.5
95526.8
95812.9
96243
96695.8
96894.3
97152.8
97779.7
97956
98396.5
98804.7
99195.3
99529.3
99538.9
99998.7
100056
100127
100645
101057
101255
101774
101791
102050
102240
102252
102708
103239
103647
103847
103970
104133
104150
104368
104542
104555
104651
104704
104776
104897
105023
105575
105999
106329
106350
106434
106764
106764
106799
107340
107363
107769
107823
107936
108225
108653
108984
109034
109313
109546
109891
110073
110153
110540
110577
110604
110803
110905
110941
111033
111082
111160
111762
111770
112193
112228
112513
112539
112593
112752
112938
113802
114162
114603
114941
115005
115793
115955
116226
116273
116728
117077
117226
117422
117692
118524
118581
118767
119252
120594
120765
121216
121579
121914
122584
122971
123061
123419
123472
123606
123787
123968
124667
124765
125027
125222
125494
125801
125881
126247
126317
126694
126726
126977
127311
127460
127528
128288
128437
128703
128823
129552
130491
130899
131150
131158
131487
131608
132008
132036
132629
132967
133242
133489
133619
133765
134175
135172
135357
135878
136072
136364
137258
137728
137927
138061
138156
138590
138773
138786
139139
139680
139819
140165
140498
140729
140769
140850
140939
141336
141427
141638
141713
142521
142963
143252
143616
144055
145326
145530
145774
146224
147957
148370
148400
148594
149007
149779
150026
150110
150268
150360
150641
150843
151028
151675
151702
151794
152299
152486
152617
152810
152928
153109
153695
153908
154465
155020
155136
155570
155689
155718
155830
155932
156103
156427
156561
156663
156816
157759
158071
158481
158606
159911
160077
160175
160695
161169
161266
161273
161307
161386
161528
161618
162047
162342
162698
163062
163124
163288
163986
164083
164091
164402
164630
165049
165379
165712
165916
166331
166912
167001
167064
167403
167711
168356
168549
168624
169103
169296
169323
169509
169544
169751
170272
170318
170587
170620
170640
170714
171225
171285
171662
171729
171764
171906
172503
172607
172656
172704
173070
173215
173304
173645
174415
174621
174617
174724
174896
175123
175140
175404
175821
176185
176425
176628
176744
177165
177199
177765
178247
178577
178754
179124
179438
179461
179664
180220
180272
180349
181047
181896
182680
183042
183325
183505
183660
183883
183945
183963
184078
184270
184353
184704
185117
185443
185469
185507
185680
186163
186938
187009
187024
187618
187623
187648
187879
188172
189370
190405
190760
190855
191055
191426
191496
191970
192508
192846
193482
193554
193810
193847
193864
193948
194718
195234
195370
195743
196683
196919
196999
197129
197235
197474
197670
197691
197775
197968
198464
198862
199224
199984
