135
114
115
116
115
116
115
116
115
116
115
116
115
116
115
116
115
116
115
116
115
116
115
116
115
116
115
116
115
116
115
116
115
116
115
116
115
116
115
116
115
116
115
116
115
116
115
116
115
116
115
116
115
116
115
116
115
116
115
116
115
116
115
116
115
116
115
116
115
116
115
116
115
116
115
116
115
116
115
116
115
116
115
116
115
116
115
116
115
116
115
116
115
116
115
116
115
116
115
116
115
116
115
116
115
116
115
116
115
116
115
116
115
116
115
116
115
116
115
116
115
116
115
116
115
116
115
116
115
116
115
116
115
116
