172.6
1124.52
1147.98
2105.66
2290.32
2742.71
3077.97
3266.73
5086.94
6269.59
6711.27
7634.58
7914.03
8262.05
8422.64
8506.55
8735.3
8981.97
8995.91
9476.16
10797.4
11062.3
11544.2
11838.8
11922.3
11980
12060.5
12205.2
12498.1
12589.5
12828.6
13019
13123.1
13433
13859.3
13990.5
14242.6
14695.2
15433.1
15452
15592.3
15648.3
15859.5
16210.1
16479
16523.1
16793.8
16918.2
17206
17241.8
18626.5
19252.9
19434.2
19784.3
19936.1
20222.2
20989.6
21036.9
22519.7
23029.8
23340.7
23585.5
23923.8
23927.2
24104.9
24187
24493.3
25310.3
25555.4
25756
25911.4
26163.3
27556.9
29535.2
31552.6
31789.8
32059.8
33189.9
33429.2
33440.4
34986
35148.8
35577.7
36468.4
36879.4
36984.3
38210.4
38325.9
38924.4
39464.1
39838.6
40114.6
40587.7
40957.7
41335.3
41743.3
41748.1
42253.2
42617
43408.6
43480.6
44150.5
45628.2
45924.1
46297.9
46544.3
46580.3
47262.1
47489.3
47656
47741.6
47796.3
49328.2
49461.3
50171.2
51294.9
52350.5
52546.6
52946.2
53118.3
53709.2
54507.9
55387.9
56487.4
56505.4
57107.3
57575.5
57990.3
58616
59559.6
59736.9
61168.9
62482.5
63031.2
63566.3
64190.6
65877.2
66159.5
66299.5
66496.2
67349.6
67949
68093.4
68393.9
69652.2
72925
73346.8
73375
74728
74985.2
75255.7
75299.1
76128
76869
77845.4
78284.9
78851.9
79190.1
79656.6
80472.5
82008.1
82324.4
82592
83727.7
83788.8
83979.2
84563.9
84857.7
85239
85576.7
85876.9
86010.3
86158.1
87254.9
87867.4
88795
88932.4
89280.3
89639.7
89868.2
90025.1
90321.4
90815.7
92753.6
93394.6
93488.7
93776.4
94221.4
94640.1
94801.1
94858.1
95194.9
95197.4
95299.6
95701.1
96952.1
97124.1
97996.8
98925.7
100481
101248
102596
102695
102917
103202
103668
104001
104801
105707
106180
106233
106851
106903
107528
107633
107805
108008
108200
109132
110062
110336
111111
111647
112935
113478
113543
114017
114097
114100
114652
115133
115467
117505
117541
117757
118486
119809
120209
120614
121154
121549
121713
122061
122639
122942
123122
123405
123645
124504
124688
124963
125106
125235
125506
125915
125985
126043
126884
127057
127156
128027
128855
129017
129641
129916
129913
130023
130595
130632
130788
131426
131898
132279
132411
132634
132722
132918
133254
133683
133788
134310
135223
135545
136375
136669
136710
137214
137784
137873
138055
138426
138734
138898
138974
139028
139082
139129
139373
139380
140107
140323
141955
142304
142440
142631
142697
143290
143357
143414
143754
143876
145395
145578
145634
145821
146697
146933
147691
147809
148048
148888
149253
149716
149904
150110
150244
150258
150616
150668
151161
151940
152055
152389
153464
154151
154227
154617
154954
154965
156436
156506
158645
159538
160762
162574
162724
163017
163263
163387
163927
163943
164357
164809
165081
165190
165944
166064
166221
166394
168587
168855
169805
170509
172827
173368
173590
174909
175220
175568
175960
176057
176571
177310
178132
178309
178637
180027
180146
180325
180606
181321
181361
181509
181610
181835
182356
182495
182576
182803
183048
183103
183614
183651
184864
184892
184980
185621
185960
186408
186518
186784
187232
188076
188080
188234
188434
188660
189115
189122
189516
189987
191369
191450
192161
192295
192330
192347
192633
193976
194159
194572
195980
196027
196219
197498
198196
198717
199176
199242
