871.6
992.23
2418.88
3625.74
5034.9
6266.28
7513.79
8310.51
13784.7
14211.9
15358.4
15879
16252.1
16526.2
16949.5
17304.4
17757
19226
20898.1
22295.6
22364.5
25543.9
26332.3
27536.8
28821.3
29749.9
29812.3
29899.1
30354.1
30436.2
31311.7
31713.2
33008.8
33226
35319.4
37234.8
38372.2
39898.2
41258.5
41796
43173.1
44393.5
44631.6
44692.1
45098
46259.2
47140.5
50893.1
51887.6
51889.6
53614.3
54393.1
54468.7
54554.4
55424.2
56409.1
57629.4
57907.3
58180.3
58310.5
58407
61250.1
61676.1
61704.1
63457.8
66401.6
67179.7
67465.3
69322.1
70611.2
71395.8
71496.2
72613.6
72987.3
77095.8
77680
77764.1
78264.8
78370.3
78975.3
80483.1
81026.2
82888.7
83546
84274.3
88203.3
88355.8
88569.8
94729.1
96097.6
96929.8
97926.6
99057.7
99497.6
99922.4
