399.54
461.65
1071.19
1333.71
1638.6
1772.54
2255.77
2974.13
3191.42
3271.45
3424.45
3612.91
3816.95
4048.86
4161.29
4329.17
5445.15
5506.25
5520.51
5797.18
6207.04
6483.72
7258.94
7429.54
7530.9
7772.95
7934.61
8117.22
8138.92
8417.47
8584.55
8970.78
9152.23
9202.72
9433.85
9503.85
9558.61
10058.4
10872.8
10936.4
11384.7
12750
13084.2
13216.2
13512.4
13633.2
14200.8
14514.6
14619
15029
15042.6
15107.9
15659
15700.5
15779.5
15984.2
16600.1
16645.8
17129.3
17735.7
17986
18545.3
18939.8
19007
19402
19589.8
20288.2
20292
20724.3
20873.6
21216.8
21838.1
22019.8
22665.3
23201.4
23936.1
24295.2
24501.2
24658.9
24775.3
25004
25130.1
25464.7
25480
25647
25706.5
26119.8
27293.5
27935.4
28747.5
29013.1
29359.4
29488.9
29847.8
30598.8
30635
30663.5
30808.2
31060
31296.2
32789.6
33721.3
34023.8
34029
35688.1
35866.3
35978.3
36108.2
36194.5
36736.4
36853.4
37415.4
37805.5
37907.7
38001.1
38007.1
38142.8
38232
38271.1
38327.6
38369.7
38566
38611.5
38829.2
39014.8
39064.8
39068.6
39123.7
39219.6
39253.7
39649
39702
40174.5
40236.8
40315.8
40650
40665.4
40867.9
41022.2
41039.3
41161
41346
41457.5
41491.4
42056.4
42071.6
42185.4
42266
42657
42675.1
43049.9
43650.8
44147
44184.7
45482.9
45730.5
45844.2
45847
46209.6
46308.1
46433.7
46566.5
46683.3
46799.7
47161.2
47219.9
47393.5
47434.9
47512.1
47698.4
47747.5
47765.2
47888.8
48217.1
48478.8
48713.6
48813.4
49022.8
49129.8
49733.3
50248.4
50400.1
50413.2
50827.7
50944.3
50971.9
50986.3
51421
51541.5
51635.8
51680.7
51693.1
52101.4
52393.9
53050.8
53388.7
53500.1
53509.7
53645
53748.1
53773.3
53863.7
54321.8
54831.3
55087.6
55178.1
55636.5
55724.3
55805.7
55913.5
56012.7
56035.6
56204.9
56268.7
56465.8
56878.3
57956.4
58510.8
58855
58936
59588.9
60036.8
60170.9
60542.8
60640.1
60776.9
61057.7
61488.8
61698.5
62298.3
62432.7
62765.7
63093.1
63343.1
63547.5
64082.6
64354.2
64761.4
64983.5
65514.4
65710.4
65744
65751
65870.3
66201.4
66394.4
66752.2
66805.6
66866.7
66941.3
67133.9
67141.2
67233.8
67471.6
67619.9
67727.6
68963.4
69663.5
70027.5
70127.4
70234.9
70637.2
70732.6
70800.4
70919.9
71282.5
71549
71555.5
71597.8
71920.9
72136.3
73035.9
73229.4
73263.1
73355.3
73783.8
73919.8
73977.9
74273.4
74673
74665.2
74841.1
75035.3
75066.6
75171.3
75289.7
75380.3
75898.4
76181.6
76214.5
76253.1
76783.2
77644.4
78063.3
78500.5
78568.5
78656.3
79023.6
79852.3
79883.8
80242.7
80372
80515.7
80603.8
80989.9
81171.9
81875.5
82158.4
82445.6
82740.1
82953.1
82984.6
83018.3
83240.1
83310.1
83365.5
83730.5
83812.4
84142.7
84214.5
84255.9
84387.6
84504
84521.3
84564.2
84741.8
85125
85919.9
86621.4
86623.9
86884.2
87074
87327.4
87554.5
87586.1
87734.1
87816.1
88193.1
88296.8
88852.1
88910
88925.1
89045.2
89171
89493.9
89702.8
89955.1
90378.3
90398.2
90830.8
90884.8
90987.5
91011.9
91014.8
91250.4
91515.7
91591
92564.6
92622.7
92700.4
92798.7
93304.7
93365.8
93414.2
93453.1
93759.8
93898.5
93979.7
94282.8
94456.8
95237.2
95379.3
95640.8
96044
96174.7
96994.4
97152.1
97419.5
97733.3
97850.7
97894
98041.2
99023.2
99310.7
99740.3
100133
100158
100187
100252
101255
101416
101762
101826
102989
103402
103654
103780
103849
103973
104531
104956
105159
105225
105553
106239
106567
106609
106819
107370
107565
107790
107803
107915
108565
108592
108588
108600
108933
109059
109677
109784
109915
109990
110123
110201
110259
110414
110440
110599
110609
110879
110986
111128
111315
111332
112104
112543
112566
112612
112939
113155
113251
113392
113832
113881
114046
114231
116422
116514
116791
117372
117460
118056
118732
119463
119629
119643
119682
119942
119947
119997
120104
120168
120228
120270
120738
120851
121036
121334
121451
121828
123464
123664
123803
124198
124204
124261
124401
124709
124867
125761
125884
126323
126806
127408
127507
128364
128526
128766
128803
128865
129080
129107
129684
129892
129904
130177
130466
130779
131436
131540
131617
132043
132312
132603
132717
132909
133910
134090
134208
134670
135028
135021
135184
135585
135620
135645
135877
136103
136837
137044
137293
137611
137623
137835
137844
137902
138512
138936
139653
139797
140134
140195
140414
140656
140676
140713
140868
141319
141524
141565
142184
142254
142320
142514
142617
142844
142863
143060
143660
143757
143863
144070
144106
144389
144478
144633
144714
145746
145930
146314
146374
148030
148059
148641
148767
149233
149536
149563
149811
150017
150419
150440
150864
150920
151018
151048
151250
151478
151531
151550
151743
152010
152224
152619
152687
152882
152953
153047
154101
154623
155143
155492
155529
155652
155963
156535
156620
156655
157013
157058
157466
157815
158485
158613
158883
159044
159203
159279
159726
159955
160155
160261
160405
160532
160601
160683
160935
161274
161307
161336
161394
161467
161653
161734
161848
162056
162058
162540
162666
162782
162961
163490
163796
164351
164861
165089
165451
165653
165695
165787
166571
166667
167403
167772
168032
168290
168331
168331
168501
168781
168833
168863
169101
169416
169766
169763
169892
169918
170165
170223
170414
170494
170657
170703
170884
170896
171027
171370
171414
171637
171700
171819
171978
172247
172587
172658
173019
173061
173215
174171
174710
174939
175186
175251
175391
175454
175728
175788
175883
176105
176590
176944
178649
179140
179328
179326
179503
179912
180190
180902
181027
181140
181234
181396
181780
181878
182057
182046
182159
182158
182226
182273
182520
182542
182876
182979
183536
183554
183758
183922
184135
184238
184342
184708
184893
185007
185051
185278
185369
185533
185724
186934
188097
188343
188476
188925
188955
189163
189328
189375
189532
189567
189703
189784
190045
190238
190325
190467
191964
192479
192874
193291
194072
194078
194425
194441
194525
194606
194774
194948
195423
195884
195984
196101
196356
196752
197020
197287
197354
197723
197818
198085
198218
198356
198546
198750
198765
198969
199299
199308
199446
199476
199522
199728
199779
199906
