187.46
427.93
973.41
1528.29
2148.4
3168.62
3196.21
5063.85
5528.27
5882
6661.96
7355.24
8363.11
8998.26
9404.63
9562.53
10441.9
11985.5
12080.7
12847.9
13363
14095.5
14116.7
14840.5
15089
15126.4
15695.8
15817
15988.3
18892.6
19847.6
20821.7
21671.9
22046.5
22180.7
22687.9
25120.7
25158.6
25228.3
25361.4
25461.7
25901.3
26001.6
26135.5
26219.7
28723.5
29895.1
30624.3
31635.4
31798.7
32206.4
32517.2
33159.9
34206
34424.5
34687.2
35166.9
35730.3
35863.9
35987.5
36540.5
38185.5
38730
39237.9
40032.6
40153.6
40815.1
41226.7
41335.1
41529.7
41549.5
42108.4
42687.3
43200.6
43689.9
44045.9
44178.8
45775.2
45785.9
46185.1
46352.3
46447.5
47536.4
48778.7
49281.1
49289.5
49765.7
50681.5
51002.1
52187.7
52360.2
52585.4
52791.2
53801.6
53867.1
54156.9
54355
54857.1
54874.1
55782.1
56277.4
57062.8
57256
57378.3
57587.5
57768.4
58884
59559.6
59981.1
60315.5
61169.6
61538.4
61563.5
61584.2
62613.1
62663.7
62796.1
63744.2
63836
64428.9
64621.6
65156.3
65506.7
65795.9
66202.9
66902.4
67166.7
67937.5
68174.5
68213.1
68550.5
68617.5
69250.2
70473.9
70962
71028.2
71522
72118.5
72625.4
74729
76256.8
76826.7
77386.3
77413.4
77719.3
78544.9
78855
79191.4
80030.1
80101.6
80911.2
80985.9
81009.6
81431.3
81677.3
82064.2
82177.1
82269.2
82893.3
83055.1
83289.9
83813.4
84246.9
84450.1
84581
84772.9
84874.7
86135.7
86354.1
86760.7
87154.4
89641.3
90067.8
90150
91289
91683.8
91838.3
92279.3
92804.7
93358.6
94335.5
94351
94807.4
95009
97133.7
97769.9
97903.3
98200.4
99499.5
100613
100819
101015
102032
102686
102794
102992
103124
103841
104419
105303
105969
106128
106211
107303
108212
108639
109111
109325
109641
110014
110325
110602
110929
111821
112885
112904
114380
115526
116314
118450
118752
119727
120463
121453
122086
123657
123716
123922
124421
124764
126378
126593
127127
127685
129168
129956
129938
130511
131697
132207
132374
132551
132946
133252
134007
134260
135761
136099
136465
137037
137465
137666
138553
138900
139090
140640
141574
141586
142460
142571
143347
145498
146456
146739
146734
147908
148434
148444
149023
149589
150556
150594
152027
152532
152546
152843
153353
153552
155605
155678
155709
156330
156497
157983
158120
158289
158786
159744
160114
160283
160964
163323
164058
164290
165837
166070
166454
166920
167002
168079
168373
169357
169741
169883
170869
171370
171435
171639
172449
172498
172549
172605
173119
174567
175268
175526
175656
175827
176086
176077
176902
178217
179429
179642
180513
180858
180909
181082
181459
181736
181927
184005
184193
185292
185399
185523
186328
187017
187199
187244
187273
187472
187997
188337
188335
188572
188797
188848
189183
189401
189729
190293
190397
190421
190754
191453
192009
192791
192962
193198
195045
195610
195767
196044
196388
197391
197760
197986
197990
198251
199273
199470
199457
199904
