3233.86
6200.89
11607.7
15083.4
21800.6
24626
27214
28424.8
28623
30721.1
38226
41373.8
43198.6
44182
45947.5
48595.7
63460
63954.1
68633
73640
75908
79624.5
81200.9
82151
84147
89376.5
89576.8
91875.9
93064.5
94486.3
100787
101249
105339
107016
107109
107863
108656
109440
110527
111090
111458
112916
113063
114184
114452
122780
126904
131248
131400
131600
133057
133197
133882
138008
140634
141351
141554
143090
147263
155495
157006
157720
160049
163810
164907
166782
167685
168623
171065
172315
173364
173586
177342
178730
178871
180064
181207
182776
190003
190374
191447
196092
