5301.05
6526.06
8642.18
9141.44
9520.61
13232.3
13640.3
14168.9
15148.6
17352.8
18484.6
18702.6
19286.3
21887.2
22939
23353.3
26060.6
26830.4
26944.1
27419.5
27636.9
28754.9
30180.3
31084.2
39374.8
42769
43074.5
43665.2
44104.4
44785.1
46949
47201.3
49295.6
49543
51638.5
52557.1
52749.9
56861.5
58018.6
58283.3
58437.4
59824.3
60112.8
60358.7
61002.7
61715.7
62159.5
63411.1
64161.4
64936
65533.4
67698.3
67945.9
68549.8
71660.5
72764.3
72890.3
73115
75024.6
77288.1
78061.9
79548.3
80307.9
81476.4
81934.8
84979
86311.5
87366.4
89256.7
89793.8
91465.9
93161.6
95251.3
98037.2
