197.32
324.84
705.02
851.76
893.78
1353.93
1589.87
1594.96
1793.96
2109.75
2442.6
2534.35
2806.22
2857.81
3154.85
3283.24
3498.91
3646.66
3858.04
4175.44
4980.29
4992.59
5341.59
5728.19
6128.21
6569.22
6926.09
6961.97
7151
7209.93
8157.49
8388.59
8492.54
8511.31
8525.28
8728.13
8930.87
8929.4
9014.82
9056.63
9159.9
10960.6
11408.4
11485.9
11754.4
12015.3
12465.1
12493.5
12784.6
12902.3
13386.3
13570.1
13616.5
13636.4
14154.9
14639.1
14764.4
14977
15415.9
15424.8
16076.8
16130.9
16177.1
16358
16761.2
17205.9
18317.2
18436.8
21177.7
21719.3
22820.7
23259
23359.5
23723.8
24100.5
24180.3
24214.7
24351.8
24487.3
24588.7
24723.6
24879.3
25635.9
25728.4
25863.5
26330.6
26482.5
26770.5
26768.2
27000.8
27432.1
27568.5
27837.7
27886.4
28127.6
28395.5
28614.6
28659.7
28745.4
28803.4
29165.2
29571.9
30134.1
30310.5
31114.8
31195.3
31382.4
31398
31546.6
31766
31844.5
31894.3
32160.6
32503.5
32581
32583.9
32890.8
33094.2
33154.9
33279.6
34125.1
34315.5
34480.9
34723.7
34817.7
34954.3
35315.8
35389.2
35687.2
35763
35801.7
36108.5
36382.4
36460.1
36810.2
36815.7
37310.5
37371.8
37415
37503.9
37629.8
37849.3
37936.4
38052.3
38581.3
38958.4
38979.8
39460.1
39577.8
39639.2
39725.3
39753.3
39878.5
39953.4
40130.5
40502
41437.8
42396.1
42860.4
42982.6
43145
43443.6
43554.5
43662.3
43764.9
43804.8
44102.8
44856.7
45162.4
45585.9
45962
46240.5
46358
46361.5
46524.1
46712.2
46977.6
47143.7
47298
47668.5
48063.6
48101.1
48336.3
49063.1
49372.7
49473.1
49484.6
49602.1
49645.7
49663
50184.2
50448.1
51199.9
51679.4
51786.7
51963.6
52161.8
52584.3
52660
52704.3
52805.8
52835.8
53063.7
53118
53158.8
53250.1
53724.8
54014.7
54307.7
54395.7
54605
54672
54709.9
54845.7
54972.6
55406.7
55529
55911.8
56118.1
56245.8
56327
56926.9
57243.3
57533.2
57811.1
58014
58340.1
58668.7
59139.7
59153
59526.6
59949.9
60096
60454.1
60471
60653.9
60727.6
60770.3
61276.5
61575.1
62112.2
62144
62206.2
62851.7
62874.8
62865.9
62882.1
63321.2
63546
63754.2
63942.9
64053.3
64817.3
65078.5
65114.8
66210.4
66381.3
66546.8
67475.2
67649.4
67664.5
67822.4
67832.3
67961.9
68245.3
69193.7
70359.5
70416.1
71001.7
71248.6
71512.2
71773.4
71908.5
71925.4
72357
72387.7
72859.8
72941.8
73279.6
73700.4
74229.8
74427.8
74500.4
75142.8
75303.6
75351.6
75576.5
75626.4
75630.9
75810.1
76608.2
76709.3
76749.3
76797.6
76996.2
77154
77170.1
77183.9
77878.1
77954.3
77952.4
78031.6
78296.8
78391.7
78654.3
78699.2
78702.6
79059.7
79344
79684.1
79703.1
79772.8
80297.7
80368.7
80478.2
80615.5
81424.7
81426.5
81692.7
81778.2
82277.2
82464
82468.1
83391.7
83598.7
84613.7
85015.8
85198.6
85604.5
85648.4
86038.9
86289.9
86663.1
86885.7
87104
87660.9
87882
88108.4
88253.9
88549.9
88563.6
88957.8
90323.4
90808.7
112219
112614
112619
113300
113774
114474
117584
157113
157537
157576
158256
158545
158836
158851
159810
159843
159885
160080
160134
160451
160519
160645
160681
160903
161052
161361
161717
161792
161942
162362
163170
163410
163832
163900
164569
165064
165340
165893
166269
166536
166610
167859
168107
168250
168324
168459
168806
168900
169185
169298
169370
169781
170470
170828
171119
171766
171941
172642
173323
174040
174436
174444
174536
174719
174810
174925
174961
175373
175511
175773
175857
175995
176546
176847
177229
177443
177539
177795
178091
178546
178650
179068
179304
179956
179978
180317
180489
180709
181465
181568
181728
181838
182648
182982
183658
184233
184297
184330
184453
184935
185198
185296
185319
185468
185966
185985
186263
186509
186563
186826
187261
187835
188897
189086
189749
190147
190319
190443
190544
190657
190911
190988
191061
191322
192324
192788
192903
193340
193367
193380
193635
193831
193952
193996
194438
194470
194653
194743
194911
195039
195166
195228
195340
195510
195736
195846
196027
196053
196435
196528
196746
197009
197092
197510
197657
197772
198081
198181
198292
198352
198588
198816
199012
199070
199230
199537
199892
200074
200858
200922
200939
201126
201161
201363
201420
201420
201586
202029
202293
202577
202863
202859
202933
203019
203101
203129
203187
203601
203833
203958
204000
204037
204211
204363
204569
204922
205012
234865
235907
236277
236546
237259
237342
237692
237769
237800
238711
239006
239060
239096
239176
239345
239407
239693
240015
240386
240499
240674
240695
240740
240876
241053
241387
241578
241657
241855
241913
241946
241952
242223
242286
242358
242417
242687
242947
243086
243110
243199
243606
243776
243864
244057
244287
244387
244861
244865
244964
245350
245529
245740
245790
245941
246003
246425
246528
246820
247481
247565
247674
247789
247911
248333
248710
248710
249221
249261
249296
249592
249632
250352
250551
250770
250996
251230
251397
251674
251736
251905
251934
251992
252330
252650
252814
253164
253401
253399
253645
254028
254547
254613
254693
254763
254791
255037
255058
255612
256013
256632
256636
256730
257483
257517
257802
258001
258108
258469
258749
258969
259075
259689
259774
260942
261482
261595
261988
262021
262076
262196
262220
262542
262746
262887
262928
263920
263984
264202
264267
264453
264939
265523
265600
265746
266045
266506
266599
266807
266815
266873
266883
266983
267919
268362
268378
268516
268757
268804
269184
269176
269225
269258
269752
270100
270114
270327
270380
271393
271769
271965
271990
272167
272199
272257
272301
272405
272751
272970
273075
273395
273443
273762
273791
273810
274692
275004
275160
275373
275422
275914
276350
276485
276548
276611
276874
277042
277327
277929
278093
279027
279080
279209
280776
281468
281502
282235
282262
282548
282754
283193
283342
283348
283801
283828
283999
284011
284554
284778
285401
285553
285666
285711
285846
286662
287251
287621
287751
287837
288030
288466
288551
288783
289390
289391
289445
289491
289848
290232
290394
290620
290818
291468
291639
291671
291711
291714
292000
292305
292337
292332
292638
292952
293471
293462
293624
293657
294502
294632
294649
294972
295153
295680
296007
298631
298807
298977
299080
299184
299414
300495
300511
300555
300719
301371
301817
301821
301902
302155
302603
302749
303541
304029
304097
304414
304548
305070
305391
305413
305470
305694
306046
306411
307571
308075
308786
309279
309446
309671
310432
310632
310946
311525
311588
311654
312067
312065
312756
313132
313317
313330
313905
314203
314707
314878
314907
315232
315336
315610
315774
315912
316168
316382
317286
317823
317924
318155
318168
318476
318659
318815
319643
319650
319723
319952
320111
320211
320237
320347
320678
321270
321728
321736
322077
322391
323131
323160
323232
323572
323796
323856
323941
323955
324006
324265
324795
324861
324879
324974
325028
325398
325443
325846
326049
326235
326258
326723
326877
326968
327114
327461
327470
327552
327732
327773
328030
328213
328289
328361
328652
329239
330071
330543
330544
330575
330810
330996
331025
331253
331352
331358
331528
331610
331780
332035
332491
332634
332728
333189
333215
333236
333498
333774
333938
334499
334563
334675
334861
334977
335135
335332
335360
335535
335564
335693
335731
336072
336410
336744
336960
337340
337507
337953
338578
338692
339226
339241
339741
340036
340210
340409
340465
340486
340569
340967
341037
341114
341323
341328
341858
342004
342102
344308
344511
344626
344866
345219
345226
345429
345442
345822
345863
345993
346124
346210
346497
346610
346953
347266
348047
348158
348267
348517
348529
348613
348910
349139
349346
349678
350095
350124
350219
350606
350639
350790
351082
351427
351888
351897
351970
352053
352560
352902
353052
353198
353202
353275
353652
353801
353937
354210
354310
355028
355476
355548
355694
355785
355863
356165
356232
356537
356808
356878
357146
357276
357383
357727
357733
357977
358181
358310
358584
358959
359269
359959
359987
360492
360548
360553
360934
361183
361267
361692
361707
362377
362421
362579
362816
363316
363422
363847
364067
364187
364368
365407
365506
365724
365839
366442
366549
366620
366629
366857
366950
366969
366996
367144
367153
367239
367449
367635
367746
367899
368020
368079
368455
368488
368531
368672
368928
368956
369175
369201
369301
369521
369785
370120
370289
370476
370935
370986
371033
371304
371429
371630
372225
372286
372408
372556
372917
372931
373580
373820
374803
374962
375249
375436
375777
375813
375839
375852
376338
377230
377350
377531
377803
377922
377966
378037
378385
378741
378877
379129
379230
379335
379354
379619
380147
380304
380337
380620
381301
385388
385648
386702
386906
386992
387210
387230
387322
387433
387517
387670
387842
387991
388248
389198
389649
389681
389997
390438
390519
390670
390921
391163
391345
391427
391730
392397
392461
392734
392869
393077
393242
393274
393526
394319
394388
394420
394840
394921
395341
395393
395560
396298
396457
396464
396573
396800
396827
397099
397123
397220
397223
397678
398023
398073
398099
398267
398292
398293
398649
398791
398813
398855
399176
399330
399525
399915
400097
400256
400842
401991
402053
402430
402938
403110
403378
403657
403845
403938
404462
404960
405169
405860
406178
406796
406862
407041
407127
407220
407390
407424
408053
408251
408691
409250
409322
409348
409396
409884
410129
410221
410493
410609
411243
411306
411760
412095
412231
412789
412812
413028
413265
413433
413769
413848
413900
415689
416014
416256
416432
416739
417098
417657
417901
417929
417953
418771
418795
418893
418899
419055
419253
419680
419746
419855
420409
420591
420746
420880
421062
421254
421472
421556
421687
421934
421937
422264
422532
422615
422756
422940
423215
423337
423431
424161
424212
424306
424636
424913
429319
429321
429445
429503
429731
429889
431801
433263
433731
433903
434036
434186
434347
434535
435128
435496
436080
436402
436731
437058
438412
447618
448298
448362
448492
448925
449082
449081
450274
450390
450411
450813
451102
451497
451591
451670
451696
451808
451868
452215
452311
452866
452888
453189
453334
453786
453979
454007
454198
454312
455755
455843
455886
456131
458073
458717
458930
458979
459247
459315
459875
460045
460240
460405
460589
460753
461313
461430
461643
461674
461960
462009
462314
462984
463867
464423
464513
464961
468646
468763
473358
475608
475698
476150
476256
476358
476426
476670
478903
479113
479524
479952
480418
544506
545694
545836
546160
546790
547228
547863
547983
549454
550195
550931
551126
552151
552576
552992
553412
553614
553765
553966
554289
554783
554906
554944
554983
555125
555165
555629
555751
555807
555964
556097
556303
556532
556784
556975
557088
557216
557693
558168
558476
558535
558618
558713
558810
559124
559153
559298
559442
559472
559544
559609
559790
559868
560117
561113
561255
561792
561866
562263
562263
562292
562465
562539
562547
562557
562650
562970
563666
563791
564037
564134
564194
565151
565158
565215
565324
565557
565671
566597
566913
566970
567039
567061
567071
567978
568051
568317
568573
568888
569155
569359
569385
569549
569657
569720
569909
569907
570331
570789
571007
571107
571723
572282
573672
573731
573823
574057
574203
574241
574406
574906
575134
575694
575703
575857
575952
576934
577077
577359
577424
577460
577503
577603
577900
577918
578534
578978
579006
579120
579531
579791
579906
579955
580388
580420
580596
581084
581215
581366
581804
582017
582046
582041
582213
582248
582517
582766
583400
583406
583552
583630
583627
583792
583869
584520
584861
584874
584927
585039
585189
585381
585533
585532
585786
585797
585894
586116
586165
586289
586397
586630
587033
587212
587581
587725
587740
587751
588355
588389
588491
588516
588757
588966
589003
589066
589540
589878
589896
589996
590151
590174
590437
590962
591018
591248
591505
591654
591783
591985
592115
592318
592737
593187
593370
593794
593814
593822
594518
594544
594919
595494
595631
595968
596533
596614
597225
597263
597723
597743
598270
598660
599946
600021
600216
600243
600389
600793
601005
601177
601570
601890
601921
601963
601965
602429
602487
603187
603761
604763
605077
605318
606125
606258
606430
606824
606822
607324
607640
607692
607738
608250
608430
608492
608946
609048
609059
609068
609173
609690
609858
610250
610545
610581
611033
611387
611820
612221
612229
612261
612489
612508
612696
612818
613432
613761
613908
613962
614052
614197
614246
614259
614691
615000
615444
615502
615553
615711
616432
616491
616506
616546
616561
616629
616685
616701
616887
616918
617052
617817
618294
618578
619219
619303
619647
619946
620112
620309
620808
621030
621866
622016
622114
622281
622493
622770
622964
623587
623909
623945
624081
624199
624284
624427
624708
624718
625204
625431
625426
625959
626225
626309
626663
626861
627032
627624
627617
628229
628552
628714
629107
629279
629511
629800
629845
629866
630074
630082
630520
630857
631520
632846
632975
633290
633476
633538
634026
634099
634153
634326
635046
635158
635247
637275
637553
637586
638692
638844
639193
639449
639602
639786
639973
640117
640423
640525
640590
640859
641033
641264
641503
641830
641940
642566
643086
643164
643249
643296
643416
643562
643663
643823
643922
644270
644444
645323
645705
645880
646553
646602
646955
647074
647305
647498
647545
647661
648221
648606
648925
648983
649116
649204
649890
650255
650700
650731
650770
650949
651471
651628
651867
652010
652085
652484
652657
653029
653049
653066
653130
653401
653534
653569
653712
653966
654057
654644
654645
654785
655002
656014
656399
656658
657661
658054
658089
658157
658550
658884
658974
659206
659525
660143
660748
675658
678736
680952
680985
681399
681601
682133
682817
684658
687671
687678
687873
688021
688772
690451
690547
693671
694081
694093
694558
694798
694906
695680
696483
697070
697274
697424
697797
697889
698185
698273
698819
699307
699337
699643
699680
700334
700330
701196
701667
701846
701851
702116
702679
702982
703435
703481
703692
703968
703975
704158
704556
704642
704761
704843
705283
705272
705625
705995
706046
706335
706438
706618
706650
706767
707762
707921
708228
708285
708468
709111
709294
709769
709836
709895
710132
710732
711079
711099
711170
711253
711536
711539
712018
712275
712396
712632
712856
712938
712972
713676
721843
725494
725668
725809
726073
726078
726166
726496
727396
727460
727630
728221
729240
729423
729586
729972
730504
730674
730730
731510
731652
731931
732030
732159
732739
733073
733188
733775
733780
734097
734344
734845
735074
735119
735307
735441
735668
735814
735862
736560
736589
736747
737008
737311
737552
738249
738274
738343
739014
739156
739855
740413
740615
740657
740845
741005
741245
741298
741545
741599
741858
742074
742237
742312
742384
742444
742724
742754
743198
743238
743701
743757
743860
743991
744184
744183
744221
744352
744530
745208
745759
746059
746161
746541
746954
747413
747411
748088
748256
748296
748412
749232
749433
750238
750441
750610
750893
750946
751150
751615
751660
751865
751913
752517
752706
752751
752913
753740
753899
754163
754184
754514
755044
755139
755138
755903
756093
756364
756710
756783
757059
757318
757633
758120
759182
759327
759384
759521
759949
760146
760234
760305
760840
760910
760995
761355
761621
761991
762003
762226
762349
762672
763069
763434
763537
763783
763965
764063
764117
764630
764831
765085
765796
765789
766623
766830
766859
767375
767563
767635
769194
769870
770002
770371
770460
770760
771180
771268
771296
771693
771771
772102
772214
772611
772862
773037
773064
773553
773641
773714
773896
773960
774546
774563
777247
777249
799146
818532
818607
819235
820034
820039
820464
820559
820684
821243
821950
822033
822543
822770
823144
823135
823379
823679
823843
824383
824604
824776
825163
825183
825747
825856
826024
826640
826886
827036
827137
827141
828215
828686
829734
829974
830118
830551
830752
831231
831299
831303
831336
832090
833089
833410
833820
834169
834344
834873
835034
835236
835981
836010
836896
837102
837235
837281
837786
838052
838059
839637
839646
839708
839753
839873
840101
840186
840189
840501
840713
840806
841588
841607
842063
842275
842817
848233
848317
848770
849653
849714
849812
850575
851067
852653
852748
854119
854255
854280
854533
855498
856647
857015
857491
857830
858151
858371
858536
858588
859139
859487
859812
859844
860085
860136
860602
860942
861219
861602
861647
861825
861953
862119
862274
862290
862808
863283
863392
863551
863600
863700
863963
864197
864616
865001
865221
865402
865762
865897
865910
866123
866261
866487
866493
866599
866900
867152
867121
867185
867460
867494
867869
868130
868284
868804
868808
868883
868932
869120
869237
869633
869693
869762
869786
869952
870042
870266
870635
870821
870806
871202
871311
871332
871515
871625
871701
871871
871896
872072
872132
872341
873011
873023
873598
873771
873880
874197
874781
874913
875382
875518
875683
875706
875703
876117
876176
876342
876738
876897
877230
877473
877579
877686
877788
877840
878028
878372
878520
878754
878871
878998
879382
879473
879998
880201
880260
880838
880956
881314
881312
881429
881815
882285
882472
883112
883120
883224
883300
883682
884081
884208
884261
885625
885746
885913
885945
886094
886146
886373
886461
886493
887144
887253
887645
887896
888198
888205
888677
888712
889070
889206
889289
889575
889602
889690
889692
890205
890283
890749
890881
891432
891515
891708
892359
892379
892394
892500
892539
892981
892990
893208
893245
893565
893793
894204
894339
894381
894456
894817
894895
895099
895776
896079
896325
896922
897431
897524
898507
898559
898789
900719
902113
902124
902230
903028
903053
903156
903539
903998
904401
904387
905310
906751
907299
907930
908000
909325
910099
913468
913628
913875
914165
914280
915142
936029
938715
938744
943077
943569
944184
944304
945406
947554
949136
952521
952802
953277
953281
953844
953910
953955
954380
954395
954851
954996
957481
957703
957746
958185
958495
959223
959888
960188
960262
960407
960630
960895
961021
961239
961852
961910
962601
962641
963362
963387
964052
964092
964746
964775
964918
