576.22
657.45
1600.34
2789.4
3505.15
4641.15
5786.4
6125.62
6629.59
6873.47
7374.52
8277.42
8700.48
8830.18
9825.33
11526
11765.9
12818.5
13145.7
15488.9
17071.7
17490.1
18023.4
19468.7
19523.2
21764.8
22370.8
22934.5
23219.8
23614.8
24065.2
25002.6
25942
25970.2
26387
26528.8
27056.5
27102.3
27515.6
28011.2
28771.3
29475.7
29648.2
32128.6
32236.3
32642.1
33885.7
34830.3
35017.5
36718.9
37221.5
39063.5
39345
39655.9
39991.8
40628.3
40706.1
40774.3
41071.6
45651.8
46503
47115.6
47227.4
47559.2
48223.4
48595.2
49540
49779.5
50296.4
50368.4
50708.7
51298.9
51631.2
52019.2
52923.9
53608.2
54173.2
54411.3
54481.3
54942
55559.6
56028.6
57044.1
58798.2
59948.3
61522.5
62413.5
62526.9
63169.6
63305.4
63375.6
64476.4
65009.5
65613.5
66211.3
66665.7
66945.9
67272.4
68416.3
70710.6
72801.4
72904
73668
75075.8
75252
75612.8
76734.4
77666.5
78699.1
79320.8
79618.2
80049.7
80686
81297.6
81570.2
82686.5
83729
83992.5
84944.2
85008.5
86642.5
87173.4
87412.6
89867.4
90389.6
90419.2
90842.2
91949.1
92347.3
92859.6
94884.5
95177.1
95745.6
95952.4
98196.2
98730
98948
98953.3
99451.3
99769.9
100525
100522
101465
102897
103022
103647
103958
104751
107314
109273
110707
111757
111959
112637
112880
114075
114762
116277
117664
117676
118042
118749
118992
122557
122853
124334
124786
125244
125871
126740
128915
129669
130986
131367
132450
132471
132568
133140
137002
138483
138729
138748
139084
139812
140130
140975
141352
141636
141753
143037
143995
145081
145811
150068
150226
150784
151558
152343
152717
156761
158679
159175
162227
162357
162447
162503
162883
163218
163984
164996
166354
166922
167095
167667
167964
167985
169948
171591
172468
172651
172670
173415
173836
173981
174586
177307
182216
182668
183071
183737
184683
184840
185077
185632
185983
186166
186354
186728
187904
189370
189866
193117
198504
198561
199528
