318.39
337.05
778.78
945.54
1546.94
2489.03
2664.71
2666.07
2825.17
2873.28
2909.51
3527.91
3828.98
3887.63
4915.3
4928.94
5029.88
5053.77
5592.9
5644
5758.33
5866.94
5975.94
6787.18
6835.81
7073.99
7424.42
7623.31
7634.87
7751.74
7784.73
7804.58
8033.97
8370.28
8786.64
9072.22
9126.47
9339.76
9802.2
9896.76
9987.65
10027.8
10276.1
10598.1
10717.5
10750.4
10793.7
11265.1
11417.7
11453.9
11517
11836
12180.9
12294.1
12303
13029.7
13230.2
13649.8
13916.1
14807.9
15150.3
15517.7
15550.7
15757
15863.9
16118.2
16124.6
16164.2
16646.5
16852.4
16962.6
17057.3
17120.6
17193.4
17370.4
17485.1
18009.9
18124.8
18301.5
18359.8
18451.7
18587.6
18590.2
18664.5
18845.5
19030.3
19088.5
19374.2
19412.5
19682.3
19855.8
19905.4
20194.4
20202.6
20221.2
20320.9
20331.1
20389.1
20491.5
20714.8
20870.8
20957.7
20966.4
21108.1
21358.9
21599.9
21828.3
21935.3
21958.5
22055.2
22389.2
22453
22522.7
23375.8
23674.6
23966
24074.8
24080.4
24173.3
24352.5
24450.7
24574.8
24852.2
25093.3
25159.1
25196.7
25346.3
25432.9
25605.6
25855.3
26070.1
26435.2
26593.5
27106
27193.8
27444.5
27926.9
28560.5
28617.2
28853
29248.3
29345.2
29518.2
30090.9
30373.5
30765.6
30893.4
30959.7
31065.7
31399.5
31455.4
31512.7
31750.6
31752.9
31865.4
31990.7
32331.6
32342.5
32434.8
32470
32892.3
32924
32970.1
33069.1
33093.8
33097.6
33372.8
33431.3
33482.4
33581.6
33584.9
34032.4
34051.1
34171.9
34234
34453.2
34995.8
35486.3
35609.7
35646.7
35990.1
36213.2
36379.9
36416.1
36441.5
36662.4
36722.9
38102.7
38317
38551.8
38732.5
38761.3
39294.9
39410.4
39524.1
39711.1
39735.8
39878.4
39941.8
40053.5
40328
40467.6
40564.9
41037.7
41059.7
41314.8
41505.6
41564
41640.7
41685.5
41803.1
41936.3
42313.6
42630.5
43094.1
43266.2
43524
44231.1
44397.2
44564.2
45005.2
45230.3
45298.8
45395.2
45829.4
45871.7
46113.4
46413.3
46721.7
47011.7
47201.9
47673.9
47988.7
48172.2
48266.4
48274.8
48617
49136.2
49240.6
49286.4
49418
49503.3
49502.8
49680.3
49790.7
49825
50220.1
50583.2
50663
50683
50736.5
50858.9
51002.9
51227
51288.3
51679.4
51740.3
52035.3
52473.4
52704.4
53029.5
53163.4
53392.2
53413.8
53757.9
54099.5
54463.9
54463.1
54688.5
54717.7
54965
55702.2
56117.3
56356.6
56721.4
57136.3
57428
58410.5
58428.7
59286
59360.4
59437.5
59778.5
60320.5
60337.8
60389.2
60547.5
60642.4
60855.7
61269.1
61627.2
61659.5
61675.6
61835.6
62004.1
62134.5
62236.4
62273.8
62566
62618
62696.8
62840.1
62958.3
62976.2
63445.9
63897.3
64033.1
64063.4
64487.2
64548
64632.5
64907
65861.1
65927.6
66155.1
66567.7
66577.5
66711
66793.8
67007.7
67114.5
67325.9
67359.5
68032.3
68103.7
68230.4
68246.2
68367.6
68401.4
68678.9
68761.6
68803.3
68938.3
69117.8
69239
69248
69257.3
69268.7
69547.2
69591.6
69689.3
69784.5
69885.8
69979.2
69996.5
70017.3
70636.2
70649.6
70930.3
71208.2
71321
71382.8
71470.3
71629.9
71661.8
71987.5
73232
73606
73789.8
74701.8
74725.2
74944.1
75229.6
75574.4
75695
76001.5
76366.1
76603.5
76713.7
76727.7
76861.7
76993
77159.2
77167.9
77198.9
77319.8
77512.6
77957.7
78059.9
78582.2
78721.5
78790.6
79080.3
79115.7
79156.7
79512.4
79616.4
79680.6
79981.7
80269.3
81146.8
81468.9
81486.9
81647.9
82268.2
82388.9
82597.8
82634.4
82954.7
83115.2
83121.2
83153.5
83368
83544
83875.2
84098.6
84222.6
84242.2
84340
84332.6
84548.4
84620.7
84690.6
84852.9
84927
85093.5
85231.7
85625.9
85840.7
85919.6
85974.9
86550.7
86595.5
86660.5
87214.5
87266.4
87364.5
87606.9
87674.8
87818.6
87963.5
88298.1
89153
89837.6
89946.5
90676.3
90906.4
90978.2
91056.7
91373
91828.6
91824.5
92060.5
93260.2
93611
93744.7
93884.2
93934.2
93976.1
94066.5
94138
94178.9
94180.1
94255.4
94258.2
94392.3
94587.5
94654.2
94829.1
94840.3
94984.5
95271.3
95347.8
95494.8
95661.7
95726
95981
96149.8
96246.9
96302
96454.6
96509.5
96522.8
96660.3
96724.9
96767.4
97058.1
97177.6
97309.3
97390.5
97468.8
97654.9
97703.6
97844.6
98076.5
98130.8
98213.8
98227.6
98474.1
98627.2
98873.2
99293.2
99339.2
99338.6
99467.7
99627.9
99712.4
100238
100242
100288
101003
101421
101522
102006
102121
102222
102320
102559
102843
102937
103110
103145
103211
103259
103658
103683
104241
104286
104518
104684
104880
104987
105601
105708
105897
105960
106227
106598
106666
106704
106753
106764
106978
107020
107287
107301
107801
108175
108494
108579
108732
109619
110700
111088
111315
111518
111755
111778
111940
112030
112508
112885
113869
114159
114263
114298
114524
114920
115051
115314
116562
116586
117305
117936
117992
118159
118467
118641
118960
119208
119711
119713
120052
120247
120498
121352
121454
121500
121663
121814
122801
123423
123510
123869
124083
124406
124488
124689
124975
125012
125166
125335
125478
125514
125553
125618
125756
125931
126240
126258
126987
127285
127470
128213
128254
128337
128690
128788
129181
129539
130086
130274
130778
130854
130858
131197
131419
131688
131704
131778
133326
133531
133794
133929
134409
134682
134787
134894
135021
135035
135265
135653
135757
135749
136032
136582
137197
137523
137636
138129
138218
138635
138760
139138
139168
139658
139770
140025
140062
140148
140162
140405
140822
141489
141616
141778
141997
142314
142404
142510
142594
143371
143415
143749
143989
144107
144121
144340
144600
144910
144918
145049
145116
145209
145219
145400
145861
146226
146261
146413
146698
146755
147234
147253
147302
147648
147774
147818
147836
148100
148298
148567
149052
149169
149283
149425
149676
149709
149711
149764
149865
150142
150179
150232
150517
150616
150632
150632
150757
150823
150939
151074
151123
151128
151330
151441
152024
152220
152445
152546
152595
152802
152912
153506
153679
153666
154002
154117
154215
154559
154619
154838
155289
155547
155554
155590
155811
156144
156239
156331
156355
156365
156579
156776
156800
156920
156975
157031
157455
157966
158263
158714
158812
159072
159088
159417
159669
159688
159872
159926
159951
160347
160361
160556
162292
162902
163175
164085
164722
165694
165985
166499
166879
167298
167464
167778
167804
167898
168119
168159
168495
169234
169339
169744
169871
170174
170957
170996
171307
171753
171882
172165
172675
172705
172889
173010
173301
173623
173620
173636
173737
173956
173989
174626
174668
174892
175403
175810
176274
176367
176793
177254
177340
177444
177854
178222
178266
178513
178605
178839
179010
179027
179440
179482
179500
179610
179696
179755
179920
179969
180284
180324
180355
180731
181067
181181
181783
182169
182654
182663
183103
183463
183478
183643
183893
183898
184440
184988
185064
185069
185775
186031
186106
186165
186308
186703
186748
186823
187093
187171
187214
187279
187455
187484
187610
187641
187801
188165
188206
188546
188675
188895
189291
189359
189459
189617
189831
190024
190307
190371
190610
190639
191037
191253
191273
191504
191628
191749
191835
192158
192433
192542
193055
193683
193712
193997
194604
194647
194910
194920
194993
195496
195536
195952
196055
196384
196508
196575
196940
197080
197098
197120
197297
197338
197523
197762
198842
198999
199052
199154
199351
199534
199614
