1922.51
2662.33
2946.71
3559.96
4083.91
6470.98
7583.78
9005.07
9133.34
10515
12174.7
12287.2
12842.4
15005.6
17713.7
18580.3
19208
21383.6
21966.7
22288.9
23554.1
24266.3
26444.7
26530.8
26717.9
26861
27473.2
27689.9
28079.7
28872.4
30321.9
30348.8
30546.2
30801.7
31661.6
32712.4
32791.8
33155.6
36096.4
36705.8
37381.5
37706.4
39527.2
39730.7
40982.7
41957.3
43128.1
43462.7
44086.1
45122
45317.2
45352.2
45680.7
45955.9
46251.3
47004.4
47161.3
47306.9
48870.1
49369.9
51449.1
54452.9
54523.1
55026.1
55052.6
55448.7
55666.4
56113.7
56901.8
56921.9
57248.8
57275.7
57562.6
60718.3
61575.9
61755.8
62008
64557.1
64893.1
65485.6
65984.8
66729.9
68081.3
69185.5
69583.3
73381.9
74239.4
76239.6
77399.7
77407.6
77629.8
77946.8
78133.1
78621.5
78887.1
79482.4
80775
81002.6
82224.7
82319.2
83038.5
83184.1
84216.9
84282.6
84970.7
85072.9
85239.4
85487.1
85579.1
86626.4
87756.6
88026.9
89478.8
89845.5
93701.4
94843.7
96042.5
96187
96559.7
96784.5
97555.5
97974.9
98031.2
99118.1
99388
100881
102763
103340
103806
104363
104520
104728
105559
106199
106282
106711
106955
109140
109500
110261
110440
110885
110946
111489
112489
113129
113191
115685
116264
117009
117912
118058
118529
119536
119874
120366
124804
125152
125328
126904
127027
127878
127950
128207
128365
128962
128970
129316
129467
130133
131306
131722
132560
133856
134011
135364
136317
136350
137194
138869
139342
139893
140133
140796
140823
141013
141946
143310
143652
143704
144289
147830
148408
148910
150137
150625
150839
150984
151347
151604
151861
152311
154106
154842
156549
157530
158618
159726
160325
160372
160827
161309
161896
162229
162287
163157
163586
163687
163944
163974
165941
168946
169316
170000
173486
173778
173969
174473
174592
174889
180931
184384
186609
186791
187568
188982
189071
189139
189705
189795
190072
190801
190976
192448
192859
193911
195240
197759
