350.32
434.67
489.74
2485.64
7688.22
7927.38
9261.11
9350.72
9689.14
9999.17
16480.3
17008.3
21295.1
21478
22369.6
23123
23971.1
26318.6
29218.8
30197.5
30235.7
30281.8
31602.1
33367.4
34405.9
34690.4
35069.2
35098.1
37161.7
38232.1
38269.8
39481.7
39874.5
40626
41382.4
42207.2
43866.9
46804.6
47172.8
47755.6
51728.4
52244.1
52310.4
52880
54224.2
54533.3
55021.1
55024.6
58044.8
58335.8
58579
59259.9
59846
61568.8
62084.2
62926.3
64623.3
65153.3
65353.9
66591.2
67647.9
68322
68727
70121.2
73465.3
74018.5
77581.9
78190.5
80693.5
80767.2
82856.9
83087.6
83121.7
84184.4
84449.3
84518.2
85065.1
85541.9
86545.4
86573.5
86608.9
87509.4
90912.1
90954.1
92136
92129.7
92565.9
92794.4
92997.3
93394.7
96749.9
97316
98543.5
99012.4
99045.3
99832.4
99950.4
