254.15
840.84
1926.77
2270.77
2963.86
3644.03
3986.64
5547.28
6050.24
6429.59
7993.94
8220.01
8775.07
9122.88
9150
9664.13
10190
10444.5
11059.9
13104
13931
14173.6
14578
14844.7
15106.8
15423
16246.5
16889.8
17780.8
18225.8
18778
19052.5
19133.1
19391.6
19408.7
19458.4
19791.4
20761.5
21209.4
21298.2
21598.4
21757.8
22077.5
22534.1
22876.1
23256.3
24774.5
24838.1
25252.3
25517.5
25832.7
25954.9
26178.1
26588.3
27168.5
28030.5
28103.4
28836.6
30292.1
30338.4
30463.1
30528.7
30536.4
30839
31187.2
32109.8
32636.2
32732.8
33686.1
33764.5
33884.4
34425.6
34561.4
35194.1
35346.8
35595.2
35790.8
36130
36346
36362.2
36801
37091.9
38150.8
38727.8
39034.5
40720.9
42142.1
42323.1
44669.9
45077.3
45537.1
45530.2
45567.5
46963.4
47482.1
47525.6
47930.9
48215.1
48228.6
48673.6
48694.1
48985.9
49218.2
49655.5
50756.7
50998.5
52684.4
53884.3
55722.8
55727.2
55966.2
56077.8
56449.5
56994.8
57078.7
57234.9
57638.6
58259.1
60141.4
60762.6
61957.5
62271.4
62422.8
62466.6
63155
63419.1
63565.8
63863.1
63894.7
64312
64701.1
65171.8
65767.6
65775.4
66037.6
66067.3
67230.8
67562.4
67582.9
68191.7
69186
69259.6
69821.5
70327.4
70425
71476.8
73909
74487.8
74877.1
74963.3
75402
76231.7
77112.2
77158.9
77227.5
77411.7
77738.8
77856
78170.8
78707.9
79320.8
79368
80142.3
80551.2
81346.3
82538.5
83058.4
83117
83514.7
83696.9
83957.2
84272.4
84524.2
84799.1
85098.4
85311
85373.7
85905.9
86297.3
87909.7
89371.2
89390
89718.8
90084.1
90240.5
90714.9
91611.5
91950.6
92425.5
92889.3
92983.2
93510.3
94119
96199.3
96434.4
96508.8
98434.4
99555.8
99939
99977.2
101162
101202
101309
101802
102914
103041
103157
103466
103781
103885
104009
104210
104808
105377
105709
106047
107003
107342
107739
107928
108029
108379
108410
108524
108663
110523
110759
110958
110995
111209
112449
112784
112919
113017
113049
113078
113369
114187
114373
115736
115854
115998
116299
116322
116592
117356
117550
117550
117582
118000
118808
118956
119435
120115
120685
120911
121114
121260
121814
123773
124040
124372
124897
124893
125841
125944
126019
126142
126196
126268
126623
127240
127340
127873
128284
128474
128600
128865
128971
129506
130614
131759
132061
132058
132225
132759
133659
134365
135245
135632
135649
136234
136732
137008
138588
138650
138906
139111
139222
139683
140050
141926
142017
142541
142832
142878
143438
144326
144562
144667
144756
145934
146837
146878
147814
147886
148004
148436
148637
148662
148675
149195
149213
149621
149976
150321
150573
151036
151233
151295
152315
152681
152838
154204
154888
155571
156008
156141
156147
156663
157952
158645
158827
159210
159946
159940
160162
161566
161809
162330
162652
162871
163298
163599
163767
164661
164955
165053
165120
165497
166516
167118
167580
167619
167636
168364
168492
169130
169583
169738
170037
170466
171083
171205
171431
171759
172102
172429
173542
173983
174333
174686
175917
176234
176442
176479
176770
176883
177073
177179
177589
177647
177667
178066
178355
178626
179528
179564
179612
181383
182846
183618
185329
186132
186161
186321
186841
187387
187509
187795
187989
188113
188192
188463
189568
189621
190115
190215
190738
191068
191116
191386
191601
192737
193244
193319
195795
197234
198216
199006
199622
199778
