435.4
652.54
690.37
756.58
834.22
868.18
981.73
1061.45
1488.89
1710.5
1931.39
2061.96
2174.79
2345.53
2684.67
2910.28
2941.73
3195.27
3550.86
3574.94
3596.74
3647.54
3747.31
3763.41
3892.34
3902.95
3950.16
4361.04
4517.78
4520.29
4527.85
4631.37
4847.43
4876.54
5181.28
5531.01
5768.18
5824.95
6323.75
6397.06
6514.9
6646.72
6855.68
6905.83
7406.87
7551.95
7621.69
7676.04
7999.1
8127.46
8206.67
8338.72
8534.27
8759.83
8770.52
8864.56
9364.25
9376.73
9498.18
9596.53
9755.05
10043.6
10311.3
10334.7
10509.4
10556.9
10573.6
10958.6
11110.7
11127.4
11969.9
12355.6
12459
12504
12700.6
12951.3
12998.9
13102.3
13251.1
13888.2
13954.8
13959
14053.5
14182.1
14240.8
14662.6
14872.7
14990.2
15152.9
15220.6
15508.1
15700.3
15745.5
15851.6
15911
16089.1
16131.1
16508.5
16523.8
16924.2
17248.7
17421.5
17515.6
17639.4
17673.9
17812.1
18060.3
18402.2
18785.2
19223.7
19583.2
19664.9
19732.4
19733.2
19777.7
20237.2
20537.3
20693.5
20733.5
20946.9
21004.5
21226.2
21315.1
21518.2
21653.2
21696.4
22020.7
22316.9
22503.3
22628.7
22738.6
22756.2
23191.7
23376.5
23826.5
24217.1
24330.2
24362.3
24648.9
24989.7
25193.6
25699.1
25722.8
25787.2
25955.9
26020.1
26325.3
26417.7
26487.5
26874.5
27022.8
27070.2
27081.5
27152.8
27439.7
27826.1
28093.4
28121.1
28199.6
28278
28354.4
28501
28565.1
28634.4
28840.3
28917.3
29157.8
29295.1
29645.7
29698.7
30208.1
30242.2
30341.9
30367.7
30814.5
30847.6
31069.3
31313
31445.6
31675.8
31704.4
31898.3
32040.3
32079.3
32496.7
32931
32979.5
32988.1
33349.4
33600.5
33613.2
33707.1
33990.6
34234.9
34284.2
34698
34869.7
34963.2
35123.5
35145.8
35224
35336
35442.4
35755.2
36211.5
36293.3
36657.6
37015.3
37038.4
37121.3
37368.3
37504.3
37797
37914.4
38135.9
38412.5
38459.9
38572.6
38746.3
38946.1
38995.3
39051.5
39206.1
39558.4
39553.8
39965.3
39978.6
40340.7
40444.4
40830.7
41148
41250.6
41355.4
41840.1
42188.4
42262.6
42705.6
42765.8
43082.2
43110.6
43150.4
43659.3
43761.3
43777
44423.6
44655.7
44735.6
45075.5
45160.8
45481
45987.8
46174.7
46177.9
46342.1
46455.3
46905.6
47087.8
47099.9
47434.7
47638.6
47838.5
48142.9
48140.7
48338.6
49180.7
49239
49237.6
49313.1
49326.9
49415.4
49505.3
49750.6
50223
50286.5
50306
50536.8
50990
51105.8
51911.9
52359.3
52361.2
52463.5
52593.5
52618.5
52670.5
52707.2
53133.1
53145.8
53348.9
53467.6
53470.1
53632.6
53818.3
54021.9
54692.6
54797.4
55079.8
55171.3
55423.4
55546.7
55602.5
55611.2
55767.8
56582.5
56715.6
57178.8
57750.9
57807.8
57846.6
58282.8
58426.4
58580
58726.9
58804.2
58824.5
59106.4
59214.3
59525.4
59710.9
60054.8
60559.8
60598.2
60619
60967.4
61008.8
61236.7
61253.6
61271.5
61357.9
61819.7
61997.8
62003.4
62022.2
62463
62547.2
62591.3
62676.5
62992.3
63095.3
63402.4
63475.9
63908.1
64074.5
64275.7
64485.6
64781.2
64802.7
64978.6
65028
65595.6
65966.2
66183.3
66287.7
66371.2
66515.5
66732.3
66868.7
67048.5
67050.4
67128.1
67509
67567.9
67605.7
67852.6
67860.7
67926.9
67988
68033.4
68137
68421.8
68670.8
68934.8
68974.3
69350
69876.4
69925.6
70482
70546.6
70587.1
70603.7
70639.3
70644.4
70822.4
71081.3
71231.5
71461.1
72276.4
72729
72796.3
72906.4
72908.9
73210.8
73576.1
73866.7
73966.3
73979.5
73986.6
74264
74493.5
74530.7
74557.6
74812.1
75103.7
75182.7
75345.7
75382.1
75632.2
75632.9
75970
76155.5
76601.7
76704.9
76736.4
77000.7
77241.2
77683.8
78098.7
78348.9
78592.1
78665.5
78698.7
79149
79303
79319.3
79779.3
80424.7
80608.2
80869.5
81233.7
81693.9
82010.9
82664.6
82847.4
83103
83135.3
83312.1
83564.3
83559.5
84424.4
84620.2
84661
84881
84917.4
85330.7
85362
86248.9
86396
86528.3
86982.2
87082.9
87162.8
87248.1
87410.8
87533.3
87560.8
87886.1
88012.4
88087.7
88143.6
88147.4
88301.8
88321.8
88604.7
88607
88703.6
88987.6
89528.5
89644.4
89795.2
90347.3
90676.3
90755.8
90907.3
91079.6
91218.5
91379
91449.1
91465.9
91539.2
91803.9
91828.2
91889.4
91902.4
92049.2
92074.2
92506
93169.8
93297.9
93304.3
93890
93895.3
93958.3
94106
94176.6
94269.8
94336.2
94673.1
94742.7
94851.2
94893.9
95119.4
95129.8
95523.8
95645.5
95701
95843.8
96529.6
96712.4
96980.8
97014.9
97283.1
97399.1
97465.9
97609.3
97647.8
97722.6
97757.9
98082
98202.7
98330
98573.4
98708.3
98724.6
98796.3
99339.6
99594.2
99809.3
99995.6
100100
100248
100899
101150
101345
101505
101686
101726
102309
102334
102351
102576
102712
102711
102730
102754
102877
103105
103170
103234
103596
103865
104124
104192
104226
104540
104585
104853
104904
105496
105813
105849
106491
106629
106874
107022
107125
107335
107572
107654
107740
108155
108289
108455
108555
108684
108936
109014
109248
109861
109985
110618
110646
110809
110901
110914
110945
110996
111701
111890
111980
112421
112556
112565
112997
113053
113129
113264
113670
113855
113886
114039
114508
114686
114837
115152
115255
115736
115960
116338
116635
116696
117013
117096
117433
117495
117654
117672
117709
117814
117824
118406
118408
118418
118594
118801
118810
119034
119264
119508
119595
119685
119789
119812
119810
119888
120487
120557
120712
120885
120997
121073
121278
121418
121634
121690
121720
121796
121895
121913
122007
122068
122237
122303
122481
122639
123079
123141
123245
123289
123285
123405
123492
123565
123791
123792
124290
124547
124560
124895
125172
125540
125604
126032
126138
126611
127082
127086
127213
127231
127340
127449
127736
127780
128025
128059
128092
128341
128471
128561
129251
129412
129647
129641
130049
130169
130431
130565
131515
131861
131955
132302
132625
132753
132959
133012
133019
133072
133194
133392
133607
133649
133873
134275
134630
134713
134925
134922
135225
135428
135471
135850
135962
136114
136214
136422
136503
136510
136592
136809
137009
137139
137246
137451
137583
138242
138427
138941
139115
139622
139793
140126
140607
141525
141557
141576
142083
142105
142329
142598
142683
142728
142736
142844
142995
143263
143293
143306
143874
143933
143937
144061
144100
144156
144279
144316
144775
144984
145108
145165
145190
145414
145486
146053
146108
146171
146171
146397
146687
147050
147077
147249
147673
147786
148069
148479
148717
148759
148893
149029
149073
149198
149314
149485
149620
149732
149856
150171
150327
150620
150677
151361
151511
151685
151746
151978
152002
152188
152363
152555
152598
152865
153046
153181
153525
153610
154078
154213
154569
154809
155049
155100
155279
155522
155585
155864
155858
155989
156081
156217
156572
156739
157127
157435
157675
157952
158033
158399
158664
158946
159032
159314
159321
159384
159443
159988
160162
160244
160386
160544
160912
161443
161540
161596
161642
161638
162121
162324
162636
162650
162917
162943
163949
164211
164392
164564
165078
165123
165643
165673
166038
166300
166572
166682
166774
166795
166915
166905
167023
167110
167453
167516
167603
167818
167916
168225
168388
168430
168642
168810
169258
169629
169842
170310
170331
170430
170471
170980
171036
171098
171279
171325
171477
171552
171587
172167
172182
172218
172429
172521
172625
172656
172650
172876
172937
173295
173305
173386
173593
174198
174558
174777
174864
174918
174970
175277
175302
175378
175656
175702
175906
175995
176175
176414
177111
177373
177586
177615
177635
177688
177762
178289
178588
178699
178695
179123
179322
179856
180032
180401
180727
181015
181448
181749
181856
182327
182659
182671
182744
182921
183020
183269
183613
183630
183900
184018
184249
184548
184785
184806
185005
185075
185150
185209
185330
185427
185621
185817
185931
185974
186088
186230
186426
186523
186702
186826
187015
187269
187341
187419
187425
187758
187959
187984
188210
188324
188892
188962
188984
189354
189721
189736
189807
190080
190324
190402
190648
191162
191204
191242
191307
191882
192123
192414
192584
193108
193251
193321
193383
193452
193467
193894
194060
194354
194457
194593
194881
195488
195596
195596
195944
195959
196360
196411
196460
196529
196580
196883
197358
197359
197364
197510
197533
197635
197999
198300
198419
198432
198570
199000
199342
199602
199644
199698
