410.19
555.91
1049.6
1723.71
2454.72
5357.88
5748.66
6567.28
7230.64
9339.77
10694.1
13633.9
14688.5
15817.8
18313
20586.9
21755.8
22056.6
22274.9
22333
22969.6
24343.7
25570.3
26405.7
27845.2
29238.4
29615.2
30698.2
30820.8
32998
33007.8
34212.3
35438.8
36129
36495.6
36644.3
36742.2
36931
42329.1
42389.6
43048.6
44828.6
45392.2
45639.6
45988.4
47072.3
48431.1
49332.3
49870.8
57383.7
58110.9
60858.8
62233.4
63404.3
63761.3
64655.4
64852.9
65973.8
66260.1
66461.5
66749.2
67603.3
67764.5
68370.6
68394.8
69583.9
70353.4
70918.2
71370.2
72581.1
74324.8
74534.2
77326.4
77665.1
78111.3
78716.3
80668.9
81142
81825.7
83315.7
83389.4
84607.4
85139.3
85212.5
85224.8
85492.1
90421.6
91574.8
91601.9
92612.9
93157
93655.7
93870.4
94686.1
95844.5
96944
97042.1
100131
100415
101944
102788
103637
103692
104692
104933
105298
105497
105656
107268
108722
108920
110741
112540
113427
113609
114102
114421
116483
116948
117550
118082
120087
121386
123035
124255
125796
126043
126514
128850
129013
129068
130399
131808
131848
132764
135860
138095
139310
140383
142658
143355
145373
146757
146978
148189
149340
151598
151776
152325
152681
155088
155133
155883
156502
158840
160162
160338
161985
162780
163084
163501
163965
165695
167827
168769
170562
171311
171736
171963
174923
176144
176566
176674
176889
177404
177852
178557
178866
179058
179550
180559
183757
184482
186987
187233
187932
188125
189608
189878
190347
191244
191486
191984
192674
193418
193575
195416
195719
198444
199620
199643
