242.77
449.13
831.42
1549.48
1910.02
2157.26
2263.91
2953.77
3631.11
3966.07
4589.53
5531.66
6032.37
6428.47
6587.04
7077.67
7678.16
7979.21
8007.32
8205.28
8752.95
9123.54
9132.91
9664.79
10064.6
10176
10427.7
10831
11059.7
12035.9
13088.1
13212.6
13919
14156.2
14409.4
14577.1
14730.2
14759.2
14843.8
15105.6
15421.8
15626.5
16238.3
16245.4
16897.2
17256.5
17766.9
18141.3
18223.3
18772.9
19049.8
19129.3
19377.2
19392.2
19430.2
19766.7
20130.4
20762.5
20773.4
20835
21210.3
21298.6
21600.4
21635.8
21740.5
22078.5
22515.6
22873.6
23238
24265.9
24754.7
24815.4
25239.2
25486.3
25833.7
25937.3
26162.1
26587.1
27154.6
28017
28091.1
28823.4
29240
29591.1
30277.7
30281.6
30313.7
30458.5
30524.2
30533
30826.6
30936.7
31185.9
31540.5
32094.9
32143.6
32615.6
32722.3
33213.7
33665.1
33749.4
33884.9
33976.3
34385.6
34562.4
35193.4
35346
35592.7
35725.2
35790
35990.5
36127.5
36334.2
36361.2
36797.8
37088.6
37112
37155.7
38134.8
38725
39018.9
40716
41950.7
42126.2
42324
43351.9
43379.4
43632
44667.4
45076
45512.6
45512
45536.2
45566.4
46966.2
47465.7
47524.9
47918.8
48202.5
48230.6
48659.3
48692.9
48961.1
48965.8
49197
49653
50756
50985.1
52667.2
53253.2
53869.2
55707.8
55726.5
55950.7
56059.3
56448.9
56979.1
57076.2
57216.9
57607.5
57639.8
57978.4
58235.6
58792.1
60126.7
60238.2
60714.8
60761.7
60768.7
61169.8
61961.3
62254.7
62408.7
62447.4
63152.5
63404.9
63565
63606.3
63861.9
63894
64295.2
64464
64481.8
64699.9
64885.1
65144.2
65769
65776.6
66023.1
66068
66494.6
66983.2
67216.5
67565.7
67585.2
68172.2
69185
69244.1
69573
69808.3
69983.5
70109.7
70312.7
70411
70809.1
71233.3
71261.7
71468
71504.2
72102.5
73892.4
74089.5
74473.3
74876.3
74946.2
75386.5
76220.8
76664.1
77096.3
77133.2
77134.9
77228.2
77397
77511.8
77726
77853.5
78161.6
78584.9
78704.3
78855.4
79040.3
79322.5
79369.2
79448.9
79920.8
80128.6
80547.2
80605.1
81347.5
81601.1
82279.6
82536
82618.6
83044.2
83101
83500.5
83698
83939.4
84043.7
84156.7
84276.9
84507.4
84734
84784.2
85034.2
85082.9
85295.4
85360.7
85881.2
86283.2
87885.1
89354.3
89374.1
89420.5
89702.8
89870.6
90084.7
90241.2
90715.8
91104.8
91609
91947.5
92421.2
92869.8
93363.8
93489
93736.5
93978.1
94102.4
95627.9
95963.4
96198.5
96433.2
96490.1
96787.4
98018.1
98433.4
98515.9
99554.9
99918.2
99976.4
101160
101201
101294
101783
102507
102911
103020
103139
103181
103236
103449
103764
103886
104008
104198
104406
104810
105044
105299
105372
105693
106046
106983
107002
107170
107412
107740
107910
108028
108364
108393
108508
108662
110215
110494
110760
110937
110976
111194
112133
112182
112425
112760
112762
112920
113001
113037
113065
113349
114174
114358
115735
115853
115970
115997
116282
116321
116578
117334
117533
117549
117579
117661
117990
118000
118798
118937
119413
120099
120525
120668
120908
121095
121259
121798
123755
124021
124352
124494
124884
124890
125552
125829
125943
126020
126143
126196
126270
126627
127235
127328
127776
127852
128268
128460
128580
128863
128924
128970
129505
130251
130284
130481
130613
131088
131733
131739
132045
132060
132204
132717
132760
133635
133774
133921
134355
135229
135633
135650
135968
136214
136705
137008
137120
137706
138573
138630
138905
139094
139201
139670
139733
140012
140111
140243
141923
142003
142541
142833
142878
143227
143440
143703
143759
144302
144325
144442
144561
144651
144743
145933
146411
146526
146836
146867
147653
147795
147851
147886
148002
148417
148636
148660
148661
149180
149193
149497
149604
149976
150312
150574
150801
151024
151181
151272
151648
151764
151969
152299
152660
152837
154165
154292
154887
155569
156008
156129
156133
156140
156377
156527
156665
157953
158644
158812
159017
159194
159558
159922
159925
160122
160163
161568
161810
162329
162649
162858
163076
163284
163598
163751
164660
164940
165052
165094
165482
165695
166517
167101
167579
167600
167621
168363
168478
169129
169545
169570
169737
170020
170356
170451
171082
171204
171430
171757
172100
172413
172857
173220
173543
173934
173959
174307
174673
175379
175897
176037
176230
176438
176467
176752
176866
177051
177164
177576
177608
177629
177666
178065
178354
178611
178749
179439
179506
179548
179611
180465
181279
181377
182822
183619
183777
183899
184301
184425
185329
186043
186129
186158
186318
186823
187370
187490
187794
187971
188112
188189
188448
188644
189185
189552
189609
190096
190197
190726
191058
191104
191365
191378
191565
192213
192515
192738
193244
193301
195135
195369
195794
197220
198214
198988
199465
199540
199620
199777
