1299.17
1683.25
2623.27
2900.98
3592.2
3794.92
6843.61
7180.07
8845.65
9037.89
9189.16
9774.11
11986.5
12837.1
13246.5
13376.3
14971.5
19763.2
20361.2
21034.4
21910.1
23885.7
23899.1
23977.6
24472.2
27126.7
27373.6
28202.9
28273
28669.8
28901.4
28947.9
29411.5
30848.5
32105.9
34225.2
34326
34479.6
35425.9
36261.7
36361.4
37108.4
37378.2
38855.3
39671.3
40356.1
43939.9
44345.8
45161.1
45831.8
46361.7
46619
47391.1
47726.2
49253.9
49949.5
50076.7
50361.6
50747.3
50788.2
50942.7
51400.1
51418.2
51714.8
51818
52891.9
53069.4
54370.2
54457.9
54773.9
55199.9
56917.3
58048.1
59914.8
61042
62035.9
62551.7
63031.5
64543.1
65232.3
65249.3
65444
65915.7
66580.2
66957.2
67313.1
68802.5
70296.9
70841.9
72870.1
74134.2
76832
76920
77836.8
78532.1
82144.5
84116.9
85222.3
86187.7
86725.8
86725.5
86986.2
87611.5
88340.3
89691.3
90205.2
91110.7
92181.5
92192.7
93526.7
94454.8
94773
94979.7
96942
98656.5
100143
101641
102159
103065
104220
104813
104868
105003
105157
105852
106614
108000
108585
108944
109156
110368
111274
112044
112469
112717
115344
117234
117828
119379
121042
121788
125175
125396
126176
127589
128557
128993
131803
133105
133484
134746
135687
136615
137521
138852
139162
140057
140645
140783
141915
141929
142017
144280
145696
146185
148585
148750
150779
151928
151922
153206
154008
154672
155872
156100
156229
157374
157473
159266
160422
160614
162434
162666
163120
163334
163352
164309
165434
167412
167973
168636
169246
169824
169927
170891
170975
171950
172157
173343
173465
173659
173899
174672
175084
175415
175852
176005
176468
176890
176933
179677
182086
182952
183195
183788
187216
188343
189491
190761
191961
193804
197200
197554
197939
198149
199114
