989.5
1061.23
1309.72
1452.75
2811.61
3119.73
3169.23
3235.4
3334.5
3737.03
3811.86
3964.26
4188.66
4420.61
5047.29
5132.03
5798.48
6678.79
8062.96
8574.06
8650
8715.96
9017.63
9839.42
10316.8
10599.9
10864.1
10934.1
11065.4
11396.2
11398.8
11773.8
12374.9
12656.6
13204.1
13415.6
13569.3
13721.2
14046.8
14372.7
15164.9
15269.1
15866.4
16612.4
17211.4
18412.7
19138.5
19921.7
20234.8
20481.2
20712.5
21424.3
22337.3
22756.6
22931.8
23425.2
23822.2
24707.2
24971.1
25153.6
25360.8
25420.1
25778
26157.9
26627.9
26890.7
27025.7
27478.5
27887.3
27986.2
28084.9
28277
28378
28437.8
28453.7
28654.8
28999.6
29016.7
29082.9
29306.1
29515.9
29862
30292.4
30453.9
30589.4
30804.8
31228.5
31312
31760.1
31891.3
32061
32093
32541.2
32593
32806.3
32846.9
33242.2
34002.5
34208.9
34210.1
34545.8
35121.8
35122.5
35412.6
35635.5
35692.3
35930.5
35943.6
36102.8
36490.9
36627.7
36912.1
37002.9
37006.5
37515
37824.7
38008.6
38283.5
38641.5
38917
39105.6
39415.3
39796.3
39833.5
40287.3
40500.7
40844.9
41013.8
41649.5
41860.5
42154
42881.9
43756.5
44188.9
45047.3
45371.7
46348
47119.1
47528.6
47615.1
47695.7
48346.6
49064.6
49077.3
49413.9
49662.4
49729.6
49981.6
50015.4
50238.8
50578.8
50859.6
50869.5
51138.7
51202.9
51345
51538.3
52575.2
52932
54174.4
56271.1
56462.2
56677.9
56757.2
57042.2
57125.2
57356.2
57638.2
57672.6
57697.6
57853.1
59606.8
59715.5
60081.3
60515
60563.8
61191.3
61343.5
61867.9
61878.1
61929.1
62182.2
62225.6
62362.8
62382.7
62589.7
62742.1
62780.5
63245.3
63527.1
63916.5
63925.2
64060.4
64097.6
64239.7
65022.6
65044.6
65354.1
65706
65832.7
66015.3
66047.1
66367.1
66374.8
66730
67886.1
67986.5
68532.8
69064
69841.5
70470.7
70649.3
70844.9
71264.9
71594.2
71611.4
72424.9
72686.3
73257.1
73587.2
73866
73993.5
74320
74463.7
74900.2
75908
76366.6
76529.9
76602
76679.7
76745.3
77129.1
77307.3
77363.5
78175.7
78366.2
80644
81219.1
81225
81851
82719.3
83087.1
83665.9
83865.3
84265.3
84750.1
85074.7
85696
85927.9
86270.4
86560.8
86639.5
86810.7
87447.6
87596.7
87792.2
87840.3
88090.6
88150
88608.3
89406.5
89886.4
89932.1
90473.5
90967.2
91217.5
91595.1
92032.5
92199.8
92797.9
92919.3
93959.7
93999.3
94225.5
94739.9
95829.1
96259.6
96695.7
96894.4
97170.7
97779.6
97985
98396.3
98807.4
99211.2
99529.3
99549.7
100137
101269
101774
102065
102252
102253
102708
103251
103671
103858
103986
104146
104152
104387
104664
104776
104897
105039
105600
106010
106342
106385
106453
106782
106801
107345
107377
107769
107823
107953
108245
109002
109313
109608
109908
110073
110153
110557
110599
110619
110824
110902
110963
111031
111780
112193
112250
112513
112539
112791
114177
114606
115794
115958
116228
116739
117076
117439
118536
118597
118804
119269
120611
120763
121231
121578
121914
122599
122982
123429
123485
123622
123800
123978
124667
124765
125027
125245
125497
125821
125897
126274
126336
126726
126977
127460
127548
128290
128498
128718
128825
129565
130505
130899
131163
131187
131608
132021
132036
132642
132967
133251
133509
133633
133767
134177
135174
136094
136361
137255
137930
138606
138786
138801
139141
139695
139839
140182
140495
140746
140864
141346
141635
142532
143265
143616
144069
145337
145549
146243
148370
148413
149007
150110
150285
150360
150658
150858
151028
151693
152631
152944
153710
153928
154465
155035
155154
155584
155689
155830
155932
156103
156427
156581
156676
156826
158492
158619
160091
160171
160358
160732
161190
161283
161319
161639
162047
162341
163062
163139
163290
163999
164113
164416
164628
165066
165714
165928
166334
166926
167080
168358
168641
169108
169312
169346
169521
169558
169780
170268
170329
170606
170622
170652
170716
171240
171676
171729
171906
172607
173215
173303
173645
174621
174636
174724
174912
175151
175418
175835
176199
176438
176747
177185
177201
177790
178267
178591
178772
179121
179451
179673
180220
180302
180348
181919
182692
183046
183507
183681
183898
183963
183963
184078
184290
184367
185117
185443
185483
185528
185680
186177
187031
187632
187637
188195
189380
190429
190763
191058
191521
191991
192521
192867
193494
193567
193812
193865
193962
194721
195237
195386
195757
196931
197008
197503
197681
197705
197794
197982
198862
199227
