2420.19
3916.01
4003.15
4723.51
5093.51
5436.43
7899.87
8151.44
8265.87
10211.7
12864.2
13936
15397.1
15602.2
16513.6
17330.9
17692
17966.4
18387
18651.7
23188.3
23768.4
24663.1
27834.6
28177
28249.7
29113.9
30017.1
32021.9
32725.5
33877.4
34147.5
34815.5
35141.9
36126.4
36154.1
36743.4
36838.1
37007.6
42351.9
43236.9
43809.7
43964.9
44066.8
44431.9
45596.8
46363.6
48577.2
48796.4
51539
53429.8
53555.5
54309.3
55082.6
55268.5
55644
56969.5
57565.6
57990.9
58107.2
59766.2
61247.5
63539.5
64077.8
64783.4
65296.8
67635.3
67930
68635.2
69098.5
72212.9
72569.6
75323.1
76046.6
77289.5
77677.5
78232.1
79219.5
80611.9
81618.5
83458.9
83719.9
85033.5
86107
86660.5
87382.8
88187.4
88602.4
89580
90095.6
93926.2
95446.9
96069.6
97646
98082.4
98442.1
104243
104752
105020
105530
106702
107028
107105
108010
111151
111370
111640
111737
113513
113830
115890
117062
117173
117177
122863
124523
125173
127606
129688
131693
132635
133644
134306
135686
135753
139430
140513
140624
141364
141414
143368
144291
144516
144679
145121
145542
145558
145702
146362
146367
147156
149318
151086
153724
155276
155367
155405
156514
158641
158660
159658
159945
163822
165991
171558
172188
173154
173708
175453
175624
176024
176409
178162
178214
178645
180237
182106
184950
186190
186275
186851
188058
189369
189521
191163
191921
193411
193957
194558
194678
195145
195452
196633
197592
198221
198645
