1392.73
2492.83
3383.16
3442.04
3678.79
5577.35
9671.04
9728.85
10450.2
10466.1
11314.2
11717.4
12142.1
13187.8
13222.2
13771.5
14660.1
17477.1
17596
20022.7
20046.4
20749.4
22493.7
23242.8
24282
24749.3
26328.6
27179.2
29354.6
30014.3
30694.4
31695.3
31753.6
31965.3
32077.7
35123.3
36113.1
38032.8
39077.8
39566.2
40119.2
40503
41111.2
42860.4
43814.6
43869.8
47381.5
47406.4
48481
49183.1
49424.8
49453
50181.9
51132.3
51774
52115.4
52216.8
52602.6
52743.4
52855.4
53945.4
54545.7
54762.2
55575.1
55753.5
57786.6
62339
65674.9
66144.7
66304.1
67182.6
67916.5
69221.2
69709.2
69998.5
70754.2
71937
75632
76088
76191.2
76707.7
77946
79031.9
79956.4
80792.3
81463.6
82952.9
83089.2
83441.3
83839.4
83852.5
85574.7
85739.9
86212.5
86752
87788.3
88455.5
88733.6
89382.6
90015.7
90865.6
93858.1
94608.3
95183.5
95712.9
95892.1
95891.1
97599.9
99570.3
99695.4
