429.86
1132.14
1751.74
2273.98
2279.68
2341.34
2835.84
3114.49
3531.67
4245.61
5823.47
5936.82
6631.49
6895.06
6959.42
7715.95
7828.25
8429.53
9049.68
9327.56
9965.64
10262.8
10972.2
11392
11579.5
11707.3
12295.4
12343
12532
13838.6
15087.8
15405.8
16472.2
17019.2
17078.5
17090
17529.1
18488.5
19628.4
19758.1
20463.7
20866.4
20960.8
20989.8
22232.2
22345
22365.7
22834.2
23397.8
23684.9
23879.2
23949.4
23992.1
24543.6
24931.3
26173.7
26570.6
26580.5
26899.5
27042.1
27176.6
27368.6
27551.7
27706.7
27743.6
27772.2
29390.5
30375.7
30454.4
31110.7
31449.7
31624.4
31718
32275
34080
34127.6
34426.1
34525.4
34774
34780.3
35124.4
36328.9
36544.6
36660.7
37707.6
38776.7
39082.7
39217.6
39850.9
40626.5
40714.3
40827.7
40882
42470.6
42633.8
43547
44438.5
45304
45313.5
46948.8
47641.1
48196.2
48804.6
49138.3
49324.4
49359.5
50101.7
50524.7
50652.2
51026.2
51660.3
52221.9
52232.4
52560.2
53359.2
53490.9
53616.1
53785.2
54203.6
55292.8
55478
56034.2
57196.3
58867.4
59347.2
59503.3
59907.4
60202.6
60327.7
60381.2
60858.8
61285.4
61555
62184.2
62324.6
63817.3
64385.1
64682.8
65241.8
65580.8
66166.3
66585.2
66834.8
66917.2
67048.6
67587.1
68354.2
69028.5
69098.7
69537.9
69691.5
70275.3
71505.9
71745.2
73133.4
73510
74403.1
74517.2
74590.9
74638.6
74979.1
75201.7
75733.5
75736.5
77014.7
77346.2
77719.3
77926.1
78782.6
78899.3
79587.4
80284.2
81166.8
82002.2
82300.7
82621
82814.4
83145.1
83337.6
83645.6
83682.4
84467.9
84792.1
85059.4
85103.4
85506.9
85820.5
86339.7
87256.1
87938.9
88008.3
88056.3
88461.9
89770.5
90432.6
91747.4
91934.9
91981.4
92184.8
92703.2
92792.6
93242
93237.9
93839.7
94109.3
94263
94588.8
95263.2
95625.6
95654.6
96859.9
97233.7
98464.1
98777.3
99246.3
99510.7
