179.32
266.45
827.56
1352.92
2113.69
2133.44
2831.38
2908.63
3078.51
3086.77
3546.09
4163.01
4905.33
5441.63
6051.08
6088.64
6435.81
7051.1
7403.29
7931.26
8611.56
9883.07
10410.4
12158.6
12917.1
13034.7
14215.1
14664.8
16631.4
18023.8
18173
18934.7
19092.2
19733.4
20854.3
21183.3
22496.3
22967.2
23669.9
23797
24078.4
24277.3
24613.8
24729.5
24867.3
24953.7
25137.6
25277.6
25911.3
27608.8
27862.2
28746
29343.4
29938.9
30450.2
30869.3
31355.8
31732.4
31827.3
32117
32469.5
32767.4
32814.9
33579.5
34081
34592.7
34619.9
35539.1
35671.8
35907.2
36157.5
36283.4
36327.4
36845
37080.4
37646.8
38173.4
39042.7
39830.8
41057.7
41175.6
41632.7
41726.7
42642.5
43447.9
44564.9
44762.8
45258.8
45712.2
45736.1
46118
46188.8
47743.3
47845.3
48380.4
49166.1
49325.7
49821.5
50164.8
50287.8
50737.7
51695
52005
52553.9
52623.5
54283.8
54319.7
54578.7
55608.2
56337.9
57170.6
57181.4
57579.7
58317.8
58809.8
58948.9
59728.5
60033.7
60214.6
60291.8
60370
61395.2
61722.9
61750.2
61920.4
62061.1
62536.9
62607.9
62697.3
62781.1
63016
63087.7
63593.9
63663.6
64480.1
64541.7
64897.3
65051.2
65652.7
65839.7
66949.2
67259.5
67935.7
68359.8
68610.9
68800.1
68921.2
68985.9
69275.6
69422.8
69427.4
69584.9
70090.6
70197.2
70577.1
70700.8
71079
71321.2
71844.1
72185.8
72674.8
72727.8
72791.7
72881.8
73742.3
74121.1
74399.2
74435.1
74466.3
74719.3
74906.8
75717.2
76017.3
76338.4
76790.9
77326.7
77879.3
78156.8
79607.1
80127.5
80202.6
80393.5
80539.4
80891.6
81888.3
83473
83802.8
84542.8
84645.8
85065.5
85759.8
86754.3
87273.7
87405.5
88681.6
89366.7
90327.5
90591.1
90594.2
91028.5
91497.1
91727.9
92012
92667.8
92712.1
92846.1
93283.3
93574.7
93880.4
95661.4
95704.6
96093.9
96249.9
96278
97033.6
97438.6
98061.3
98206.9
98573.4
99326.5
99661.5
100312
100645
100717
101573
101583
101863
101937
102802
103202
103509
103842
104924
105326
105730
105827
106655
106670
107027
107240
107442
107583
107952
108110
108779
109186
109338
109423
109620
109694
110151
110838
110909
111499
111922
112362
112398
112430
112981
113247
113258
113282
113903
114139
114886
115194
116108
116333
116760
116801
117738
118023
118387
118615
118812
119227
119750
120838
121539
123009
123177
123743
124098
124369
125390
126076
126462
126755
127394
128410
128537
128821
130146
131748
132167
132191
132613
133355
133741
136661
136766
137242
137316
138629
139195
139378
139499
139806
140245
141002
141348
141493
142066
142407
142605
142680
143022
143070
143840
143895
144225
145903
146669
147326
147532
148036
148914
149365
149469
150077
150079
151064
151748
151781
152197
152664
153223
155743
155812
156829
157070
157278
158072
158118
158920
160435
162070
163935
164400
164550
164862
165252
165523
167212
167389
167827
168570
169637
170127
170552
171291
171494
172008
172244
172707
172846
173312
173784
175065
175597
175724
175816
175936
176575
176846
177613
180429
180488
180677
181073
181338
181505
181627
181722
181775
183630
183746
184472
184561
185735
185955
186188
186616
186989
186977
187544
187544
187899
188047
188246
188457
190196
190642
190895
191182
192360
194221
194314
195310
195642
196052
196859
197203
197401
197532
197606
