2462.33
3079.97
3246.82
3721.41
4088.23
4164.46
4829.87
5104.57
5713.21
5929.79
6797.86
7294.32
8515.3
9119.27
9219.68
10665.1
11284.2
11804.6
12039.9
14409.1
14844
15047.3
15808
16186.1
16845.1
16968.3
17121.4
17302.4
17807.5
17897.4
18026.7
18278.6
18792.1
19013.3
19935
20597.1
21828.9
24873.2
25195.1
25392.2
25782
26587.3
27327.8
28145.9
28386.9
30275.6
34910.5
35361.1
38492.7
38825.4
43288.1
52025.6
54424.8
55069.3
56001.3
56265.7
70911.4
70992.6
71546.8
72760
73069.4
73839.7
74319.1
75867.3
76858.3
77369
79396
81056.1
81288.1
85703.6
86803.7
87659.4
88703.6
91573.3
94456.4
96650.3
96963.9
97735.9
98524.6
101540
110381
113807
115078
118243
118626
119091
125072
126922
127308
131507
142348
143892
144638
145213
146062
147052
147874
154559
157269
157709
170435
173037
174238
174863
176266
178576
179220
180727
186348
188986
189250
190005
190570
190626
191375
195593
196208
196684
198057
198098
