1106.2
1904.93
2218.86
3589.39
4436.61
5593.61
6015.82
7264.83
7886.19
8161.22
8579.07
9627.45
10540.2
12548.4
13689
15357.9
15821.6
16411.5
17516.9
18156.7
18381.7
18873.2
19608.3
20428.3
20952.8
21447.7
21889.7
22236.4
22462.8
22928.6
23165.5
23340.2
23491.5
23522.2
23760
24214.5
25703.5
26919.4
27238.3
27300.7
28106.1
29733.8
29903.4
31488.3
31534.6
31693.2
32568.8
32892.2
33042.6
33266.7
33320.7
34646.9
34789.4
35715.2
36313.3
36720.7
37803.3
37816.4
38109.2
38760.1
39286.7
39609.9
41243.7
41940.8
42118.9
42811.6
43332.1
43422.5
44372.6
44767.5
45149.9
45769
46380.4
46838.9
47326.7
47726.4
47975.4
48304.2
48503.1
48712.7
49067.3
49091.3
50519.2
50571.2
50667.6
51415.1
52070.3
52182.4
52288
53607.1
54323.1
55533.3
56250.4
58104.5
58194.8
58827.5
59046.7
59516.9
59952
60035.1
60141.7
63806.8
65391.6
66202.1
67974.1
68472.5
68831.3
69613
72033.3
72166.8
72368.9
75344.6
76089.9
77938.1
78346.2
78476.9
78859.7
79015.4
79529.3
80318.4
80571.6
81860.7
82199.4
82844
82911.7
82966.2
83199.1
83517.6
83969.6
84088.7
84626.8
84915.2
85838.7
87135.1
87441.4
89541.2
90436.6
91217.5
94204.4
94268.7
95408.3
95451.6
95958.9
96536
96937.9
97401.6
98710.9
99285.6
