576.22
657.45
2652.84
3505.15
4641.15
6125.62
6629.59
7374.52
8277.42
8700.48
8830.18
11526
12818.5
17071.7
17490.1
21764.8
22370.8
22934.5
23219.8
25942
26387
27056.5
28011.2
29475.7
29545.1
29648.2
32236.3
32642.1
33885.7
34830.3
37221.5
39063.5
39655.9
39991.8
40628.3
40774.3
45651.8
47115.6
48595.2
50368.4
50708.7
51298.9
51631.2
52923.9
54173.2
54942
55559.6
57044.1
62413.5
62526.9
63305.4
65009.5
66665.7
66945.9
68416.3
70710.6
73668
76734.4
78699.1
79320.8
79618.2
80049.7
81297.6
81570.2
82686.5
83992.5
85008.5
87438.9
89867.4
90389.6
90419.2
90842.2
92347.3
94884.5
95177.1
95745.6
95952.4
98948
98953.3
99451.3
101465
107512
110707
111959
112637
112880
114762
117676
118749
118992
124334
124786
125244
125871
126740
128915
132450
140130
140975
141753
143037
143995
146104
150068
150226
151558
152343
152717
156604
159175
162227
162357
162447
162503
162741
162883
163218
164996
167095
167667
167985
171591
172468
172651
173836
174586
177307
183071
183737
184840
185077
186354
189866
