176.23
309.89
421.09
487.74
1414.39
1436.28
1468.24
2431.19
2529.8
2642.12
2703.19
2739.35
2766.92
3541.28
3787.46
4243.09
5571.81
5622.63
5946.74
5961.68
6016.56
6148.34
6195.64
6784.52
7188.54
7199.93
7236.85
7272.01
7512
7557.27
7648.44
8120.99
8553.66
8688.79
8692.55
9042.28
9244.3
9271.1
9492.33
10024.5
11095.6
11260.9
11909.1
12542.3
12763.9
12865.3
13065
13264.1
13287.8
13563.9
13567.8
13672.4
13716.6
14088.8
15244
15384.5
15622
16162.6
16340.5
16432.1
16878.4
16881.7
17193.2
17371.1
17513.7
17711.2
17818.3
18181.4
18190.8
18336.8
19271.1
19294
19333.5
20319.8
20401
20537.9
20896.9
21526.7
22127.7
22130.9
22162.4
22653
22944.9
22945
23445.2
23502
23776.6
24579.5
24653.6
24676.3
25364.4
25688.4
25751.8
26179.9
26263.6
26328.5
26751.8
26753.9
27364.5
27740.4
28222.8
28318.1
28660.3
29305.1
29425.1
29425.4
29468.1
29682.6
30279.7
31216.7
31276.6
31893.6
32111.5
32467.6
33463.1
34552.2
34610
34786.4
34961.3
36558.9
37121.5
37341.7
38494.4
38853.7
38876.4
39002.6
39425.1
39720.5
39911.2
40040.8
40079.1
40236.5
40523.8
40620.8
41087.2
41882.4
42340.2
43818.1
43976.1
44521
44970.6
45131.2
45230.9
45282.4
45326.8
45580.3
45731.6
45866.8
45979.9
46051.5
46632.9
46653
46792.8
47263.8
47464.3
47609.1
47989
48428.2
48512.4
48812.1
48955.7
49227.2
49331.1
49531.8
49614.2
49679.8
49769.9
50018.1
50203.2
50339.5
50520.8
50592.8
51113.6
51422
51469.2
51814.9
51852.1
52542.5
52577.9
53219.5
53510
53556.4
53820
53898.3
53939.2
54289.8
54707.9
54743.1
55043.1
55209
55398.9
55561.6
55883.8
56450.2
57928.5
58361.7
58487.2
58965.1
59759.9
59779.5
61154
61288.7
61359
61993.5
62125.1
62222.1
62834.4
63018.5
63044.2
63208.5
64075.1
64844.8
64847.8
64929.9
65555.4
65990.9
66259.7
66449
66636.4
66645.9
66952.2
67037.2
67184.8
67398.3
67508.5
68183.9
68338
68683.7
69133.4
69465.9
69820.9
70172.7
70561.6
70986.1
71085.5
71460.9
71562.3
71893.5
72551.8
72680.6
72712
72976.9
73166.7
73316.3
73947.9
74749
74852.3
74883.4
75390.9
75706.7
75840.8
75854.8
76175.9
76296.8
76528.6
76544.5
76591
76859.4
77418.4
77883.5
78212.4
78490
78901.7
78929.7
79406.5
79608.4
79753.6
79822.5
80340.2
80357.1
80401.6
80443.5
80554.2
80669.6
81099.2
82380.3
82553
82887.6
83488
83662.5
83707.3
84043.7
84710.3
84720.7
84722.3
85118.6
85438.3
85571.3
85707.9
85807.1
86330.5
86337
86373.1
86990.6
87167.7
87288.7
87356.5
88269.4
88944.6
89243.3
89416
89648
90048.4
90082.3
90314
90475.4
91499.7
91701.2
91777.4
92360.6
92610.3
92854.9
93209.5
93327.8
93794.4
93808.7
94144.9
94463.4
94486.2
94626.9
95611.7
95840.4
95851.3
96397.2
96711.7
96838.2
97477.4
97478
97817.2
98179.9
98446.8
98544.4
98719.5
98731.8
99199.6
99210.4
99530.6
99538.3
99873.4
99876.4
99984.7
100188
100248
100272
100736
100937
101217
101623
101628
102181
102250
102403
102467
102681
102764
102938
103234
103284
103548
103834
104610
104768
104827
105220
105399
106259
106373
106718
107037
107134
107329
107466
107627
107696
108045
108863
108885
110230
110588
110785
111574
111759
112231
112396
112556
112570
113130
113648
113775
113825
114392
114535
115072
115553
115650
115776
116074
116079
116117
116723
116793
117289
117411
117712
118351
118625
118730
118897
119146
119452
119818
120772
121097
122209
122268
122397
122608
122644
122863
122934
123118
123608
123647
123680
124140
124146
124184
124428
124501
124615
124988
125358
125659
125926
126321
126421
126446
126879
127246
127509
127564
128168
128564
128861
129033
129047
129524
129890
130392
130749
131039
131260
131493
131701
131700
131703
131720
132041
132180
132292
132663
132752
132811
133062
133097
134228
134440
134503
136678
136769
137289
137439
137638
137724
137929
138105
138109
138555
138562
138694
138827
139265
139271
139277
139402
139705
139882
139984
140222
140575
140890
141234
141342
141549
142023
142075
142229
142266
142479
142750
142904
143054
143066
143477
143521
143672
144269
144588
144807
144886
145748
145985
147396
147647
148035
149054
149736
149737
150015
150333
150423
151473
151604
152189
152395
152616
153077
153854
153878
154637
155343
155657
155917
156094
156468
156513
157112
157355
157607
157812
158394
158620
159043
159436
159552
159666
159832
160170
160181
160254
160520
161377
161819
161940
162071
162111
162123
162227
162303
162463
162506
162622
162686
162716
162774
163801
163853
164051
164272
164600
165601
165747
166142
166214
166276
166589
166699
166910
167545
167703
167722
168282
168394
168459
168663
168782
169172
169817
170861
171067
171111
171528
171894
172255
172305
172389
172746
173132
173132
173456
173703
173843
173848
175074
176305
176892
177128
177631
178467
178933
179739
180570
181139
181355
181394
181416
181510
181594
181972
181977
182088
182531
182676
182960
183109
183783
184468
184589
184692
184816
185222
185432
185540
185719
185948
186151
186171
186490
186825
186909
186992
187290
187293
187393
187554
187593
187702
187775
188203
188337
188759
188890
189051
189285
189681
190789
191297
192424
192997
193888
194003
194291
194581
194973
195487
197125
197633
197825
197931
198115
198198
198270
198404
198876
199179
199866
199934
