245.28
4529.47
5849.11
6267.77
6633.44
6976.21
7887.15
8813.28
11014.6
11932.1
13145.2
13280.5
15534.8
16155.2
16623.7
18520.3
19339.8
19601.7
19815.6
20104.8
20638.2
21041.2
21519.6
22213.7
23094
23130.8
23355.3
24375.9
25687.3
28575
28710.6
30739.3
30995.8
32613.4
33119.7
33657.8
35329.7
37765.4
39328.6
42073
42506.9
42741.6
45297
46378.2
46663
49623.3
52324
53686.2
54124.6
54689.9
55757
56959.2
58697.7
59486.1
59756.3
64476.9
64804.1
65972.2
66320.6
66343.9
66841.2
68838.6
70407.2
70487.5
70648.6
70972.3
71162.3
71433.6
71605.2
71893.3
72249
72368
73565.5
74277.1
74930.2
75054
75443.7
75833.6
76059.9
76836.6
77199.4
78803
78815.1
78886.6
79475.2
80339.6
83241.2
83370.3
86013.3
86641.6
88938.5
91019.6
91152.2
91680
93299.8
93338
94537.5
94823.5
96890.3
98311.1
100676
101588
103325
104709
104814
105099
105395
105742
106741
107086
107702
108243
109433
109626
109747
111639
111688
112214
112249
112898
114008
114707
116064
116288
117543
118586
121765
124077
124248
124542
127295
127921
128272
128919
129576
130104
131856
131872
132107
132372
133324
134150
134929
135179
137303
137501
137721
138430
138793
139091
139905
140049
141020
142949
143355
143368
143607
143728
144002
144311
146350
148977
149164
149573
149772
150782
151562
152276
152842
153146
154790
155937
157463
158232
160894
161602
161808
162048
163186
164227
165580
165964
166925
167835
169128
169391
169948
170250
170247
170329
171732
173909
175699
175852
176541
176678
178429
179923
180157
180759
181502
181690
181750
182491
185509
186838
187652
189119
189308
190954
191288
191593
192066
192937
194889
195179
195279
195364
195716
195747
195893
195916
196555
196794
197445
198153
198624
198908
199030
199425
199478
199511
