152.02
408.13
1325.21
1776.86
2691.45
2801.97
3202.67
3751.72
5212.18
5366.88
5998.13
6255.74
6446.01
7903.82
7947.81
8222.91
8432.56
8554.33
10184.8
10366.3
11065.9
11134.5
11585.1
11667.7
11768.8
12140.5
12267.5
12502.7
12783.3
12991.5
13712.7
14374.3
15457.7
15958.2
16154.4
16324.4
16485.5
16655.7
17185.4
17256.3
18081.8
18825
18976.5
19602.3
19903.2
20251
21865.9
22047.7
22676.9
22689.4
23635.6
24619.8
24775
24829.2
25169.2
25861.8
25871.8
26135.6
26210.7
26344.9
26768.7
27642.4
28037.7
28106.5
28518.9
28788.4
28961.1
29187.2
29454.6
29996.5
30943.5
31090.3
31449.2
32023.3
32114.5
32169
33793.2
34101.1
34635.4
35326.3
35383.4
36369.7
36725.3
37307.3
37317.7
37895.8
38396.5
38912.5
39531.1
39617.8
39976.6
40010.6
40205.1
40491.9
40681.2
40892.1
42257.8
42407.7
42641.9
42712.8
42723.7
43055
44388
45191.7
46754.7
47696.2
47878
48184.6
48184.6
48585.8
50483.9
50690
51073.9
51617.8
51788.7
51845.3
51923.7
52137.3
52261.2
52368.9
52915.8
52922.1
53133.4
53295
53538.9
53542
53722.2
54220.4
54727.1
55011
55156
55331.1
55352.9
55380.9
55678.6
55707
55953.5
56565.4
56977.3
57315.4
57625
57838.3
58151.3
58421.6
58928
59297.9
59444.6
59798.7
60386.1
60644.1
60925.8
61188
61369.1
61693.5
61771
62053
62350.7
63241.2
63656.6
64184.2
64833.8
65220.4
65602.1
65641.6
67196.5
68823
69067.4
69568.9
69667.5
69882
70610.1
70916.2
70917.2
71207.5
71463.4
72184.1
72318.9
72517
72765
73145.6
74092.7
74642.8
74834.5
75443.3
75639.8
75929.9
76205.2
76501.8
76642.6
77620.4
77847.2
78181.8
78218.3
78460.7
78470.5
79235.1
79526.6
79775.5
80005.3
83938.8
84496.4
84878.9
85102.7
85637.3
85788.1
86059.2
86624
86770.8
86958.3
87210.4
87794.3
87861.6
88893.4
89577.5
89830.5
90220.4
90374.5
91650.4
92312.6
92782.6
93356.5
94290.2
94417.8
94725.5
95043.4
95101.4
96051.8
96370.6
96553.1
96811.5
96891.8
97625.7
98260.3
98612.9
99153.9
100448
100537
100895
101325
101746
102048
102100
102368
102431
102592
102739
102831
103560
104290
105632
106894
107245
108106
109228
109382
109702
110707
111066
111416
114320
114548
115445
115816
116150
118002
118021
118482
118797
119043
119355
119582
120607
121867
121883
121890
122310
122421
122670
122707
122964
123102
123302
123386
123785
124149
124423
124944
125075
125205
126976
127329
127857
129132
129512
129761
129918
130004
130143
130821
130917
131210
131250
131770
132303
132404
133839
133955
134498
134530
136034
136268
137019
137598
137917
138090
138261
139110
139615
139875
141026
141057
141585
143188
143946
143991
144118
144522
144935
145060
145270
145369
145647
145927
147495
148589
149512
149830
151407
151638
151833
151978
152370
152908
152987
153579
153896
154039
154463
154524
154739
154928
154926
155130
155789
155855
156366
156583
156988
157505
157605
158512
158637
158735
159301
159460
159605
160186
160599
160720
160715
161158
162958
163365
163951
165099
166430
167261
167343
167342
168436
169147
169404
171274
171293
171588
171841
172206
172794
172992
173250
173521
174223
174315
174847
174922
175768
176442
176812
176936
177305
177889
177929
178188
178380
179257
179759
180003
180651
181409
182092
182155
182519
182712
182853
182915
183335
183729
183927
184258
184316
184664
184753
185446
185774
186465
187100
187163
187491
187861
188033
188159
188389
188487
188723
188751
189049
189176
189999
190545
190593
190984
191132
191335
192068
192690
193140
193745
193992
194375
194631
194733
194933
195095
195182
195312
195696
195988
196650
196912
196908
197269
197286
197647
197727
197800
198056
198218
198449
198695
198787
198902
199513
199905
