1096.27
12534.5
12805
17691.4
20527.9
21200.5
21552.9
21874.5
22361.1
23353.4
26108.1
36369.9
37848
38346.9
39163.2
40009.1
40177.7
42678.6
43098.8
43161.2
43479.7
43646.2
43906.5
44494.1
45042.7
45453.2
45971.3
46213.4
46432.7
46735
47386.1
48138.3
48946.2
49854.4
51953.2
52165.8
52450
53264.1
53796.5
54072.2
55570.8
56108.5
56411.8
57542.9
57801.6
60403.2
61442.3
61730.4
61831.7
62141
62593.3
63552.2
63653.4
64245.8
64640.8
64992.1
66586.7
67142.3
68415.1
68898.6
69134.6
71089.2
71526.9
73343.6
73474.9
75008.2
75404.5
75737.6
76016
79224.6
79458.6
79565.6
80315.4
82141.2
82522
83210.9
84262.3
85090.2
85227.7
85751.7
86313.6
86518.2
86556.8
87096.9
87276.2
87776.1
87876.5
88157.2
88227
88487.2
88838.4
89636.1
90065
90626.4
90999.9
91560.7
91846.6
92469
92908.9
93417.5
93657.4
93719.5
93834
93949.7
94757.1
95283.6
95446.9
95906.3
96117.1
96607.6
98280.3
98489.6
101265
101868
102562
102789
103508
103833
104604
104761
104930
105227
105611
106058
106419
106559
106689
106915
107849
108713
109082
109411
110704
110883
111314
111323
112022
112631
112676
113050
113291
114160
114295
114355
114890
115348
115355
115783
117037
117645
118130
121247
121320
122596
123338
127125
127448
128002
128430
130078
130395
132262
133642
134173
134568
142742
143521
146621
146908
151694
152127
153830
155132
156820
156859
157162
159779
161939
162951
163076
163345
163887
166257
166705
167850
168593
169224
169565
170368
170866
171087
171427
171876
172580
172665
173002
173153
173473
173771
173881
174420
174477
174755
174750
175226
176504
176607
177106
177114
177391
177845
183199
184071
184686
184855
185393
187289
188720
189068
190470
190958
191311
191899
192959
193274
194960
194966
195859
197608
199001
