509.97
901.74
956.32
1024.48
1761
1850.93
2146.25
2877.77
3043.23
3456.68
3959.54
4461.52
4656.48
5411.19
6527.67
6747.51
6751.35
7054.04
7271.91
7320.29
7506.44
7692.2
8719.73
9487.43
10090.4
10235.2
10647.9
10922.7
12535.4
12807.3
13717
15126.5
15160.7
16307
16666.1
16869.1
17261.7
17878.6
18391.4
19088.1
19310.2
19309.8
19581.1
20205.5
20249.7
20694.6
21276.6
21790.2
22191.7
22552.3
23025.4
24091.5
24125.6
24377
25287.2
25802.7
26772.2
27048.7
27314.6
28075.6
28293.6
28854.1
28993.6
29353.5
29448.3
31315.6
31414.4
31465.5
31831.8
32334.2
32582.9
32810.4
33565.8
33600
34281.9
34661.2
35064.4
35761.2
35993.4
36063.6
36120.3
36407.2
36749.2
37384.1
37518.6
37727.4
37786.9
38714.9
39635
40083.7
40506.3
40779.6
41127.4
42220.2
43395
43794.6
43949.3
44132.9
45044.4
46735.6
46898.6
46911.5
46986.9
47915.6
48564.4
48568.2
48748.5
48864.7
49087.8
49372.8
49865.5
50227.5
50582.8
50623
50685.7
50896.7
51328.1
51396.5
51413.5
51581.2
52033.9
52550.3
52731.2
52919.2
53714.2
54370.8
54649.2
54669.2
54708.2
56484.3
56726
56854.8
57292
57317
57885
57919.3
58438.6
58632
59143.7
59478.8
59723.3
60782.6
61084.1
61323
61455.2
61583.1
62930.6
63573.6
63620.9
63651.1
64917.1
65973.1
65996.7
69166.2
69993.9
69995.9
70313.2
70336.5
70810.7
71511.1
71625.4
72147.6
72427.1
72459.6
72496
72677.9
72702.3
72738.6
72778.4
73676.9
73696.4
74545.5
74544.5
74914.6
74942.5
75651.5
76709.5
76819.1
76904.9
77589.3
78239.5
78312.8
78543.1
79324.8
79907.7
79910.9
80223.4
81182.2
81306.4
83443.5
85027.6
85372.7
85631.5
86240.4
86529.9
87254.5
87541.7
87552.9
87644.1
89210.2
89256.3
89504.2
89957.4
90366.1
90866.9
91618.3
92468.8
92915.3
93021.1
93062.9
93701.8
93817.3
94096.1
94337
94355.2
95189.1
96079.6
96091
96174.8
96239.4
96489.8
96641.5
96661.6
96908.1
97145.3
97329.1
97758.7
97841.8
98088.6
99097.2
100129
100524
100606
100904
101690
102133
102358
102443
102702
102879
102958
103007
103055
103164
103445
103674
104091
104449
104489
105648
106282
107148
107244
107567
108445
108698
108820
109057
109192
109435
109703
109878
110210
110771
110906
111371
111789
112005
112211
113235
113361
114121
115108
115832
116457
116784
117125
117462
117850
117988
118074
118226
118296
118642
119036
119129
119231
119371
119565
119994
120301
120431
120665
120928
121753
121842
122017
122029
122452
123168
123926
124674
124674
124804
125470
125641
126396
126688
127034
127485
127634
128045
128101
128102
128235
128396
129106
130580
130706
131006
131500
132313
132555
132595
132738
132801
132835
132934
133155
133321
133462
133472
133640
133955
134386
134406
134502
134859
135426
135950
136713
136962
137039
137334
137649
138038
138116
138402
138466
138502
138895
139370
139763
139784
140155
140312
140335
140567
140963
140998
140993
141305
141432
141527
141585
142127
142444
142514
143743
143853
144024
144640
145426
145479
145690
147511
147647
147739
148250
148341
148741
148839
149616
150130
151038
151112
151224
151551
151611
151835
151866
152068
152431
154141
155438
155877
156191
156237
156752
157547
157608
158843
159497
159783
160315
162725
163182
163366
164058
164661
165661
166482
167356
167664
169047
169366
170513
170888
170908
171886
171893
172040
172279
173133
173582
173681
175618
175704
177132
177189
177282
177479
178157
178495
178544
178560
179017
179592
180262
180982
181853
182691
182879
182956
183466
183730
183871
184245
184346
184431
184487
185153
185863
188048
188366
188640
188704
188947
189068
190035
190178
190738
191066
191527
192538
192560
192876
193783
193983
194087
194375
194767
195371
195665
195689
195808
196023
196072
196518
196626
197183
198077
198456
198930
199725
