2630.65
3771.78
4266.22
5292.94
5296.33
5479.81
5601.5
6532.15
7259.84
7532.63
7874.85
8963.4
9233.95
13517.8
13882.4
16877.6
17636.8
18017.6
18816
20301
20597.4
20749.8
22261.4
22768.7
23366.8
31917.7
34376.7
35198.4
35563.4
36156.2
36248.5
36618.2
38484
39525.3
40247.3
53092.3
53489.7
59495.3
60534.5
60958.7
61294.3
61490.3
62161.7
62348.5
62731
63888
64342.2
64481.4
65051
66942.2
67265.9
67628.6
68030.6
68180.5
68581.9
69999.8
71070
74565.1
75001.1
75257.9
75781.5
77429.9
81986.3
82453.3
83616.6
87832.8
87874.1
88626.5
88743.3
88967.5
89491.1
89561.5
90582.1
90601.2
99107.1
99303.5
100067
102764
103344
103366
104059
104149
104639
104732
106092
106138
107137
108671
112485
113157
113171
113400
114910
116496
117124
117722
117969
118227
121858
124876
125121
125278
126406
126821
127426
129416
130075
131011
131535
131553
131815
132064
133249
133695
134227
134402
135157
135557
135762
137475
139544
140351
140506
140610
140942
141909
142621
142656
144816
147978
148398
150199
151070
151278
151668
152098
152646
152742
153267
154493
154922
155209
155266
158466
162734
164261
164315
166008
169866
170468
170588
171368
172810
173070
173608
175106
176776
176829
177347
178311
178392
178589
180401
180955
180978
181388
181413
181849
182057
183213
184280
187332
187879
187996
188190
188668
189201
189451
190033
190764
190814
191181
191877
193941
194460
195060
195676
195690
196092
