1985.52
3660.47
5198.92
5713.47
7101.8
7298.45
7472.41
7525.37
7530.71
7764.48
7796.62
10456
11904.2
12274.4
13914.4
14269.4
14552.5
15510.8
19004
20674.2
21379.5
26069.4
26666.4
27029.1
27171.1
28496.8
29574
29722.3
29766.9
30199.8
31397.7
32022.9
32683.5
32824.2
36171.8
36192.1
38394.2
41859.6
42586.8
42867.9
43917.6
44157.4
46812.6
46852.1
46944.2
51483.9
58017.9
62029.8
63006.1
63216.8
63839
64231.7
66629.6
66818.1
66830.3
67483.7
68360.3
70714.7
71441.7
72311.6
72727.8
72734.3
73282.8
76085.1
77639.1
78682.4
79693.1
80268.6
81253.3
81489.2
82171.8
82426.5
83851.9
85281
86307.8
86730
87687.8
88258
91062.7
91975.2
92721.5
93205.8
93458.7
94098.6
100538
102008
102682
102926
103019
104116
107188
108191
110029
111220
111774
113891
114614
116411
117116
118887
119382
120544
120833
123112
123750
124781
124896
127587
131219
132656
133965
135829
138961
139107
139969
140650
140897
141902
142505
143768
146226
147541
147894
148173
150290
151581
152584
153012
154153
154954
155119
158501
162951
163332
163410
169328
169862
169895
170102
170198
170381
174327
175913
176249
176842
181277
181546
185237
186005
186051
187330
189542
189763
192227
192387
192449
192716
195197
197155
