115.13
1155.76
1217.02
1827.98
1899.12
1928.12
2751.83
2809.49
3350.29
3726.78
3803.77
4085.21
5217.34
5597.33
6269.78
6551.4
6805.06
6819.11
6899.07
6935.92
7221.95
7256.33
7563.28
7642.57
7854.61
8070.25
8224.08
8792.04
9184.51
9891.36
10284
10520.5
10964.9
11082.2
11302.2
11301.5
11959.6
12334.5
13516.3
13579.7
14051.3
14328
15228.8
15330.4
15829.3
16067.8
16899.1
18106.8
18917.3
19049.8
19206.5
19225.5
19464.5
19596.6
19616.4
20354.1
20497.6
20832.7
20983.4
21292.5
21529.2
22296.9
22423.5
22519.5
24445.7
24606.6
24619.2
24981.8
25810
26061.1
26069.2
26497.9
26858.7
26875.9
28290.6
29073.2
29279.4
29369.3
29424.8
29540.5
29774.4
29855.7
30400.8
31003.6
31047.7
31336
31602.2
31684.5
31998.3
32007
32243.4
32497.1
32607.4
32699.2
32997.3
33596.1
35967.3
36050.1
36080.4
36311.4
36918.1
37339.4
37953.7
39226.1
39834
41171.7
41475
41783.3
41911.5
42016.2
42250.4
42412.2
42854.5
42933.9
42940.5
43281.8
43312.4
43418.4
43691.4
44332
45005.9
45187.5
45362.6
46495.1
46525.4
46801.4
46898.3
47174.8
47766.9
48477.3
48534.8
48845
49245
49439.7
49640.5
49989
50026.9
51114.3
51292.1
52002.4
53151.1
53434.4
53962
55287.6
56195.8
56631.4
57149
57718.7
57734.3
57884.8
58586.6
59004.1
59008
59624.5
59958.5
60447.8
60679.4
60984
61134.9
61145.8
61512.3
61875
61887
62414.1
62654.5
62753.4
63191.3
64070.3
64082.5
64262.2
64451.8
64978.4
65635.6
65853.6
66223.4
66242.1
66402
66482.7
66944.5
67118.5
68045.3
68085
69101.7
69342.3
69398.5
69401.3
69684
70369.7
70643.5
70849.1
70956.3
71543.6
72304.2
72509.6
72818.2
73805.8
74120.9
74403.6
74576.7
74818.4
74916.1
75241.4
75483.3
75678.2
75779.2
76743.4
76766.7
76768.2
77242.7
77521.8
77575
77929.9
78433.4
79086.5
79170.4
79273.4
79433.2
79513.9
79540.5
79642.6
80179.1
80342.6
80360.4
80913.5
81250.3
82161.2
82623.1
82721.4
83618.7
84102.3
84252.7
84322.6
84354.1
84806
85248.1
85751.5
85812.4
86084.1
86531.2
86573.4
87274.1
87672.9
87763.5
87997.7
88894.5
89023.5
89609.3
90273.9
90297.4
91735.2
92339.2
93055.4
93161.5
93167.3
93298.4
93744.9
94184.8
94244.6
94733.7
96399.5
96590.1
98625.6
98859.9
99648.4
99983.1
100470
101029
101098
101339
101705
102542
102962
103920
104120
104122
105495
105815
105987
107220
107744
107894
107975
108256
108352
108470
109451
109688
109935
109937
110505
110677
110732
110975
111209
111251
111469
112128
112420
112800
113109
113316
113499
113497
113804
114025
114218
116180
116186
116369
116708
116746
117017
117310
117806
118057
118240
118741
118902
119033
119131
119578
119818
120243
120387
120435
120564
120900
122879
122998
123655
124339
124371
124830
125453
125535
126216
126405
127143
127430
127768
128088
128301
128354
128581
129918
130082
130742
131110
131553
132451
132564
133516
133552
133771
134211
134971
135218
135735
136095
136146
136731
136863
137251
137811
138375
138654
138684
138914
138950
139425
139542
139566
139776
139806
139930
140053
140132
140487
141101
141713
142131
143645
143964
144433
144575
144583
144807
144895
145699
146214
146492
146647
147069
147223
147790
148665
148920
149058
149531
149935
150061
150150
150589
150843
150932
150930
151416
151472
151704
151817
152099
152415
153014
153331
153707
154545
155128
155774
155810
156295
156642
157084
158076
158131
158155
158650
158903
159542
159821
160001
160305
162203
162581
162655
162850
163039
163168
163644
164806
164898
165118
165218
165271
166031
167175
167414
167766
168120
168183
168326
169246
169333
169754
169927
169973
170057
170219
170587
172045
172677
174066
174502
175007
175470
176040
176140
176177
176700
176710
176716
177076
177523
177872
178359
178451
178710
178982
179057
179070
179349
180954
181378
181412
182349
183886
185134
185586
186772
187281
187564
187698
188347
188577
188741
189340
189713
190010
190407
190471
190846
191572
191863
192003
192090
192322
192558
192911
192926
192942
193392
193613
194512
194946
197005
197385
198752
199551
