1742.01
2620.59
2689.16
4562.2
5097.86
6274.13
6879.56
7829.16
10795.6
11191.4
11787.7
13487
13706.5
14928
15245.6
15440.4
17149.1
17222.1
18792.8
19290.1
21202.8
21313.2
21372.2
21556.7
22179.2
22480
23264.2
24196.3
24293.3
24854.4
29818
35520.2
36436
36592.4
37151.1
40771.9
43065.6
43354.9
43843.7
44979.4
46123.4
47433.2
48547.7
50604.2
51448.5
51816.7
51852.9
54237.7
55447.7
57567.9
58275.9
58530.5
59077
59358.9
59975.3
60318
61326.9
61994.8
62114.4
63358.7
63871.9
65507.4
65741.3
67103.3
67274.9
67378.6
69644
71211.9
71664.3
72008
72833.3
73028
73720.1
73758.2
73909.8
74322
75837.7
77049.1
77264.8
77791
79552.2
80003.4
80157.7
80312.6
80469.4
81623.4
83522.6
83737.6
85427.2
85791.5
89857.9
90060
91168.2
92556.2
93429.7
94169.9
94444
94607.8
98420.4
100748
101151
101240
101633
103389
104651
104935
111831
111957
114977
115873
116089
118207
118508
118879
119202
119713
120070
122515
123673
124818
125150
127332
131223
131436
133029
135371
136008
137110
137126
141323
142376
142758
144429
145038
145432
145638
147738
152722
153071
155389
155782
158097
160092
160679
163629
165166
166406
169229
169680
171648
172670
173381
174324
178014
180244
182727
183412
183892
186754
187764
188083
188205
191357
198243
198309
198849
