671.85
856.75
1455.31
2511.38
3011.6
3090.77
4660.48
5867.54
5901.32
8550.4
9080.91
10589.4
11645.5
12275.2
12436.8
12531.2
14432.6
17290.6
17728.8
21077
21108.8
21524.2
22416.4
22585.8
27056.3
27085.2
27327.2
28005.9
31521.6
32428.2
33188.9
33793.7
34868.5
36298
37025
37245.6
37744.2
37890.2
38561.4
39023.4
39867.8
41211.4
41982.9
44355.6
44684.3
45876.1
46233.1
46356.1
46484.5
48545.5
49420.3
52864.4
54319.1
56021.6
56269.2
56321.2
58528.4
60840.9
62467.7
63415.1
63562.7
67706.6
69213.1
69235
69621.5
70318.8
70337.5
73253.5
74067.5
74641.4
80089
80607.4
80788.6
81128.3
81989.6
84140.3
84529.5
86326.4
86888.4
86918.8
88036.4
89571.9
89637.6
90340.7
90596.9
90616.3
90762.1
92577.9
92851
92975.7
93885.4
94233.3
95098
95158.7
95583
97421.4
97707
