334.83
615.59
2099.17
2195.69
2505.07
2564.98
2687.2
2786.24
3135.7
3661.99
4987.4
5203.2
5325.14
5566.61
5624.81
5981.5
6102.22
6178.78
6254.98
6350.3
6740.01
7229.82
8676.77
9225.2
9253.44
9521.6
10112.4
10119.4
10457.6
10873.8
11304.3
11398.8
11419.8
12175.9
12253
12299.1
12464.4
12540.6
12624.6
12719.4
12743.1
13271.1
13371
13610.7
14089
14284.6
15805
15820.9
16341.7
16995.8
17270.3
17532.7
17874.3
18280.6
18366.8
18448
18967.3
19119.8
19597.7
20062.7
20111.3
20957.6
21283.8
21441.6
21827.6
22023.3
22380.1
22427.9
22876
23946.3
24157.4
25167.4
25917
26152.2
26359.1
26684.9
26747
27148.8
27163.2
27230.2
27265.2
27381.8
27580.5
27714.1
27728.7
28367.2
30562.1
31134.2
31311.7
31675.8
31946.9
32757.7
33102.2
33367.2
33477.5
33571.2
33609.2
34741.8
35114.6
35743.7
35931.8
36038.8
36068.8
36279.1
36399.7
36533.1
36635.6
37447.5
37820.7
37830.7
37915.5
38367.4
38644.3
38742.1
39276.3
39582.9
40264.7
40623.9
40860
41422.9
41745.6
42240.7
42400.2
42507.2
42556.7
42680.2
43652.9
44318.8
44480
44786.7
44792.7
45709.1
45757.5
45958
45990.7
48428.7
48770.7
49023.6
49092
49958.8
51394.9
52052.5
52276
52284
52575.5
52753.2
53876.3
54044.1
54464.2
55245.7
55507.5
56098
56809.4
57346.8
58023.4
58229.2
59014.4
59018.4
59479
59867.5
60189.3
60218
60660.9
60742.8
61892.5
62467.9
63240.4
63351.4
63965.9
64899.1
67561.5
68287.9
68431.5
68926.3
68954.9
69111.8
69308.3
69475.2
69540.1
70199.7
70371.1
70453.4
71435.1
71697.7
71949.3
72246.9
72693.3
73713.6
73746.6
73941
74177.8
74570.9
74757
75600.8
76256.2
78509.4
79166.3
79711.5
79798.6
80339
80538.4
80751.7
81476.4
81606.5
82053.2
82127.4
83342.5
84082.5
84553.6
85124.8
85735.1
85986.2
86369
86424
86535.5
86550.1
87862.9
88932.8
89166
89295.9
90062
90124
90279.5
90285
90460.4
90476.5
91471.7
91595.5
91626.9
92182.8
92302
92380
92594.5
93184.6
93205
93626.6
93646.1
94071.4
94678
94719.3
95641.7
96405.8
97033.8
97630.8
98537.3
98690.7
