1377.44
1820.88
2185.68
2755.13
2837.02
3251.5
3747.24
4873.4
4917.53
5794.71
7731.3
7852.52
8134
9894.65
10150.3
10588.8
11520.7
11677.2
11782.2
11797.3
12435.7
12459.2
12487.2
12521.4
12741.6
13207.7
13573
14330.3
14958.8
15209.9
15328.6
15524.2
15828.5
15922.5
16138.7
16311.6
16467.6
17203.8
17306.8
17854
18014.9
18041.6
18370.6
18390
18531.8
18857.4
19476.3
19825.6
20429.9
21428.8
21810.6
21914.8
22570
22831.1
23882.2
24184.7
24441.6
25149.9
25723.7
26075
29380.8
29560.8
29916.7
30039.3
30372.4
30593.6
30802.3
32621.4
32810.8
33838.6
34786.1
34806.9
34854.9
35797.8
36065.1
36274.6
36315.2
36353.6
36562.9
36623.4
36924.5
37027.8
37199.5
37311.6
37504.1
37598.6
37701.9
38519.9
39301.7
40928.3
42263.8
42382.9
42598.2
44422.1
45082.2
45712.6
46759.7
50260.2
50924.6
52611.9
53427
54323.4
56689.6
56807.5
56882.5
57216.6
58182.2
58423.4
59261.6
59464.2
60632.1
61332.5
61720.4
62294.1
62444
63091.8
69192
69232.5
70071.2
70411
70677.2
71872
72536.6
72656.2
72685
72818.5
73924.3
74502.6
75517
75695.9
76017.7
77283.8
77434.3
77501.7
77819.8
81084.3
81198.2
81378.4
81791
82854.3
83764.5
83862.8
83964.5
84730.8
84980
85028.6
85401.9
85529
86121.2
86268.6
86582.5
87065.4
87242.4
87695.6
87983.1
88288.9
88418.9
88463.6
88617.8
89164
89221.8
89513.4
89543.9
90044.3
90147.9
90337.1
90420.6
90656
90847.9
90899.5
91430.4
91755.1
95832
95842.4
98645
98721.8
98723.5
99016.8
99119.6
99523.5
100195
101038
102331
102829
104683
105463
106571
108215
108329
109446
110760
110831
111258
113285
113696
113857
114066
114565
114705
115078
115089
117357
117784
118100
119557
120682
121135
121797
122021
122032
123389
123709
124810
125307
126040
127179
128795
129697
130329
132033
132904
133214
133734
135297
135833
136069
136296
136624
136913
136994
137081
137664
137791
138401
138698
138899
139040
140487
140669
141012
141344
141473
141640
142769
143014
144157
144496
144769
144971
145128
145257
145608
145629
145712
146669
146791
146965
147092
147133
147333
147666
148020
149268
149384
149716
149875
149889
150162
150309
150879
151581
151688
151794
151971
152325
152357
152674
152977
153555
154226
154830
155766
156183
156579
156636
157681
158840
159005
159156
160818
160863
162997
163226
163949
164513
165497
166556
166867
167328
167619
167874
167893
168820
169304
169658
170109
170405
171315
172009
172261
172514
172847
172946
173557
174090
174221
174375
174491
175672
176003
176118
176143
176164
176288
176916
177097
177309
177848
178036
178818
179122
179275
179973
180556
180812
181415
181983
182087
182233
182530
187149
187195
187294
189534
191074
191449
191714
191908
192487
195067
195436
195732
195720
195997
197537
197919
198454
199348
199556
199642
