7030.27
7431.01
8302.22
8702.94
10916.3
11720.6
13079.9
14058.6
16414.3
28569.2
46646.9
47336.3
47763.8
52562.9
52568.1
53066.6
53754.9
54155.7
56467.2
57672.5
58192.4
58434.7
58698.9
61103.4
63030.5
66044.8
66390.4
67414.6
68598.5
69295.1
70007.1
71842.5
72660.7
74463.6
80615.7
80710.2
80875.1
82226.8
82810
83938.1
84244.9
84396.4
84683.5
85086.7
85494.4
85518.5
85791
86140.1
86394.5
86587.4
86779.9
86828.3
87054.4
87146.7
87482.6
87555.6
88268.1
88344.2
89370.1
90197.8
90228.5
90462.4
90644.3
91512.1
92840.7
93086
94074.4
94714.9
94961.8
95097.4
98067.6
98431.8
99808.4
100955
101705
102424
102997
106963
108010
108248
108673
121478
122002
127474
128097
132599
133904
137470
162580
163362
163368
170037
171022
174107
181029
186634
187642
195155
195870
197081
198154
