407.6
1902.64
2194.21
3571.39
5567.82
7242.77
7476.48
13027.6
13556.9
16052.2
19555.1
19571.8
20988.7
23465.1
23993.5
24229.8
25356.4
26162
27981.7
30118
30920.6
31654.6
32521.9
35103
35376.2
36011.2
37559.8
38543.4
41223.1
42979.5
44227.4
44629.2
46442.8
50135.7
50607.9
50916.6
51491.9
51837.2
52573.1
56228.2
56790.1
58060.8
60039.4
61863.9
66123.7
69341.4
69531.8
69553.1
71724
74649.3
76696.2
79256.9
79369.2
80625.3
84035.9
86879.2
87341.4
89363.1
89811.9
91160.5
91530.2
91798.7
93082.9
93791.5
93980.1
94185.8
95407.2
97000.9
99170.1
99242.3
103248
106343
109418
110250
112268
113147
114608
116420
116443
117566
119222
119640
119891
121312
122640
124300
126348
129818
129944
130406
131281
138512
138913
140030
140484
141381
143175
144186
144821
145378
145521
147894
148896
150949
153673
155589
155797
158184
158757
159393
159721
161095
161312
169106
171472
175556
176322
176996
177467
178049
178769
178848
179236
180036
188644
190502
190606
193127
193276
195030
195636
196769
199101
199310
