1162.98
3492.79
3599.38
3953.84
4301.97
4312.61
4676.25
7312.77
7343.05
7946.86
8113.74
8314.03
8475.87
9405.75
10175.9
10857.4
11949.2
14189.7
14474.4
15075
16439.7
17313.4
17331.2
17332.6
18461.3
18761.5
18877.4
21564.7
22743.7
24330.4
26149.2
28112.5
30649.1
33733
34478.6
34906.3
35830.1
38703.9
40644.2
40694.8
41030.9
42216.3
42281.1
44076.9
44801
46037.5
46752.3
46870.3
47047.6
48426.7
48714.8
48935.7
49056.5
51615.1
52731.5
52824.8
53956.3
55250.6
55766.3
57057.1
57851.4
58591.6
59417.5
59741.7
60426.7
60673.5
60918.6
63097.4
66013
66674.1
67725.9
68147.4
68710.4
69336
70137.9
72449.5
73248.9
73845.8
73897.2
74726.7
76727.7
77047.5
77250.4
77565.1
78826.8
79643.3
79849.4
80884.3
81145.6
81169.2
81564.3
82557.6
82607.7
83575.7
83861.1
84751.2
84996.3
85618.1
86311.5
86554.9
86693.8
87627.4
88613.3
89749.5
90131.9
90378.8
92477.3
95663.8
95988
96431.2
97104.1
98801.5
98907.7
101581
102211
103395
104140
105094
105330
106139
106493
107600
108647
108895
110106
110848
111166
111232
112379
112983
114344
114579
115535
116675
117273
117568
119359
119623
120165
120500
120955
121137
122706
125394
126537
127016
127743
128527
130619
133220
135312
136697
137533
138306
139613
140083
140311
140540
140647
140704
141822
142881
143097
144496
146465
146974
147189
147628
147946
148211
148889
148919
149182
149488
150198
150699
151523
151902
152018
152192
153776
154430
154545
157217
157366
158032
158027
158229
158982
159399
160261
161409
162080
162115
162322
162706
163298
164882
165374
167338
168459
169768
170405
170656
171019
171173
171694
172004
172156
172780
173037
173753
176503
177167
178685
181137
181759
182313
182476
185070
185288
186291
188863
188913
188929
189339
189552
190681
192639
193344
193526
193833
193969
195499
196026
196644
197569
198045
199503
199533
199729
