708.2
3367.24
3694.35
4047.4
4917.17
6648.21
6747.86
6970.78
7649.91
7653.89
7905.13
8083.95
9028.44
9781.76
10129.9
10963.9
11130
11191.1
11297.1
12029.4
14965.9
15928.8
16309.9
16930.5
16986.5
17021.7
17337.7
18130.6
18426.7
21298
21318.7
21446
22147.4
22397.1
23593.2
23755.1
24873.9
25668
26707.5
27517.7
29041.6
29939.4
32597.1
33038.8
33095.6
33814.7
34098.4
34709.8
35199.2
37306.9
38196.6
39907.3
40373.1
41748.8
42054.9
42544.7
43482.4
43793.6
44278.5
46114.4
46407.8
46425.1
46661.5
47009.1
47483.8
48601.8
48934.3
49012.2
49054.4
49379.2
49386.6
51000.2
51299.6
51404.3
51843.4
51942.2
51966.9
52242.6
52412.8
53622.6
54982.4
55632.8
56428.9
57617
57748.7
58627.4
58802.6
59079.1
59536.1
59918.6
60030.4
60070.6
60260.9
60498.4
60728.9
61434.1
62517.6
62744.8
63430.1
63941.7
64033.4
65176.8
65198.7
65749.8
65775.3
66013.2
66727.3
66851.4
67449.4
67465.3
67784.9
67812.2
68345.1
69225.1
70842.2
71108.1
71828
72058.4
73711.8
76273.6
76709.2
76915.1
79037.5
79286.3
79355.7
80865.8
81442.5
81714.4
81860.4
82143.9
82929.5
83026
83421.2
83487.5
83849.9
84545.4
85423.8
85727.8
86143
86463
87194
88894.5
89889.4
89912.1
89973.4
91773.6
92659.9
93245.6
93279.2
93796.9
94519.3
95063.3
95274.9
95336.7
95552.3
95762.2
96098
96489.4
97932.6
98544
98597.8
99763
100193
100884
101328
101854
102830
103304
104313
104786
104964
105304
106159
106238
106538
106784
106952
107629
108375
109389
109879
109926
110139
110184
110237
110878
111319
112037
112851
112891
113328
114064
114416
114621
115000
116102
117253
118536
119336
119794
120230
120676
120771
120859
120947
122335
122548
122875
123652
123698
124120
124274
124510
125572
125856
126319
126855
126943
127116
127869
128410
128968
129462
130357
131691
134543
137218
137296
138033
138226
139411
139727
140338
140396
141952
142578
142716
142945
143115
143195
143522
143551
144535
144903
146373
146600
147377
147590
147804
148878
148945
149809
150698
151357
151346
151749
152948
153300
153471
154429
155189
155403
156187
156670
156921
157791
158400
158663
159348
159468
159945
160075
160328
160960
161093
161714
161764
161786
162223
162327
162630
162655
164366
164476
165149
166980
167223
168261
169425
170117
170306
170702
170990
171376
172522
172941
173746
173764
174693
174762
175875
176167
176269
176808
176977
178563
178585
180388
180900
181490
181634
182195
184508
184516
184768
185823
187031
187091
188714
188981
189270
189355
190271
190573
191182
192013
193142
193153
193290
193494
193526
193985
195279
195642
195922
196270
196526
197423
197810
199127
199149
199624
199785
