2586.54
3059.1
3933.13
4058.91
4215.56
4400.47
4692.38
4867.35
5768.82
7327.38
7706.88
7744.25
8093.09
8634.79
9363.27
9979.72
10731.1
11122.2
11618.5
12214.9
12520.8
13623.7
13934.9
14214.5
14350.8
14776.5
15351.4
15599.3
16182.1
18131.2
18351.8
19157.6
19679.8
19940.8
22841.4
23137.2
23523.4
27605.3
28130
28457.1
28584.5
29511
29650.7
30664.5
32472.2
34587
34783.6
35275.2
35868.5
36086
36126.2
36817.3
37019.1
37894.6
38315.3
39117.4
39181
40864.1
40942.1
41348.3
42220.9
43707.8
43898.3
44358.6
45051.1
45834.5
45876.5
46410.4
46607.5
46784.4
47058.3
47400.1
47465.4
47598.3
48177.8
48234.7
48444
48529.6
48740.5
48995.7
49004.1
49256.3
49467.9
49649
49692
49903.8
50114.8
50152
51322.7
51540
52293
52439.5
52928
53925.5
55070.7
56205
56915.7
57287.4
57468.7
57611.7
59126.9
60438.7
60652.1
60836.5
60960.1
61305.4
62036.8
63171.7
63741.1
66799
66932.1
67003
74751.8
76879.2
77472.3
77780.5
78151
78157
78635.8
79619.1
79625
81211.4
82418.7
84154.7
84998.7
85731.6
86553.5
86619.8
86707.1
86985.8
87795.1
88077.2
88485.6
88498.6
91277.6
91627.1
92193.3
92215.1
92379.1
92958.8
93087.4
93463.6
95215.8
95323.4
95790.5
95899.4
97583
97786.7
97850.7
98056.3
98500.1
98723.1
99344
102177
102931
103557
104720
105179
105509
106471
108370
108690
109597
110369
110830
111339
111592
111681
111763
112857
113984
114385
114599
115639
115786
116464
116512
117081
117275
118008
118927
118992
120298
120464
120745
121067
121210
121470
121540
122157
122547
123349
123896
124217
124389
124529
126466
126480
126878
127087
127319
127581
128549
128750
128976
129436
129467
130434
130449
130595
131541
131822
132303
132532
132710
134132
134148
134528
134626
135937
137032
137183
137299
137865
143187
144398
145502
146627
147866
148012
148324
148427
148716
149131
149782
150052
150117
150428
150638
150655
151941
152512
152835
153043
153046
153243
153252
153871
154245
154542
154625
155216
155331
155542
156872
157516
158307
158400
158577
158992
159431
159939
160066
160325
160455
160623
160846
160904
160904
160962
161167
161162
161704
161812
162235
162349
163913
165588
165871
165904
166585
166736
167347
167695
167716
168661
169112
169452
170023
170292
170421
170830
171142
171785
172354
172523
173797
174070
174487
174593
174726
175011
175652
175942
178361
178380
178528
178628
180531
180781
181450
182215
182393
182423
182810
182825
183461
185305
188750
188801
189613
190315
190396
190469
190570
191364
191642
192062
192201
192789
192991
193924
194143
195103
196634
196791
197188
197435
197585
197743
197757
197912
198298
198941
199539
199750
