4061.38
4452.4
6388.22
11274.3
11400.4
18570.5
18687.7
19474.8
21166.6
25688.7
28108.3
28677.1
28922.9
29902.5
29982.1
34207.5
34414.4
35511.3
38870.5
42397.1
42460.5
42862.6
43193.1
43406.4
44378.5
46573.9
47106.3
47769.3
50294.4
50547.9
52173.9
55726.5
59719.8
60256.1
60715.3
72400.5
80861.1
81174.1
81412.4
82442.7
82532.1
87555.2
89044.3
89423.2
89568
90699
103163
104437
105491
106791
107761
109430
110733
111615
113848
114441
115110
116606
116611
116916
117143
121658
122208
126323
126468
127646
129345
130551
132307
133401
134657
135698
137060
141958
146073
147448
147517
152208
155314
157625
158652
159989
160538
160600
162427
163839
164073
165774
166402
170126
171241
171354
174420
176676
178454
180187
181825
184007
184650
186712
186824
187396
188789
188901
189368
190189
191956
192511
197771
