139.12
3688.51
6403.46
7019.25
7651.67
7725.48
7927.12
9038.03
9565.37
9628.03
10134.3
10384.5
12760.2
13033.9
16302.6
16508.1
17033.6
17133
17773.1
18670.7
19104.6
19372.2
20526.4
20880.8
21444
21516.5
21601.9
21988.1
22925.3
24098.5
25364.1
25987.5
26361.7
27007
28318.6
29627.5
30201.4
30454.9
32052.4
32082.1
32284.2
32780.2
33071.8
33114.4
33229.4
35491.5
38865.1
40732.6
41406.1
41780.8
42442.1
43035.9
43802.4
46170.2
46371.7
48848.5
49879
50216.7
50797
50969.5
50993
51044.9
52216.7
53023.1
53417.3
53483.6
54583.9
55026.5
56260.7
57419.1
58229.8
59267.6
61480.3
62509
63924.8
64873.8
65129.1
66282.3
68594.5
69005.2
70503
70882.1
71491
71544
71696
72034.4
72571.4
74028.7
75159.5
76171.6
76638.6
78223.2
78632.6
79210.4
80148
81603.9
82434.8
84474.4
85918.3
86502.5
86989.1
87115.1
90120.4
91450.7
93146.5
93181.9
94227.4
94489.5
95667.2
96636.6
96660
97189.6
97981.6
98438.5
98586.6
99923.7
100420
103001
103181
103263
103925
104205
104222
104610
105296
105387
105974
106432
107386
107917
108995
114504
115303
115963
116331
116605
117212
117372
117729
117786
118217
118330
120592
121164
122158
123606
123735
123928
126909
127258
127355
127813
128572
130318
130624
131541
132012
132785
133682
134162
134240
134608
134856
136565
136688
137234
137558
138668
139588
140590
140848
141166
141996
142721
143031
143932
144106
145850
146935
147960
148928
149353
150299
151469
151510
151891
151964
152051
152864
155082
155396
156082
156909
159992
161009
162026
162812
165207
165268
165761
166903
167385
168413
168431
169082
169333
169622
169940
170070
170185
172516
174182
175435
175690
175698
177070
178145
179041
179746
181207
181556
182062
182707
183451
184683
185242
186467
187208
188070
188177
188267
188982
190196
190325
190528
190794
191157
191184
191761
192678
193517
194228
194957
195486
195488
195698
196006
196270
196341
197742
198126
199116
199217
199955
