169.3
2426.86
2744.3
3038.17
4014.16
4199.92
4288.25
5204.5
5318.08
5774.52
6124.92
8296.16
10665.7
10811.7
10953.9
11226.7
11232.3
11661.1
12921.4
16716.4
17646.2
18002.3
19519.2
20917.3
22094.4
22144.1
23491.3
25137.4
26289.9
26830.5
26859
27213.3
27375.8
27770.1
27814.1
28460
28561
29020.7
29726.6
30407.9
30973.9
31389.7
31931.3
35177.8
36326
36775.2
37238.9
37464.7
37661.5
38065.3
39608.1
40723.2
41012.4
41203.7
41578.6
41748.2
41782.3
42111.3
42154
43216.4
44164.4
44294
44660.8
44685
45682.6
47581.7
47767
47891.2
48607.8
49407.8
49500.1
49949.2
50092.1
50318.4
51405.6
52014
52978.4
53584.1
54275.6
54374.7
54701.1
55239.2
55271.5
55335.7
56348.4
56498.2
57424.6
58993.9
59745
60113.8
60546.4
60892.9
60909.4
61175.1
61276.6
61794.5
62456.6
62514.6
63444.1
63676.3
63746
64163.2
65456.3
65459.1
65760.9
66082.4
66104.3
66348.6
66496
66510.4
67677.1
68246
69521.8
69618.6
69633.1
70780.4
70932.4
71031.1
71585.2
71643.5
72392.8
72963.2
72999.9
74963.2
76530.7
76660.3
76706.4
77684.4
78272.9
78821.4
78886.5
80078.1
80736.6
80853.8
81436.9
81440.9
81682.8
83454.7
85307.3
86730.7
87325.2
88221.8
88824.8
89200.1
89479.3
91029.8
91506.8
92315.6
92604
93622.8
94079.7
95577.2
96800.4
99961.1
100010
100397
100518
100719
101630
101905
102190
102552
102970
103155
103315
103855
104035
104232
104680
105202
105878
106176
106936
107786
108108
110111
110675
110859
110972
111546
113354
114280
114338
114637
115097
115184
115270
115454
116468
116962
117391
117990
118156
118742
118916
119048
119546
120895
121097
121363
121715
121967
122125
122275
122400
122920
123139
123181
123428
123761
124207
124711
127298
127586
129359
131829
132233
132263
132936
133800
137834
138132
138356
139476
140627
141187
142710
145492
145603
146053
146387
146901
147612
147895
148171
148176
148941
150213
151048
152198
152249
152298
152431
152717
153341
155499
156378
156410
156715
156957
158447
159443
159499
159956
160695
160806
160867
160887
161509
163857
165677
166018
166832
168374
169547
169753
170469
170775
170995
171485
172219
173926
174715
175704
176299
177446
177948
178532
178548
178637
178845
179405
180584
182604
183424
184387
184935
186470
186708
188099
190218
190429
190859
192157
193198
193490
195889
196550
196653
197509
197744
198206
198419
199092
199878
