307.09
817.66
1059.15
1222.53
1600.24
1833.16
2030.31
2302.11
2478.03
2733.38
2804.91
3238.91
3272.88
3325.48
3352.6
3594.67
4600.47
4880.9
5436.58
5464.07
5539.78
5774.8
5890.89
6335.13
7444.1
7698.11
8115.41
8397.41
8582.54
8709.63
8931.3
9310.76
9501.66
9866.72
10085.8
10091.1
11161.6
11165.6
11547.6
11880.7
12524.8
13050.5
13934.3
14008.9
14366.3
14883
14974
15240.2
16035.9
16554.1
16609
17302.9
17402.8
17722.5
18209.3
18518.1
18825.8
19792.4
19806.6
19849.4
19917
21013.3
21114.5
21272.1
21274.8
21506.6
22471.9
22703
23257.5
23259.3
23768.8
23840.8
24062.4
24669.2
24814.8
25391.1
26145.9
26517.9
26661.3
26737.5
27355.8
27569.3
27666.5
29891.8
30131.4
30448.5
30790.7
31477.1
31635.6
31799.7
31798.6
32448.3
32482.2
32652.8
33161.7
33214.6
33397.2
34052.3
34143.5
34151.6
34964.8
35030.7
36454.7
36681.5
36728.1
36971.5
37599.3
37794.7
38242.6
39522.2
39930.2
40043.6
40095.7
40728.5
41251.7
41519.5
42127
42703.1
42985.7
43112.5
43132
43256.5
43334.3
44846.1
46512.8
47182.1
47213.2
47233.3
48010.9
48552.7
48840.8
49347.5
49438
49641.2
49780.1
50239.8
50608.4
51010.3
51076.1
51322.6
51458.7
51594.5
51679.7
52038.6
52515.3
52640.7
52821
52934.1
54260.1
54431.6
54520.6
55485.6
55612.7
56305.5
56361.7
57082.7
58117.7
58128.6
58778.2
58803.5
59181.7
59415.5
59702.2
59788.6
59850.2
59863.6
60274.5
60413.9
60523.6
60805.4
61311.1
61352.2
61365.6
61624.1
61869.8
62988.8
63139.2
63468.6
63543.9
63860.5
64225.8
64910.4
65704.9
65712.5
66408.9
66524.4
66701
67156.7
67691.5
67749.8
67841.1
68935.2
68958.2
69137.3
69140.5
69512.7
70192.4
70685.1
71587.8
71724.3
72051.2
72129.8
72355.9
72537.3
72748.9
72996
73065.7
73557
73852
73915.2
74004
74573
74697.1
75356.2
75391.7
76284.5
76526.2
77007
77361.5
78205.6
79171.6
79309.3
79793.7
80495.8
80896.6
81065.5
81085.7
81925.8
81974.8
82043.9
82817.1
82873.3
83112.1
83395.5
83463.8
83775.9
84504.4
85205.8
86393.5
86490.5
87454.7
87938.5
88157.9
88595.2
90078.9
90411.3
90687.4
90691
90856.2
91330.2
91603.6
91851
92328.3
92361.4
92626.6
92805.4
92964.3
93259.6
93520
93634.1
93720.5
93837.8
93883.9
93890.1
94506
94535.8
94799.9
94898.1
95059.9
95115.2
97122.3
98816.6
99463.2
100364
100540
100873
100982
101504
101588
101882
102793
103769
104595
105284
105762
106752
106778
107548
107800
108075
108204
108404
108530
108875
109117
109257
109359
109928
110462
110532
110965
110995
111167
111457
111907
111946
112104
112269
112440
112727
112987
113187
113310
113371
113635
113687
114143
114217
115248
115406
115610
116579
116943
117463
117559
117929
118667
118994
119006
119572
119673
120015
120277
120411
121013
121229
121296
123066
123160
123781
123970
125114
125294
125852
127217
127873
128126
128808
128848
129617
129851
129956
130569
130934
132163
132641
132676
133184
133204
134357
134360
134556
134757
134875
135434
135501
135528
135813
136101
136327
136561
136681
136903
137398
137617
138004
138746
138919
139333
139839
140116
140544
141117
141396
141443
141476
141631
142270
142731
143067
144137
144447
145491
146566
146827
147571
148782
149339
149787
149952
150091
150743
151137
151208
151848
152008
153196
154044
155410
157022
157363
157664
157729
157865
157946
158166
158550
159829
160334
160524
160873
161358
161616
161694
161914
161974
162313
162849
163636
164615
164610
165491
165807
166204
166286
167122
167879
167951
168177
168214
168281
168504
168603
168822
169030
169504
169691
169941
170027
170291
170959
171597
172396
173650
173901
173906
174170
174497
174960
176014
176113
176382
176443
176511
177216
177238
178053
178324
178427
178791
179015
179024
179221
179719
179839
179994
180433
180827
182256
182726
183685
185003
185081
185423
188156
189135
189772
190335
191707
192098
192619
193081
193106
193170
193418
193556
196057
197862
198052
198385
199769
