323.07
1593.74
1657.17
1985.03
3815.31
5542.16
5608.35
6273.48
6605.78
7886.35
10488.8
10574.1
11026
11342.7
12184.3
12278.4
12886.9
12963.6
13463.9
14394.3
14806.9
15060.7
17094.4
18626.9
18980.5
21083.7
21694.2
23286
23666.3
24224.9
24782.2
25185.5
25653.6
26378.4
28000.6
28095.6
28804.6
31101
31201.1
32697.5
33877.1
35695.3
35792.3
36737.2
37143.2
38633.7
41442
41494.2
41882.9
41935.9
43352.9
45172.6
45976.6
46948.2
47137.8
48317.1
48401.5
48626.6
48958.2
50421.7
50933.1
51329.7
57658.6
57678.2
58237.4
58476.5
58832.4
58852
59042.2
61875.1
62129.3
63575.5
64867.5
65287.3
66395.4
67545.7
67585.4
67884.8
69613.7
70162.3
70732.2
71001.4
73360.5
76072.7
76888.4
77045.8
77761.2
78332.4
79293.6
80995.9
81009.3
81690.5
81860.4
82521.9
83698.7
84245.6
85158.3
85561.7
86456.5
87640.2
87710.3
89124.3
89802.4
90386.7
90448.9
91204.9
91500.4
91516.4
92365.6
93433.7
93611.5
94853.5
94998
95440.6
95699.8
95908.9
96411.1
98088.1
98479.4
98958.9
99532.3
99863.2
99903.7
100015
100571
100759
102097
103097
103627
104427
106301
107199
109078
111066
112033
112162
112228
112848
112909
113486
113571
114167
115627
116460
116471
116935
120125
120229
120568
121242
121506
122194
122570
124134
124199
127193
127615
128248
129341
129679
129679
132133
132138
132188
134594
134861
135283
135645
137540
137620
139116
139456
139848
139929
140095
140401
140644
141432
141716
143805
144566
144678
145823
145833
146350
146902
147495
148890
149279
150232
152758
153019
154042
154851
155391
155461
155563
155758
155902
156941
157293
159801
163114
163714
164815
166477
166854
168044
168116
168396
169360
170943
171229
171613
172939
172953
173937
175999
176232
176327
178103
179333
179739
180835
181039
181452
183372
184833
185295
186552
186709
187102
187541
187726
188281
188828
189391
189532
190351
191517
193314
193563
193671
194559
195271
196920
197069
197400
198569
198562
