882.39
2803.63
3468.15
3831.29
4708.83
7130.8
7781.37
8521.35
9674.83
10838.1
11083.2
11320
11628.4
11821
13817.5
14105.6
15338.5
16686.9
18149.8
18333.2
22591.9
24141.9
27080.3
29251.1
29457.1
29729.9
29940
30292.3
32030.9
32399.8
35156.2
35871.6
41006
41249.9
41467
41936.3
44195.7
45533.4
46173.9
47895.3
48786.3
49779.8
49996.8
50635.5
51805.4
52346.6
52687.8
55442.1
57558.5
57969.5
58124.9
58422.7
58654.1
67128.8
68400
68769.4
69844.6
71447.9
72349.1
72644.5
73924.5
74522.9
75572.3
76244.2
77497.4
79297.8
80242.9
82227.6
85916.6
86700.6
87433.1
87564.5
88191.1
89762.1
90813.5
90959.3
91066.9
91842.2
92074.1
92889.3
93656.6
94301.1
94508.4
94822.9
95055.7
96427.9
98164.4
100706
101470
102682
103006
105389
107416
108566
110576
111185
111895
112951
121318
121804
123634
124222
124617
127037
127791
128464
128906
129199
129447
132913
133823
134085
134410
136998
137306
137320
137344
137517
138872
139644
139761
142465
145399
149289
149983
150276
150990
151471
151651
152143
156107
156356
156732
158351
159565
162856
167449
168360
169608
169771
170279
176475
177635
178397
178865
179554
179958
180916
181024
181287
181592
181777
182085
182354
183123
184403
184816
186057
186322
186535
186768
187175
187952
190299
190929
193222
196895
197994
198375
