141.39
144.23
245.29
829.28
2285.51
2953.21
3061.24
3087.15
3146.2
3328.8
3476.07
3677.08
3866.15
4148.4
4548.55
4985.07
5026.19
5467.86
5819.85
6154.27
6738.5
6961.99
6981.17
7338.61
7520.16
8126.29
8213.1
8634.02
8722.43
8945.81
9179.07
9780.19
9866.28
10078.5
10099.9
10187
10220.5
10512.4
10591.6
10669.9
10969.2
11755.4
12168.2
12612.7
12851.8
13113.4
13693.7
13815.1
13969.6
14147.5
14457.4
14761.4
15264.3
15560.8
15617.7
15760.6
15839.8
16552.8
16656.2
17097.9
17308
17393.1
17427.2
17664.8
17732.8
18027.5
19196
19333.8
19674.5
19718
20243.1
21338.3
21536.5
21721.9
22173.8
22202.1
22219.8
22566
22600
22725.4
22747.6
22881.2
22974.8
23387.5
23408.4
23452
23810.2
24236.8
24350.7
24356.8
24531.8
24838.1
24892.3
24984.6
25076.9
25314.3
25348.4
25863
26296.4
26328.3
26406
26913.2
27189.9
27211.6
27305.9
27719.7
27836.3
27867.2
27969.4
28141.8
29241.7
29410.1
30065
30159.5
30342.5
31015.9
31334.5
31806
32155.9
32469.8
32734.8
32819.4
32926
32988.3
33011.3
33376
33389
33652.1
33777.4
33924.4
34042.6
34349.1
35128.5
35484.8
35563.6
35710
35783.1
35807.2
36808.3
37291.2
37340.5
37881.2
37924.7
38259.2
38290.1
38296.5
38783
39017.5
39069.1
39379.5
39519.2
39526.7
39716.6
39811
40164.1
40463.5
40521.4
40594
40670.8
40694.7
40733.1
40992.2
41096.1
41250.8
41416.9
41748.2
41875.8
41949.3
41982
42338.4
42363
42608.9
42657.1
42683
42789.6
43783
43833.7
45086.9
45342.8
45408.5
45827
45850.9
46408.4
46671.7
46866.3
48293.7
48519.2
48572.4
48776.1
48811.8
49501.2
49825.4
50041.9
50145
50661.4
51424
51575.8
51680.8
52017.6
52139.2
52513.8
52684
52688.2
52848.2
52989.8
53072.1
53513
53861.2
54451.7
54732.7
54837.9
55218.7
55504.3
55759.6
55904.9
56318
56467.3
56716.3
57036.3
57186.1
57273.9
57880.7
57988.7
58214
58582.1
58990.1
59151.1
59576.7
60591.4
61001.8
61173.7
61174.4
61251.6
61431.3
61518.3
61529.1
61891.1
61908.5
62096.5
62276.7
62597.9
62832.3
62867.2
63222.9
63592.7
63673.4
63725.3
64120.1
64639.6
64837.2
64877.1
65051.9
65626
65845.8
66153.3
66234.6
66285.7
66289.8
66466.7
66471.2
66882.9
67171.8
67602.5
67723.2
68245.7
68376.3
68507.6
68646.2
68931.9
68986.1
69206.8
69454.5
70274.7
70318.9
71124.5
71290.9
71302.2
71442.2
71575.6
71861.7
71893.6
72282.6
72413.6
72866.4
72919.4
73197.4
73814.1
74063
74139.3
74552.9
75995.2
76400.9
76530.3
77204.1
77548.1
77772.8
77931.9
78158.2
78258.9
78303.2
78380.5
78423.5
78556.5
78592.8
78697.2
79030.7
79155.2
79342.1
79484.9
79667.8
79955.7
80256.7
81088.4
81945.8
82984.3
83330
83388.4
83984.3
84100.6
84131.3
84784
84860.1
84952.4
85723.1
86409
87507.1
87780.6
88711.3
89304.5
89868.2
89917.6
90146.8
90218.7
90234
90257.9
90614.8
90943.6
91093.1
91372.8
91420.6
91495
91494.6
91690
91910.2
92232.6
92877.6
93029.5
93102.4
93151.6
93417.2
93699.3
93696.7
94247.1
94516.5
94567.3
94572.8
94604.3
94784
95010.1
95087.6
95309.6
95346.7
95576.2
95870.3
96151.3
96162.8
96267.4
96339.4
96587.5
97147.6
97582.2
97958.4
97965.9
98162.8
98341.7
98354.1
98518.2
98580.2
98642.1
98962.4
99078
99451.8
99569.3
99627.4
99777.3
99853.9
100084
100082
100238
100242
100276
100642
100762
100868
101697
101785
101838
102180
102230
102520
102897
103233
103548
103641
105030
105752
106099
106146
106558
106681
106737
106741
107278
107457
107480
107545
107586
107769
107776
107872
107943
108038
108088
108161
108188
108531
108550
108565
108990
109084
109132
109306
109356
109484
109734
110012
110330
110342
110658
110881
110887
111543
112247
112278
112445
112695
112765
113055
113317
113954
113958
114335
114628
114841
114882
114928
115027
115262
115367
116288
116350
116483
116781
117038
117529
120549
120685
120792
121014
121344
121465
121968
122833
123044
123466
123670
123886
123967
124648
125058
125069
125268
125418
125480
125684
125735
125745
125833
126010
126024
126321
126599
126856
126977
127206
127496
127512
127519
127775
127984
128054
128264
128311
128353
128373
128755
128895
129604
129747
129812
130137
130665
130743
130755
131254
131319
131602
132037
132055
132096
132084
132302
132346
132555
132611
132760
132840
132914
132941
132978
133096
133222
133292
133417
133799
133818
133986
134240
134265
134735
135479
135725
136062
136112
136119
136443
136607
136747
136947
136934
137131
137439
137684
137740
137979
138851
138897
139071
139125
139430
139585
139649
139675
139703
139810
140179
140271
140325
140706
140747
140817
141251
141503
141607
142315
142901
142902
143143
143258
143369
143391
143959
144391
145100
145554
145595
145779
145821
145924
146344
146551
146603
146956
147187
147938
148241
149214
149378
149432
149506
150012
150583
151080
151211
151345
151549
151683
151776
151917
151979
152109
152190
152352
152676
152938
153160
153438
153444
153501
154164
154201
154465
155353
156073
156182
156187
156572
157067
157157
157445
157764
157975
158038
158362
158452
158516
158729
158810
159203
159467
159470
159544
159607
160257
160777
161467
161656
162031
162887
162927
163639
164495
164569
164600
165056
165703
165767
166432
166663
166895
167005
167035
167084
167274
167298
167645
167659
168101
168216
168249
168381
168438
168609
168599
168832
168938
168963
169024
169228
169741
170000
170128
170206
170304
170384
170532
170740
170911
170963
171014
171100
171228
171332
171353
171449
171646
171715
171803
172025
172249
172248
173010
173162
173232
173529
173993
174149
174583
174892
175468
175591
175878
176130
176230
176743
176862
177722
178521
178600
178945
178979
179571
180038
180315
180326
180372
180674
180913
180918
181537
182202
182903
183681
184159
185170
185277
185805
185893
185973
186520
186641
186850
186916
187031
187208
187278
187518
187552
188180
188370
188506
188591
188664
188915
189086
189412
189472
189488
190798
191063
191410
191655
191720
192698
192901
193031
193196
193420
193934
194514
195377
195404
195709
195910
196213
197330
198310
198525
199193
199433
199753
199824
199985
