431.91
776.51
1067.9
1195
1743.19
1747.74
1871.05
1955.21
2867.21
3075.98
3208.18
3302.19
3350.98
3877.24
3909.48
3947.61
4166.5
4404.35
4705.73
4999.93
5690.27
6399.21
6429.1
6436.28
6770.32
6835.76
6948.46
7029.78
7096.44
7107.96
7283.85
7320.45
7433.51
7464.86
7582.48
8057.32
8211.46
8620.72
8657.75
8789.94
8888.83
8908.21
9090.11
9501.06
10004.6
10642
10738.2
11039.2
11362.9
11740.4
12067.4
12151.3
12232.5
12632.5
12723.9
13076.6
13209.1
13322.1
13449.4
13660
13916.9
14022.8
14169.7
14538.6
14730.8
14800.5
15506.1
15878.6
15997.4
16497.8
16655.8
16763
16933.8
17149.6
17772.3
18158.3
18716.3
19262.1
19558.8
19715.7
19779.1
20111.8
20182.9
20260
20365.8
20443.5
20711.2
20827
21312.4
22428.2
22764
23760.3
23976
24148.6
24180.8
24680.9
24686.2
24922.5
25199.6
26194.3
26911.6
26996
26994.6
27169.4
27175
27585.4
27623.4
27640.2
27704.7
27923.8
27984.7
28154.5
28207.9
28286.6
28400.7
28500.6
28557.6
28679
29146.9
29838.3
30336.2
31156.1
31383
31522.5
31529.6
31797
32126
32647.6
32985.8
33501.5
34080
34338.7
34698.3
34730.5
35023.1
35164.7
35265.8
35357.8
35575.8
35577.4
35701.5
35733.8
35859.9
36052.4
36100.2
36114.9
36156.1
36235.4
36356.6
36368.3
36616.3
36679.5
36873.6
36877.9
36996.8
37513.3
37785.6
38168.1
38445.1
38581.6
38676.6
39088.7
39276.6
39730.3
39757.6
39980.6
40249.7
40264.2
40310.5
40405.3
40553.4
40615.1
40823.4
43189.4
43934.5
44343
44672.9
44901.2
45217.6
45359.7
45403
45679.7
46132.1
46615.2
46790.3
47005.1
47146.1
47810.1
48404.5
48732.5
49056.5
49145.4
49252.8
49263.7
49264.4
49753
49926.6
50207.7
50306
50425.9
50586.5
50613.7
50765.3
51016.1
51224.8
51266.8
51494.9
51518.6
51578.8
51639.9
51727.4
51968.9
52404
52782
52945.3
53465.6
53537.5
53620.1
53832.4
53990.6
54024.5
54367.5
54445.8
54964.8
55056.7
55197.7
55398.6
55489.8
55522.7
55644.3
55695
55772
55845.3
56002.4
56513
56646.5
56883
56899.5
57219.5
57321.5
57517.8
57684.4
57770.7
57828.4
58025.1
58209.6
58366.2
58418
58529.3
58689
58906.8
59143.3
59530.8
59826.9
60556.7
60580
60902.9
61166.7
61582.6
61606.8
61685
61993.3
62326.1
62350.5
62495.3
62863.7
62888
62958.6
62981.9
63179.7
63251.6
63487
63488.2
63703.4
64081.3
65109.7
65357.2
66133.9
66172.7
66935.3
67579
67694.5
67973.6
68156.4
68202.9
68392.2
68439.4
68752.6
68970.1
69478.1
69818.1
70278.5
70804
71757.5
71978.5
72330.5
72427.5
72660.6
72723.3
72953.7
73077.8
73831.4
73898.8
74017.6
74132.2
74307.5
74383.7
74411.1
74413.8
74544
74721.5
74750.3
75457.9
75486.1
75623.6
75648.3
76725.8
76868
77167.5
77504
77842.6
78629.2
78833.9
78947.2
79121.6
79697.3
79732.9
79807.4
80013.4
80095.2
80167
80614.6
80772.9
80909.2
80914.1
81343.8
82725.2
83096.9
83153.1
83693
84025.6
84113.4
84169.2
84188.8
84274
84499.2
84508
84659.6
84870.4
85099.3
85109.4
85142.5
85386.8
85484.5
85533.8
85945.6
86337.8
86865.3
86950
87123.6
87708.4
87709.7
87739.8
87872.7
88073.8
88266.6
88572
89492.5
89682.7
89721.5
89767.3
89771
90512.3
90980.6
91202.8
91335.8
91583.8
91889.6
91902.9
92030.5
92342.7
92370.6
92430.6
92639.8
92829.5
92957
93206.4
93243.6
93560.5
93905.3
94001.1
94239.7
94273.1
94573.3
94744
94785.4
94842.6
94997
95133.1
95258
95280.7
95414.6
95533.6
95593.3
95772
95831.7
96272.6
96477.9
96516.3
96652.8
96771.9
96883.7
97280.5
97504.1
97712.6
97872.4
97877.1
98368
98742.1
98906.5
99231.4
99320.3
99476.6
99560.6
100105
100505
100675
100753
100758
100890
101128
101450
102038
102249
102427
102547
102559
102641
102828
103560
103990
104216
105089
105799
106340
106692
106878
107241
107243
107688
107853
108237
108286
108505
108607
108958
109006
109396
109589
109640
109863
109909
109926
110112
110212
110358
110425
110510
110768
111027
111101
111251
111368
111652
111820
112508
112658
113411
114532
114548
114908
114960
115069
115259
115484
115680
115762
116470
116964
118034
118452
118769
118971
119031
119114
119235
119334
119363
119525
119542
119617
119636
119901
120010
120261
120421
120570
120885
121023
121062
121275
121351
121525
121853
122006
122126
122151
122512
122552
122644
124069
124095
124228
124320
124375
124391
124624
124762
124841
124999
125202
125300
125314
125318
125402
126055
126076
126166
126226
126281
126843
126969
127082
127351
127927
128287
128572
128755
128960
129072
129105
129235
130399
130808
131115
131291
131397
131747
132371
132689
132946
133065
133069
133239
133321
133532
133760
133800
133859
134078
134129
134281
134438
134471
135332
135356
136052
136118
136241
136273
136544
136636
136783
136983
137189
137366
137984
138076
138371
138388
139168
139391
139488
139517
139718
140080
140170
140272
140411
140478
141178
141813
141909
142049
142387
142631
142722
143136
143270
144225
144325
144960
145087
145147
145461
145663
145791
146288
147053
147773
147779
147801
147931
148469
148581
148676
148942
149208
149285
149323
149730
149817
149934
150087
150718
150772
151289
151338
151405
151504
151661
151710
151803
152179
152762
152851
153261
153296
153337
153338
153508
153838
153965
154073
154352
154793
155676
155962
156676
156913
157600
157723
157788
158097
158170
158357
158471
158813
158852
159068
159115
159219
159241
159329
159627
160220
160727
160855
161326
162017
162208
162952
163881
164138
164416
164455
164488
164543
164820
165274
167059
167289
167430
167906
168618
170790
170906
171012
171600
171616
171884
171975
172048
172486
172822
172908
173121
173431
173574
173598
173992
174368
177013
177147
177625
177679
177732
178070
178185
178349
178665
178751
178990
179040
179154
179220
179816
179961
180171
180352
182165
182209
182471
182504
182879
183280
183333
183556
183706
183766
183825
183905
183987
184015
184044
184137
184171
184346
184358
184444
184514
184706
184785
184985
185389
185946
186189
186411
186680
186907
187271
187469
188631
189638
189869
190112
190105
190297
190674
191128
191234
191427
191528
192381
192769
193120
193553
193571
193649
193934
193975
194220
194384
195523
195710
195777
195879
196222
196261
196602
196666
196936
197013
197132
197137
197286
197420
197594
197780
198774
199108
