522.91
1458.83
2401.28
3504.37
3671.23
6575.09
8902.27
13021.2
15942.4
16181.3
16966.9
18251
18758
22187.8
25218.4
27808.8
28555.4
29159.6
29766.4
30248.4
30827
33453.2
47921.8
51318.8
53081.7
54439
56474.4
59204.9
59482.1
60167
60475.9
62176
63060.1
66050.2
73837.7
74589.1
74895.1
75307.7
80372.8
80888.9
81143.5
86474.3
86560.8
88854.4
89372
89952.6
92207.9
93941
95084.2
97283.2
98171.9
98936.9
99791.8
105202
106111
106165
106372
110972
111819
113048
115103
115304
115474
117783
120878
123862
124690
125338
126660
131959
133643
133869
134965
136190
138503
141966
142464
143052
146089
146457
148547
149669
159847
161085
161381
161877
162338
164550
168238
168284
171935
172572
173290
176660
181007
181884
183051
183125
185469
185949
190471
192604
193035
194000
194671
195477
197720
