211.14
738.61
916.71
1301.23
1451.72
1788.75
1935.49
2297.51
2508.57
2736.38
2945.37
3440.6
3461.32
3461.68
3572.14
3723.4
4295.98
4635.17
4921.7
4929.7
5045.78
5105.47
5398.42
5422.46
5909.57
5952.88
6035.5
6175.27
6372.15
6479.12
6554.68
7607.62
7760.96
8108.94
8264.75
8495.9
8772.63
8791.61
9366.21
9714.06
9876.76
9949.74
10071
10388.9
10801.1
11489.3
11692.9
12124.8
12221.3
12288.3
12376.2
12734.1
13121.6
13469.4
13549.8
13847.7
14151.4
14633.9
14699.3
14850.4
15168.5
15376.1
15684.4
15770.7
15926
15985.4
16173.4
16262.2
16265.8
16798.1
16862.8
16872.9
17705.6
17791.6
17892.1
18030.6
18096.6
18103.6
18206
18359.3
18551.8
18933.9
18962.4
19283.3
19483.8
19574.1
20848.2
20989.2
21026
21688.5
21819.8
21850.8
22269.7
22273.1
22509.6
23170.1
23183
23628.6
24386.9
24570.5
24580.1
24786.7
25017.6
25137.8
25204.4
25679.3
25718.1
25733.7
26036.4
26724
26927.3
26933.8
27535.2
27650.4
27972.9
28298.4
28407.6
28859.4
28949.4
29092.9
29360.7
29556.9
29574.5
29918.6
30111.5
30553
30779.2
31416.8
31723.3
31767.1
32220.4
32586
32867.6
33038.6
33255.4
33591.2
33608.7
33625.5
33898
34210.3
34499.3
34505.7
35513.5
36607.4
36964.2
37415.1
37433.4
37723.9
37788.7
37804.4
38009.7
38252
38265.4
38313.8
38580.3
39166.9
39235.8
39281.9
39286.4
39514.9
39534.3
39800.4
39828.7
39893.8
39946.2
40211.8
40318.3
40560.5
40686.3
40869
41140.5
41636.9
42061.8
43682.6
44416
44862.5
45382.6
45908.4
46412.3
46790.3
47447.4
47502.7
47540.3
47824.4
48059.9
48847.4
49552.6
49912.7
49963.6
50090.1
50163.7
50526.3
50546.6
50794.5
51926
51979.1
52187.2
52227.5
52279.2
52291.3
52445.5
52736.1
52813.2
52953.6
53216.2
53431.6
53437.1
53462.2
53679.5
53711.8
54005.7
54011.5
54173.9
54227
54304.3
54531.5
54758.6
54928.6
54988.6
55014.3
55102.9
55158.7
55291.7
55555.5
56134.3
56697.4
56725.9
56747.5
56756.3
57533.5
57718.9
57855.9
57915.1
57956.1
58241.3
58298.1
58424.5
58786.1
59016.6
59084.8
59090
59304.6
59312.4
59763.4
59833.1
59903.4
60109.4
60288.1
60478.3
60896.9
61158.2
61476.1
61535.2
61961.1
62012
62207.8
62384.8
62667.4
62914.2
63852
63926.1
64704.6
65805.7
65880.9
66718.2
66878.4
67271.4
67419.6
67422.9
67750.9
67861.3
68145.3
68240.1
68649.2
68942
69269.2
69352.9
69434
70787.2
71029.6
71043.7
71125
71196.8
71952.6
72293.3
72406.6
72987.6
73016.3
73223.5
73454.1
73559.8
73578.7
73593.6
73971.3
74423.5
74498.9
74703.3
75058.7
75215.9
75521.8
75553.9
75562.7
75867.7
75900.4
76033.2
76093.6
76130.3
76960.6
77070.6
77472.4
77844.7
77869.3
77976.5
78273.5
78655.8
79290.6
79715.9
80175
80749.4
81048.6
81452.2
81511.3
81840.9
82266
82388
84940.3
85057.1
85701.1
86294.2
86338.6
86402
86470.5
86819.8
86983.1
86979
87466.6
87594
88243.6
88360.5
88556.8
88576.1
88628
88729.8
89040.1
89787.7
90111.1
90517.7
91056.4
91481.8
91501.7
91514.5
92064.1
92284.6
92299.4
92404
92652.9
92889.5
92971.3
93575
93710.7
94151.6
94157.7
94275
94432.3
94730.6
94933.5
95328.6
95578.8
95580.1
95611.1
95606.2
95748.9
96161.7
96550
96619
96684.8
96966.6
97027.7
97160.1
97241.7
97303.6
97453
97845.6
97938.7
98066.9
98218.3
98294.3
98591.7
98763.1
98932.6
99040.5
99187.8
99302.2
99402.2
99469.1
99682.4
100025
100165
100355
100507
100855
101069
101073
101645
101733
101922
102057
102270
102423
102666
103146
104067
104419
104471
104583
104878
105022
105304
105847
105917
105958
106224
106303
106703
107383
107653
109257
109344
109701
109848
109956
110501
110741
110818
111180
111258
111458
111505
111640
111947
112401
112721
112842
114461
114561
114966
114984
115102
115632
116544
116621
116920
117149
117334
117521
118203
118414
118538
118685
119245
119306
119653
119898
120064
120493
120586
120971
121012
121440
121749
122053
122145
122404
122611
123235
123255
123592
124157
124451
124488
124862
125004
125035
125285
126299
127395
127596
128341
128664
128969
129166
129635
129669
129672
129812
129869
129958
130085
130285
130445
130487
130949
131123
131436
132159
132496
132550
132781
133439
133563
133659
133865
134325
134433
134451
134559
134647
134681
134838
135553
135619
135697
136116
136291
136757
136997
137056
137477
137895
138005
138180
138362
138388
138424
138851
139397
139697
140917
141016
141774
142186
142535
142571
142914
143277
143676
143828
144009
144416
145137
145166
145599
145804
146081
146109
146341
146532
146613
147419
147411
148255
148288
148404
149199
149481
149549
149727
150063
150117
150318
150383
150522
150885
151246
151676
152170
153170
153402
153617
153839
154152
154264
154833
154842
155085
155372
155488
155490
155796
156121
156189
156375
156510
156843
156856
157016
157380
157437
157494
157833
158052
158556
159002
159413
159637
160106
160278
160274
160388
160524
160743
160819
161102
161203
161214
161494
161705
161757
161937
162386
162829
163255
163560
163752
163980
164067
164285
164579
165315
165749
165842
166916
167441
167756
167808
168044
168293
168300
168575
168917
168919
169294
169925
170042
170532
171081
171131
171454
171454
171460
171604
171629
171689
171816
171977
172476
172469
172926
173079
173166
173394
173478
173720
174043
174151
174315
174518
174928
174972
175139
175547
175541
175705
175927
176391
176742
177107
177175
177355
177752
177758
177845
179066
179121
179472
179884
180152
180699
180852
181168
181224
181590
181647
181807
181876
182135
182243
182259
182254
182736
182736
182779
182858
182858
183314
183410
183604
183659
183974
184040
184215
184557
184559
184663
184737
184760
184957
185013
185107
185563
185773
186382
186522
186880
187267
187541
187764
187808
188558
188600
190109
190178
190273
190366
190403
190642
190783
190892
190904
191356
191400
191632
191739
191934
192308
192493
192653
192809
192954
193195
193595
193880
194145
194438
194949
195024
195135
195371
195438
195694
196528
196662
196769
196813
197106
197232
197432
197454
197753
197969
198272
199111
199249
199523
199729
