184.03
1867.95
1909.28
2162.4
2560.1
3243.49
4526.67
6525.87
6674.02
9988.9
10122.2
11357.6
11738.5
12210
12418
12537.3
13087.1
13505.1
15537
16471.3
16862.9
17003.3
17591
19464.4
22274.9
22851.4
23700.3
24126.6
26751.8
27850
31272.5
31332.9
31991.3
32062.4
32823.8
33087.2
33994.3
34825
35151.9
35840.5
36537.8
37443.7
38220.8
39430.3
39674.2
40876.2
41628
42319.2
42643.1
42837.1
44734.7
44789.1
45459.5
45544.7
47232.8
47890.2
49272.2
50130.7
51517
51679.5
52230.6
52684.7
56033.6
58544.4
59518.4
59637.6
60544.9
61626.3
61667
62370.9
62379.8
62857.1
63371.1
63866.4
64539
64675.4
64793.1
64811.3
64866.9
65134
65912.1
66533.2
67510.8
68857.6
69720.8
69873.9
70739.7
71223.2
71268.3
71292.6
71404.8
71942.1
72023.1
72069.1
72959.5
73186.3
73726
76245.7
78437.9
79225.2
79750.5
87322.3
87345.1
87568.3
89335.6
89580
89698
90319.7
91798.7
94895.9
96034.1
96959.3
97760.6
97968.9
99020.7
99556.9
99891.4
100551
104393
104833
106181
108551
108614
110259
110463
110943
114584
114612
115951
117118
117960
120744
123349
123865
126027
127814
128347
128682
131485
131957
134670
134998
135213
135980
136134
136249
137321
137541
138263
140368
143621
145471
146810
147402
148924
151680
151898
152289
152306
153934
154418
155187
155471
155734
157852
158232
158291
158387
158742
160050
165088
166259
166452
167301
167489
169576
170566
171647
173530
175492
176561
178206
178888
179241
179298
179602
179906
180406
181187
181220
182974
183573
183672
184401
184822
185180
185220
188780
189482
190503
190858
192170
196346
197995
199792
