330.19
1459.07
1569.69
1621.11
2270.05
2760.34
3001.9
3810.71
4177.09
4666.56
5188.53
5267.47
6300.33
6517.5
7286.32
8207.45
8245.46
8897.29
9726.53
9784.58
10650.4
10754.8
11239.1
11686.5
11798.1
12247.7
12711.8
13729.2
14300.2
14583.9
14676.6
15439.7
15829.6
16444.7
16569.8
16724.7
17400.5
17501
17592.6
17899.3
19209.2
19302.8
20094.8
22344.8
22512.6
22736.1
22819.6
24118.3
25058.1
25174.7
25175.2
27475.2
27604.7
28350.8
28414.7
31006.9
31413.2
31815.9
32466.3
32617.9
32698
32761.5
33703.1
33876.7
34965.5
36194.1
36252.8
36320.7
37063.4
37266.9
37839.7
38058.8
38657.7
39675
40299.2
40369.8
40471
40855.5
41250.1
41332.8
41527.2
41606.9
42185.3
42524.3
42536
43253.3
43628.8
43896.5
44218.3
45250.7
45310
45909.6
46104.6
46188.3
46557.4
47731.4
48906.2
49034.7
49192.9
50086.4
50852.1
51894.8
51899.4
52397.4
53243.9
53670.4
53773.4
54235.6
55679.5
55797.9
56430.6
56853
56924.2
57513.6
58291.5
58520.4
59472.9
59666.6
59775.3
60055.8
60224
60447.1
61123.4
62074.7
62560.7
62705.6
62926.8
63139.4
63667.3
63971.4
64322.1
64455.3
65720.7
66347.2
67011.9
67278.8
67561.3
67969.1
67993
69140
69498.4
69696.1
69925.2
70319.2
71775.5
72186.7
72336.1
72514.5
72706.1
72853.3
73222.9
73680.1
74727.1
75371.3
76088.2
76247.6
77120.8
77644.1
77759.8
78226.6
78266.5
78833
79556.7
80376
80609
81172.3
81616.2
81844.8
83022.6
84063
84306.4
84968.4
85250.8
87360.2
87505.3
88027.3
88388.2
89100.2
89891.2
89952.9
90111.1
91008.6
91607.3
91836.9
94443.8
94956.5
95137.7
95408.1
95756.2
96272.7
96364.7
96514.3
97128.7
97294.8
97971.9
98768.8
99234.9
99393.2
99771.2
99938.8
103879
104630
104630
104859
105745
105995
106500
106559
107232
107496
107559
108021
108135
108156
108828
109339
109512
110132
110264
110492
110848
110982
111518
112072
112345
112456
112516
113084
113385
113863
115186
115764
116035
116603
116916
116943
117176
117327
117603
117614
117620
117778
117900
118553
118734
119033
119743
120371
120429
120436
121189
121322
121699
122123
123528
123646
123961
124726
125066
127622
127926
128074
128447
128624
129253
129683
130282
130323
131690
132516
132815
132985
134066
134304
134540
134948
135010
135900
135980
137198
137272
137725
137943
138594
139018
140312
140945
141078
142629
142695
143813
143895
145185
145637
146199
146699
146708
147122
147765
148025
148164
149521
150026
150908
151259
151486
151858
151899
152180
152262
152627
153509
153629
154800
155023
155097
155338
155504
156761
157163
157445
157552
157598
157888
157986
158523
159656
159854
159919
160365
160709
160761
160893
164138
164651
164675
165178
165880
166096
166365
166768
167143
167167
167798
167940
168622
169378
169736
170054
170433
170588
173061
173329
173503
173700
174403
175196
175323
175516
175944
176122
176234
176884
177201
177742
178384
179029
179928
180108
180207
180816
181990
183524
183778
184116
184983
184991
185183
185450
185835
186576
189172
190238
190347
191020
191194
191452
191544
192165
192187
192498
193852
194678
195570
195829
196129
196199
196520
196800
197747
198790
199292
199562
199951
