337.59
788.83
998.64
1579.38
2083.64
2335.44
3151.99
3647.94
3821.92
4641.39
4763.72
4923.95
5198.01
6384.41
6586.78
6751.85
6864.92
6871.72
6912.72
6979.54
7168.31
7346.53
7583.91
7606.48
7898.85
8025.88
8286.89
8627.08
8653.64
9513.76
10820.8
10978.4
11379.5
11625.6
11891.1
12247.4
12556.9
12877
12993.5
13491.2
13794.9
13852.8
14086.8
15740.9
15823
16103.6
16276.8
16630
16818.9
16988.3
17179.7
17348.2
17398.9
17753
17844.5
17913.1
18230
18351
18441.3
19224
19293.9
19736.6
19806.7
20285.2
20601
20644.9
20657.4
21236
21276.6
21450.8
21482
22322.6
22364.6
22740.2
22988.8
24050
24052
24636.1
24805.6
25098.4
25261.2
25409.8
26020.6
26238.3
26398.5
26746.9
26962.4
26964.8
27233
27300.4
27878.5
27952.9
27998.5
28171.7
28322.8
28383.7
28705.4
28844.6
29195.3
29347.7
29536.5
29962.7
30351.7
30358.3
30575.4
30596.2
30764.2
31032.1
31977.1
32077.2
32149.6
33152.9
33199
33536.8
33810.8
33991.9
34991.9
35430.1
35918.3
36132
36365.2
36626.1
36964.6
37098.2
37271.5
37860.6
38325.4
38707.1
39579.4
39627
39858.5
40354.5
40938.6
41030.2
41252.3
41296
41333.7
41422.1
41719.9
41993.6
42071.9
42137
42666.6
42681.3
42787.3
42790.2
42895.9
43164.4
43456
43474.2
43720.7
43785
44225.3
44295.2
44455.1
44573.2
44749.6
44782.4
45717.4
45945.7
47403.3
47490.6
47704.6
47801.6
47812.6
47815.5
47867.7
47961.3
48207.2
48311.7
48466.1
48507.8
48672
48778.4
48948.3
49571.7
49637.4
49904.5
50187.1
50827.4
54264.2
54856.7
54964
55178.3
55190.4
55321.7
55390
55586.5
55980.9
56030.2
56377.9
56893.1
57287.5
57341.7
57674.8
58123.5
58393.4
58456
58494.4
58653.5
58669.8
59081.5
60028.7
60646.3
61475.5
61868.6
62216.2
62865.7
63303.5
63579.8
66285.2
66410.5
66661.9
66957.5
67669.4
68914.3
68985.4
69128.6
69532.1
70208.2
70347.5
70708.3
71185.3
71430.9
71648.7
71667.2
71819.4
73986.9
74133.7
74336
74533.7
74808.5
74823
74926.4
75043.7
75161.6
75321
75821.6
76071.3
76483.1
76600.1
76754.7
76882.1
77692.7
77724
77991.5
78817.2
78849.7
79705.8
79754.6
80059.7
80158
81650.4
81965.6
82049.6
83029.6
83529.4
84360.3
85280.8
85531.7
85695.9
85894.8
85973.7
86808
87677.3
88191.2
88616.1
88797.4
89639.8
89670.3
89698.6
90323
90439.5
90850.9
91128.5
91685.9
91967.9
92018.8
92433.5
92945
93129.6
93171.5
93198.6
94272.6
94575
95324.3
95626
95837.2
96665.8
97562.5
97635.8
97867.6
97927.4
98105.6
98194.8
98377.1
98559.6
99467
