747.35
1089.56
1585.54
2011.24
2511.41
2530.86
3361.64
3423.77
3773.16
3798.4
3999.82
4144.91
4689.76
4698.29
4751.82
4831.2
5550.63
5644.19
6231.62
6949.02
7111.77
7157.26
7813.6
7897.23
7912.04
8412.55
8870.04
9209.9
9322.28
9704.6
9904.74
10038.8
10238.3
10907.8
11056.8
11109.5
12929
13408.8
13517.1
13732.8
13818.4
13888
15195.8
15395.6
16042.4
16690.4
16972.5
17076.7
17085.5
17245.8
17687.9
17877.6
18097.4
18203.9
18386.2
19237.1
19325.5
19626.7
19664.7
20069.1
20453.4
21310.2
21854.2
22606.5
22756.7
23094.4
23362.8
23409.8
24216.7
24505.2
24568.6
24943.6
25996.3
26089.5
26249.5
26500.4
26613.7
26619.8
28136.9
28308.6
28356.7
28719.1
28792.6
28985.2
29157.9
29214.3
29518.3
29589.7
29882.4
29890.3
30216.7
31439.1
31670.8
31985.1
32553.1
32930.7
33080.4
33128.2
33220.9
33582.7
34016.8
34027.1
34286.4
34425.5
34583.3
34795.4
34790.4
34795.5
34823.7
34977.3
35277.9
35359.1
35421.2
35533.2
35636.8
35837.4
36348.3
36474.6
36733.4
37320.4
37697
37701.5
37748.6
38324.9
40236.3
42598
42911.9
43180.1
43422.5
43474.5
43561.8
44012.9
44331
44368.8
44478.8
44755.9
45590.9
46342.6
47986.7
48114.3
48130.7
48759.2
48828.7
49025.9
49166.7
50176.7
50847.7
51140.1
51517.2
51759.2
51964.1
51991.6
52014.6
52130.3
52258
52391.1
52841
52877.4
52960
53060.1
53092.1
53124.6
53963.4
54249
54495.9
54794.4
55586.9
55926.3
56037.5
56431.1
57143.4
57509.9
57555.3
57994.4
58117.5
58564.4
58698.3
59111.3
59384.1
59601.1
59797
60413.7
60537.2
61624.7
62579.5
62912.5
63255.2
64830.1
65669.5
66049.1
66470.7
66834.3
67101.2
67450.5
67490.4
67778.2
68662.6
69953.1
70420.2
70726.1
70919.7
70987.4
71040.8
71485
71867.1
72537.9
72717.9
72818.4
73176.5
73700.1
74194.5
74218.7
74719.4
74822
74910.7
76297.5
76554.7
76815.5
76912.4
77049.9
77754.9
78668.2
79115.8
79256
79622.1
81280.4
81827
82219.6
82285.9
82588
82675.1
85813.9
86382.1
87472.3
87741.2
87801.2
87874.2
87933
87955.6
88665.8
88766.6
89146.1
89165.5
89344.9
89613.5
89840.7
89930.6
90423.4
90481.4
90700.5
90704.2
91400.6
91722.6
91938.5
91943.2
92110.4
92517
92517.4
92917.5
92932.7
93028.1
93213.3
94157.7
95417
95557
95744.8
95998.6
96114.2
96195.1
96573.7
96883.4
97287.7
97344.5
98134.1
98457.9
98537.4
98570.1
98663.3
98871.3
98976.6
99067
99333.1
99475.2
99553.6
100694
101242
101627
102508
102541
103056
103379
103750
104525
105592
105746
105868
105955
106455
106477
106529
106840
107424
107571
107694
108023
108039
108226
108840
109172
109538
110249
111398
111437
111539
111761
112554
112829
113232
114245
114498
114547
114824
115207
115621
115951
116017
116123
116319
116693
116845
117145
117284
117453
117533
117693
117896
118095
118175
118429
118435
118560
118609
118963
118985
119642
120043
120284
120579
120680
120782
121150
121803
121883
122373
122396
122462
122867
123024
123085
124810
124810
124847
125257
125326
125537
125657
125829
126242
126865
127159
127245
127686
127873
127900
128044
128186
128198
128491
128631
128699
128982
129381
130562
131071
132168
132507
132909
132951
133045
133391
134919
135740
135912
136108
137174
137201
137676
137909
138179
138508
138626
138991
139149
139497
140138
140428
141296
141429
142158
142534
143284
143319
143479
144617
144880
144914
145204
145531
145579
145733
148661
149288
149416
149523
149814
150367
150606
151053
151427
151591
152278
153133
153571
155147
155778
155802
156795
156935
156985
157127
157242
157495
157593
157755
159514
160293
160365
160435
160602
160738
161114
161488
161594
161809
162236
162805
163440
163462
163637
164085
164149
164465
164566
164643
164819
164906
165170
165861
166282
166970
167331
167764
167835
168139
168383
168421
168711
168847
169328
169409
169460
169564
169804
169857
169958
170269
170775
170778
171145
171669
172177
172315
172783
173375
173565
173969
174013
174821
175112
176160
176250
176303
176410
176539
176601
177463
177678
177745
177853
177915
177923
178366
178413
178509
178979
180274
180512
181083
181136
181166
181584
181702
181892
182119
182301
182377
182644
182892
183052
183182
183255
183272
183607
183682
183951
184621
184788
185506
185704
187472
187929
188257
188462
188972
189438
191250
191617
191932
192168
192608
192740
192811
192818
193180
193250
193906
193973
194108
194601
195466
196010
196480
198090
198119
198135
198230
198924
199912
