211.7
244.49
411.22
554.11
792.89
939.16
1471.61
1519.06
1557.92
1594.77
1754.06
1882.83
1982.6
2115.99
2180.68
2238.84
2771.24
2925.46
2942.48
3022
3599.91
3928.81
4005.57
4081.26
4086.71
4178.75
4559.77
4863.2
5003.42
5473.13
6004.2
6078.69
6376.41
6567.4
7010.07
7038.35
7047.46
7162.88
7180.37
7226.38
7630.5
7656.33
7903.14
7944.73
7974.22
8092.08
8180.97
8469
8722.67
8900.01
9033.87
9091.82
9094.68
9453.26
9492.52
9637.74
9672.76
10031.5
10147.3
10386.7
10584.9
10791.5
11023.9
11709
11960
12211.3
12425.5
13057
13185.4
13293.5
13343.9
13645.6
13659.8
13899.4
14044.8
14131.6
14288.8
14338.3
14358.8
14520.1
14543.6
14696.7
14724.2
14796.4
15045.3
15382.8
15587.8
15704.6
15786.1
16122.6
16183
16517.3
16829.9
17224.8
17627.4
17696.2
17742.4
18109
18190
18605.6
18737.1
18969.3
18995.3
19092.2
19356
19357.7
19377.9
19724.3
20098.1
20131.9
20286.6
20332.9
20433.7
20480.9
20656.4
20713.9
20732.2
20799.3
20921.5
21170.3
21271.9
21350
21563.7
21570.9
21605.7
21707.6
22047.4
22193.4
22305.6
22415.2
22465.4
22482.7
22771.3
22840.7
23203.9
23641.1
23715.7
23792.1
23892.6
24216.3
24725.1
24787.2
24805.2
24875.1
24990.4
25181.8
25209.4
25329.8
25435.6
25803.8
25911.2
26127.5
26560.1
26577.2
27080.6
27122.8
27649.3
27997.1
28063.8
28516.4
28794.4
28928.7
29035
29060
29199.3
29508.7
29508.6
29512.9
29759.8
29916.4
30238
30246.7
30277.5
30420.3
30491.5
30493.7
30798.7
30810.5
30876.1
30873
31134.8
31169.1
31491.8
31572.3
31959.4
32069.1
32105.1
32290.4
32570.2
32696.2
32768.3
32792.6
32854.9
33180.4
33631.5
33672.4
33728.3
33856.7
33947.9
34004.2
34147.5
34342.9
34522.2
34561.9
34663
35149.7
35293.2
35565.8
35681
35760
35807.1
35884.5
35948.3
36054.2
36080
36095.9
36276.2
36314.7
36369.6
36635.6
36764.4
37002.7
37063.1
37101.3
37946.1
38111
38698.1
38983.3
39150.4
40685.3
41740.9
41813.5
41882.8
42052.1
42102.3
42204.8
42276.4
42372.7
42548.8
42764.4
42926.3
43285.5
43326.3
43340.7
43453.9
43581.9
43592.5
43752.5
43928.5
44106.4
44275.4
44637.5
44751
45023.8
45465.2
45482.7
45492.5
45509.9
45864.7
45872.8
45940.5
45960.2
46010.6
46234.2
46613.1
46918.7
47439.5
47495.2
47893
48162.2
48171.2
48179.3
48426.5
48628.5
48629.6
48926.8
48933.4
49154.4
49617.3
50678.8
50954.8
52626.2
52926.8
53218.2
53833.1
54218.4
54495.4
55670.7
55697.1
55923.1
55957
56024.9
56394.9
56417.2
56607.2
56664.2
56956.5
57034.4
57187.3
57559.9
57597.8
57862
57935.5
57966
58058.2
58180.6
58760.1
60101.3
60202.4
60679.9
60719.3
60732.4
60946.6
60963
61051.9
61081.1
61092.4
61666.3
61910.4
62226.4
62380.1
62397
62486.7
62668.5
63114.5
63362.4
63379.1
63513.8
63574.3
63827.3
63847.7
64027.5
64198.5
64274.8
64365.3
64431.5
64435.8
64490.1
64675
64855.9
64948.4
65037.7
65511.3
65735.7
65737
65765.9
65997.6
66038
66113.1
66287.2
66460.1
66785.4
66947
67187.2
67199.7
67254
67471.5
67492.9
67536.2
68136.3
68222.7
69140.3
69219.9
69549.4
69782
69950.6
70065.9
70095.9
70173.4
70223.4
70285.4
70385.5
70775.6
71174.4
71168.8
71214.4
71435.6
71446.2
71473.8
72030.2
72069.3
72198.8
72390.1
72425.7
72872.5
73257.3
73628.2
73729.5
73864.4
74043
74448.4
74832.6
74878.4
74917.2
75078.4
75202
75361.5
75403.9
76194.4
76615.4
76750.8
77062.1
77068.6
77082.8
77117.6
77202.9
77370.5
77478.5
77516.1
77629.2
77694.4
77773
77779.4
77903.1
78139.8
78208.9
78558
78639.9
78665.8
78824.1
78920.9
79012.8
79273.6
79334
79427
79839.5
80105
80113.3
80225.6
80231
80523.3
80574.8
80663.2
80693.2
80787.2
80811.8
81074.2
81301.2
81554.6
81562.2
81824.1
82247
82398.3
82418.5
82507.3
82576.2
82823.3
83020.2
83072.7
83479.5
83548.3
83587.1
83667.4
83827.1
83907.2
83910.4
84012
84128.3
84184.3
84214
84445.2
84701.4
84759.2
84836.6
84947.8
84995
85052.8
85259.8
85338.8
85619.3
85832.1
86143.5
86263.9
87491.5
87655.2
87807.5
87852.1
88333
89124.9
89326.6
89337.2
89374.6
89628.4
89677.1
89838.7
89861.7
90054.3
90205.7
90679.6
91060.5
91263.1
91576.4
91771
91902.1
91963.3
92026
92242
92349.3
92836.3
92930.2
93245.7
93333.7
93458.4
93687.9
93707.8
93944.4
94072.3
94073.8
94372.4
94531.3
95603.6
95667.8
95896.8
96153
96365.9
96399.9
96458.2
96644
96751.8
96761.9
97266.2
97507.5
97529.8
97588.8
97971.3
98052.7
98164.8
98181.3
98398.9
98471.9
99513.5
99893.2
99932.6
100259
101118
101167
101268
101343
101753
102161
102454
102474
102872
102988
103114
103137
103192
103409
103431
103592
103724
103818
103841
103980
104144
104166
104340
104371
104385
104431
104760
104820
105013
105024
105117
105155
105264
105298
105334
105632
105752
105850
106007
106203
106942
106948
107142
107149
107208
107289
107374
107614
107714
107748
107744
107881
107898
107975
108335
108365
108467
108619
108835
108990
109069
109157
109179
109690
109764
109990
110188
110321
110456
110709
110722
110897
110949
111165
112096
112141
112374
112377
112501
112720
112719
112887
112964
113018
113045
113194
113276
113316
113431
113542
113621
113679
113786
113838
113868
113948
114023
114148
114251
114324
114935
115084
115511
115677
115828
115937
115963
116123
116253
116287
116341
116409
116499
116543
116594
116846
117160
117294
117491
117492
117539
117628
117615
117941
117964
117958
118511
118772
118905
119033
119354
119359
119760
119951
119971
120077
120226
120286
120431
120489
120631
120868
120876
121064
121222
121271
121506
121512
121770
121921
122016
122295
122723
122897
123101
123277
123721
123981
124266
124316
124457
124855
124863
125294
125512
125511
125810
125910
125986
126108
126123
126143
126159
126223
126425
126465
126554
126564
126708
126799
127135
127202
127301
127480
127536
127545
127695
127737
127822
128240
128304
128437
128550
128571
128823
128879
128921
129343
129465
129475
129733
130212
130251
130444
130555
130585
130963
131045
131205
131469
131547
131690
131700
131939
132018
132017
132168
132184
132311
132305
132347
132351
132465
132677
132725
132810
133327
133598
133650
133895
134328
135139
135206
135600
135614
135924
135930
136189
136271
136364
136600
136650
136959
137086
137318
137336
137658
137750
137852
137934
138548
138588
138717
138876
139067
139165
139641
139682
139822
139980
140080
140190
140649
140706
140786
140853
141305
141695
141892
141904
141975
142275
142497
142794
142843
143136
143386
143642
143730
143861
144258
144300
144364
144522
144577
144627
144722
144903
145005
145869
145896
146273
146291
146370
146488
146673
146788
146813
146841
146970
147418
147614
147763
147765
147844
147865
147934
147963
148388
148610
148607
148625
148822
149141
149153
149163
149461
149484
149575
149831
149949
150218
150290
150535
150736
150999
151123
151209
151276
151612
151610
151708
151930
151969
152121
152236
152271
152354
152549
152625
152633
152782
152942
152962
153141
153168
153402
153958
154112
154259
154331
154848
154927
155313
155458
155521
155962
156086
156104
156106
156346
156381
156501
156622
156895
157218
157218
157349
157462
157908
157920
158130
158311
158603
158785
158987
159161
159316
159406
159531
159887
159894
160080
160110
160125
161393
161517
161781
161971
162291
162615
162808
162834
162930
162986
163040
163143
163258
163519
163581
163640
163720
164616
164685
164916
165015
165069
165453
165467
165602
165656
165872
165941
166188
166475
166733
167027
167063
167094
167342
167547
167567
167589
167801
168030
168328
168452
168704
169100
169517
169542
169699
169834
169991
170081
170279
170310
170415
170433
170857
171037
171126
171364
171729
172070
172387
172824
173165
173511
173898
173913
174167
174204
174286
174271
174431
174482
174644
174643
174894
175340
175867
175997
176175
176408
176450
176444
176719
176834
177019
177139
177458
177548
177569
177597
177633
177981
178029
178311
178555
178588
178706
178711
178824
179309
179412
179466
179521
179573
180313
180425
180672
181237
181240
181332
181527
182012
182721
183134
183462
183539
183584
183704
183844
183974
184271
184394
185053
185305
185685
186002
186096
186133
186164
186267
186410
186449
186730
186791
186915
187317
187336
187460
187732
187757
187943
188076
188154
188419
188454
188585
188842
188833
188909
188959
189133
189195
189313
189508
189518
189543
190064
190124
190150
190701
191039
191084
191316
191340
191351
191511
191765
192150
192184
192337
192418
192491
192690
192707
193208
193261
193430
193593
194430
194830
195081
195334
195654
195743
195759
196582
197198
198173
198595
198661
198809
198951
199188
199190
199282
199430
199501
199559
199733
