1035.17
1236.68
1471.79
1759.36
1968.62
2463.43
2616.33
3037.92
3312.4
4789.02
4830.14
5209.49
6256.97
6379.02
9203.55
9441.04
10416.6
12086.6
14471.6
17039
18015.8
18469
19119.4
21014.4
21063.2
21511
21629.2
22603
22790.2
23753.9
24005.9
24056.1
25400.4
29098.6
30370.6
31394.4
34338.9
34800.9
35261.6
38290.4
40303
40872.2
41897.2
43352.4
43724.3
44283.7
44801.5
46421
49598.1
49768
51718.8
52842.7
52876.7
55630
58005.2
58568
61114.8
63469.3
64184.3
67134.1
67570.4
68806.7
69007.6
69021
69189.4
71076
71582.6
72854.6
79142.1
79668.4
81506.8
81713
81836.5
84038.5
85394.2
85397.9
85617.9
88019.4
89549.1
91889.4
93412.4
94019.2
95651.9
97400.8
97765.4
98057.3
99587.9
100655
100756
103302
104961
104988
107378
109265
109327
109409
109604
110080
110596
112172
113669
114757
117865
118124
119784
121500
122297
127592
128239
128457
128978
129904
130698
131194
131516
131545
132041
132291
133095
133729
135163
135960
136767
136782
137977
138144
138394
140510
141255
142146
142921
147630
148323
150205
150486
152275
153246
153415
154700
156018
156998
160977
164052
175717
177112
177262
179083
180348
180591
184109
184944
186119
187993
188960
189442
190914
191693
192090
192176
194793
195127
197057
198520
198867
