773.44
940.83
1702.42
2145.55
2423.92
3932.12
6085.11
6183.08
6957.09
7222.88
7462.71
8131.71
8362.86
8637.43
8789.81
9133.39
9355.65
9668.44
10073.6
10116.7
11281.6
11507.6
11784.7
11823.5
12143.1
12171.9
12307.6
12451.1
13681.5
14187.9
14344
14703.4
15669.6
15827
15911.6
16254.5
17091.1
17409.5
18244.2
18293.2
18308.4
19745.6
20811.2
21308.9
21355.4
21536.9
22348.6
22498
23319.7
23605.5
23896.3
24477.3
24487.9
24755.8
24864.6
25349.5
27362.2
27865
28039.9
28312.7
28961
29237.2
29759.5
30495
32081
32351.1
34034.5
34557
36269.1
36561.2
37171.2
37326.6
37962.5
38317.1
39558.9
41032
41652.5
41755.9
41860.3
41953.1
42544.7
42768.3
42846.3
43313.7
43493.1
43646.3
44384.7
46340.7
47288.4
47938.9
49024.1
49034.1
49994.3
50554
50596.3
51015.7
51390
51445.2
53337.3
53577
54777.6
56061.2
56592.3
57184.4
57572.1
57743.2
57815.5
59144.9
59619.2
59919.2
60807.3
61573
63708.9
63830.1
64488.7
64773.8
65216
66875.5
67350.3
67555.9
67716.8
69030.1
69607
70014.6
70475.3
70585.1
70945.8
71435.4
71765.2
72305.5
73678.3
76622.6
77055.5
77068.4
78451.4
78690.8
79035.2
79271.4
79336.1
79919.9
80242.4
81126.2
82055.3
83252.8
83399.8
83798.4
83831.4
84692.7
85160.2
85250.8
85291.2
85729.5
86559.7
87511.6
87930.3
89202.4
90485.8
91515.3
91982.6
94791.1
95179.3
96898.8
97205.8
97931.4
98733.6
99217.8
100743
101006
101377
101816
102053
102234
102234
102295
102608
102655
102690
103104
104570
104751
104795
105254
105252
105416
105529
105551
105752
106695
107489
107824
108985
109094
109465
109785
109795
110056
110923
111719
111816
114073
114645
115074
117707
118431
118489
119409
121389
122948
122991
123251
125115
125685
126035
127252
127717
128067
128254
129094
129453
129529
129538
129926
130087
130410
131312
131940
131955
132460
132623
133219
133515
133657
133817
133978
134943
134998
136446
136538
136554
137072
137314
137640
138258
138269
139668
139932
140079
140118
140317
140588
140604
140756
141011
142583
142840
145827
146276
146315
146578
146726
146935
147366
147478
147901
148163
148877
149257
149260
149840
149914
150206
150422
151401
151634
151806
152711
152971
153046
153541
153911
155279
156046
157766
158248
159902
160324
160830
161509
163556
163991
164306
164329
164584
166462
167648
169120
169357
169456
169863
170097
170390
170906
171027
173638
175158
175590
175908
176176
176346
176601
176724
177358
178609
178703
179276
180204
181472
181522
183883
184312
185743
186307
186553
187456
189706
189733
190188
190903
191367
191428
191513
191687
193899
194893
195966
196123
197246
197566
197840
198089
198597
198896
