3975.55
5221.86
5277.37
5302.63
5304.02
5307.86
5310.39
5311.46
5632.4
5634.35
7241.43
7247.56
7286.17
7286.74
7366
7839.48
11001.9
13635
14083.5
14889.2
22861.5
23255.1
23415.1
25870.6
25903
25962.3
25978.8
25987.5
26000.5
26047.4
26062.1
26427.1
26477.6
26569.3
33631
36834.1
36868.6
36876.4
36898.8
36905.4
36912.2
36934.4
36947.7
37774.4
37803.1
37829.4
37897.1
37900.7
37908.2
37963.5
37982.2
38957.9
39074
39790.7
39844.2
39887.9
39893.3
39898.4
39921.6
39925.2
39932.2
39943.8
39950.7
39962.2
39966.2
39992.8
40101
40341.9
40494.6
40519.6
40570.3
40589.8
40603.3
40618.3
40631.5
40823
41033.2
41066.6
41104.2
41120.2
41137.7
41183.4
41195.3
41229.2
41249.1
42103.9
42693.7
42731
42754.9
42763.1
42781.8
46749.2
46770.2
51168.6
53265.3
53293
53383.8
53392.7
53403.6
53500.8
53511.3
53605.6
53652.8
53662.9
54192.5
54225.6
55433.2
58551.7
58700.6
58711.9
58752.5
58768.6
58782.8
58868.8
59021.6
59071.4
59083.4
59102.2
59112.3
59110.2
59129.1
59136
59197.5
59220.7
59243.5
59575.5
59597.1
59597.9
59612.4
59636.3
59638.8
59648.9
59666.5
59665.1
59691
59745.6
59754.1
59772.4
59775.6
59994.2
60836.6
61245.2
61264.9
61291.1
61292.8
61298.4
61356.3
63418
64762.8
64789.1
64802.7
65036
65046.6
65097.3
66213.3
69659.2
69677.8
69677.5
69689.5
69725
69760.3
69770.9
69961.6
70008.7
70010.9
70013.6
70100.2
70101.5
70139.3
70140.8
70146.9
70150.9
70169.7
70667.7
70689.1
70705
70711.9
70714
70733.2
70743.7
70794.4
70798.9
70806.3
70813.5
70816.5
70817.2
70837.8
70883.4
70949.2
70971
71075.8
71083.2
71324
71380.6
72132.1
72133.9
72141.1
72145.3
72149.6
72178.9
72190.8
72214.7
72275.6
72298.4
72325.9
72342.2
72409.8
73539.7
73560.2
73832
73883.3
76277.6
76284.1
76319.9
76328.9
76367.1
76378
77416.8
77530.9
77919.5
77957.8
78005.8
78025.6
78031.5
78034.2
78036.1
78043.4
78047.1
78061.9
78065.9
78090.4
78148
78217.8
78260.9
78461.4
78466.5
78480
78489.8
78508.4
78524.3
78545.7
78582.9
78777
78780
78788.2
78794.2
78837
78877.1
78884.3
78901.4
78928.5
78928
79066.2
79832.4
79856.2
79958.9
80023.4
80035.5
80146.1
80150.7
80160.4
80189.1
80193.4
80195.8
80269
80331.3
80334.3
80350.4
80354.2
80354.6
80363.9
80374.6
80390.4
80406.4
80442.9
80456.2
80465
80501.4
80513.1
80518.1
80520.3
80523.8
80552.9
80560
80564.6
80621.2
80661.1
80978.7
81088.5
81122.5
81157.9
81824.1
81875.3
81889.7
81896.6
81948.9
81950.9
81956.9
81977.4
81984.6
82040.1
82083
82098.9
82120.9
82142.5
82154
82159.2
82248.5
82367.7
82368.9
82434.1
82439.4
82470
82523.9
82539.7
82634.2
82692.4
82706.4
82783.3
82798.2
82827
83459.7
83499.9
83505.7
83511.3
83518.5
83522.6
83531.1
83591.9
83629.2
83631.5
83633.5
83682.5
83683.5
83691.8
83697.5
83739.9
83743.1
83789.1
83821
85388.5
85620.9
85672.5
85676.8
85686.4
85702.8
85724.6
87128.8
87133.3
87145.2
87165.6
87188.5
87195.6
87246.5
88447.5
89141.9
89150.7
89157.1
89171.4
89301
89330.9
89339.5
89366.5
89371.1
89379.4
89404.2
89418.7
89482.4
89502.7
89799.3
89825.5
89846.4
89856.2
89866
89868.1
89878.9
90430.2
90530.9
90755.9
90779.9
90792.3
90843.7
91075
91119.4
91133.5
91157.5
91201.5
91210.5
91660.1
91732.6
91739.6
91918.5
91925.2
92096.3
92129.9
92138.9
92180
92197
92214.7
92495.4
92519
92522.5
92528.8
92553.7
92579.7
92582.8
92587.4
92606.4
92613.9
92774.7
92783.7
92810.7
92884.7
92894.3
92904.5
92906.9
92933.7
92961.4
93029.6
93066.2
93341.2
93670.7
93687.6
93775.9
93785.7
93891.3
94213.4
94343.4
94355.9
94507.2
94510.9
94518.1
94525.4
94537.5
94607.5
94621.3
94681.6
94752.5
94783.6
95087.2
95121.2
95134.7
95140.5
95145.7
95186.7
95194.7
95208.3
95219.7
95224.7
95267.8
95483.9
95485
95490.6
95514.9
95548.9
96198.2
96208.8
96213.7
96245.1
96260.1
96262.4
96265.8
96327.1
96342.3
96369
96389.9
96392.1
96418.9
96616.1
96702
96750.1
96780.6
96804.5
96825.6
97573.6
97645.3
97670.5
97685.9
97704.6
97733.9
97782.4
97811.2
97886.6
97926.1
97932.5
97935.2
97936.7
97939.9
97944.5
97975.8
98005
98026.2
98037.9
98095
98148.3
98150.3
98164.2
98179.2
98180.6
98191.4
98208.9
98217.2
98224.1
98226.6
98253.3
98261.4
98291.6
100104
100677
100711
100715
101002
101011
101044
101046
101191
101293
101344
101389
101397
101398
101402
101466
102176
102757
102802
102821
102837
102888
102940
102947
102979
102996
103004
103062
103083
103120
103421
104577
106111
106129
106143
106164
106174
106340
106361
106370
106371
106692
106885
107050
107698
107852
107896
107906
107911
108931
108965
108970
109236
109318
109338
109347
109399
109415
109455
109462
109471
109500
109528
109536
109549
110208
110232
110280
110290
110296
110309
110389
110513
110597
110649
110698
110757
110780
110781
110785
111857
112461
112638
116353
116376
116882
116988
117114
117128
117157
117169
117175
117190
117200
117206
117209
117225
117232
117236
117250
117254
117371
117473
117525
117532
117542
117550
117600
117955
118046
118049
118093
118086
118107
118109
118143
118159
118187
118211
118248
118341
118361
118386
118389
118406
118571
118677
118812
119089
119154
119491
120031
120879
120898
120930
120985
120987
121106
121104
121473
121491
121559
121590
121666
122477
123789
124017
124079
124091
124136
124143
124158
124170
124188
124219
124436
124468
124478
124518
124525
124592
124666
124722
124723
124742
124747
124749
124844
124865
124870
124882
124913
124921
124979
125172
125197
125211
125254
125280
125315
125339
125351
125370
125404
125405
125401
125419
125430
125458
125473
125481
125504
125572
125578
125626
125644
125646
125668
125671
125676
125690
125720
125723
125745
125747
125756
125758
125768
125804
125811
125833
125870
125897
125911
125925
125929
125942
125942
125945
125971
126068
126070
126104
126116
126119
126148
126150
126152
126152
126163
126165
126166
126196
126205
126244
126255
126284
126321
126571
126603
126607
126615
126618
126622
126657
126667
126681
126682
126704
126718
126739
126758
126940
126975
126998
127013
127021
127033
127035
127079
127276
127339
127397
127424
127465
127472
127476
127496
127507
127509
127530
127540
127556
127637
127672
127678
127701
127704
127710
127724
127734
127737
127738
127740
127746
127781
127782
127789
127910
127911
127918
127918
127980
128011
128028
128030
128058
128232
128273
128298
128327
128356
128412
128424
128443
128442
128445
128507
128509
128510
128518
128525
128537
128553
128610
128711
128729
128771
128814
129067
129172
129181
129249
129260
129266
129301
129366
129387
129561
129576
129622
129677
129697
129698
129735
129784
129926
129948
129963
130054
130118
130146
130168
130185
130226
130257
130288
130322
130516
130648
130682
130695
130998
131033
131160
131184
131273
131297
131477
131485
131492
131523
131567
131663
131714
131739
131774
131829
131835
131887
132014
132076
132238
132340
132397
132459
132464
132466
132472
132478
132479
132515
132573
132641
132646
132700
132726
132730
132778
132867
132901
132945
132957
133036
133074
133131
133161
133160
133172
133173
133193
133410
133421
133452
133489
133539
133546
133548
133554
133561
133582
133611
133669
133725
133735
133753
133782
133846
133856
133912
133915
133923
133931
133956
133981
133996
136441
136675
136677
136715
136745
136784
136802
136805
136896
136937
137916
138160
139509
139869
140902
140944
140949
140972
141670
143328
143349
143353
143366
143371
143386
143423
143432
143486
143521
143526
143543
143561
143671
143753
143760
143895
143950
143991
144025
144027
144133
144270
144281
144289
144306
144308
144330
144482
144490
144528
144611
144650
144663
144682
144686
144698
144700
144704
144705
144722
144732
144950
145047
145122
145205
145208
145241
145289
145370
145388
145397
145407
145420
145465
145862
145921
145930
146091
146120
146294
146418
146526
146647
146649
147123
147137
147197
147326
147369
147375
147416
147449
147801
147965
148009
148032
148042
148130
148143
148963
149001
149002
149011
149024
149051
149062
149286
149292
149322
149333
149377
149392
149394
149437
149453
149672
149706
149751
149757
150132
150161
150165
150167
150203
150216
150245
150250
150262
150293
150308
150310
150312
150306
150308
150322
150328
150317
150334
150333
150358
150376
150406
150418
150578
150587
150599
150658
150724
151206
151553
151817
151916
151963
152043
153226
153233
153244
153247
153256
153267
153283
154501
154517
154588
154618
154622
155531
155636
155731
155738
155739
155756
155783
156238
156826
156857
158042
158052
158096
159087
159160
159180
159199
159208
159849
159960
160038
160042
160059
160083
160139
160507
160516
160529
160536
160545
160548
160562
160566
160635
160670
160718
160728
160731
160749
160830
160832
160886
160890
160901
160908
160955
161073
161084
161189
161197
161228
161221
161239
161629
161741
161821
161824
161895
161989
162000
162005
162022
162037
162043
162067
162086
162090
162126
162220
162269
162345
162897
163060
163093
163164
163172
163351
163375
163544
163766
163814
163936
163951
164081
164098
164104
164222
164239
164546
164555
164567
164576
164583
164602
164604
164610
164621
164695
165196
165586
165708
165799
165813
165814
165875
166027
166028
166034
166312
166432
166755
166791
166810
166812
166824
166843
166888
166912
166919
167492
167569
167615
167631
167689
167705
167712
167713
167741
167776
167791
167789
167803
167809
167815
167828
167835
167872
167875
167906
167946
167957
168105
168135
168233
168252
168271
168273
168284
168289
168297
168303
168316
168335
168360
168435
168554
168561
168588
168588
168648
168675
168677
168684
168700
168733
168735
168764
168787
168861
168866
168971
169004
169012
169035
169075
169085
169130
169259
169266
169290
169368
169370
169377
169397
169415
169467
169537
169620
169830
169839
169860
169892
169965
169967
169991
170198
170222
170241
170246
170270
170286
170328
170331
170379
170406
170464
170804
170831
170822
170835
170841
170850
170866
170882
171037
171058
171065
171068
171104
171132
171153
171159
171179
171183
171193
171210
171214
171237
171240
171243
171255
171327
171332
171363
171789
172109
172184
172224
172320
172356
172379
172385
172417
172506
172513
172529
172546
172565
172572
172600
172617
172623
172628
172632
172647
172667
172709
172715
172720
172800
172797
172875
172912
172926
172964
172993
172998
173049
173195
173287
173336
173345
173362
173364
173371
173395
173404
173418
173429
173580
173600
173631
173644
173652
173761
173872
173912
174022
174064
174081
174092
174098
174139
174148
174203
174229
174241
174242
174289
174299
174304
174374
174371
174410
174703
175067
175234
175239
175257
175259
175271
175309
175354
175486
175596
175651
175868
175927
175948
176040
176215
176992
177058
177506
177526
177708
177764
177770
177819
177849
177937
178265
178287
178301
178312
178342
178353
178388
178401
178467
178508
178516
178521
178940
179002
179228
179264
179286
179312
179315
179318
179325
179521
179526
179546
179560
179651
179655
179683
179724
179818
179854
179890
179899
179907
179962
180202
180216
180225
180257
182896
183252
183270
183313
183381
183386
183801
183942
183985
184073
184089
184100
184102
184106
184121
184177
184181
184172
184198
184214
184216
184316
184334
184367
184404
184486
184502
184563
184569
184572
184569
184596
184657
184643
184648
184689
184752
184899
184928
185035
185694
185769
185816
185832
185888
186178
186188
186245
186290
186702
186742
186807
186843
186868
186876
186892
186946
186982
186986
186993
187008
187012
187028
187074
187124
187147
187165
187226
187217
187240
187271
187327
187420
187464
187518
187750
187773
187774
187827
187895
188014
188219
188244
188516
188740
188833
188831
188865
188867
188901
188916
188919
188986
189043
189091
189460
189792
190046
190200
190490
190545
190555
190623
190638
190681
190915
191059
192438
192452
192459
192520
192534
192537
192540
192547
192627
194151
194203
194271
194342
196410
196593
196617
196622
196627
196657
196682
196787
196828
196850
196856
196861
196892
197111
197409
197435
197478
197581
197734
