3419.38
3426.28
3429.54
3463.87
3469.49
3471.81
4744.21
4789.44
4796.44
4805.32
4820.14
4828.07
5320.79
5341.33
5580.31
5587.65
5595.03
5599.47
5607.82
5613.21
5620.93
5622.56
5623.72
5630.04
5636.64
5854.25
5886.69
5908.98
6193.16
6204.5
6207.17
6214.85
6224.38
6263.71
6265.54
6298.03
6370.57
7211.06
7343.85
7882.77
11084.7
11090.5
11103.8
11214.3
13866.9
13869.7
23288.9
23292
24162.2
24187.6
25595.8
25607.1
25969.7
25973.1
25998
26000.4
30337.1
30357.2
30418.8
31368.7
31854.5
32458.3
32481.4
32533
34428.2
34430.9
34435.8
34667.3
34690
34727.4
34931.9
34972.6
35061.9
35065.5
35079.3
35092.4
35108.3
35113.1
36929.9
36933.8
36945.3
36976.6
36978.8
36997.4
37588.3
37618.9
37625.6
37629.3
37631.6
37637.7
37641.7
37643.1
37645.4
37852.1
37853.5
37862.8
37865.3
37866.8
37871.2
37876.9
37907
37999
38004.1
38007.8
38013.4
38017.7
38021.2
38024.9
38028.3
38050.5
38061.1
38124.6
38161.3
38164.2
38876.6
38880.2
38900.7
38927.2
38933.2
38941.1
38971.2
38999.1
39007.6
39009.3
39011.3
39016
39020.7
39029.2
39038
39039.4
39044.1
39052
39059.8
39085
39095.9
39104.5
39132
39755.6
39883
39980.7
40294.4
40482.1
40542.6
40556.8
40587.6
40598.7
40649.9
41146.9
41152.2
41208
41231.3
41235.9
41257.5
41267.8
41303.9
41316.1
41422.3
41444.6
41495.9
41511.2
41564.9
41593.9
41606.9
41651.5
41654.8
41677
41686.6
41697.7
41704.5
41729.8
42690.8
42703.5
42709.9
42725.2
42726.6
42744.3
50497.7
50499.6
50513
50716.4
50798.5
50816.7
50822.1
50859.6
52834.3
52875.1
52885.3
52909.8
52911.9
52916.3
52926.4
53172.3
53201.4
53208.7
53214.7
53217.8
53253.8
58619.2
58622.1
59112
59113.5
59121.9
59135.3
59137
59141.4
59144.3
59150.2
59166.1
59173.3
59178.7
59188.2
59190.2
59194.6
59196.3
59200.2
59250.7
59254.3
59270.7
59609.1
59621.2
59957.9
59963.7
59966.9
60127.6
60576.2
60582.4
60621.8
60665.5
60991.7
61008.8
61010.9
61014.9
61022.4
61057.3
61085.3
61095.4
61101.9
61134
61252.5
61257.3
61267.7
61283.9
61290.8
61297.3
62066.1
62131.6
62161.8
62192.5
62355.3
62361.5
62376.6
62383.8
62392.6
62393.7
62405
62407.4
62411.4
62423
62427
62435.8
62437.6
62458.1
66113.9
66382.8
69068.2
69071.7
69075.2
69538.7
69597.5
69605.4
69618.4
69664.4
69666.7
69685.1
69692.1
69697.9
69788.1
69791.5
69795.9
69804.1
69816.6
69824.1
69830.7
69835.8
69882.3
69933.8
69941.6
69960.6
69969.7
69975.2
69989.9
70006
70020.2
70025.4
70067.2
70076.1
70089.2
70098.7
70136.2
70153.5
70169.4
70179.1
70232.5
70244.5
70271.1
70273.6
70280
70293.7
70466.9
70480.7
70482.1
70503.8
70577
70618.2
70654.5
70675.6
70694.8
70703.5
70728.5
70731.4
70742.3
70751.5
70757.3
70805.5
70815.3
70811.7
70832.9
70828.5
70844.7
70846.6
70855
70858.6
70905.3
70909.4
70925.6
70963.1
70977.9
71011.1
71067.9
72148.9
72183.5
72298
73702
73735
73739.6
73743.2
73745.4
73794.2
73799.5
75700.2
75724.1
75733.2
76307.9
76334.3
76341.1
76362
76365.1
76373.6
76381.6
77954.4
77956.2
78121
78123.2
78128.5
78190.8
78193.4
78202.5
78204.3
78231.8
78263.7
78417.7
78423.3
78449
78454.4
78456.1
78522.9
78544
78589.4
78704.4
78708.3
78719.9
78730.7
78740.5
78745.1
78748.2
78751.7
78753.9
78772.1
78804.3
78815.7
78817.9
78819.7
78823.1
78825.6
78831
78857.2
78860.2
78863.8
78875.7
78891.7
78893.8
78921.8
78957.2
78963.5
79017.9
79027.7
79715.7
79784.7
79831.7
79836.7
79917.5
79950.6
80051.2
80074
80077.4
80079.7
80100.8
80102.6
80165.7
80185.6
80188.3
80404.5
80552.6
80587.5
80592.5
80602.4
80619.7
80620.8
80632.2
80634.5
80640.4
80649
80651.5
80663.2
80668.9
80689
80690.5
80715.6
80977.9
80990.8
80993.1
81059.1
81067.6
81105
81117.4
81161.3
81165.2
81183.1
81191.8
81194.7
81837.6
81855.4
81861.3
81862.6
81873.1
81874.7
82411.9
82416
82420.7
82423.4
82439.7
82444.8
82446.9
82453.3
82456.6
82463.2
82485.2
82489.3
82614.1
82624
82642.6
82641.8
82644.9
82699.4
82716.3
82790.4
82793.8
83150.7
83157.3
83476.3
83483.6
83493.2
83503.3
83530.9
83671.8
83758
84056.5
84067.4
84076.6
84087.6
84090.2
84095.2
85396.9
85426.9
85641.6
85646.9
87169.3
87264
88771.4
88776.6
88782.7
88792.4
88889.7
88927.5
88944.6
88953.5
88979.3
89006.4
89027.4
89031.8
89045.8
89054.2
89063.3
89071.5
89081.2
89096.3
89098
89111.7
89174.4
89194.3
89270.6
89284.8
89297.4
89300.8
89378.9
89418.4
89447.4
89451
89474.1
90251
90253.8
90258.1
90260.3
90362
90824.1
90826.3
91132.1
91179.2
91209.8
91264.7
91270.7
91671.8
91680.1
91711.7
91716.3
91722
91746.9
91754.3
91761.4
91771.1
91798.3
92604
92611.3
92631.7
92646
92655.1
92682.4
92729.2
92733.5
92747.3
92751.2
92767.4
92797.5
92800.4
92817.4
92823.1
92880.6
92893.7
92904.3
94390.4
94402
94412.1
94414
94419
94453.4
94514.1
94548.4
94550
94561.8
94565.9
94568.7
94579.2
94620.2
94632.1
94639.1
94654.5
94663.8
94687.7
94722.6
94726.2
94753.6
94757.4
94760.4
94762
94770.6
94842.8
94860.3
94921.2
95235.2
95261.1
95266.8
95279.4
95478
96057.4
96314.8
96326.7
96335.1
96360.8
96371.2
96404.2
96408.8
96470.5
96601.9
96613.6
96620.3
96626.2
96681.9
96689.2
96701.1
96763.1
96777.3
96823.7
96827.8
96841.1
96850.3
96856.1
97310.7
97451.3
97455.2
97486.7
97529.8
97539.4
97541.1
97547.2
97548.7
97551.9
97590.6
97592.6
97603.1
97605
97614.5
97624.1
97640.5
97655.8
97664.8
97679.9
97690.6
97702.4
97713.1
97718.3
97725.8
97747.1
97749.6
97975.7
98025.7
98086.9
98092.2
98094.8
98117.2
98148.1
98180.1
98190.3
98223.9
98321.4
98335.8
98339.2
98367.7
99628.8
99779.4
99813
100022
100040
100047
100631
100635
100643
100654
102194
102221
102820
102894
102910
102925
102927
102931
102932
102939
102958
102962
103020
103521
103535
103541
103545
103566
103575
103589
103601
103606
103614
106122
106369
108748
108759
109293
109333
110095
110147
110175
110177
110178
110257
110321
110744
110769
111293
111297
111300
111348
111371
111428
113286
113290
113612
113616
113622
113625
113895
113903
113911
113917
116361
116856
116869
116882
116887
117058
117075
117089
117091
117098
117119
117121
117140
117146
117148
117222
117225
117580
117598
117692
117862
117864
117942
117944
117954
117977
118037
118058
118080
118086
118097
118098
118101
118106
118112
118114
118115
118119
118187
118192
118193
118203
118210
118234
118268
118271
118275
118283
118286
118289
118297
118298
118302
118321
118331
118329
118350
118355
118366
118583
118590
118600
118616
118739
119137
119149
119313
120978
120992
121011
121014
121460
121484
121500
121503
121506
121509
121538
121539
121542
121552
121556
121576
121865
122748
122786
122790
122809
122812
122817
123837
123856
123861
124099
124108
124112
124158
124245
124274
124280
124303
124313
124318
124382
124407
124414
124425
124455
124458
124864
125211
125285
125346
125350
125392
125393
125411
125490
125536
125577
125584
125632
125643
125661
125701
125713
125744
125755
125827
125872
125886
125887
125897
125918
125941
126039
126045
126046
126047
126071
126081
126086
126090
126098
126118
126147
126151
126199
126209
126231
126236
126240
126244
126245
126253
126259
126261
126269
126273
126278
126281
126283
126286
126296
126298
126366
126419
126506
126526
126594
126652
126680
126725
126757
126769
126922
126937
126979
126983
126992
126994
126998
127008
127026
127028
127031
127563
127574
127673
127677
127709
127984
128325
128337
128347
128398
128454
129240
129287
129288
129292
129294
129298
129378
129380
129569
129574
129899
129904
130224
130232
130234
130237
130253
130270
130287
131061
131155
131160
131538
131542
131579
131741
131783
131906
131909
131914
131917
131926
131945
131948
131955
132963
132964
133006
133009
133035
133047
133122
133127
133136
133139
133141
133146
133153
133246
133252
133305
133313
133328
133352
133386
133391
133394
133413
133412
133416
133434
133443
133460
133467
133470
133472
133487
133506
133509
133539
133552
133582
133610
133688
133693
133706
133716
133727
133781
133788
133801
133803
133804
133835
133838
133845
133871
133875
133922
133930
133938
133949
133975
134017
134048
134709
134715
134722
134729
134736
134741
136125
136137
136145
136498
136521
136528
136535
136618
136624
136652
136659
136789
136791
136794
136821
136823
136836
136847
136853
136911
136917
136934
136937
136944
136948
136955
136957
136961
137529
139716
140623
140637
140652
140656
140660
140663
140912
140919
141115
141125
141400
141458
141470
141484
141491
141764
143401
143466
143468
143471
143493
143536
143540
143614
143769
144118
144128
144323
144327
144491
144508
144524
144562
144741
144746
144754
144787
144791
144793
144795
144806
144963
144995
145000
145008
145020
145022
145028
145045
145056
145073
145074
145076
145128
145179
145192
145204
145394
145396
145434
145436
145452
145455
145461
145465
145906
145914
145930
145938
145943
145980
146223
146308
146412
146434
146542
146575
147121
147129
147143
147160
147177
147323
147328
147334
147337
147352
147368
148004
148025
148020
148030
148068
148075
148079
148108
148114
148320
148325
148329
148346
148349
148388
148859
148918
148938
148974
149322
149379
149775
149790
149847
149865
150273
150290
150295
150317
150327
150329
150429
150445
150449
150455
150459
150460
150480
150485
150487
150494
150521
150546
150661
150663
150680
150688
150692
150701
151186
151206
151211
151212
151222
151561
151562
151805
151831
151844
151845
151848
151850
151886
151998
152467
153168
153210
153217
155521
155690
155695
155696
156470
156475
156485
156488
156493
156498
156860
156863
156871
156878
157315
157557
157611
157855
157865
157899
157908
157934
157943
157959
157969
157982
158004
158007
158009
158016
158022
158040
158063
159095
159151
159154
159614
159639
159651
159673
159739
159744
159749
159751
159783
159789
159793
159820
159824
159835
159840
159842
159857
159910
159945
159956
159974
159975
160056
160545
160559
160778
160849
160905
160908
161246
161295
161311
161734
161739
161741
161744
161744
161750
161752
161758
161765
161770
161774
161776
161782
161784
161787
161794
161798
161809
161811
162077
162149
162151
162159
162164
162281
162357
162360
162372
162391
162478
162503
162519
162530
162535
162549
162565
162634
162784
162807
162879
162900
162932
162981
163106
163128
163137
163142
163188
163200
163245
163256
163286
163300
163303
163326
163360
163439
163450
163471
163486
163501
163515
163523
163537
163545
163622
163797
163909
163937
163974
163990
163993
164011
164021
164043
164049
164055
164059
164065
164129
164308
164316
164325
164349
164354
164360
164543
164572
164576
164621
164814
164823
164825
164828
165503
165509
165517
165519
165530
165533
165552
165626
165782
165785
165796
165799
165813
165833
165958
165979
166012
166178
166191
166362
166373
166376
166392
166411
166411
166413
166428
166456
166551
166553
166559
166577
166581
166589
166605
166640
166690
167191
167196
167201
167204
167211
167213
167217
167219
167222
167228
167555
167560
167565
167572
167577
167585
167629
167653
167674
167678
167698
167739
167740
167782
167783
167839
167844
167880
167901
167903
167920
167930
167943
167998
168000
168007
168035
168397
168403
168422
168515
168531
168539
168543
168668
168674
168714
168777
168875
168918
168930
168983
168997
169004
169055
169047
169077
169088
169095
169103
169106
169114
169159
169298
169355
169362
169367
169397
169477
169488
169509
169510
169512
169554
169576
169604
169621
169691
169824
169944
169970
169991
170005
170137
170138
170144
170153
170165
170170
170176
170178
170187
170192
170200
170203
170212
170220
170236
170256
170262
170263
170267
170278
170277
170298
170302
170304
170306
170313
170319
170321
170326
170353
170362
170377
170387
170393
170395
170402
170408
170419
170436
170442
170462
170475
170513
170554
170605
170733
170784
170786
170791
170807
170809
170814
170812
170838
170833
170845
170860
170863
170873
170869
171137
171193
171197
171227
171235
172234
172236
172280
172326
172328
172376
172385
172409
172416
172437
172441
172446
172455
172458
172460
172466
172481
172482
172488
172492
172496
172502
172550
172573
172572
172585
172621
172745
172783
172815
172825
172829
172839
172851
172870
172899
172920
172954
172967
172986
173418
173450
173454
173460
173463
174163
174167
174183
174185
174216
174229
174231
174234
174278
174299
174524
174719
174773
174787
174793
174799
174806
174808
174812
174817
174820
174823
174829
174842
174848
174857
174862
174867
174884
175120
175125
175128
175133
175139
175142
175149
175155
175167
175273
175279
175410
175451
175455
175481
175509
175517
175529
175593
177678
177681
177748
178239
178255
178257
178268
178278
178288
178293
178311
178643
178912
178918
178922
178930
178942
178945
178952
179654
179870
179876
179878
179882
179903
179905
179915
179932
179934
179936
179949
179968
180000
180017
180178
180184
180187
180192
180195
181029
181036
181043
181046
181052
181059
181630
181774
181779
182642
182653
182666
182671
182673
182684
182689
182696
183257
183265
183856
184092
184112
184113
184132
184144
184195
184198
184213
184243
184293
184295
184512
184521
184630
184636
184625
184635
184642
184672
184684
184687
185195
185210
185212
185219
185224
185231
185499
185503
185504
185508
185539
185597
185604
185622
185853
185870
185872
186208
186331
186360
186395
186406
186568
186591
186605
186827
186829
186842
186867
187003
187019
187027
187057
187059
187096
187105
187121
187138
187141
187150
187153
187161
187164
187202
187247
187258
187269
187307
187323
187329
187337
187343
187341
187369
187372
187385
187390
187436
187790
187785
187814
187819
187837
187846
187851
187836
187859
187861
187872
187878
188038
188138
188163
188177
188184
188237
188259
188262
188437
188519
188688
188718
188754
188776
188814
188839
189168
189189
189243
189370
189381
189408
189414
189436
189463
189468
189500
189731
189737
189774
189777
189792
190144
190176
190213
190345
190433
190487
190499
190502
190517
190520
190523
190548
190780
191639
192450
192519
194205
194208
194213
194214
194241
194261
194291
194303
194321
194420
194435
194538
195970
196217
196273
196300
196307
196309
196310
196316
196320
196322
196326
196327
196330
196337
196348
196597
196614
196626
196640
196759
196763
196769
196850
197467
197529
197537
197546
197550
197556
197567
197574
197619
197660
197672
197683
197699
197702
197708
197712
197720
197741
