381.13
990.11
1354.77
1366.57
1377.93
1385.67
1393.1
1397.26
1398.37
1408.95
1412.11
1416.35
1416.57
1437.72
1438.5
1449.74
1462.49
1471.31
1471.78
1514.53
1513.8
1531.38
1538.99
1539.06
1564.93
1567.72
1579.37
1580.29
1603.25
1617.15
1639.13
1680.83
1691.7
1694.94
1706.56
1722.15
1723.51
1768.46
1814.27
1833.49
1841.57
1872.15
3580.24
4081.41
4761.45
4768.94
4943.44
5505.06
5517.77
5530.11
5539.21
5542.82
5548.24
5548.35
5563.29
5581.45
5584.03
5590.34
5620.2
5631.92
5643.63
5645.91
5656.87
5666
5671.7
5684.35
5704.91
5713.07
5897.64
6033.89
6478.81
6536.38
6545.51
6690.86
6778.91
6784.82
6808.4
6839.39
6861.98
6907.32
6959.09
6992.73
7733.66
8318.91
8334.22
8362.41
8363.53
8692.21
9022.45
10108
10145.1
10185.7
10389.4
10415.1
10438.9
10493
10579.8
10592.7
10628.8
10630.6
10640.5
10748.8
10767
10808.9
10817.8
10879.7
10898.8
11224.6
11246.8
11430.7
11542.2
11568.1
11647.7
11907.1
11912
11941.5
11951.7
11962.3
11964.4
11965.3
11994.5
12001.8
12009.8
12040
12083
12134
12474.8
12479.7
12480
12485
12501.2
12508.1
12656.3
12656.7
12703.7
12775.9
12804.7
12892.2
12914.2
12999.3
13006.9
13013.9
13054.9
13058.3
13071.1
13142
13179.7
13280
13527.1
13556.7
13722.6
13735.6
13765.2
13832.1
13842.9
13846.5
13869.1
13874.1
14042.9
14070.7
14111.9
14148.5
14148.7
14196.5
14303.1
14627.9
14637.3
14657.6
14663.7
14991.5
15025.1
15026.3
15038.9
15041.6
15063.6
15087.8
15102
15922.1
18099
18269.2
18294.9
18297.2
18307.7
18410
18457.5
18614.3
18726
18761.9
18808.9
19067.5
19107.6
19242.9
19267.9
19269.5
19293.3
19296.8
19344.3
19356.4
19435.6
19476.6
19477.1
19481.2
19487.9
19489.8
19515.7
19528.4
19565.3
19577.1
19583.7
19590.7
19597.8
19607.8
19653.5
19730.4
19804.4
20239.5
20347.5
21640.8
21645
21747.7
21988.3
22109.5
22121.6
22155.5
22176.1
22177.1
22184.4
22198
22226.8
22246.2
22268.3
22330.8
22344
22346.8
22358.4
22375.3
22432.6
22471.2
22481.4
22497.2
22847.4
22915.1
22932.2
22944
22974.8
22981.6
23026.3
23037.1
23045.8
23050.8
23060.3
23064.5
23070.6
23098.4
23123.2
23182.5
23197.8
23235.6
23247.6
23260.6
23267.6
23283.7
23290.8
23317.6
23330.5
23506.9
23547
23689.7
23696.8
23719.6
23733.8
23753.5
23757.1
23773.4
23772.6
23783.7
23800
23801.8
23802.7
23870.6
23872.4
24004.1
24122.6
24184
24410.9
24437.6
24444
24762.5
25111.8
25167.4
25181.6
25224.3
25277.1
25297
25318.3
25387.9
25437.7
25444.8
25460
25465.4
25586
25635.2
25638.8
25646.7
25730.8
25754
25753.2
25764.7
25788
25879.3
26041.3
26060.1
26100
26133.4
26158.4
26167.8
26185.1
26186.1
26201.1
26199.1
26202.3
26215.5
26665.5
30399.4
31230.8
31343.4
31370.1
31377
31382.9
31421.3
31432.7
31434.4
31443.1
31481.8
31504.9
31525
31617.1
31620.6
31641.7
31776.8
31795.4
31904.8
32015.9
32037.3
32101.5
32112.9
32166.4
32352.5
32780.7
32830.8
33592.1
33740.2
33880.5
33905.5
34268.1
34282.3
34304.7
34323.6
34338.9
34733.6
34831.2
34865.2
34892.1
34893.2
34899.2
34902.8
34957.8
35057.3
35110.9
35130.2
35184.6
38121.6
38324.4
38338.3
38371.6
38372.3
38407.7
38426
38457.1
38462.9
38477.3
38480.1
38510.4
38589.4
38625.6
38913.1
39032.4
39034.5
39051
39065.7
39131.1
39741.4
39775.2
39780.6
39800.9
39804.6
39805.3
39808.8
39864.3
39872.6
39954.9
39991.9
40012.5
40075.7
40073.1
40083.4
40095.2
40099.1
40104.4
40107.7
40119.2
40125.4
40128.7
40153.2
40176.3
40254
40524
40567.4
40656.1
40962.3
40984.7
40999.8
41043.9
41129.8
41154.2
41651.4
41831.8
42633.5
42638.5
42660.1
42695.1
42709.2
42712.6
43069.8
43070.2
43278
43302.1
43774.8
43815.9
43929.8
44093.3
44303.8
44392.6
44695.4
45025.5
45221.9
45698.9
45742.2
45750.7
45758.4
45835.1
45957.5
45983.5
46106.9
46127.7
46128.4
46394
46419.4
46452.8
46476.7
46502.2
46511.3
46520.2
46556.1
46574.1
46579.7
46577.7
46594.9
46621.9
46632.1
46658.2
46713.3
46736.9
46748.5
46764.4
46772.8
46797.7
46800.5
46827.1
46828.9
46846.8
46851.4
46913.7
47030.1
47049.3
47098.5
47114.2
47134.9
47143.1
47146.1
47148.6
47190.6
47231.7
47238.7
47236.8
47278.1
47695.2
47737.3
47833.2
47852.6
48062.4
48096.9
48203.4
48467.2
48493.4
48644
48666.6
48735.9
48878.7
48879.9
48904.7
48914.3
48916.4
48925
48927.7
48980.7
50114.5
50917.2
51294.6
51332.5
51340.3
51398.9
51459.9
52575.6
52719.7
52757.8
52779.6
52792.2
52809.1
52824.9
52915.1
52920.1
52956.1
53761.5
53769
53879.8
54005.4
54105.5
58604.7
58625
58686.9
58723.8
58758.5
58958.3
58965
58983.5
58991.7
59023.1
59051.1
59052.5
59060
59064
59071.8
59269
59283.8
59299.5
59302.1
59323.3
59324.6
59360.9
59372
60760
61206.9
61224.8
61267.8
61414.1
61448
61495.3
61496.1
61501.8
61508.2
61530.2
61568
61574.9
61603.5
61626.8
61658.9
61695.4
61982.7
61988.9
62056.1
62082
62083.6
62107.4
62118.2
62689.7
63089.5
63111
63142.3
64276.2
64284.5
64548.7
64965.6
65076.4
66091.1
67804.2
67837.7
67851.2
67864.2
67926.7
67975.7
68046.1
68048.8
68055.1
68073
68084.4
69658
69813.7
70049.5
70084.6
70204.8
70550.5
70582.8
70806.2
71175.4
71202.9
71204.4
71248.2
71278.9
71319.8
71328
71334.4
71338.8
71362
71480.6
71689.5
71732.7
72404.9
72430.4
72458.3
74292.9
74324.7
74481.5
74545.7
74933.7
74943.2
75000.4
75002.5
75040.1
75041.7
75160.5
75257.1
75289.4
75353.4
75379.5
75395
75417.1
75424.9
75440.9
75484.1
75500.5
75545.1
75566.3
75583.2
75607.7
75617.6
75619.6
75627.8
75643.1
75672.1
75692.4
75694.6
76549.9
76958
77225.6
77311.1
77345.3
77348.2
77352.6
77365
77380.8
77384.6
77412.4
77457
77477.8
77591.5
82435.2
82467.8
82512.9
82561.7
82982.5
83092.6
83155
83732.5
84262.4
84813.2
84822.4
84828.4
84851.9
84873.5
84887.3
85380.9
85450.5
86201
86344.8
87346.9
87411.3
87468.7
87583.4
87643.8
87694.4
87701.4
87726.7
87738.8
87784.6
87806.5
87813.3
87855.1
87964.4
88041.8
88084.8
88096.5
88134
88179.6
88275.4
88369.6
88597.8
88780.3
88807.8
88876.1
88900.2
88901.8
88904.6
88919.2
88920.9
88922.6
88940.2
89036.3
89044.9
89333.4
89339.9
89361.5
89469.4
89482.8
89491.5
89659.8
89670.8
91586.2
93100.6
95113.8
97022.5
97329
98617.2
99143.8
99208.6
99481.6
99486.7
99571
99577.9
99585.3
99617.2
99618.8
99635.3
99627.6
99643.5
99648.6
99654.7
99665.3
99656.8
99668.6
99676.4
99685.5
99704
99694.6
99721.4
99729.5
99724.4
99736.9
99754.7
99765
99768.8
99777.5
99769.8
99789.2
99802.1
99803.3
99797
99813.8
101326
101442
101459
101488
101492
101511
101563
101668
101676
101690
101695
101697
101700
101702
101755
101922
101990
102065
102398
102668
102704
102725
103038
103085
103315
103327
103361
103364
103401
103427
103544
103622
103642
103645
103659
103694
103698
103719
103721
103726
103733
103735
103738
103746
103753
103769
103781
103783
103849
103973
104016
104388
104451
104463
104468
104473
104476
104988
105265
105299
105310
105334
105444
105478
105493
105525
105538
105559
105572
105576
106291
106403
106475
106479
106557
106590
106637
106659
106661
107010
107015
107022
107031
107035
107043
107045
108061
108143
108270
108378
108416
108509
108514
109066
109070
109102
109546
109636
109684
109697
109723
109851
109860
110253
112686
112864
112879
112927
113627
113718
113734
113754
113771
113785
113903
113904
114028
114434
114457
114478
114489
114639
114678
114735
114790
114794
114801
114933
115007
115043
115047
115076
115081
115109
115114
115163
115174
115189
115196
115210
115225
115280
115288
115319
115355
115402
115457
115465
115472
115561
115606
115699
115773
115786
115795
115919
115931
115939
115947
116070
116096
116173
116211
116261
117006
117166
118129
118978
119162
119174
119227
119242
119267
119318
119337
119458
119508
119542
119554
119593
119685
119696
120025
120022
120039
120103
120112
120197
120198
120193
120238
120267
120679
120741
120775
120845
120849
120871
120870
120876
120938
120942
120945
120952
120989
121029
121030
121039
121044
121057
121076
121081
121093
121127
121165
121196
121230
121241
121241
121496
121515
121570
121575
121594
121596
121617
121631
121654
121669
121697
121703
121713
121721
121730
121733
121791
121811
121845
121915
121961
121955
121984
122003
122033
122037
122047
122080
122127
122161
122223
122240
122246
122246
122250
122277
122283
122279
122297
122301
122740
122741
122755
122758
122765
122767
122774
122830
122855
122926
122931
122936
123009
123022
123039
123041
123058
123057
123074
123102
123112
123108
123114
123169
123200
123211
123220
123243
123249
123254
123280
123306
123307
123334
123685
123746
123769
123800
123856
123862
123866
123874
123868
123924
123939
123945
123959
123959
123965
124032
124068
124070
124071
124075
124183
124228
124234
124241
124259
124280
124312
124355
124393
124399
124468
124585
124598
124609
124632
124654
124663
124671
124765
124825
124942
124966
124982
124997
125019
125067
125209
125275
125284
125303
125328
125712
126054
126056
126068
126075
126079
126082
126104
126115
126211
126570
126591
126663
126681
126699
126747
127217
127231
127280
127285
127306
127337
127397
127401
127408
127426
127683
127714
127727
128038
128262
128676
128752
129230
129233
129302
130198
130776
130787
131569
131822
131880
132065
132288
132544
133091
133138
133173
133557
133590
133597
133604
133609
133916
134016
134217
135112
135159
135202
135294
135324
135423
135429
135468
135490
135539
135558
135577
135578
135582
135596
135608
135624
135973
136113
136197
136217
136561
136573
136938
136966
136998
137001
137034
137111
137352
137397
137403
137428
137470
137502
137829
137845
137901
138156
138537
138981
139045
139057
139435
139509
139584
139624
139773
140276
140318
140362
140613
141554
141723
141816
142089
142646
142713
142760
142770
142777
142797
142837
142889
142921
142924
142947
143071
143083
143086
143099
143123
143152
143159
143216
143257
143306
143423
143427
143481
143952
143960
145327
145760
145761
145801
145809
145840
145858
145876
145899
146455
146499
147019
147019
147138
147207
147244
147278
147295
147410
147465
147475
147492
147530
147548
147554
147901
148015
148365
148394
148395
148475
148564
148606
148618
148684
148728
148732
148763
148856
148912
148921
148937
148948
148982
149036
149041
149160
149192
149202
149203
149211
149224
149277
149279
149295
149323
149327
149375
149392
149422
149693
149747
149810
149834
149855
149856
149873
149875
149878
149881
149891
150203
150296
150493
150528
150546
150550
150594
150607
150620
150636
150652
150686
150732
150745
150750
150790
150792
150800
150807
150823
150832
150883
150888
151536
151649
151672
151699
151744
152294
152601
152799
152906
152915
152947
152979
153287
155900
156225
156330
159051
159204
159381
159459
159478
159603
159635
159651
159652
159655
159763
159797
159845
159936
159969
160003
160020
160032
160035
160050
160059
160083
160151
160160
160179
160208
160229
160352
160449
160465
160472
160538
160684
161013
161029
161223
161330
161381
161420
161437
161445
161493
161511
161716
162078
162086
162102
162115
162116
162160
162338
162989
164134
164164
164210
164273
164381
164421
164425
164467
164468
164471
164483
164499
164510
164512
164520
164549
164582
164600
164605
164691
164781
164784
164796
164823
164830
164835
164875
164912
164936
165007
165020
165055
165066
165080
165117
165129
165150
165164
165178
165184
165186
165185
165207
165209
165222
165222
165235
165248
165259
165261
165269
165273
165277
165306
165312
165348
165355
165358
165383
166662
166704
167384
167764
167777
167922
167977
168081
168105
168376
168464
168466
168467
168540
168551
168789
168800
168813
168883
168919
168941
168961
168980
169004
169006
169042
169149
169254
169265
169268
169269
169267
169278
169341
169380
169439
169466
169484
169509
169513
169515
169545
169679
169755
169763
169774
169935
169955
170189
170250
170321
170412
170581
170708
170832
170873
170907
170959
170977
170988
171724
171874
171916
171930
171945
171959
172143
172191
172209
172404
172431
172450
172458
172460
172473
172493
172511
172521
172581
172600
172629
172632
172673
172716
173063
173083
173111
173121
173138
173145
173197
173238
173407
174160
175623
175935
176837
178783
179352
179471
179479
179518
179863
180206
180272
180292
180645
180646
180651
180659
180663
180670
180674
180687
180697
180712
180755
180757
180758
180761
180776
181741
181904
182086
182782
182789
182819
182831
182838
183392
183769
184202
184288
184295
184354
184592
185066
185163
185204
185473
186079
186600
186602
186612
186631
186714
186920
187704
187736
187737
187746
187751
187773
187763
187802
187821
187839
187853
187959
187966
187988
188013
188016
188031
188034
188035
188045
188075
188180
189232
189683
189686
190061
190426
190474
190527
190533
190541
190591
190644
190661
190667
190672
190692
190708
190712
190714
190716
190730
190756
190767
190769
190804
190817
190823
190843
190879
190892
190906
190916
190995
191009
191014
191049
191109
191214
191945
191969
192004
192109
192112
192143
192167
192230
192262
193483
193632
193929
193966
193988
194021
194026
194070
194078
194079
194093
194128
194151
194178
194258
194301
194315
194340
194343
194355
194377
194382
194394
194394
194544
194688
194692
194717
194783
194810
194814
194827
194829
194856
194885
194894
195537
195686
195818
196541
196698
196903
197015
197081
197241
197265
197286
197320
197498
197859
198419
199198
199549
199599
