315.6
325.65
380.32
518.69
533.55
564.79
584.95
586.87
593.83
603.63
616.6
616.37
619.08
624.66
629.66
639.03
645.41
654.32
658.27
663.59
667.31
679.7
684.13
728.1
744.03
769.94
806.85
836.53
849.29
868.77
888.08
910.79
936.81
985.55
989.69
994.11
1013.74
1157.74
1168.78
1324.62
1336.58
1344.37
1346.9
1354.51
1358.48
1360.05
1364.04
1368.76
1370.74
1373.4
1377.92
1384.48
1385.02
1389.35
1392
1397.15
1401.32
1408.2
1409.39
1412.03
1413.51
1416.26
1422.92
1427.53
1433.47
1436.57
1442.75
1451.55
1454.05
1455.63
1462.34
1462.39
1468.9
1470.83
1472.31
1475.39
1500.76
1502.22
1513.53
1521.23
1523.9
1528.06
1530.42
1530.71
1536.01
1537.44
1538.74
1539.43
1540.67
1542.66
1542.98
1544.72
1546.63
1551.12
1553.23
1561.18
1563.46
1562.6
1566.78
1567.38
1569.01
1572.96
1576.48
1579.14
1580.25
1580.74
1583.54
1587.82
1588.19
1590.29
1590.77
1593.53
1597.17
1602.06
1603.03
1604.67
1608.18
1610.08
1617.05
1619.08
1620.85
1624.67
1624.81
1626.89
1630.93
1630.97
1632.27
1636.99
1646.9
1654.41
1663.33
1664.71
1678.57
1679.78
1681.54
1686.95
1694.2
1721.17
1722.99
1784.92
1829.5
3579.96
3588.46
3724.11
3767.92
3797.44
3802.57
3808.75
3854.75
3859.74
3865.13
3869.73
4594.34
4598.43
4611.42
4761.06
5349.88
5376.88
5401.27
5404.11
5435.23
5438.94
5443.43
5447.98
5456.6
5482.5
5489.34
5503.98
5514.25
5516.66
5518.53
5530.61
5541.47
5547.01
5548.14
5555.23
5560.08
5561.72
5562.67
5569.02
5583.76
5589.35
5596.94
5606.9
5617.04
5619.98
5621.55
5629.2
5630.03
5632.48
5640.81
5645.08
5649.63
5652.98
5661.73
5669.51
5671.28
5675.33
5676.8
5682.09
5686.42
5689.35
5693.44
5694.99
5702.06
5704.27
5706.14
5713.93
5719.39
5723.52
5727.86
5729.56
5755.67
5765.66
5767.59
5770.42
5784.16
5794.04
5797.25
5804.81
5938.38
6367.51
6425.65
6466.83
6475.3
6478.29
6479.89
6482.57
6486.08
6500.94
6502.36
6508.87
6514.15
6520.2
6524.15
6537.43
6544.91
6545.48
6697.39
6778.08
6782.68
6784.76
6790.59
6798.34
6803.46
6808.36
6811.13
6815.35
6821.01
6827.77
6838.5
6842.04
6844
6849.24
6860.24
6873.6
6884.86
6890.34
6985.22
6988.55
6992.57
7954.74
8334.19
8584.61
8617.98
8648.44
8691.89
8698.7
9022.44
9603.07
9607.15
9616.6
9625.08
9629.95
9644.5
9656.89
9660.37
9801.75
9813.44
9978.24
10032.9
10050.8
10057.9
10063.3
10093.3
10096
10113.9
10128.6
10132.8
10133.9
10149.9
10149.9
10153.8
10154.6
10163.3
10164.6
10169.1
10172.8
10175.6
10176.7
10178
10181
10183.8
10185.5
10193.9
10196.4
10198.8
10201.6
10230.5
10262
10283.5
10362.1
10389
10414.7
10438.8
10493
10546
10579.7
10592.3
10594.4
10628.2
10630.6
10632.6
10634.9
10637.3
10640.1
10640.9
10644.1
10646.6
10648.1
10649.4
10650.3
10651.7
10653.8
10655.1
10661.2
10662.5
10665.3
10667.1
10669.1
10670.3
10678.2
10681.9
10686.6
10691.4
10696.9
10698.7
10699.8
10703.4
10708.6
10710.4
10718.7
10720.5
10724
10727
10729.6
10731.2
10749.3
10768.3
10774.5
10811.9
10810.7
10814.2
10820.7
10826.8
10832.4
10842.2
10844.7
10848.4
10849.6
10852.7
10866.1
10867.7
10875.1
10878.6
10881
10888.9
10897
10911.1
10913
10921.3
10935.6
10942.6
10953.8
10960.4
10963.9
10967.6
10974.3
10975.3
10991.9
11000.2
11046.2
11067.9
11070.5
11108
11109.7
11119.1
11122
11125.8
11126.9
11131
11137.2
11140.8
11153.8
11157.3
11204.6
11209.5
11222.9
11224.5
11226.5
11231.4
11237.4
11239.9
11255.9
11268.8
11472
11481
11489.8
11493.6
11501.4
11511.8
11514.5
11518.7
11529.8
11532
11537.1
11541.3
11551.3
11553.6
11557.3
11562.9
11566.4
11568.8
11570.1
11571.4
11572.6
11579.4
11588.2
11591.8
11599.1
11600.6
11602.1
11602.9
11609.7
11612.4
11617
11618.1
11620.3
11621.9
11624.3
11624.6
11627.5
11626.4
11630.2
11630.1
11631
11631.7
11636.4
11638.1
11638.6
11641.4
11643.3
11641.4
11644.8
11646.8
11647.5
11649.3
11650.8
11652.3
11656
11655.8
11659.7
11658.5
11661.7
11664
11669.4
11674
11681.3
11684.2
11696
11701.4
11707.8
11789.4
11791.8
11794.6
11829.2
11841.2
11910.7
11927.1
11941.5
11946.2
11951.5
11955.8
11959.7
11963.1
11965
11978.7
11988.5
12001.4
12009.7
12029.7
12033.3
12039.7
12082.9
12133.9
12135.1
12473.2
12474.7
12479.5
12482.7
12485.7
12489.3
12490.8
12502.4
12504.6
12507.4
12510.6
12518.4
12520.6
12522.6
12524.7
12533
12536.8
12541.8
12548.2
12550.3
12552.7
12554.2
12560.7
12569
12569.7
12590
12639.2
12640.3
12647.2
12654.3
12657.1
12667
12668.6
12684.7
12692.5
12697.3
12701.3
12704.5
12706.6
12718.8
12729
12732.3
12740.4
12742.1
12747.2
12761.6
12760.1
12767.7
12769.6
12772.9
12776.8
12776.1
12784.9
12792.8
12794.3
12805.2
12812.7
12864
12868.4
12892.1
12914
12922.3
12923.8
12931
12932.2
12943.9
12961.8
12963.7
12968.1
12968.5
12976.9
12979.8
12986.4
12987.8
12988
12990.4
12993.3
12993.9
12997.8
13000.8
13001.3
13004.8
13006.4
13008.5
13009.3
13013.6
13013.7
13015
13015.1
13016.7
13017.5
13019
13022.8
13022.7
13024.1
13027.3
13034
13036.9
13038.8
13041.2
13042.6
13045.4
13046.6
13048.2
13052.5
13053
13052.7
13055.1
13067.3
13069.8
13078.1
13081.6
13087.4
13101.7
13103.7
13107.4
13109.2
13109.6
13116.9
13118.4
13128.6
13132.6
13141.5
13143.1
13148.6
13154.4
13162.3
13168.8
13187.1
13195.4
13197.2
13203.5
13205.9
13209.4
13217.1
13222.4
13229.2
13231.8
13242.5
13249.2
13256.7
13265.1
13267.6
13278.3
13459.1
13503.5
13514.6
13517.6
13520
13534.5
13537.4
13540.5
13543.9
13558
13569.3
13577.6
13586.2
13597.5
13598.8
13600.3
13617.9
13628.3
13661.3
13666.1
13671
13677.3
13678.7
13680.8
13685.3
13721.8
13734.7
13764.8
13805.6
13813.4
13821.9
13823
13830.7
13831.7
13833.9
13843.5
13843.6
13848.2
13854.8
13858.1
13861.3
13863.4
13865.8
13866.3
13871.1
13871.4
13875.9
13879.2
13880
13886.5
13887.1
13891.1
13891.8
13896.9
13897.9
13900.8
13904.3
13905
13908
13909.8
13913.4
13915.8
13920.7
13923.1
13930.6
13937.4
13951
13979
13981.1
13983.8
13986.4
14047.2
14052.5
14087
14091.7
14139.5
14148
14148.5
14175.4
14195.9
14198.2
14202.3
14210.9
14214.4
14218.6
14222.1
14237
14243.6
14252.3
14259.5
14262.9
14265.5
14275.3
14279.3
14284.5
14295.2
14296.7
14301.7
14303.6
14304.6
14324.1
14331.8
14627.9
14784.8
14812.7
14814.6
14824.6
14827
14833.5
14836.5
14837.6
14840.7
14846.9
14849.1
14851.2
14853
14855.9
14859.8
14861.9
14866.8
14913.7
14954
14970.2
14988.6
14994.7
15004.1
15017.8
15023.7
15028.9
15038.5
15041.3
15049.8
15055
15058.6
15060.2
15063.2
15065.3
15071.7
15073.8
15080.5
15088.1
15089.8
15092.7
15093.6
15095.4
15097.6
15100.9
15102.8
15107.2
15116.7
15124.2
15125.2
15127.6
15134.6
15142.2
15145.5
15147.8
15149.4
15152.6
15158.5
15164.4
15166
15181.9
15191.7
15198.2
15200.6
15215.5
15223.1
15245.3
15251.4
15257.6
15281.3
15288.8
15294.2
15327.9
15407
15416.8
15420.6
15440.2
15444.8
15446.8
15455.2
15456.2
15458.5
15467.1
15469.8
15472.3
15480.6
15482.6
15485.3
15487.7
15490.4
15491.6
15494.8
15496.4
15500.4
15505.3
15508.1
15510.6
15513.1
15518.4
15521.9
15523.2
15526.5
15529.7
15534.1
15536.6
15545.6
15547.6
15556.6
15561.4
15562.4
15563.8
15564.8
15571.2
15575.8
15578.1
15579.1
15581
15584.8
15586.3
15588
15591.3
15601.5
15604.8
15607.7
15609
15611.9
15612.8
15614.1
15619.6
15621.4
15625.9
15629.8
15630.9
15632.7
15637.6
15638.9
15640.4
15645.4
15650.5
15653.5
15654.5
15656.6
15659.7
15662.9
15673.2
15676.5
15679.2
15683.5
15695.9
15703.2
15704.3
15712
15717.7
15721.9
15732.8
15734.4
15735.9
15739.9
15741.3
15744.6
15746.1
15750
15753.7
15756
15761.1
15764.5
15766.1
15767.4
15772.7
15775.6
15778.5
15783.7
15791.7
15801.2
15809.2
15863.4
15916.1
15940.6
16699.3
16703.9
16721.5
16724
16725.2
16728
16731.6
16732.8
16736.7
16738.6
16740.8
16744.7
16747.2
16745.9
16751.8
16752.2
16754.8
16757.1
16763.6
16767.8
16768.6
16770
16772.6
16784.4
16791.6
16805.2
16807.8
16820.9
16823.4
16829
16830.9
16898.1
16903.6
16906.6
16911.7
16920.9
16933.9
16981.4
16995.8
17004
17007.6
17010.9
17015.9
17030.6
17040.2
17047
17050.3
17072.4
17094.5
17107.7
17154.3
17195.8
17218
17229.9
17247.3
17249.6
17304.5
17307.2
17315.3
17343.7
17380.2
17396.4
17399.8
17406.6
17417.1
17419.9
17422.6
17428.3
17427.7
17436.2
17440.8
17447.2
17452.1
17454.3
17479.8
17487.3
17493.7
17498.1
17503.7
17509.8
17516.4
17522.1
17526.2
17529.2
17546.2
17564.8
17634.2
17644
17657.1
17681.9
18254.4
18268.2
18271
18277.5
18293.3
18296.1
18308.4
18351.3
18354.7
18378.6
18394
18403.8
18428.6
18430.1
18434.1
18438.9
18456.3
18468.3
18477.5
18491.7
18523.6
18530.1
18538.3
18727.8
18729.4
18732.4
18741.2
18743.3
18749.9
18754.8
18758.2
18761.5
18767.6
18773.6
18778.6
18787.5
18793.6
18808.8
18811.1
18859.5
18867.7
18879
18885.7
18891.9
18899.4
18909.9
18917.1
18932.5
18946.6
18951.5
18954.7
19026.7
19030.7
19032.1
19032.2
19055.7
19071.6
19084
19088.1
19093.4
19102.5
19107.6
19189.4
19192.9
19194.3
19227.5
19229.6
19235.8
19242.4
19245.8
19252.7
19254.8
19255.8
19258.1
19265.4
19267.8
19268.9
19270.6
19283.4
19290.5
19292.2
19295
19296.7
19298.1
19303.4
19334.4
19343.9
19348.2
19356.2
19381.4
19435.5
19438
19480
19487
19489.6
19494.8
19503.6
19508.7
19515.6
19519.4
19526.4
19528.3
19530.7
19536.5
19540.5
19549.1
19550.4
19552
19556.7
19561.2
19564
19568.3
19576
19579.4
19589.7
19594.2
19598.8
19600.7
19605.8
19608.2
19611.7
19613.2
19615
19617.9
19620.4
19624.9
19626.2
19632
19634.5
19637.4
19641.6
19643
19646.2
19652.2
19653.9
19654.8
19655.7
19664.4
19666.5
19672.5
19679.2
19681
19692.6
19697.6
19705.5
19708.3
19714.1
19719
19720
19722.4
19724.1
19728.7
19730.9
19732.4
19754.4
19761.6
19765.6
19769.2
19786.5
19789.5
19794.3
19805.2
19809.8
19813.1
19828.4
19830.5
19853.4
19854.5
19857.8
19861.3
19873.3
19878.6
19880.6
19887.3
19925.2
19926.4
20072.4
20076.5
20082.1
20088.8
20096
20105.1
20108.7
20112.4
20114.3
20117.9
20125.5
20128.5
20131.5
20135.8
20139.4
20149.9
20152.8
20163.3
20184.4
20204
20216.7
20228.2
20254.1
20259.9
20270.7
20275.3
20277.9
20284.6
20286.7
20288.3
20291.4
20293.7
20295.9
20309.6
20317.9
20336.7
20359.6
20361
20376.5
20383.6
20389.5
20408.2
20772.4
20778.3
20788.4
20798.7
20805
20808.4
20822.9
20853
20869.8
20878.6
20887.1
20894.3
20896.1
21103.7
21747.6
21931.5
21954.8
21958.7
21961.8
21978.1
21988.2
21992.3
21999.1
22004.2
22011.5
22021.3
22029.4
22040.8
22055.7
22108.9
22148.8
22152.5
22155.3
22168.3
22179.5
22184.2
22187.6
22197.9
22213.6
22219.3
22221
22226.8
22229.7
22237
22245.4
22247.7
22257
22260.3
22266.5
22270
22273.8
22279.6
22292.8
22293.8
22303.1
22305.3
22344.8
22353.3
22354.7
22357.7
22359.6
22361.5
22364.1
22369.8
22372.9
22374.4
22376.6
22391.4
22399.3
22403
22406.5
22409.9
22411.3
22429.2
22431.2
22447.9
22456
22455.4
22461.6
22462.5
22472.7
22481.1
22477.9
22483.3
22486.5
22484.7
22488.2
22494.3
22491.6
22500.7
22502.2
22506
22509.5
22513.8
22524.4
22528.4
22582.5
22583.6
22614.2
22638
22648.5
22652.5
22662.8
22669.8
22672.7
22677.8
22682.5
22703.7
22730.2
22905.7
22914.8
22931.8
22967.4
22973.8
22978.5
23003.1
23012.4
23050.4
23059.8
23122.4
23161.9
23167
23182.3
23197.1
23202.5
23236.5
23240.6
23246
23252.9
23268.8
23291.2
23293.5
23297.9
23306.8
23309.2
23324.8
23328.2
23330.2
23330.9
23332.7
23338.7
23342
23343.7
23345.3
23374.6
23506.7
23525.7
23689.4
23696.4
23733
23736.7
23741.1
23756.9
23756.4
23757.7
23761.3
23762.6
23763.1
23766.8
23768.9
23771.4
23771.4
23782.6
23799.8
23799.5
23801
23813
23851.6
23867.8
23870.5
23871.9
23875.9
23881.3
23886
23892.8
23906.1
23910.3
23936.8
23944.9
23947.7
23950.8
23952.6
23954.6
23963.8
23975.3
23994.1
24012.7
24020.3
24056.2
24061.7
24070.1
24076.3
24075.3
24089.5
24108.1
24112
24117.4
24119.4
24121.1
24128.9
24133.3
24140.5
24148.1
24149.5
24156.7
24164.3
24166.2
24168.7
24169.9
24175.2
24177.8
24179
24183.6
24188.9
24190.9
24201.1
24209.9
24214.8
24217.8
24221.5
24225.9
24228.8
24232.8
24367.9
24389.2
24395.3
24401.8
24403.8
24409.2
24413.4
24418.5
24424.8
24433.9
24436.2
24433.7
24438.7
24440.9
24443.9
24443.7
24450
24464.1
24475.6
24481.9
24494.7
24516
24520.3
24559.9
24741.6
24765.7
24771.3
24778.8
24798.9
24891.3
25074
25074.2
25081.2
25097.7
25100.8
25102.1
25103.4
25104.8
25106.7
25108.7
25110.7
25112.8
25112.2
25115.8
25128.2
25141.5
25149.7
25152.2
25168.3
25171.4
25168
25177.4
25189.6
25197.8
25200.9
25202.9
25209.1
25213.7
25217.8
25224.8
25221.4
25224.7
25237.4
25250.5
25247.1
25250.5
25255.5
25258.3
25261.3
25277.1
25294.9
25306.5
25317.8
25324.6
25330.8
25336.2
25350.9
25358
25362.5
25365.3
25373.9
25377.7
25379.4
25381.5
25387
25388.9
25423.8
25425.5
25428.3
25431.9
25435.7
25440
25444.3
25459.4
25466.4
25479.8
25646.7
25700.4
25729.7
25752.6
25764
25788
25789
25927.4
25978.8
25996.1
25998.9
26007
26019
26020.7
26037
26041.2
26046.3
26049
26056.7
26067.4
26084.3
26086.2
26090
26096.7
26098.8
26100.9
26107.4
26111.6
26122.3
26126.9
26128.6
26138.3
26143
26145.5
26152.7
26154.2
26157.5
26158.3
26163.5
26165.2
26167
26177.2
26179.8
26183.6
26187.6
26184.8
26191.8
26197.3
26198.4
26202.2
26215.2
26235.8
26240.5
26243.1
26252.6
26260.4
26281.9
26665
30147.7
30314.2
30324.6
30330.1
30336.3
30338.7
30342.8
30346
30348.1
31233.8
31235.1
31236.3
31251.3
31285.3
31290.4
31304.9
31310.8
31315.6
31323.3
31324.8
31325.1
31334.2
31337.1
31334.5
31344.4
31349.1
31344.5
31360.2
31369.8
31375.1
31384.9
31399.2
31411.6
31424.5
31432.4
31434.2
31441.2
31459
31481.7
31485.7
31525
31545.8
31547.9
31549.5
31552.5
31559.6
31568.9
31570.4
31582.4
31577.7
31592.2
31606
31609.7
31614.9
31618.9
31622.9
31637.3
31640.8
31650.3
31657.4
31662.4
31664.3
31671.8
31680.9
31688.5
31710.9
31719.3
31732.5
31736.3
31742.3
31747.5
31760.2
31765
31767
31775.6
31800
31804.4
31815.5
31821.7
31827.5
31842.5
31912.4
31957.1
31970.8
32037.2
32033.3
32047
32051.2
32074.6
32094.1
32101.5
32122.1
32131.8
32139.5
32141
32141.9
32164.1
32157
32161.2
32196.1
32211.5
32224.1
32233.4
32244.9
32247.9
32255.2
32353.1
32411.1
32540.5
32551.8
32563.2
32569.6
32571.9
32573.6
32580.7
32583.3
32584.7
32589.7
32592.2
32594.2
32597.8
32602.5
32604.7
32617.6
32623.2
32633.7
32651.6
32653.2
32654.3
32657.5
32660.4
32665
32667.2
32669.6
32673.9
32676.8
32682.8
32689
32745.3
32749.6
32764.6
32772.7
32778.8
32783.2
32786.5
32793.5
32797
32799.3
32795.9
32807.5
32811
32820.7
32822.3
32824
32817.3
32828
32831.2
32841.4
32848
32849
32860.2
32865.2
32869.8
32872.5
33371.3
33543.7
33551.5
33571.9
33585.4
33589.8
33591.6
33607.8
33615.9
33617.5
33619.9
33625.4
33630.6
33639.5
33640.9
33644.8
33652.9
33658.4
33665.7
33677.2
33686.3
33691.2
33697.7
33718.6
33724.9
33731.7
33740.1
33767.4
33784.6
33788.9
33850.6
33878.2
33885.2
33890
33892.6
33901.2
33905.1
33906.3
33911.6
33920.8
33920.2
33923.3
33928.8
33933.7
33963.5
34001.4
34003.9
34010.4
34016.2
34027.5
34036.9
34042.9
34050.6
34053.5
34067
34071.4
34082.9
34085.7
34090.4
34093.8
34098.7
34123.7
34125.5
34127.5
34148.9
34177.2
34183.2
34201.7
34228.5
34234
34258.6
34260
34267.9
34270.8
34271.8
34274.5
34279.2
34280.9
34281.8
34285.4
34287
34288.9
34291.9
34300.9
34306.7
34313.5
34324.3
34335.5
34342.9
34345.7
34375
34734.1
34773.3
34778.5
34791.1
34798.3
34803.4
34808.6
34813.5
34821.3
34828.1
34831.1
34838.4
34856.9
34864.5
34873.9
34892
34892.9
34898.8
34957.5
34991.3
35130.1
35542.6
36628.3
36670.9
36682.8
36683.9
36686.2
36687.8
36688.8
36692.6
36694.3
36698.5
36701.9
36706.2
36707.7
36709.7
36719.3
36729.3
36732.6
36757.7
36835.8
36859.4
36862.9
36872.2
36877.7
36879.3
36882.7
36888.6
36899.9
36904
36908.9
36910.7
36913.5
36915.7
36919
36924.4
36927.1
36928.7
36931.3
36935.2
36938.4
36942.2
36946.5
36951.7
36960.2
38283.5
38291.5
38300
38308
38323
38334.1
38336.7
38341
38358.6
38365.2
38368.5
38378
38391.1
38403.2
38407.4
38418.8
38417.3
38424.4
38421.6
38425.3
38432.2
38434.1
38454.8
38462.7
38474.8
38476.7
38479.8
38496.3
38500.2
38507.1
38510.1
38515.3
38516.7
38530.4
38534.3
38554.9
38559.8
38568.4
38571.1
38579
38581.3
38585.5
38604.9
38613.1
38617.8
38642.2
38643.5
38657.1
38663.7
38716.7
38793.9
38819.4
38824.9
38864.7
38904.9
38912.7
38999.7
39011.2
39014.4
39021.1
39030.7
39032
39033.8
39041.2
39050.6
39065.4
39082.5
39089.5
39102.2
39104.8
39109
39123.6
39124.9
39127.3
39129.2
39131
39774.9
39779.9
39800.4
39804.3
39805.1
39808.4
39814.3
39863.4
39876.4
39916.8
39954.4
39977.1
39991.8
40000.1
40004
40012.2
40039.1
40046.2
40055.5
40077.1
40078.5
40073.1
40085.2
40090.7
40096.5
40095.1
40099.8
40103.3
40104.2
40106.3
40111.4
40116.5
40122.7
40125.9
40130
40132.3
40147.8
40151.8
40160.3
40171.9
40175.7
40211
40216.4
40232.1
40253.6
40432
40434.6
40463.9
40519.2
40533.7
40538.5
40540.7
40570.4
40598.5
40635.2
40751.3
40782.5
40833.7
40847.5
40854.4
40867.2
40895.7
40917
40919.2
40921.5
40922.5
40923.9
40929.3
40962.3
40971.6
40973.8
40977.8
40979.9
40981.2
40982.4
40983.8
40987.7
40990.5
40991.3
40999
41000.2
41002.9
41005.2
41010.6
41012.1
41015.8
41018.1
41025.2
41028.5
41029.7
41032.9
41039.7
41041.1
41043.3
41047.8
41504.7
41560.1
41568.3
41573.4
41607.3
42632.4
42634.9
42648.8
42656.2
42659.9
42669.9
42674.1
42694.6
42697.1
42706.5
42711.9
42715.5
43063.1
43065.8
43069
43073.5
43075
43075.8
43100.2
43149.2
43163.4
43167.4
43172.9
43176.9
43176.8
43181.4
43182.8
43201.2
43203.4
43206.6
43210.7
43209
43213.5
43214.7
43214.5
43218
43219.5
43221
43219.2
43223.9
43223.3
43225.8
43230.3
43233.6
43234.4
43237.1
43240
43242.4
43245.9
43245.7
43249.1
43251.5
43253.6
43256.6
43260.9
43263.7
43268.1
43270
43275.6
43287
43289
43312.1
43317.2
43580.8
43586.3
43591.6
43598.8
43599.4
43605
43609.5
43615.5
43620.3
43621.9
43641.7
43647.8
43652.5
43650.2
43654.9
43662.1
43668.3
43671.9
43677.1
43678.4
43683.4
43686.7
43692.2
43696.5
43699.4
43706
43710.4
43714.4
43718.7
43720
43721.3
43723.8
43731.3
43733.5
43735
43772.7
43783.9
43791.1
43793
43801.2
43806.6
43814.8
43816.6
43834.5
43836.8
43850.2
43858.9
43878.6
43883.3
43893.6
43900.9
43924.9
43941.3
43942.8
43953.7
43970.7
44005.2
44009.6
44010.9
44021.1
44022.9
44025.2
44036.3
44044.6
44046.8
44050.5
44051.9
44057.6
44059.7
44068.8
44070.2
44075.4
44079.1
44082.7
44085.4
44090.7
44102.4
44102.8
44120.5
44139.5
44467.5
44496.7
44503.5
44506.7
44508.1
44510.8
44513.6
44518.8
44529.3
44532.7
44535.6
44538.2
44542
44543.1
44545.8
44548.4
44551.3
44553.9
44555.1
44560.4
44568.1
44574.4
44585.2
44589.6
44718.8
44723.7
44725.6
44735.3
44739.8
44746.2
44748.2
44749.5
44753.3
44754.8
44756.6
44759.1
44761.6
44765.4
44770
44774
44775.7
44777.3
44781.6
44787
44789.1
44790.4
44884.2
44922
44967.5
44981.2
44996
44997.8
45008.1
45019.6
45029.2
45032.3
45036.6
45070.2
45222.4
45231
45236.8
45279.9
45446.2
45447.1
45454.4
45459.2
45468
45470
45471.2
45476.1
45478.1
45481.2
45483.3
45484.4
45487.9
45491.8
45496.7
45499.9
45504.7
45506
45508.9
45512.4
45517.3
45519.5
45525.4
45530.5
45551.3
45555.2
45557.3
45559.9
45564.1
45567.4
45573.6
45577.9
45591
45592.3
45594.5
45600
45608.1
45614.7
45617.2
45624.5
45635.5
45647.5
45655.1
45660.5
45667.5
45675.9
45678.2
45679.4
45681.2
45688.2
45693.4
45695
45697.9
45701.2
45702.9
45715.8
45724.2
45725.9
45727.6
45728.8
45732.3
45742.6
45742
45747.4
45750.7
45757.7
45767.7
45768.9
45775.4
45780.6
45791.9
45834.7
45942.7
45976.7
45980.6
45988
46003.3
46016.8
46025.9
46030.4
46033.3
46039.1
46043.2
46050
46053.7
46061.2
46065
46070.2
46078.4
46081.9
46105.3
46112.3
46114.2
46117.8
46128.2
46136.5
46155.1
46157.1
46163.1
46169.4
46172.8
46174.9
46178.7
46180.5
46183.7
46188.3
46190.9
46193.6
46196.6
46208.4
46212.2
46334.8
46338.1
46339.6
46349.3
46350.3
46353.6
46356.8
46357.3
46359.5
46363.9
46366.3
46369.5
46375.1
46373.1
46376.8
46394.5
46400.4
46406.7
46417.6
46423.9
46429
46431.7
46438.4
46441.1
46445.3
46446.4
46451.2
46453.9
46464.2
46468.7
46472.1
46477.2
46481.5
46483.9
46497.4
46498.4
46496.6
46503.4
46502
46514
46511.2
46514.9
46523
46527.7
46532.2
46535.3
46532.2
46536.4
46543.4
46538.7
46540.9
46542.5
46543.4
46549.3
46556.5
46564.6
46560.9
46567.3
46566
46574
46575.5
46581.3
46582.1
46585.6
46587
46592.9
46594.2
46595.8
46599.5
46602.6
46608.8
46615.5
46618
46621.8
46623.7
46625.7
46628
46632
46634.1
46639.6
46642.5
46644.3
46646
46649.7
46654.8
46661.8
46698.6
46701
46704.9
46710.6
46713.2
46714.1
46715.6
46720.8
46725.5
46732
46739.3
46743.1
46747.5
46750.6
46754.5
46756.9
46761.7
46764.3
46764.9
46767.9
46770.2
46791.6
46797
46798.2
46800.2
46802.4
46805.2
46810
46818.1
46824.1
46827
46828.2
46836.9
46838.2
46843.4
46845.4
46846.6
46849.6
46850.9
46863.9
46868.4
46871.9
46884.3
46885.2
46888.6
46895.4
46897
46899.9
46903.2
46911.3
46914.5
46917
46918.8
46921.1
46923.3
46924.9
46932.7
46931
46934.5
46942.5
46944
46945.3
46946.5
46949.1
46950.7
46955.6
46966.4
46969.8
46975.5
47014
47030.7
47029.9
47038.7
47047.6
47052.4
47059.4
47065.1
47068.3
47074
47078.7
47090.7
47092.9
47098.4
47099.2
47102
47106.8
47112.8
47113.7
47120.4
47130
47140.7
47145.9
47148.4
47150.2
47156.4
47190.2
47191.7
47230.6
47236.8
47237.3
47245.5
47278.5
47283.1
47286.3
47287.4
47293.6
47302.2
47307.1
47311.2
47312.3
47651.7
47663.7
47665.5
47675.3
47678.9
47684.9
47686.8
47688.5
47691.7
47697.2
47705.4
47711.4
47719.3
47740.9
47741.9
47745.1
47748.4
47757.3
47764.3
47774.6
47780.8
47786.8
47791.6
47813.8
47817
47839
47863
48024.1
48066
48062
48085.5
48096.7
48109.3
48108.9
48130.2
48138
48143.6
48146
48149.2
48154.8
48158.4
48160.7
48174.2
48175.8
48179.1
48185.2
48186.8
48192.8
48196.7
48202.8
48206.6
48224
48227.7
48239.8
48245.8
48279.3
48493.4
48666.6
48775.1
48805
48822.9
48841.9
48854.7
48859.8
48862.7
48878.7
48879.6
48890.8
48894.3
48904.7
48908
48912.9
48914
48916.3
48923.3
48925.5
48937.8
48939.5
48940.7
48948.3
48954.1
48957
48959.7
48961.4
48979.8
48990.9
49004.1
50114.3
50326.9
50328.6
50338.4
50341.1
50345.2
50350.8
50358.2
50362.1
50364.4
50368.6
50375
50377.1
50381.7
50382.5
50383.5
50387.8
50390.3
50391.9
50394.8
50396.8
50401.5
50402.9
50406.5
50415.6
50426.6
50443.9
50465
50474.7
50522.2
50525.9
50535.9
50560.3
50572.4
50600
50605.7
50627.3
50647.2
50672.3
50678.7
50690.4
50695.1
50697.6
50701.3
50706.1
50707.7
50725
50734.9
50737.3
50741.1
50747.6
50750.5
50751.9
50759.2
50762.3
50763.8
50765.8
50769.3
50772.9
50773.7
50775.9
50777
50778.9
50780.9
50783.1
50787.7
50788.7
50790.2
50791.2
50793.2
50795
50795.8
50800.6
50802.6
50804.2
50807.5
50814.2
50815.7
50817.5
50942.4
50964.3
51187.7
51278.8
51280.5
51282.4
51284.9
51293.6
51297.4
51300.1
51305.6
51310.1
51314.6
51333.7
51340.2
51382.6
51388
51392
51395.7
51398.8
51400.3
51404
51411.5
51413.4
51418.1
51419.1
51422.8
51424.4
51428.1
51431.3
51432.5
51434
51438.1
51441.1
51442.5
51445.4
51447.2
51455.8
51459.5
51464.4
51466.6
51468.2
51476.3
51481.9
51485.3
51487.9
51489.5
51495.8
51500.7
51502.6
51512.2
51520
51530.5
51532.6
51534.8
51539.3
51569.9
51611.9
51615.7
51638
51643
51648.2
51657.7
51660.9
51664.3
51668.9
51671.2
51672.4
51676.1
51682.4
51685.2
51690.4
51692.8
51694.2
51696
51701.9
51881
51958.6
51972
51977.6
51983
52223.4
52253.6
52261.7
52265.2
52267.3
52276.5
52283.1
52302.4
52304.7
52310.4
52411.6
52431.9
52453.3
52459.7
52457.9
52461.5
52467.9
52475.6
52479.3
52478
52482.3
52483.7
52487.7
52487.6
52495.4
52499.2
52500.8
52504.7
52507.5
52511.1
52515.6
52521.7
52531.9
52539.4
52544.2
52545.3
52552.3
52555.7
52556.7
52558.7
52562.9
52565.1
52567.4
52570
52571.4
52572.9
52576.9
52578.9
52583.5
52589.2
52594.1
52595.6
52599.4
52603.8
52606.8
52605
52607.8
52626.7
52628.6
52630.9
52633.6
52644.4
52644.4
52649.4
52652.6
52654.1
52657
52659.9
52665.9
52669.8
52672.3
52676.3
52683.7
52685.6
52688.3
52695.4
52701.8
52713
52719
52721.3
52723
52724.8
52727.9
52733
52738.7
52742.1
52749.1
52752.8
52757.5
52758.7
52764.6
52767.1
52768.1
52769.6
52771.6
52775.3
52777.1
52782.9
52786.9
52791
52799.1
52800.9
52802.8
52805.9
52809.6
52812.9
52816.4
52819.2
52820.4
52824.7
52825.8
52828.2
52832.8
52833.7
52835.3
52836.8
52843.6
52846.4
52848.5
52853.1
52858.3
52860.1
52862.4
52864.3
52868.1
52919.2
52923.7
52925
52932.4
52936
52944
53516.6
53550.1
53562
53564.6
53575.1
53576.3
53578.7
53584.2
53586
53591
53593.8
53598.6
53600
53601.6
53607
53611.5
53616.7
53619.3
53626.6
53628.5
53631.3
53632.5
53636.4
53638.7
53642.2
53647.8
53649.6
53651.1
53655.7
53670.4
53680.4
53689.7
53691.5
53694.7
53701.4
53705
53706
53710.3
53713.7
53719.1
53725.4
53727
53732.6
53740.4
53744.1
53745.6
53751.6
53754.6
53758.5
53761.1
53762
53769
53771.9
53773.9
53778.3
53783.2
53788.4
53879.7
53936.8
53939.9
53961.9
53970.2
53971.5
53972.9
53980.1
53981.8
53983.3
53990.8
53996.1
53997.9
54006.1
54008.3
54010.9
54015.3
54017.4
54021.8
54026.3
54028.1
54031.3
54033.2
54034.3
54042
54044.3
54046.4
54050.4
54052.3
54054.2
54055.8
54056.6
54060
54068.5
54072.6
54074.5
54084.4
54086.9
54093.7
54105.2
54110.7
54134
54144.5
58645.6
58679.8
58686.9
58696.9
58701.7
58704.7
58706.7
58714.4
58718.2
58722.9
58725
58725.8
58727.7
58732.5
58738.4
58740.3
58741.4
58746.7
58755.4
58758.9
58766.2
58796.1
58804.6
58841.8
58934.2
58935.8
58940.9
58942.4
58944.1
58945.8
58964.9
58974.1
58978.3
58980.2
58983.2
58987.4
58991.2
58995.3
58998.5
59008.2
59019.6
59031.5
59050.7
59052.4
59061.9
59071.7
59268.8
59279.7
59299.4
59301.7
59323.1
59324.3
59360.7
59371.9
60730.9
60738.3
60740.5
60742.3
60746.8
60749.9
60753.8
60757.1
60762.4
60776.4
60778.8
60783.9
60788
60794.1
60796.3
60804.1
60807
60810.9
60812
60815.5
61099.4
61103.6
61128.5
61134.8
61145.5
61150.8
61165
61170.2
61172.4
61178.9
61184.4
61190
61202.2
61205
61206.1
61207.7
61212.7
61215
61222.1
61228.6
61235.4
61249.1
61258.7
61263.1
61266.3
61271.6
61273.8
61275
61281.6
61311.3
61332.2
61379.8
61382.6
61387.5
61390.5
61392.1
61399.1
61402.3
61404.5
61416.2
61438.8
61441.5
61442.8
61447.3
61450.4
61453.5
61473.2
61481.9
61483.4
61488.1
61492.9
61494.6
61496
61501.4
61507.1
61514.3
61516.1
61523.2
61528.9
61530.2
61533
61536.1
61544.3
61549
61556.7
61563.7
61566.2
61567.7
61572.2
61574.5
61590.1
61601.3
61606.5
61625.8
61631.8
61658.6
61662.4
61667
61689.4
61693.2
61695.2
61982.5
61988.5
62020.9
62027.9
62039.3
62070.8
62074.1
62076
62080.9
62085.1
62097.2
62107.3
62107.7
62110.7
62114.7
62117.4
62122.1
62127
62130.1
62135.1
62144
62148.1
62150.1
62154.4
62156.4
62159.7
62164.9
62169.3
62171.3
62173
63082.4
63085.3
63095.1
63108
63111.5
63119.2
63122.9
63143.6
63147.2
63156.4
63159
63165.6
63171.2
63173.7
63189.3
63191.9
63193.8
63201
63209
63211.8
63214.3
63275.1
63280.3
63336.8
63354
63460.2
64221.3
64236.5
64239.5
64247.8
64252.9
64257.9
64260.6
64267.8
64276
64276.9
64279.1
64281.3
64301.2
64495.8
64505.1
64508.5
64519.1
64522.4
64526.3
64537
64539.9
64549.7
64771.7
64906.8
64937.2
64939.2
64954.2
64966.2
64974.9
64981.8
64982.7
64987.1
64990.6
64995.1
65002.5
65004.4
65005.3
65014.2
65016.6
65016.5
65017.8
65022.6
65029.9
65030.9
65033.3
65035.6
65043.8
65045.7
65050.4
65051.3
65055.5
65059.5
65063
65063.9
65068
65071.4
65074.3
65075.9
65087
65100.9
65106.4
65114.8
65326.1
65335.2
65337.8
65349.2
65360.9
65364.6
65368.5
65371.7
65377.1
65385.3
65390.1
65400.4
65402.4
65413
65505.3
65568.3
65601
66051.8
66074.6
66089.2
66103.1
66106.5
66114.4
66124.1
66129.7
66134.9
66137.7
66141.6
66145.2
66153.8
67543.1
67563.6
67714.4
67736.5
67740.1
67746.2
67751
67766.4
67773
67780.4
67792.4
67797.1
67802.5
67805.3
67814.4
67818.1
67869.4
67918.3
67925.9
67927.5
67930.2
67932.7
67958.7
67970.5
67973.7
67975.2
67976.6
68014.7
68023.4
68039.2
68044.2
68047.3
68066.5
68070.3
68076.2
68080.9
68083
68110.8
68164.7
69989.6
69997.7
70014.6
70016.7
70020
70023.3
70033.1
70037.5
70051.4
70054.5
70063
70074.3
70076.5
70154
70166
70175.9
70182.7
70195.7
70198.9
70202.1
70206.4
70209.3
70211.5
70215.1
70219.7
70221.5
70230.5
70235.5
70282.5
70330.4
70340.3
70343.1
70352.1
70357.4
70361.9
70371.2
70375.6
70385.3
70391.1
70393.1
70395.3
70397.3
70401.6
70404.4
70409
70412
70414.6
70417.2
70423.3
70427
70428.6
70436.8
70439.8
70442.1
70448.9
70450.2
70454.6
70457.4
70459.8
70466.6
70470
70481.8
70483.5
70494.4
70495.6
70502.6
70505.4
70516.4
70518.3
70520.7
70538.6
70542.5
70550.9
70555.3
70557.7
70562.2
70569.6
70574.7
70579.2
70582
70584.6
70602.2
70610.9
70623.7
70782.2
70789.5
70802.8
70804.6
70809.6
70815.4
70819.2
70823.8
70826.8
70829.5
70838.9
70842.5
70844.9
70890.6
71130
71176.7
71187.7
71189.4
71191.1
71251
71272.3
71274.3
71277.6
71278.7
71279.5
71296.5
71301.6
71306.1
71317.3
71319.7
71320.5
71328.6
71331.8
71344.9
71345.8
71350.1
71367.8
71382.6
71383.7
71385.3
71389.1
71395.6
71398.3
71410.6
71413.3
71415.4
71421.3
71430.1
71482.9
71492.3
71495.5
71498.5
71499.7
71511.4
71720.7
71726.1
71732.6
72079.2
72404.7
72405.7
72409.6
72410.8
72411.9
72417.2
72422.4
72431
72447.7
72449.5
72458
73492.5
73503.9
74324.7
74436.3
74481.1
74519
74534.1
74539.7
74540.7
74544.5
74546.6
74565.4
74568.8
74572.1
74574.5
74932.9
74937.2
74939.7
74942.5
74943.9
74946.6
74962.3
74969.1
74983.5
74988
74999.7
75001.6
75007.1
75015.3
75017.6
75026.8
75031
75034.6
75036.6
75041.1
75043.1
75046
75047.8
75079.1
75088
75089.9
75093.2
75102.1
75103.4
75113.8
75115.1
75119.8
75124.6
75160.1
75163.3
75168.4
75177.7
75179.2
75180.6
75185.8
75192.7
75197.1
75200.4
75202.6
75207.1
75210.5
75215.8
75220.5
75223
75237.7
75252.7
75256.2
75293.4
75299.3
75317.1
75437.9
75439.6
75455.9
75459.2
75462.5
75464.2
75465.8
75474.8
75481.7
75483.3
75494.2
75497.8
75501.4
75546
75555.2
75570.1
75578.7
75583.7
75610.4
75613.5
75615.6
75623.1
75631.4
75644.3
75647.4
75649.7
75658.9
75671.4
75672.7
75681.5
75690.3
75693.8
75698.6
75703.1
75708.9
75719.3
76165
76188.3
76196.7
76203.5
76214.4
76492.9
76501.6
76835.9
76888.8
76892.6
76895.3
76903.5
76905.6
76909
76915.8
76918.8
76921
76928.8
76930.3
76939.9
76942.6
76947
76952.5
76955.2
76958.6
76962.6
76963.7
76965.3
76967.7
76971.7
76975.1
76980.4
76985.7
76989.4
76991.4
77003.2
77006.5
77013.5
77014.9
77030.4
77041
77047.3
77051.7
77059.8
77064
77075.8
77082
77090.6
77089.5
77105.4
77106.9
77110.3
77118.3
77126.5
77134
77151.8
77161.3
77193.7
77225.5
77263.9
77274.4
77310.8
77312.5
77314.7
77320.8
77333
77340
77347.6
77356
77357.1
77361.2
77364.7
77366
77370.7
77379.2
77384.5
77387.4
77393.5
77401.5
77413
77424
77460.2
77461.4
77470
77486.4
77494.4
80937.5
80960.5
80967.6
80981.2
81252
81271.6
81277.6
81283.7
81293.7
81300.6
81306
81318.6
81326.5
81341.2
81368.2
81374.1
81376.8
81405.1
81412.9
81428.6
81447.5
81473.9
82435
82448.8
82454.3
82460.5
82464.3
82467.6
82474.8
82485.6
82490.7
82497.3
82500.6
82502.6
82504.5
82512
82515
82521.9
82525.8
82527.5
82529.3
82537.3
82551.7
82560.7
82576.9
82580.2
82621.7
82624.7
82647.4
82658.8
82669.7
82673.4
82680.6
82683.3
82686
82691.9
82703.5
82707.1
82715.5
82721.2
82724.7
82729.9
82735.6
82740.5
82754.7
82760.5
82766.5
82770.9
82777.9
82780.6
82786.9
82789.1
82791
82794.5
82798.6
82807.5
82809.8
82819.2
82827.5
82839.4
82844
82847.6
82850.5
82861.1
82864.5
82872.4
82875.4
82878.3
82887
82888.3
82905
82907.9
82921.7
82926.1
82935.9
82943.2
82947.4
82951.4
82952.7
82955.6
82959.2
82964.1
82971.4
82975.9
82977.2
82984.1
82990.7
83093
83098.9
83157.7
83180.3
83225.3
83236
83618.2
83632.7
83650.6
83653
83687.9
83715.2
83716.9
83721.2
83730.7
83767.5
83808.5
83812.9
83818.6
83856.8
83878.4
84760.8
84766.2
84770.4
84779.5
84794.8
84800.5
84817.4
84825.5
84828.1
84833
84834.4
84838.1
84841.4
84845.1
84845.9
84850.9
84873.4
84886.9
85341
85356.6
85374.4
85397.9
85404.8
85409
85413
85422.5
85436.4
85448.5
85455.9
85486.1
85489.3
85497.9
85500.4
85502.6
85508.1
85511
85512.8
85517.1
85519.2
85521.9
85527.6
85529.2
85532.7
85534.8
85536.4
85544.5
85548.5
85554.2
85555.4
85558.7
85564.1
85571.2
85577.1
85590.5
85660.2
85691.6
85724
85726.4
85744.7
85745.5
85746.4
85747.7
85749.8
85755.3
85758.9
85744.7
85761.7
85764
85765.4
85766.8
85771.5
85776.9
85779.7
85781.1
85783.5
85788.5
85791.5
85795.9
85802.4
85850.2
85882.4
85925.5
85932.8
86044.6
86102.4
86105.5
86126.9
86157.2
86200.6
86200.5
86261.5
86276
86279.6
86344.8
87346.8
87583
87597.5
87612.1
87620.4
87634.4
87638.2
87642.9
87646.1
87662.8
87671.5
87679.3
87687.6
87694.2
87698.4
87702
87705.8
87715.9
87721.6
87725.4
87727.3
87732.6
87738.7
87759.8
87768.9
87771.9
87785.1
87788.7
87810.2
87811.7
87814.8
87819
87824.6
87826.4
87829.7
87833.4
87844.7
87847.8
87851
87853.6
87855.9
87862.9
87866
87933.7
87963.4
87969.2
87993.9
88003.9
88041.7
88057.1
88063.2
88077.7
88084.4
88094.4
88097
88102.7
88111
88117.9
88124.9
88131.5
88135.1
88140.5
88144.9
88156.7
88160.6
88168
88172.3
88184.6
88191.1
88370
88432.7
88445.5
88468.8
88473.8
88479.1
88499
88504.9
88508.7
88539.8
88544.7
88582.4
88588.3
88595.4
88599
88780.7
88877.9
88878.9
88900.6
88907.3
88909.1
88911.1
88912.8
88916
88917.8
88919.1
88920.6
88922.2
88924.2
88931.6
88936.3
88938.9
88944.4
88949.2
88952.8
88958.9
88963.1
88980.9
88988.2
88991.1
88995.9
89002.6
89004.4
89010.3
89012.1
89013.7
89016.6
89022.9
89026.3
89027.7
89033.4
89034.6
89035.7
89037.6
89039.9
89043.8
89045.4
89049
89054.2
89057.2
89058.9
89062.2
89065.5
89071
89071.8
89333.4
89339.3
89355.1
89361.1
89469.1
89482.7
89659.4
92465.8
92483.2
92485.1
92494.6
92505.4
92510.7
92514.9
93921
93931.2
93963.6
95239.3
95241.6
95251.6
95260.8
95600.1
95633.1
95639.9
95645.7
95651.2
95655.2
95658.1
95692.7
95714.4
95717.9
95726.7
95731.1
95735.7
95738.8
95740.7
95746.4
95752.5
95754
96417.4
96430.6
96438.2
96442.6
96450.4
96457.2
96461
96471.1
96472.5
97334.8
97359.7
97363.7
98558.3
98576.5
98590
98593.9
98614.9
98619.4
98629.1
98794.3
98801.1
98809.3
98814.6
98824.1
98836
98845.9
99208.5
99398.3
99412.3
99428.7
99432.5
99435.1
99451.1
99484.5
99486
99488.8
99494.6
99499.2
99500.6
99504.3
99508.9
99501.3
99513.4
99512.3
99523.3
99543.7
99548.6
99552.4
99553.8
99546.3
99556.3
99552.6
99570.4
99577.8
99579.1
99586.3
99590.8
99603.4
99613.3
99613.3
99618.5
99624
99631.2
99628.4
99630.4
99628
99632.9
99646.1
99640.1
99649.4
99642.4
99651.7
99654.2
99655.9
99665
99666.8
99661.3
99671.2
99670.4
99673.3
99677.8
99684.7
99694.7
99686.1
99692.5
99695.2
99696.4
99704.4
99720.4
99712.2
99714.1
99728.9
99736.4
99742.2
99747.6
99755.1
99746.4
99752.1
99766.1
99768.7
99775.8
99768
99781.5
99784
99786.1
99792.3
99782.8
99801.5
99802.6
99804.7
99796.5
99806.6
99797.8
99814.5
99817.4
99809.1
99822
99824
99825.3
99831.1
99832.6
99834.1
99835.9
99844.5
99847.1
99850.9
99878.2
99900.9
99902.4
99906.5
99929.8
99933.4
99945.3
100080
100096
100100
100106
100114
100124
100129
100131
100134
100136
100138
100142
100145
100148
100151
100153
100157
100169
100170
100198
100228
100243
100257
100261
100266
100270
100280
100283
100289
100301
100306
100311
100313
100314
100316
100318
100324
100328
100332
100336
100339
100340
100342
100344
100348
100357
100360
100365
100368
100370
100371
100373
100378
100381
100388
100393
100413
100556
100598
100600
100602
100609
100613
100619
100623
100624
100626
100629
100630
100632
100636
100639
100644
100646
100650
100653
100656
100663
100666
100670
100673
101326
101442
101459
101488
101511
101563
101676
101695
101697
101702
101703
101715
101725
101729
101747
101755
101756
101761
101769
101774
101787
101791
101795
101799
101810
101812
101818
101825
101828
101830
101839
101844
101847
101856
101865
101866
101867
101878
101918
101992
101995
102073
102075
102084
102089
102091
102092
102225
102230
102305
102313
102314
102315
102316
102317
102320
102326
102332
102337
102348
102351
102357
102361
102362
102366
102384
102393
102397
102403
102423
102559
102564
102584
102593
102599
102622
102642
102654
102667
102670
102682
102686
102698
102705
102711
102719
102722
102725
102731
103038
103085
103315
103325
103337
103343
103345
103350
103355
103357
103360
103361
103367
103370
103376
103383
103388
103394
103400
103402
103409
103418
103420
103428
103429
103441
103448
103450
103457
103463
103467
103484
103486
103492
103502
103507
103513
103515
103519
103520
103528
103534
103540
103542
103551
103554
103558
103567
103573
103577
103578
103585
103587
103591
103596
103598
103615
103617
103621
103623
103625
103633
103638
103642
103648
103654
103659
103665
103671
103674
103676
103689
103694
103698
103701
103703
103707
103718
103720
103725
103728
103734
103741
103745
103749
103750
103752
103761
103769
103770
103775
103783
103799
103806
103808
103811
103814
103816
103827
103840
103845
103850
103852
103873
103887
103894
103897
103898
103902
103910
103913
103935
103934
103942
103955
103967
103973
103975
104013
104155
104463
104468
104473
104476
104524
104527
104529
104538
104539
104543
104554
104556
104571
104584
104790
104823
104827
104859
104992
105002
105011
105016
105021
105028
105035
105254
105267
105265
105272
105287
105294
105300
105303
105299
105313
105309
105311
105315
105324
105325
105332
105328
105329
105331
105332
105340
105346
105351
105346
105354
105357
105366
105427
105424
105435
105433
105435
105441
105449
105451
105453
105456
105467
105462
105470
105464
105465
105469
105475
105471
105478
105479
105482
105483
105493
105495
105507
105517
105525
105547
105555
105559
105572
105576
105886
105894
105896
105902
105910
106209
106216
106220
106223
106230
106239
106248
106292
106294
106296
106305
106309
106313
106318
106324
106326
106328
106332
106334
106336
106337
106344
106345
106347
106349
106350
106354
106358
106361
106365
106366
106368
106369
106372
106375
106388
106403
106404
106434
106474
106479
106556
106590
106637
106870
106896
106901
106910
106927
106932
106934
106944
106946
106952
106959
106966
106980
106985
107009
107011
107015
107021
107030
107034
107037
107044
107049
107051
107054
107063
107074
107081
107089
107094
107108
107111
107127
107138
107170
107703
107719
107731
107735
107737
107746
107750
107754
107763
107769
107788
107795
107799
107802
107822
107831
107844
107880
107893
107913
107911
107919
107920
107932
107935
107944
107945
107953
107955
108005
108013
108021
108070
108135
108138
108148
108194
108249
108279
108284
108286
108305
108307
108321
108330
108346
108350
108366
108375
108388
108398
108409
108415
108421
108440
108450
108453
108466
108473
108493
108501
108504
108512
108519
108545
108558
108594
109070
109398
109482
109493
109495
109503
109530
109536
109539
109542
109547
109551
109638
109641
109643
109656
109660
109706
109714
109725
109761
109763
109785
109798
109810
109811
109816
109825
109832
109843
109848
109858
109863
110203
110218
110232
110234
110245
110251
110254
110260
110262
110264
110272
112038
112059
112065
112072
112822
112849
112865
112868
112871
112872
112874
112877
112880
112893
112894
112896
112911
112920
112927
112952
113343
113355
113360
113364
113372
113377
113379
113718
113724
113728
113733
113735
113741
113744
113749
113755
113757
113770
113777
113781
113789
113793
113795
113798
113815
113875
113950
113980
114009
114057
114433
114434
114439
114442
114445
114453
114455
114461
114466
114470
114472
114480
114483
114491
114493
114499
114504
114506
114509
114511
114524
114529
114540
114551
114565
114581
114584
114591
114592
114597
114598
114605
114602
114620
114626
114631
114644
114646
114648
114662
114666
114665
114669
114667
114672
114709
114721
114728
114736
114746
114761
114766
114774
114779
114781
114782
114788
114791
114796
114802
114805
114810
114817
114819
114822
114824
114847
114851
114860
114868
114881
114887
114894
114924
114951
114994
115007
115010
115029
115035
115034
115043
115051
115059
115071
115076
115075
115072
115080
115087
115090
115092
115099
115109
115113
115117
115123
115126
115132
115135
115138
115141
115154
115144
115160
115150
115166
115162
115171
115166
115178
115178
115180
115183
115188
115185
115191
115195
115201
115210
115211
115220
115222
115227
115232
115242
115239
115242
115249
115251
115258
115257
115271
115275
115280
115284
115288
115325
115330
115355
115401
115406
115414
115452
115457
115456
115459
115460
115472
115522
115530
115552
115560
115606
115708
115711
115711
115919
116006
116054
116058
116068
116070
116097
116101
116122
116155
116157
116166
116173
116180
116199
116211
116211
116213
116217
116225
116236
116239
116243
116264
116251
116257
116270
116273
116262
116277
116265
116279
116267
116280
116283
116285
116288
116279
116294
116295
116298
116302
116307
116313
116316
116320
116324
116328
116333
116908
116917
116936
116941
116947
116948
116950
116955
116955
116957
116962
116966
116978
117007
117010
117012
117201
117232
117241
117245
117249
117261
117265
117270
117271
117274
117279
117284
117285
117287
117290
117294
117298
117299
117302
117305
117312
117323
117332
117911
117938
117948
117950
117956
117963
117964
117970
117976
117978
117982
117985
117987
117989
117992
117994
118004
118006
118008
118011
118016
118018
118021
118023
118027
118029
118030
118033
118041
118042
118044
118047
118049
118053
118059
118061
118065
118068
118070
118075
118079
118084
118089
118093
118097
118098
118132
118140
118149
118152
118154
118157
118160
118162
118163
118167
118186
118198
118531
118534
118535
118543
118545
118551
118557
118560
118564
118572
118575
118580
118587
118589
118594
118599
118602
118606
118610
118613
118616
118621
118640
118896
119007
119086
119091
119124
119127
119145
119150
119156
119161
119167
119174
119186
119187
119212
119216
119232
119239
119244
119268
119273
119275
119286
119290
119291
119294
119299
119305
119311
119314
119316
119319
119321
119337
119344
119459
119470
119485
119508
119512
119514
119525
119528
119530
119532
119544
119548
119552
119555
119562
119569
119576
119578
119591
119593
119600
119602
119603
119608
119616
119626
119645
119648
119650
119651
119653
119657
119658
119665
119667
119671
119673
119686
119688
119690
119692
119695
119697
119699
119705
119772
119940
119965
119972
119992
119996
119999
120022
120031
120039
120046
120049
120058
120089
120102
120105
120110
120112
120113
120116
120132
120122
120156
120173
120177
120164
120184
120176
120190
120179
120198
120199
120201
120188
120195
120198
120213
120200
120215
120205
120227
120224
120250
120256
120278
120267
120268
120275
120276
120281
120285
120291
120316
120328
120313
120406
120491
120507
120522
120530
120536
120530
120540
120545
120548
120544
120561
120587
120587
120606
120611
120619
120627
120645
120638
120659
120666
120672
120685
120680
120680
120691
120686
120690
120692
120701
120702
120704
120712
120726
120713
120724
120718
120721
120722
120730
120724
120745
120742
120765
120769
120775
120775
120787
120792
120794
120807
120827
120830
120834
120846
120841
120851
120847
120850
120851
120861
120864
120861
120869
120873
120877
120881
120877
120882
120887
120890
120901
120895
120905
120898
120908
120900
120910
120902
120904
120913
120913
120919
120923
120927
120938
120934
120944
120938
120940
120942
120951
120972
120967
120996
121033
121025
121036
121030
121046
121039
121042
121051
121057
121048
121064
121056
121057
121067
121074
121078
121080
121092
121094
121086
121106
121133
121138
121140
121144
121151
121154
121155
121158
121160
121164
121168
121183
121176
121178
121184
121185
121187
121198
121196
121199
121200
121203
121206
121223
121226
121230
121241
121236
121240
121294
121488
121490
121496
121497
121516
121505
121522
121509
121559
121565
121571
121579
121582
121585
121579
121592
121587
121598
121593
121603
121600
121610
121617
121617
121624
121630
121634
121644
121653
121647
121654
121657
121658
121672
121678
121688
121692
121687
121694
121711
121712
121717
121703
121707
121727
121715
121730
121732
121728
121731
121748
121755
121751
121768
121784
121787
121795
121806
121813
121829
121832
121835
121839
121843
121846
121849
121864
121868
121874
121878
121892
121901
121904
121914
121920
121920
121931
121934
121931
121936
121944
121939
121946
121946
121956
121962
121958
121965
121974
121969
121982
121982
121991
121992
122002
122005
121997
122002
122008
122022
122033
122036
122042
122048
122052
122070
122080
122073
122076
122083
122091
122107
122112
122118
122123
122126
122167
122175
122164
122179
122196
122183
122191
122210
122220
122209
122211
122220
122234
122222
122242
122246
122235
122243
122244
122247
122261
122251
122253
122281
122285
122274
122287
122278
122280
122295
122302
122294
122299
122314
122304
122317
122320
122321
122333
122350
122478
122485
122489
122498
122504
122507
122510
122514
122516
122524
122528
122539
122543
122546
122550
122552
122556
122560
122562
122564
122565
122567
122570
122573
122580
122583
122589
122597
122604
122617
122626
122629
122631
122653
122656
122674
122681
122683
122686
122687
122689
122693
122694
122697
122700
122703
122705
122708
122709
122709
122711
122716
122717
122721
122726
122728
122730
122733
122736
122737
122739
122742
122745
122746
122749
122750
122752
122754
122757
122759
122762
122762
122764
122764
122765
122774
122782
122795
122830
122854
122891
122900
122908
122919
122923
122926
122930
122936
122943
122948
122956
122968
122969
122971
122973
122977
122985
123000
123002
123004
123004
123009
123009
123012
123016
123018
123019
123025
123030
123034
123035
123037
123041
123043
123047
123050
123065
123059
123064
123072
123074
123075
123069
123073
123085
123080
123085
123093
123090
123102
123098
123100
123103
123105
123112
123114
123109
123116
123111
123119
123115
123124
123118
123121
123132
123137
123140
123146
123147
123151
123161
123164
123169
123170
123174
123180
123181
123188
123192
123196
123200
123206
123210
123212
123215
123220
123220
123222
123224
123226
123227
123230
123238
123241
123242
123250
123253
123264
123269
123274
123280
123306
123321
123334
123402
123572
123644
123648
123658
123684
123775
123861
123856
123874
123923
123941
123945
123957
124034
124068
124070
124071
124075
124093
124206
124212
124218
124221
124224
124227
124231
124233
124237
124239
124240
124242
124244
124252
124254
124258
124259
124260
124266
124268
124271
124279
124289
124294
124297
124299
124305
124307
124311
124332
124343
124346
124354
124363
124375
124378
124382
124391
124392
124393
124397
124399
124404
124408
124413
124420
124424
124429
124436
124439
124443
124467
124477
124556
124573
124583
124597
124605
124609
124609
124618
124623
124629
124636
124643
124646
124660
124666
124672
124672
124685
124687
124688
124690
124696
124698
124710
124713
124706
124718
124731
124740
124728
124745
124743
124751
124754
124753
124763
124749
124764
124765
124771
124765
124777
124772
124779
124789
124775
124792
124785
124781
124797
124810
124796
124810
124809
124822
124826
124825
124835
124843
124856
124877
124886
124889
124895
124904
124910
124914
124918
124922
124925
124929
124934
124942
124947
124950
124954
124957
124962
124964
124967
124975
124978
124983
124986
124990
124992
124996
124997
125004
125007
125010
125014
125016
125017
125022
125025
125026
125031
125037
125040
125041
125045
125048
125051
125056
125062
125066
125075
125076
125102
125109
125216
125231
125237
125242
125256
125266
125271
125274
125276
125281
125283
125286
125291
125297
125300
125305
125314
125319
125325
125328
125331
125334
125340
125343
125363
125368
125374
125382
125386
125674
125676
125684
125692
125706
125715
125726
125732
125735
125747
125739
125743
125747
125752
125757
125778
125769
125783
125797
125800
125810
125817
125847
125851
125855
125857
125860
125866
125884
125893
125908
125933
126054
126056
126075
126078
126104
126175
126179
126194
126202
126213
126215
126218
126220
126238
126242
126255
126271
126285
126292
126570
126581
126628
126631
126640
126641
126644
126649
126656
126660
126663
126666
126681
126685
126687
126697
126699
126726
126746
126910
127217
127232
127238
127262
127269
127273
127281
127285
127300
127302
127292
127308
127295
127317
127332
127335
127338
127339
127343
127345
127350
127351
127354
127374
127361
127364
127382
127388
127389
127397
127402
127405
127408
127414
127420
127425
127428
127429
127433
127439
127441
127443
127445
127446
127452
127458
127462
127465
127467
127471
127478
127486
127494
127510
127511
127682
127727
127984
127997
128000
128005
128007
128009
128011
128015
128017
128021
128037
128023
128026
128028
128038
128044
128117
128183
128262
128406
128495
128502
128513
128530
128536
128540
128548
128552
128555
128558
128686
128752
129028
129042
129045
129066
129088
129102
129104
129137
129143
129169
129216
129224
129228
129231
129257
129266
129301
129361
130728
130731
130733
130745
130754
130756
130760
130767
130771
130775
130777
130780
130784
130790
130791
130795
130797
130801
130809
130823
130831
130838
130853
130891
131484
131523
131545
131621
131650
131654
131675
131676
132065
132924
132995
133002
133034
133041
133066
133081
133086
133097
133173
133498
133508
133511
133515
133524
133538
133540
133544
133545
133549
133555
133558
133561
133563
133572
133574
133577
133585
133590
133591
133594
133596
133603
133606
133608
133617
133620
133647
133877
133931
134016
134201
134217
134246
134255
134957
134963
134974
134994
135003
135009
135012
135017
135025
135028
135032
135036
135052
135057
135059
135074
135064
135066
135081
135071
135077
135088
135079
135083
135100
135100
135112
135102
135121
135113
135167
135172
135176
135184
135188
135191
135193
135204
135214
135221
135222
135228
135233
135238
135241
135242
135247
135260
135264
135267
135272
135273
135280
135290
135292
135299
135302
135304
135306
135310
135315
135320
135321
135324
135330
135335
135337
135339
135340
135345
135360
135367
135396
135406
135423
135426
135428
135438
135469
135471
135479
135482
135491
135494
135498
135512
135505
135509
135513
135517
135524
135536
135526
135528
135541
135534
135535
135537
135548
135538
135541
135545
135554
135559
135564
135577
135580
135571
135572
135574
135577
135579
135581
135583
135596
135588
135599
135592
135597
135605
135618
135609
135611
135616
135621
135625
135629
135631
135634
135636
135638
135643
135650
135655
135797
135830
135837
135843
135849
135858
135862
135870
135874
135877
135881
135883
135886
135893
135896
135905
135906
135912
135955
135961
135966
135972
135980
135982
135985
135988
136020
136022
136026
136030
136031
136034
136039
136040
136041
136043
136043
136045
136047
136049
136053
136054
136064
136056
136058
136059
136067
136069
136070
136072
136073
136084
136078
136081
136091
136092
136101
136118
136120
136121
136129
136138
136141
136144
136147
136149
136150
136151
136154
136157
136158
136162
136165
136170
136172
136182
136184
136187
136194
136196
136539
136545
136547
136550
136554
136556
136561
136564
136567
136569
136571
136574
136576
136579
136583
136590
136592
136605
136939
136972
136980
136987
136991
136998
137000
137008
137011
137022
137039
137111
137116
137131
137352
137378
137396
137402
137449
137502
137829
137845
137875
137950
137960
137969
137973
138009
138018
138020
138030
138038
138043
138056
138076
138078
138087
138092
138098
138101
138110
138115
138121
138132
138137
138140
138144
138151
138154
138155
138161
138167
138170
138180
138183
138185
138537
138994
139026
139044
139053
139054
139057
139067
139070
139076
139080
139081
139084
139089
139094
139096
139098
139104
139107
139113
139114
139119
139126
139134
139136
139139
139141
139142
139144
139149
139154
139156
139175
139286
139318
139330
139345
139426
139434
139437
139440
139450
139458
139465
139474
139479
139483
139489
139492
139497
139504
139507
139519
139534
139536
139539
139546
139563
139577
139585
139604
139615
139617
139624
139641
139645
139656
139672
139676
139679
139681
139684
139687
139688
139696
139699
139703
139711
139712
139714
139788
140240
140247
140265
140274
140276
140325
140335
140336
140339
140341
140344
140346
140352
140355
140360
140363
140369
140473
140478
140484
140486
140495
140499
140501
140504
140510
140512
140516
140519
140523
140526
140531
140536
140541
140546
140552
140559
140564
140595
140643
140672
140719
140896
141483
141503
141513
141529
141535
141538
141540
141544
141548
141553
141559
141565
141569
141617
141732
141723
141740
141789
141816
141981
142027
142094
142096
142103
142107
142198
142206
142214
142221
142647
142648
142659
142662
142675
142683
142684
142692
142705
142714
142731
142769
142783
142796
142831
142835
142838
142861
142891
142892
142894
142895
142900
142920
142923
142929
142931
142933
142942
142952
142958
142962
142965
142968
142971
142977
142978
142980
142989
143003
143007
143015
143017
143023
143028
143044
143045
143049
143059
143076
143086
143092
143100
143093
143107
143109
143100
143116
143105
143118
143108
143123
143128
143120
143122
143136
143135
143147
143150
143152
143159
143168
143207
143215
143216
143256
143305
143380
143385
143388
143399
143407
143422
143427
143444
143447
143461
143465
143467
143474
143479
143481
143485
143494
143497
143501
143504
143522
143536
143567
143831
143840
143849
143861
143885
143960
145296
145319
145330
145337
145339
145345
145347
145350
145355
145755
145760
145801
145853
145857
145876
145886
145891
145898
145916
145919
145932
145936
145938
145943
145957
145991
145999
146000
146005
146020
146025
146158
146188
146208
146301
146496
147138
147161
147177
147207
147244
147278
147295
147313
147472
147465
147492
147530
147548
148015
148394
148520
148568
148580
148584
148601
148608
148614
148617
148619
148625
148675
148678
148679
148682
148686
148690
148698
148703
148705
148708
148712
148715
148723
148732
148762
148856
148907
148911
148919
148920
148924
148926
148934
148935
148945
148946
148967
148969
148970
148973
148975
148988
149004
149014
149021
149038
149042
149043
149059
149063
149087
149090
149095
149129
149138
149151
149160
149163
149169
149178
149180
149188
149193
149197
149206
149210
149214
149220
149223
149231
149235
149280
149286
149297
149300
149306
149312
149314
149324
149328
149382
149386
149389
149398
149406
149420
149437
149445
149454
149456
149470
149483
149498
149506
149516
149525
149529
149531
149542
149548
149551
149553
149561
149576
149578
149596
149611
149623
149625
149628
149636
149637
149634
149640
149637
149642
149641
149646
149643
149648
149651
149654
149655
149658
149659
149661
149665
149669
149674
149689
149694
149693
149730
149731
149733
149752
149759
149763
149812
149847
149855
149856
149860
149875
149878
149880
149915
149955
150015
150065
150492
150528
150546
150550
150566
150580
150592
150606
150610
150619
150634
150636
150648
150652
150653
150685
150694
150727
150731
150733
150744
150748
150784
150788
150790
150800
150806
150814
150819
150822
150831
150863
150869
150882
150887
150886
150915
150921
151060
151071
151098
151105
151278
151529
151532
151535
151541
151556
151585
151592
151598
151607
151612
151621
151631
151637
151645
151658
151673
151681
151695
151701
151706
151715
151719
151727
151728
151731
151736
152153
152164
152196
152197
152205
152213
152214
152216
152223
152228
152231
152236
152241
152243
152245
152246
152248
152252
152255
152261
152266
152268
152271
152273
152274
152279
152283
152285
152288
152289
152295
152309
152315
152317
152324
152329
152708
152741
152763
152947
153607
153641
153645
153654
153660
153663
153669
153671
153695
153697
153701
153703
153713
153718
153721
153726
153729
153734
153737
153745
153761
153764
153787
153856
153870
153872
153927
153935
153950
153958
153963
153965
153983
153988
154197
154292
154294
154350
154363
154370
154373
154381
154387
154392
154398
154400
154406
154409
154414
154422
154428
154432
154453
154455
154465
154468
154469
154476
154481
154483
154486
154491
154498
154501
154509
154515
154519
154523
154525
154533
154540
156225
159203
159214
159217
159227
159289
159381
159383
159387
159390
159408
159411
159415
159419
159429
159437
159441
159452
159459
159472
159478
159486
159559
159568
159594
159599
159601
159602
159634
159647
159651
159654
159658
159677
159684
159690
159697
159711
159759
159764
159771
159777
159779
159806
159820
159846
159855
159871
159880
159883
159890
159893
159896
159897
159902
159905
159910
159919
159924
159926
159929
159932
159934
159937
159942
159958
159963
159965
159968
159977
159978
159982
159985
159985
159995
159998
159999
160005
160016
160018
160020
160023
160031
160033
160035
160047
160059
160057
160067
160083
160110
160117
160128
160140
160145
160147
160153
160160
160166
160167
160168
160170
160174
160176
160179
160180
160182
160184
160186
160190
160192
160197
160202
160205
160208
160211
160213
160223
160228
160230
160234
160237
160239
160244
160247
160249
160251
160253
160254
160259
160263
160264
160266
160271
160277
160280
160282
160294
160297
160300
160303
160306
160309
160317
160322
160449
160457
160472
160473
160479
160484
160486
160537
160665
160684
160767
160797
160815
160831
160837
160842
160849
160852
160855
160859
160865
160881
160897
160932
161013
161029
161034
161210
161212
161223
161237
161256
161260
161281
161301
161307
161319
161321
161326
161340
161345
161351
161362
161373
161383
161402
161419
161421
161422
161421
161429
161430
161434
161436
161441
161447
161453
161458
161460
161464
161471
161473
161474
161477
161494
161497
161495
161503
161509
161512
161516
161527
161537
161548
161561
161898
161924
162007
162008
162013
162016
162030
162035
162038
162049
162052
162056
162061
162064
162068
162082
162085
162109
162106
162113
162115
162122
162125
162131
162150
162157
162161
162178
162208
162647
162669
162676
162686
162696
162698
162706
162716
162722
162761
162795
162807
162812
162813
162815
162816
162818
162821
162825
162826
162833
162837
162842
162846
162847
164165
164212
164208
164221
164216
164226
164233
164273
164292
164301
164302
164313
164336
164344
164346
164385
164391
164404
164408
164409
164411
164415
164424
164425
164435
164436
164438
164443
164448
164451
164458
164468
164470
164471
164472
164475
164497
164498
164500
164501
164505
164506
164512
164519
164526
164549
164553
164747
164773
164781
164778
164781
164788
164794
164797
164801
164813
164821
164830
164841
164852
164858
164866
164874
164899
164905
164936
165009
165019
165023
165028
165032
165055
165086
165092
165101
165102
165117
165115
165117
165121
165151
165164
165167
165178
165173
165176
165178
165184
165185
165185
165187
165195
165196
165205
165204
165208
165210
165220
165215
165223
165223
165234
165239
165235
165242
165245
165251
165252
165259
165261
165274
165271
165273
165273
165278
165293
165299
165306
165302
165307
165311
165324
165325
165350
165352
165353
165357
165364
165368
165379
165384
165388
165392
165395
165399
165403
165405
165408
165414
165419
165423
165441
165464
165488
165489
165495
165509
165593
165604
165610
165614
165618
165622
165625
165630
165633
165636
165639
165647
165654
165658
165826
165831
165859
165867
165875
165879
165881
165885
165890
165892
165894
165897
165898
165899
165902
165904
165909
165911
165914
165917
165919
165921
165922
165925
165926
165933
165947
165949
166042
166044
166063
166077
166080
166082
166090
166096
166099
166104
166106
166119
166121
166143
166183
166508
166522
166529
166534
166538
166543
166544
166547
166549
166560
166562
166565
166567
166569
166573
166575
166578
166582
166583
166588
166590
166596
166597
166605
166607
166611
166614
166621
166626
166628
166637
166643
166645
166648
166654
166662
166693
166696
167764
167766
167768
167771
167775
167777
167778
167782
167786
167787
167790
167793
167800
167804
167806
167807
167825
167922
167929
167943
167996
167998
168001
168004
168018
168047
168060
168062
168077
168089
168093
168095
168101
168106
168378
168379
168400
168418
168424
168430
168439
168444
168449
168455
168461
168464
168468
168469
168473
168551
168677
168692
168714
168730
168747
168790
168798
168800
168800
168804
168806
168812
168810
168815
168818
168821
168823
168824
168826
168827
168829
168834
168837
168840
168842
168845
168846
168855
168858
168940
168961
168980
169004
169006
169027
169042
169153
169158
169160
169162
169165
169170
169189
169191
169257
169258
169260
169261
169262
169264
169269
169267
169268
169280
169281
169285
169289
169292
169308
169312
169338
169340
169360
169379
169419
169439
169484
169500
169510
169512
169512
169515
169515
169539
169544
169546
169547
169552
169560
169561
169562
169563
169566
169574
169576
169578
169584
169586
169687
169689
169691
169694
169697
169700
169704
169714
169720
169722
169726
169734
169737
169744
169747
169753
169764
169765
169767
169782
169785
169786
169789
169793
169926
169928
169935
169938
169942
169946
169950
169955
169955
169957
170067
170070
170080
170089
170094
170133
170150
170153
170158
170163
170165
170166
170171
170180
170189
170192
170205
170222
170223
170233
170237
170246
170251
170256
170262
170268
170270
170274
170280
170291
170292
170295
170298
170301
170306
170309
170315
170320
170335
170344
170353
170357
170379
170385
170411
170444
170448
170459
170473
170679
170713
170725
170729
170734
170736
170739
170758
170793
170832
170860
170873
170882
170895
170904
170907
170959
170973
170976
171103
171489
171497
171656
171724
171741
171848
171861
171865
171867
171872
171874
171876
171877
171882
171913
171915
171929
171931
171935
171941
171946
171955
171961
171972
172121
172130
172146
172151
172153
172162
172167
172174
172178
172181
172184
172184
172190
172192
172204
172214
172217
172219
172225
172231
172235
172259
172262
172277
172324
172327
172382
172405
172417
172427
172429
172433
172450
172452
172455
172459
172461
172472
172491
172492
172501
172502
172511
172512
172516
172521
172529
172541
172551
172562
172575
172581
172582
172602
172623
172629
172631
172632
172668
172716
172728
172856
172868
172876
172891
172918
172948
172998
173006
173020
173023
173026
173028
173029
173032
173036
173038
173063
173074
173083
173091
173111
173112
173116
173138
173144
173165
173174
173180
173189
173195
173196
173238
174301
174313
174320
174333
174337
174342
174345
174354
175015
175020
175026
175035
175041
175066
175089
175104
175150
175169
175557
175564
175584
175585
175589
175849
176129
176152
176157
176169
176189
176196
176201
176212
178530
178552
178556
178562
178577
178578
178593
178596
178603
178606
178613
178640
179277
179324
179353
179369
179380
179383
179399
179403
179410
179417
179443
179454
179458
179460
179472
179474
179480
179486
179491
179495
179500
179519
179530
179537
179542
179546
179550
179554
179561
179563
179564
179567
179570
179573
179575
179578
179580
179585
179588
179590
179598
179603
179604
179607
179610
179621
179628
179632
179633
179636
179637
179641
179644
179648
179652
179656
179659
179661
179664
179670
179672
179674
179676
179682
179684
179692
179695
179701
179705
179711
179716
179719
179724
179811
179816
179818
179821
179822
179826
179833
179835
179839
179842
179843
179846
179850
179854
179857
179858
180206
180272
180650
180656
180663
180670
180687
180693
180695
180700
180706
180707
180712
180720
180729
180733
180742
180750
180755
180757
180760
180765
180773
180775
180779
181732
181735
181736
181740
181744
181747
181755
181763
181769
181777
181779
181783
181787
181789
181822
181824
181833
181842
181844
181847
181861
181864
181871
181886
181889
181905
181931
181932
181994
182020
182024
182030
182037
182067
182069
182071
182078
182081
182082
182767
182778
182780
182783
182789
182795
182797
182805
182809
182810
182813
182816
182819
182850
183327
183333
183344
183420
183762
183769
183772
183781
183784
183793
183796
183812
183817
183820
183822
183825
183834
183992
183996
184000
184013
184288
184571
184592
184930
184946
184975
184984
185010
185013
185028
185036
185050
185054
185065
185067
185074
185078
185096
185111
185121
185163
185208
185204
185226
185279
185294
185303
185310
185315
185319
185343
185376
185377
185381
185387
185393
185391
185400
185399
186013
186049
186051
186060
186097
186108
186114
186115
186126
186127
186135
186140
186145
186145
186155
186158
186165
186165
186170
186175
186179
186177
186183
186187
186201
186212
186207
186224
186242
186242
186231
186247
186249
186242
186247
186260
186252
186257
186267
186292
186373
186423
186437
186509
186523
186527
186530
186534
186561
186551
186567
186558
186575
186566
186570
186574
186589
186596
186598
186591
186594
186600
186602
186619
186610
186623
186615
186632
186623
186632
186635
186649
186639
186642
186656
186658
186653
186655
186676
186666
186679
186669
186674
186681
186684
186686
186688
186694
186696
186718
186727
186737
186756
186765
186779
186803
186898
186907
186918
186930
186948
186955
186979
187056
187411
187450
187460
187467
187477
187480
187493
187503
187509
187511
187515
187640
187645
187676
187691
187693
187737
187741
187745
187746
187754
187756
187758
187759
187777
187765
187773
187774
187778
187783
187789
187793
187795
187800
187801
187803
187806
187815
187817
187820
187830
187838
187841
187851
187852
187856
187890
187966
187969
187987
188013
188015
188034
188035
188074
188102
188125
188137
188155
188158
188169
188180
188177
188179
188189
188189
188192
188194
188205
188212
188220
188213
188224
188217
188232
188226
188227
188237
188233
188239
188244
188252
188266
189232
189683
190043
190046
190053
190066
190069
190086
190088
190095
190100
190105
190122
190123
190132
190137
190158
190161
190164
190172
190182
190194
190201
190205
190210
190219
190224
190246
190248
190319
190341
190355
190414
190426
190434
190475
190488
190495
190504
190508
190511
190514
190520
190524
190528
190534
190538
190542
190553
190555
190555
190565
190569
190576
190570
190584
190590
190585
190606
190615
190608
190620
190621
190615
190630
190633
190635
190641
190635
190643
190643
190654
190651
190661
190662
190663
190666
190659
190672
190673
190677
190683
190692
190699
190703
190708
190713
190716
190718
190719
190722
190734
190736
190738
190748
190753
190756
190764
190768
190795
190796
190804
190817
190822
190843
190845
190850
190859
190870
190877
190882
190886
190891
190895
190901
190907
190909
190911
190916
190916
190922
190928
190932
190936
190939
190941
190944
190947
190950
190958
190960
190962
190966
190967
190971
190976
190978
190980
190982
190992
190995
190999
191003
191004
191006
191009
191012
191014
191016
191018
191024
191033
191037
191038
191048
191050
191064
191069
191089
191110
191124
191129
191158
191192
191198
191226
191229
191252
191489
191545
191557
191590
191595
191597
191600
191607
191611
191613
191615
191616
191618
191621
191631
191638
191654
191658
191756
191759
191765
191768
191775
191792
191796
191806
191809
191812
191814
191839
191848
191855
191840
191868
191870
191876
191880
191884
191875
191891
191878
191880
191900
191891
191910
191896
191902
191906
191908
191915
191921
191926
191929
191939
191944
191948
191958
191967
191972
191992
192000
192005
192021
192031
192038
192027
192033
192036
192052
192040
192048
192052
192065
192067
192082
192070
192074
192080
192085
192095
192098
192106
192108
192109
192112
192113
192120
192127
192135
192138
192143
192146
192149
192150
192156
192158
192159
192162
192163
192167
192170
192178
192181
192190
192195
192203
192218
192223
192225
192229
192232
192237
192239
192241
192254
192256
192261
192266
192268
192284
192294
192317
192327
192344
192361
192372
192408
192422
192483
192491
192767
192787
192802
192794
192809
192814
192802
192810
192838
192841
192851
192853
192857
192859
192862
192865
192869
192874
192874
192878
192880
192883
192882
192886
192886
192891
192892
192904
192910
192916
192919
192927
192929
192930
192935
192937
192940
192947
192949
192952
192961
192966
192969
192970
192972
192974
192975
192979
192981
192984
192986
192998
193002
193008
193010
193014
193017
193020
193022
193026
193030
193031
193034
193030
193036
193037
193041
193043
193045
193048
193051
193053
193059
193070
193075
193441
193464
193478
193542
193577
193580
193583
193621
193630
193632
193634
193661
193663
193668
193672
193675
193703
193746
193768
193774
193779
193789
193792
193798
193799
193803
193808
193816
193817
193819
193827
193830
193831
193836
193837
193838
193839
193844
193850
193854
193855
193861
193874
193929
193966
193989
193990
193996
193995
193997
193999
194002
194006
194008
194020
194025
194026
194030
194031
194032
194033
194040
194044
194050
194054
194056
194062
194064
194066
194079
194077
194081
194082
194084
194086
194089
194092
194100
194101
194103
194105
194108
194110
194108
194114
194120
194122
194129
194129
194136
194152
194183
194186
194187
194189
194192
194198
194198
194202
194204
194205
194210
194213
194219
194223
194229
194231
194238
194242
194243
194246
194255
194259
194273
194275
194280
194282
194294
194301
194321
194321
194328
194331
194340
194348
194354
194355
194357
194380
194382
194384
194387
194394
194425
194437
194441
194445
194447
194451
194460
194464
194483
194485
194488
194489
194493
194555
194563
194603
194624
194628
194633
194637
194645
194654
194658
194663
194669
194679
194682
194689
194700
194712
194718
194730
194733
194738
194740
194747
194748
194752
194757
194762
194773
194777
194780
194783
194786
194796
194805
194810
194812
194821
194827
194829
194856
194857
194884
194894
195508
195515
195521
195526
195686
196291
196905
197080
197163
197211
197239
197270
197289
197370
198419
199549
199562
199571
199578
199579
199581
199583
199585
199594
199598
199605
199607
199616
199620
199623
