325.65
619.08
624.66
629.66
639.03
645.41
654.32
658.27
663.59
667.31
679.7
1157.74
1168.78
1436.57
1500.76
1538.74
1593.53
1686.95
3865.14
5438.95
5443.44
5447.99
5456.61
5489.35
5516.67
5562.68
5652.99
5661.74
5671.29
5676.81
5702.07
5719.4
5723.53
5727.87
5729.57
6478.3
6482.58
6502.37
6808.37
6821.02
6827.78
6860.25
6873.61
6884.87
6890.35
9603.08
9607.16
9644.51
9656.9
9660.38
9801.76
9813.45
10128.6
10150
10153.8
10154.6
10169.1
10172.8
10175.7
10178
10181
10185.5
10634.9
10637.3
10640.1
10649.4
10650.3
10651.7
10653.8
10655.1
10686.6
10691.4
10696.9
10698.7
10699.8
10703.4
10708.6
10710.4
10718.7
10720.5
10724
10727
10729.6
10731.2
10774.5
10814.2
10820.7
10826.8
10832.4
10888.9
10911.1
10913
10921.3
10935.6
10942.6
10953.8
10960.4
10963.9
10967.6
10974.3
10975.3
10991.9
11000.2
11046.2
11067.9
11070.5
11108
11119.1
11122
11125.8
11126.9
11131
11204.6
11209.5
11222.9
11224.6
11627.5
11641.4
11644.8
11646.8
11669.5
11674
11696
11701.5
11707.8
11789.4
11791.8
11794.6
11829.2
11841.2
11978.7
11988.5
12029.8
12507.4
12560.7
12569
12569.7
12590
12654.3
12667
12684.7
12697.4
12701.4
12718.8
12729
12732.3
12740.4
12742.1
12747.3
12761.6
12760.1
12767.7
12769.6
12772.9
12784.9
12792.9
12812.7
12864
12943.9
12963.7
12968.1
12976.9
12979.8
12986.4
12993.3
12997.8
13001.3
13008.5
13013.8
13015.1
13019
13022.9
13022.7
13036.9
13041.3
13052.7
13087.4
13101.7
13103.7
13141.5
13162.3
13168.8
13195.4
13197.2
13203.5
13205.9
13209.4
13217.1
13265.1
13267.6
13278.4
13459.2
13503.5
13514.6
13517.6
13520.1
13543.9
13569.3
13577.6
13586.2
13597.5
13598.8
13600.3
13617.9
13628.3
13661.3
13666.1
13671
13677.3
13678.7
13680.9
13830.7
13861.4
13875.9
13880
13886.5
13891.9
13896.9
13937.4
13951
13979
13981.1
13983.8
13986.4
14052.5
14214.4
14252.3
14259.5
14303.6
14304.6
14812.7
14814.7
14824.6
14827
14833.5
14836.5
14837.6
14840.7
14847
14849.1
14851.2
14853
14855.9
14859.8
14861.9
15017.8
15063.3
15071.8
15073.8
15080.5
15093.6
15095.4
15097.6
15100.9
15116.7
15124.2
15125.2
15127.6
15134.6
15142.2
15145.5
15147.8
15149.4
15152.6
15164.4
15191.7
15215.5
15223.1
15245.3
15251.4
15257.7
15288.8
15294.2
15328
15407
15416.8
15420.6
15440.2
15444.8
15446.8
15455.2
15456.2
15458.5
15467.1
15469.8
15472.3
15480.6
15482.6
15485.3
15487.7
15490.4
15491.7
15494.8
15496.4
15500.4
15505.3
15508.1
15510.6
15513.1
15518.4
15521.9
15523.3
15526.5
15529.7
15534.1
15536.6
15673.3
15676.5
15679.2
15683.6
15695.9
15703.2
15704.3
15712.1
15717.7
15722
15732.8
15734.4
15736
15739.9
15741.3
15744.6
15746.1
15750
15753.7
15756
15761.1
15764.5
15766.1
15767.4
15772.7
15775.6
15778.6
15783.7
16699.3
16703.9
16721.5
16724
16725.2
16744.7
16747.2
16752.2
16767.8
16768.6
16911.7
16933.9
16981.4
17004
17007.6
17010.9
17015.9
17040.2
17047
17050.3
17072.4
17094.5
17107.7
17154.3
17195.8
17218
17229.9
17247.3
17249.6
17304.5
17307.2
17315.3
17428.3
17454.3
17493.7
17498.1
17516.4
17522.1
17526.2
17529.2
17546.2
17564.8
17634.2
17644
17657.1
17681.9
18430.1
18434.1
18729.4
18732.4
18741.2
18743.3
18767.6
18773.6
18778.6
18787.5
18859.5
18867.7
18885.7
18891.9
18899.4
19227.5
19290.5
19295
19508.7
19526.4
19528.3
19552
19615
19617.9
19620.4
19624.9
19626.2
19632
19634.5
19637.4
19641.6
19643
19646.2
19655.7
19664.4
19679.2
19681
19697.6
19705.5
19708.3
19719
19728.7
19732.4
19754.4
19761.6
19765.6
19769.2
19786.5
19789.5
19794.3
19809.8
19813.1
19828.4
19830.5
19853.4
19854.5
19857.8
19861.3
19873.3
19878.6
19880.6
19887.3
19925.2
19926.4
20072.4
20076.5
20082.1
20088.8
20096
20105.1
20108.7
20112.4
20114.3
20117.9
20125.5
20128.5
20131.5
20135.8
20139.4
20772.4
20778.3
20788.4
20798.7
20805
20808.4
20853
20878.6
21931.5
21954.8
21958.7
21961.8
22029.4
22108.9
22155.3
22245.4
22257
22260.3
22273.8
22279.6
22292.8
22293.8
22353.3
22500.7
22524.4
22528.4
22582.5
22583.6
22614.2
22648.5
22652.5
22662.8
22669.8
22672.7
22677.8
22682.5
22967.4
22978.5
23167
23306.8
23309.2
23324.8
23332.7
23733
23813
23910.3
24070.1
24089.5
24112
24156.7
24367.9
24389.2
24395.3
24401.8
24403.8
24409.2
24433.7
24443.7
24464.1
24475.6
24481.9
24494.7
24516
24520.3
24559.9
24741.6
24765.7
24771.3
24778.8
24798.9
24891.3
25097.7
25106.7
25108.7
25141.5
25149.7
25189.6
25200.9
25202.9
25209.1
25213.7
25217.8
25221.4
25224.7
25255.5
25258.3
25261.3
25306.5
25330.8
25336.2
25350.9
25358
25362.5
25365.3
25373.9
25377.7
25379.4
25387
25927.4
25978.8
25996.1
25998.9
26098.8
26152.7
26154.2
26177.2
26179.8
26183.6
26197.3
26235.8
26240.5
26243.1
30147.7
30314.2
30336.3
30338.7
30342.8
30346
30348.1
31323.3
31324.8
31369.8
31384.9
31606
31637.3
31640.8
31664.3
31671.8
31719.3
31732.5
31742.3
31747.5
31765
31767
31804.4
32161.2
32411.1
32540.5
32551.9
32563.2
32569.6
32571.9
32573.6
32580.7
32583.3
32584.7
32589.7
32592.3
32594.3
32597.8
32602.5
32604.7
32682.8
32689.1
32745.3
32749.6
32764.6
32772.7
32795.9
32807.6
32811
32817.4
32828
32841.4
32848
32849.1
33625.4
33665.8
33901.2
33905.1
33920.8
33923.3
33928.8
33933.7
34050.6
34053.5
34201.7
34228.5
34234
34271.8
34274.5
34279.2
34281.8
34285.4
34773.3
34791.1
34798.3
34803.4
34808.6
34813.5
35542.6
36628.3
36670.9
36682.9
36683.9
36686.2
36687.8
36688.8
36692.7
36694.3
36698.5
36701.9
36862.9
36904
36908.9
36910.7
36913.5
36915.7
36919
36924.4
36927.2
36928.7
36931.3
36935.2
36938.4
36942.2
36946.5
36951.7
38283.5
38418.8
38424.4
38421.6
38425.3
38530.4
38534.3
38579
38581.3
38585.5
38617.8
38793.9
38819.4
38999.7
39032.1
39082.5
39102.2
39104.8
39109
39123.6
39124.9
39127.4
39129.2
40000.1
40004.1
40039.1
40046.2
40055.5
40078.5
40103.3
40104.3
40116.5
40540.7
40570.4
40971.7
40973.8
40982.4
40983.9
40990.5
40991.3
43063.1
43065.8
43069
43249.1
43251.5
43253.6
43256.6
43260.9
43263.7
43268.1
43270
43275.6
43312.1
43317.2
43731.3
43733.5
43735
43814.8
43834.5
43836.8
43850.2
43878.6
43883.3
43893.6
43900.9
43924.9
43941.3
43942.8
43953.7
43970.7
44005.2
44009.6
44010.9
44021.1
44022.9
44025.3
44036.3
44044.6
44046.8
44050.5
44051.9
44057.6
44059.7
44538.2
44542
44543.1
44545.8
44548.4
44551.3
44553.9
44555.1
44560.4
44568.1
44574.4
44585.2
44589.6
44718.8
44723.7
44725.6
44735.3
44739.8
44746.3
44748.2
44749.5
44753.3
44754.8
44756.6
44759.1
44761.6
44765.4
44770
44774
44775.7
44777.3
44781.6
45029.2
45032.3
45036.6
45231
45236.8
45446.2
45447.1
45454.4
45459.2
45468
45470
45471.3
45481.3
45483.3
45484.4
45487.9
45491.9
45530.6
45688.2
45724.2
45727.6
45728.8
45732.4
45742.6
45768.9
45942.7
45976.7
45980.7
46039.2
46043.2
46070.2
46105.3
46208.4
46212.2
46334.8
46338.1
46339.7
46349.3
46350.3
46353.6
46357.3
46359.5
46363.9
46366.3
46369.5
46373.2
46376.8
46424
46472.1
46497.4
46498.4
46503.4
46514.1
46527.7
46532.2
46535.3
46536.4
46543.4
46541
46542.5
46543.4
46564.6
46560.9
46567.3
46566
46581.3
46585.6
46587
46639.6
46642.5
46644.3
46646
46649.7
46654.8
46661.8
46710.6
46756.9
46761.7
46764.3
46791.6
46797
46800.2
46805.2
46810.1
46818.2
46843.4
46846.6
46921.1
46932.7
46931
46934.5
46942.6
46944
46945.3
46946.5
46949.1
46950.7
46955.6
46966.4
46969.8
46975.5
47014
47029.9
47038.7
47047.6
47113.7
47130
47245.6
47283.1
47286.3
47287.4
47293.6
47302.2
47307.1
47311.3
47312.3
47705.4
47711.4
47719.3
47745.1
47757.3
47764.3
47774.6
47780.8
47786.8
47791.6
47813.8
47817
48066
48085.5
48109.3
48130.2
48138.1
48143.6
48146
48149.2
48154.9
48158.4
48160.7
48890.8
48914
50326.9
50328.6
50338.4
50341.1
50345.2
50350.8
50358.2
50362.1
50364.4
50368.6
50375
50377.1
50381.7
50382.5
50383.5
50387.8
50390.4
50391.9
50394.8
50396.8
50401.5
50402.9
50406.5
50783.1
50787.7
50788.7
50790.2
50791.2
50793.2
50795
50800.6
50802.6
50804.2
50807.5
51340.2
51382.6
51388
51392
51395.7
51411.6
51413.5
51418.1
51419.1
51422.8
51424.4
51428.1
51431.3
51432.5
51434
51438.1
51441.2
51442.6
51445.4
51447.3
51682.4
51685.2
51690.4
51692.8
51694.3
51696
51701.9
51881
51958.6
51972
51977.6
51983
52310.4
52411.7
52431.9
52453.4
52459.7
52475.6
52479.4
52487.7
52487.6
52495.4
52499.2
52500.8
52521.7
52531.9
52539.4
52544.2
52545.3
52626.7
52628.6
52630.9
52633.6
52644.4
52649.4
52764.6
52767.1
52768.1
52769.6
52791
52799.1
52800.9
52802.9
52805.9
52832.8
52833.7
52835.3
52836.8
52843.6
52858.3
52860.1
52862.4
52864.3
52868.1
52925.1
53578.7
53584.2
53586
53591
53593.8
53598.6
53600.1
53601.6
53607
53611.5
53616.7
53619.3
53626.6
53628.5
53631.3
53632.5
53636.4
53638.7
53642.2
53647.8
53649.6
53651.1
53655.7
53670.4
53680.4
53689.7
53691.6
53694.7
53701.4
53705
53706
53710.3
53713.7
53719.1
53725.5
53727
53732.7
53740.4
54074.5
58696.9
58701.7
58706.7
58796.2
58804.6
58980.3
58983.2
60742.3
60746.8
60749.9
60753.8
60757.1
60776.4
60778.8
60783.9
60794.1
60796.3
60804.1
60807
60810.9
60812
60815.5
61128.5
61134.8
61145.5
61150.8
61165
61170.2
61172.4
61178.9
61184.4
61190
61222.1
61442.8
61447.3
61481.9
61483.4
61488.1
61492.9
61494.6
61516.1
61556.7
61625.8
61695.3
62070.8
62107.3
62114.7
62117.4
62144
62148.1
62150.1
62154.4
62164.9
62169.3
62171.3
62173
63085.3
63156.4
63159
63165.6
63171.2
63173.7
63189.3
63191.9
63193.8
63201
63209.1
63211.8
63214.3
63275.2
63280.3
63336.8
63354
63460.3
64221.3
64236.5
64239.5
64247.8
64252.9
64257.9
64260.6
64267.8
64276
64537
64539.9
64771.7
64906.8
64937.2
64939.2
64974.9
64981.8
64982.7
64987.1
64990.6
64995.1
65002.6
65005.3
65014.2
65031
65033.3
65035.6
65043.8
65045.7
65050.4
65051.3
65055.5
65059.5
65063
65063.9
65068
65071.4
65074.3
65385.3
66114.4
66145.2
66153.8
67543.1
67563.6
67714.4
67736.5
67740.1
67746.2
67751
67766.4
67773
67780.4
67918.3
67932.7
68014.7
68039.2
68044.2
70033.1
70037.5
70063
70074.3
70076.5
70154
70166
70175.9
70182.7
70195.7
70202.1
70215.1
70219.7
70221.5
70375.6
70393.1
70395.3
70436.8
70439.8
70442.1
70448.9
70450.2
70454.6
70457.4
70459.8
70466.6
70470
70481.8
70495.6
70502.6
70505.4
70516.4
70518.3
70520.7
70538.6
70542.5
70555.3
70562.2
70569.6
70574.7
70579.2
70582
70819.2
70823.8
70826.8
70829.5
70838.9
70842.5
70844.9
70890.6
71317.3
71319.7
71331.8
71345.8
71382.6
71383.7
71385.3
71389.1
71410.6
72409.6
72410.8
72458
74519
74534.1
74539.7
74544.5
74546.6
74565.4
74568.8
74942.5
74946.6
74969.1
75007.1
75017.6
75031
75034.6
75036.6
75079.1
75088
75089.9
75093.2
75102.1
75103.4
75160.1
75163.3
75223
75439.6
75464.2
75465.8
75494.2
75497.8
75613.5
75615.6
75647.4
75649.7
75703.1
75708.9
76165
76188.3
76196.7
76835.9
76888.8
76892.6
76895.3
76903.5
76905.6
76915.8
76918.8
76921
76939.9
76942.6
76980.4
77105.4
77126.5
77134
77151.8
77193.7
77314.7
77320.8
77356
77357.1
77370.7
77379.2
77384.5
77393.5
77401.5
77424
77460.2
77461.4
77470
77486.4
77494.4
80981.2
81271.6
81277.6
81283.7
81300.6
81306
81326.5
82537.3
82551.7
82560.7
82576.9
82580.2
82621.7
82624.7
82647.4
82669.7
82673.4
82680.6
82683.3
82686
82691.9
82703.5
82707.1
82715.5
82721.2
82724.7
82729.9
82735.6
82740.5
82754.7
82760.5
82766.5
82770.9
82777.9
82780.6
82786.9
82789.1
82791
82794.5
82798.6
82807.5
82809.8
82819.2
82827.5
82839.4
82844
82847.6
82850.5
82861.1
82864.5
82872.4
82875.4
82878.3
82887
82888.3
82905
82907.9
82921.7
82926.1
82951.4
82952.7
82955.6
82959.2
82964.1
83098.9
83157.7
83180.3
83225.3
83236
83618.2
83650.6
83653
83818.6
84828.1
84838.1
84841.4
84845.1
84845.9
84850.9
85397.9
85571.2
85577.1
85590.5
85724
85726.4
85744.7
85745.5
85746.4
85747.7
85749.8
85755.3
85758.9
85779.7
85781.1
85783.5
86279.6
87705.8
87715.9
87732.6
87759.8
87768.9
87771.9
87810.2
87811.7
87824.6
87826.4
87829.7
87833.4
87847.8
88084.4
88094.4
88102.7
88140.5
88144.9
88156.7
88160.6
88168
88172.3
88184.6
88432.7
88468.8
88473.8
88499
88504.9
88508.7
88878.9
88911.1
88912.8
88916
88952.8
88963.1
88980.9
88988.2
88991.1
88995.9
89002.6
89004.4
89010.3
89012.1
89013.7
89022.9
89026.3
89027.7
89043.8
92465.8
92483.2
92485.1
92494.6
95241.6
95692.7
95740.7
95746.4
95752.5
95754
96417.4
96438.2
96442.6
96457.2
96461
98629.1
98824.1
98836
98845.9
99501.3
99513.4
99512.3
99548.6
99552.4
99553.8
99632.9
99651.7
99654.2
99670.4
99673.3
99768
99781.5
99801.5
99817.4
99822
99824
99825.3
99831.1
99832.6
99844.5
99847.1
99850.9
99878.2
99900.9
99902.4
99906.5
99929.8
99933.4
99945.3
100080
100096
100100
100106
100114
100124
100129
100131
100134
100228
100243
100257
100261
100266
100270
100280
100283
100289
100301
100306
100311
100313
100314
100316
100318
100324
100328
100332
100336
100339
100340
100342
100344
100348
100357
100360
100365
100368
100370
100371
100373
100378
100381
100673
101702
101818
101828
101830
102091
102092
102225
102230
102384
102559
102564
102584
102593
102599
102622
102642
102654
102670
102682
102686
102698
102719
102722
102725
103394
103441
103463
103467
103502
103507
103551
103587
103591
103596
103598
103615
103617
103621
103642
103676
103707
103718
103769
103799
103816
103827
103845
103887
103894
103897
103902
103910
103913
103935
103934
103942
103955
103967
103973
104155
104554
104556
104790
104823
104827
104859
104992
105002
105254
105267
105272
105287
105294
105300
105303
105313
105324
105332
105328
105329
105331
105332
105346
105351
105346
105354
105357
105366
105424
105435
105433
105435
105449
105451
105453
105456
105467
105559
105886
105902
105910
106209
106216
106220
106223
106230
106239
106305
106309
106324
106326
106328
106332
106334
106336
106344
106347
106349
106350
106966
107015
107074
107108
107111
107127
107170
107703
107719
107731
107735
107737
107746
107750
107754
107920
107935
107945
108013
108021
108135
108138
108148
108194
108249
108350
108388
108398
108440
108466
108473
108501
108504
109542
109656
109660
109706
109714
109761
109763
109785
109810
109811
110272
112038
112059
112065
112872
112874
113364
113724
113728
113733
113744
113770
113777
113793
113795
113798
113980
114009
114057
114433
114434
114466
114470
114472
114509
114511
114524
114540
114565
114584
114591
114592
114597
114598
114602
114620
114626
114631
114646
114648
114662
114666
114665
114669
114667
114672
114709
114721
114746
114774
114779
114781
114782
114788
114822
114824
114851
115132
115135
115162
115185
115191
115232
115239
115242
115257
115271
115275
115452
115459
115460
115711
116006
116054
116058
116122
116155
116157
116166
116173
116180
116213
116217
116225
116236
116239
116243
116251
116262
116277
116280
116283
116285
116288
116313
116316
116320
116324
116328
116333
116908
116917
116962
117245
117249
117279
117287
117290
117294
117298
117299
117302
117305
117312
117323
117332
117911
117948
117950
117956
117963
117964
117970
117976
117978
117982
117985
117987
117989
117992
117994
118004
118006
118008
118021
118023
118027
118029
118030
118033
118041
118042
118044
118047
118049
118053
118059
118061
118065
118068
118070
118084
118089
118198
118531
118534
118535
118543
118545
118551
118557
118560
118564
118572
118575
118580
119212
119216
119299
119305
119311
119314
119316
119321
119337
119344
119470
119485
119512
119514
119525
119528
119548
119552
119569
119591
119600
119616
119645
119648
119650
119651
119653
119657
119658
119665
119667
119671
119673
119772
119940
119965
119972
120112
120116
120132
120156
120173
120177
120164
120176
120179
120188
120213
120200
120215
120205
120227
120278
120316
120328
120313
120406
120530
120544
120561
120587
120587
120606
120611
120627
120645
120638
120692
120726
120745
120765
120769
120775
120787
120792
120794
120807
120827
120834
120841
120851
120847
120869
120881
120901
120905
120898
120908
120900
120902
120904
120927
120944
120972
121033
121036
121051
121064
121138
121140
121164
121184
121185
121206
121226
121488
121490
121565
121579
121582
121585
121592
121593
121610
121617
121624
121678
121688
121692
121687
121694
121703
121707
121715
121732
121731
121748
121751
121784
121787
121795
121806
121813
121864
121868
121874
121878
121920
121934
121931
121946
121965
122070
122083
122112
122118
122123
122126
122179
122243
122244
122253
122274
122278
122295
122302
122314
122321
122333
122350
122478
122485
122489
122498
122504
122507
122510
122514
122516
122589
122597
122604
122617
122626
122629
122631
122653
122656
122674
122681
122683
122686
122687
122689
122693
122694
122697
122700
122703
122705
122708
122709
122726
122733
122737
122739
122750
122752
122754
122757
122971
122973
122977
123002
123004
123009
123069
123102
123098
123100
123103
123105
123119
123118
123121
123132
123137
123140
123146
123147
123151
123161
123180
123181
123188
123192
123196
123210
123321
123402
123572
123644
123648
123658
124093
124231
124233
124240
124307
124443
124710
124713
124718
124731
124740
124728
124745
124743
124763
124749
124777
124772
124779
124775
124781
124797
124796
124810
124809
124822
124825
124835
124843
124877
124914
124918
124922
124925
124929
124934
124942
124950
124954
124957
124962
124964
124975
124978
125004
125007
125010
125014
125016
125017
125216
125231
125237
125256
125266
125271
125274
125314
125319
125325
125328
125343
125363
125368
125374
125382
125386
125739
125743
125747
125752
125757
126215
126218
126220
126570
126628
126631
126640
126641
126644
126649
127238
127317
127350
127351
127354
127361
127364
127382
127388
127389
128038
128044
128183
128406
128495
128502
128513
128530
128536
128540
128548
128552
128555
128558
130775
130823
130831
130838
130853
130891
131484
131523
131655
133498
133508
133511
133515
133524
133538
133540
133544
133545
133549
133555
133572
133574
133577
133594
133597
135025
135028
135032
135036
135077
135100
135102
135113
135214
135221
135222
135228
135233
135238
135241
135242
135247
135260
135264
135267
135280
135290
135292
135299
135302
135304
135306
135310
135315
135320
135321
135324
135428
135438
135471
135482
135494
135498
135505
135541
135534
135535
135537
135538
135596
135599
135592
135605
135618
135634
135650
135655
135870
135874
135877
135881
135883
135886
135893
135896
135905
135906
135912
135955
135961
135966
135972
135980
135982
136020
136022
136026
136030
136031
136034
136039
136040
136041
136043
136043
136045
136047
136049
136053
136054
136064
136081
136091
136118
136120
136121
136129
136138
136141
136144
136147
136149
136150
136151
136154
136157
136158
136162
136165
136184
136187
136590
136592
136605
136972
136991
138110
138115
139053
139057
139067
139070
139080
139081
139084
139089
139094
139096
139098
139113
139114
139126
139134
139136
139139
139141
139142
139144
139154
139156
139175
139286
139318
139330
139345
139426
139434
139450
139458
139465
139504
139534
139536
139539
139546
139563
139604
139615
139617
139641
139645
139672
139676
139679
139681
139684
139687
139688
139696
139699
139703
140510
140513
140516
140519
140523
140526
140531
140536
140541
140546
140559
140564
140595
140643
140719
141483
141503
141513
141529
141535
141538
141540
141544
141548
141553
141732
142096
142648
142675
142683
142684
142835
142931
142933
142962
142965
142968
142971
143015
143017
143049
143059
143076
143108
143123
143461
143479
143481
143494
143497
145337
145339
145345
145347
145350
145355
145916
145919
146005
146158
146188
146208
146301
148580
148625
148675
148678
148679
148682
148705
148934
148936
148945
148946
148973
148988
149043
149059
149063
149087
149090
149095
149129
149151
149178
149180
149214
149220
149306
149312
149314
149389
149470
149506
149516
149548
149551
149553
149561
149625
149628
149636
149637
149641
149669
149693
149763
150065
150580
150636
150819
150822
151060
151071
151098
151105
151621
151631
151658
151695
151736
152153
152164
152196
152197
152205
152213
152214
152216
152223
152228
152231
152236
152309
152317
152324
152329
153669
153671
153695
153697
153701
153703
153983
153988
154197
154292
154294
154350
154370
154373
154381
154387
154392
154398
154400
154406
154409
154491
159227
159289
159390
159459
159601
159677
159684
159690
159697
159711
159759
159771
159777
159820
159880
159890
159893
159896
159897
159919
159924
159926
159929
159942
159982
160035
160176
160182
160184
160186
160190
160192
160197
160202
160211
160213
160223
160228
160253
160254
160259
160263
160264
160266
160486
160897
160932
161029
161345
161362
161373
161402
161419
161421
161453
161458
161460
161464
161471
161473
161474
161477
161503
161527
161537
161548
161561
161924
162007
162008
162035
162109
162157
162178
162208
162647
162669
162676
162696
162698
162716
162846
162847
164208
164221
164216
164226
164233
164292
164301
164302
164313
164336
164404
164408
164409
164443
164773
164778
164788
164794
164801
164841
164852
164858
164866
164874
164905
165019
165086
165092
165117
165121
165167
165173
165176
165178
165185
165195
165196
165204
165252
165274
165293
165299
165353
165364
165379
165414
165419
165423
165441
165489
165647
165654
165658
165826
165831
165859
165867
165875
165879
165881
165885
165890
165892
165894
165897
165898
165899
165902
165904
165909
165911
165914
165917
165919
165921
165922
165925
165926
166042
166044
166063
166077
166183
166508
166522
166529
166534
166538
166543
166544
166547
166549
166560
166562
166565
166567
166569
166573
166575
166578
166582
166583
167775
167777
168473
168798
168800
168806
168834
168837
168840
168842
168845
168846
168855
168858
169261
169262
169264
169285
169289
169292
169340
169419
169515
169539
169544
169560
169561
169562
169563
169566
169584
169586
169744
169747
169753
169957
170067
170070
170089
170094
170150
170153
170158
170163
170165
170166
170171
170180
170189
170222
170223
170256
170262
170736
170739
171955
171972
172151
172178
172181
172184
172190
172204
172215
172217
172219
172225
172231
172235
172259
172277
172417
172452
172455
172491
172492
172581
173028
173029
173032
173063
173196
174333
174337
174342
174345
175015
175020
175026
175035
175066
175089
175104
175150
175169
178530
178552
178556
178562
178577
178578
178593
178596
178604
178606
178613
178640
179277
179324
179369
179380
179383
179399
179403
179410
179417
179443
179454
179486
179491
179495
179500
179530
179537
179546
179554
179561
179563
179564
179567
179570
179573
179575
179578
179580
179598
179603
179604
179607
179610
179621
179628
179632
179633
179636
179637
179641
179644
179648
179652
179656
179659
179661
179664
179670
179672
179674
179676
179682
179684
179692
179695
179701
179705
179711
179716
179719
179724
179811
179816
179818
179821
179822
179827
179833
179835
180670
180707
180720
180750
181833
181842
181844
181847
181861
181864
181871
181886
181889
181931
181932
181994
182024
182067
182069
182082
182850
183327
183333
183772
183781
183784
183793
183796
183820
183822
183825
183834
185050
185065
185097
185111
185121
185208
185279
185295
185310
185315
185319
185399
186013
186049
186051
186097
186108
186114
186115
186128
186145
186187
186212
186242
186242
186260
186252
186267
186292
186423
186437
186509
186523
186527
186530
186534
186561
186567
186558
186575
186566
186570
186574
186589
186596
186598
186591
186594
186600
186619
186623
186632
186649
186639
186642
186656
186658
186653
186655
186676
186666
186669
186674
186681
186684
186686
186688
186694
186696
186718
186727
186737
186756
186765
186779
186803
186898
186930
186948
186955
186979
187411
187450
187460
187467
187477
187480
187640
187741
187745
187746
187758
187759
187815
187817
187820
187838
188169
188180
188177
188179
188189
188192
188194
188205
188220
188213
188239
188244
190122
190123
190132
190137
190158
190161
190164
190172
190201
190205
190210
190246
190248
190319
190341
190355
190414
190488
190495
190504
190508
190511
190514
190520
190524
190553
190555
190555
190585
190606
190608
190620
190621
190615
190630
190633
190635
190677
190683
190796
190911
190928
190932
190936
190939
190941
190944
190947
190951
190958
190960
190962
190966
190967
190971
190976
190978
190980
190982
191033
191037
191038
191048
191064
191069
191089
191124
191129
191545
191557
191590
191595
191597
191600
191607
191611
191613
191615
191616
191618
191621
191759
191765
191768
191848
191855
191868
191870
191876
191880
191884
191900
191910
191902
191906
191908
191939
191944
191958
191967
191992
192021
192031
192038
192027
192033
192036
192052
192040
192065
192067
192082
192070
192074
192080
192085
192120
192190
192195
192203
192225
192229
192254
192256
192261
192266
192268
192284
192294
192317
192327
192344
192361
192372
192408
192422
192483
192491
192767
192787
192802
192809
192814
192802
192810
192838
192841
192851
192857
192859
192862
192865
192874
192878
192880
192891
192892
192904
192910
192916
192919
192927
192929
192930
192935
192937
192940
192947
192949
192952
192961
192966
192969
192970
192972
192974
192975
192979
192981
192984
192986
192998
193002
193008
193010
193014
193017
193020
193022
193026
193030
193031
193034
193059
193070
193075
193542
193580
193583
193621
193661
193663
193668
193672
193675
193703
193746
193768
193774
193779
193789
193792
193798
193799
193803
193808
193816
193817
193819
193827
193830
193831
193836
193837
193838
193839
193844
193850
193854
193855
193861
193989
193996
193999
194008
194056
194086
194100
194101
194103
194105
194108
194120
194122
194187
194189
194198
194202
194204
194205
194210
194229
194231
194238
194242
194243
194246
194255
194273
194275
194280
194282
194294
194321
194354
194382
194384
194387
194425
194437
194445
194447
194460
194464
194483
194485
194488
194489
194493
194555
194563
194628
194645
194658
194663
194669
194712
194733
194738
194741
196291
199607
