2669.15
4524.34
5450.85
6557.76
9295.93
12004.7
16235.4
21207.5
24788.9
35756.8
37573.8
51928.2
53971.2
54487.1
59250.6
60355.2
62294.2
62330.6
64205
64488.1
67695.6
68305.8
70660.4
72120.3
72363
73626.1
75438.9
80237.1
83218.7
87068.8
87684.4
91031.8
92946.7
93237.4
94492.4
105413
105673
107018
110221
118375
118515
122151
125862
130683
131060
136678
137980
139129
140395
153331
153551
154235
155168
155675
156825
158330
158766
159266
160019
161312
166707
169619
169853
170578
171384
173116
176303
176815
178192
182120
187449
187804
188874
189704
191534
191628
194895
195219
196079
196694
196889
