1500.35
2172.81
2530.81
2615.77
3434.02
3601.98
5922.54
6532.33
6589.76
7543.75
9142.23
11059.2
12330.3
13005.8
13365.4
14947.5
15023.2
16064.7
16273.5
18078.3
18118.9
19113.7
19602.5
20320.1
21019.9
21320.1
22460.3
23021.6
23321.5
23933.1
24203.6
27019.6
27092.9
28926.8
31006.6
32772.5
35165.6
35962.1
38222.8
40326
44042.1
45673.5
45789.2
46736.3
47374.7
47574.3
48760.8
50265.3
51100.4
51112.5
51551.3
52018.7
52543.2
53203.5
53256.5
53568.2
54691.4
55849
56818.5
57369.5
57860.7
58585.5
58790.9
59709.5
59950.4
60899.9
62975.9
63049.8
63708.5
64133.9
65396.8
66162.2
67092.5
67574.6
67804.5
68095.7
68827.3
70246.6
70260.1
70580.8
70854.8
72309.7
72386.8
72684.2
73003.7
73517.6
74272
75002.8
75020.3
75282.9
75616
75738.5
76282.7
76370
76411.6
76880.2
78786.2
78869
79171.4
79542.1
80040.4
82284.1
83770.6
84953.9
85586.1
86588.5
87092.1
87888.4
88126.9
89554.8
91995.3
92393.3
93289.1
93368.4
93772.7
94925.2
95576.1
95669.2
96092.8
96706.3
102508
103517
104619
105201
105247
106687
106720
109179
109717
111794
112174
113142
113788
113937
115204
115666
115680
115969
115984
116689
116873
117284
117388
117698
118509
119281
119308
119888
120717
122551
123095
126509
127721
127756
128656
129163
129593
131656
132541
132638
135452
135539
135713
138853
141226
141704
142213
144843
145306
146824
147313
147575
148014
149681
152113
152455
152599
154873
155109
155485
155483
157741
158314
159822
160377
161465
162242
165335
167276
167552
167629
167841
168061
169055
169267
169406
169988
170745
171448
172521
173140
173592
173745
176961
177027
177200
177731
178295
178996
179335
180780
181466
182297
183525
184047
185269
186593
186796
186948
187476
187520
188066
188081
188407
188443
190471
191663
192444
192797
193052
193297
193673
194922
197022
197788
198187
198208
199607
