906.26
932.4
945.91
961.89
974.65
1010.72
1022.56
1054.59
1069.55
1077.18
1123.93
1155.3
1170.95
1177.62
1185.78
1207.23
1219.37
1236.78
1280.91
1323.51
1345.71
1351.13
1374.59
1387.76
1391.4
1398.2
1411.07
1417.94
1437.33
1445.05
1449.56
1450.86
1488.29
1490.28
1498.75
1500.2
1502.01
1518.77
1520.04
1521.24
1533.26
1571.01
1605.37
1608.93
1621.44
1639.98
1641.98
1649.24
1649.9
1659.37
1662.64
1674.47
1677.92
1706.54
1728.57
1739.11
1738.59
1745.03
1748.75
1752.03
1766.68
1767.77
1769.22
1786.5
1789.98
1796.29
1809.83
1814.21
1815.62
1818.36
1833.39
1837.7
1841.45
1842.5
1850.06
1853.46
1865.49
1902.22
1945.41
1960.87
1966.97
1968.51
1978.73
1989.16
1991.37
2077.06
2098.05
2111.99
2113.47
2114.14
2126.9
2134.84
2138.86
2147.03
2148.48
2149.82
2242.97
2276.11
2280.43
2372.95
2689.38
2698.68
2701.48
2705.52
2765.12
2801.75
2821.26
2888.59
2890.16
3167.47
3470.1
3508.16
3573.34
3655.96
3667.08
3676
3678.14
3686.24
3947.86
3970.01
4209.39
4243.96
4626.66
4650.89
4659.77
4680.72
4709.23
4712.59
4725.48
4731.2
4732.46
4745.5
4757.99
4765.74
4766.91
4768.4
4774.53
4837.7
4909.43
4913.26
4937.35
4943.22
4957.99
4976.78
5003.34
5013.3
5034.49
5045.49
5105.06
5127.98
5132.08
5152.68
5171.26
5201.27
5238.77
5242.98
5335.47
5376.18
5425.26
5436.91
5506.14
5524.08
5534.36
5543.08
5572.21
5580.6
5582.31
5586.47
5586.86
5598.76
5608.54
5618.09
5635.38
5650.13
5657.14
5656.52
5664.83
5692.84
5703.41
5712.61
5714.66
5726.31
5754.74
5763.78
5806.84
5807.78
5809.96
5831.43
5867.21
5870.76
5882.65
5886.64
6002.74
6033.82
6072.86
6161.43
6189.45
6213.51
6255.04
6368.38
6408.5
6463.4
6523.4
6528.07
6534.39
6572.54
6578.47
6593.3
6634.67
6656.24
6657.49
6659.14
6689.25
6717.99
6793.59
6817.7
6835.22
6855.26
6889.33
6899.41
6900.09
6906.82
6907.31
6931.9
6936.02
6966.55
6982.6
7008.27
7030.78
7035.58
7054
7061.47
7062.94
7072.36
7094.68
7099.78
7143.69
7177.62
7465.08
7501.94
7932.48
8023.64
8060.91
8093.88
8155.35
8159.87
8163.6
8210.09
8216.59
8239.69
8245.18
8266.28
8285.05
8291.12
8357.09
8362.15
8383.19
8411.73
8423.98
8460.06
8477.21
8500.65
8515.06
8541.19
8541.26
8545.02
8547.56
8550.43
8551.84
8563.1
8570.76
8591.01
8602.74
8609.06
8621.81
8646
8995.11
9004.3
9370.29
9395.81
9410.88
9435.19
9592.2
9599.22
9645.33
9669.05
9673.61
9861.37
9862.91
9885.14
9898.66
9904.99
9929.38
10072.3
10106.4
10107.9
10158.3
10263.6
10297.1
10301.4
10306.1
10321.1
10328.5
10335.8
10352.5
10387.2
10516.4
10538.3
10592.2
10593.5
10598.7
10617
10624.7
10629.6
10633.4
10657.5
10675
10713
10729.4
10732.9
10751.9
10784.2
10796.7
10812.5
10825.7
10834.8
10840.9
10885.5
10899.9
10929.3
11008.1
11165.3
11196.7
11568.1
11667.3
11690.4
11906
11916.2
11969.9
11978.3
11987.4
11994.3
11995.2
12001.3
12005.4
12004.6
12017.4
12023.9
12027.4
12028.8
12038.6
12040.5
12049.8
12072.4
12074.8
12080.1
12085.5
12091.1
12183.4
12210.6
12233.3
12244.6
12252
12262
12307.1
12308
12347.9
12350.9
12362.8
12390
12407.2
12408.6
12417.6
12452.8
12488.1
12514.5
12528.9
12530.6
12538.8
12555.8
12655.6
12715.2
12757.4
12945.7
12973.7
12996.2
13013.9
13034.4
13062.1
13066.6
13076.8
13297.5
13474.7
13510.5
13527.1
13533.7
13540.2
13542.7
13721.1
13750.6
13834.8
13841.8
13859.6
13874.4
13955.2
14213
14262.7
14448.1
14461.9
14467.6
14482.8
14487.6
14504.8
14521.5
14532.2
14568.7
14570.6
14602.7
14626.3
14638.3
14636.9
14663.6
14670.8
14676.5
14684.3
14686.5
14703.4
14701.7
14704.8
14720.6
14823.2
14843.1
14866.1
14991.5
15009.8
15014.6
15025.7
15060.9
15956.8
16182.3
16288.6
16333.5
16395.9
16433.8
16660.7
16726.2
16739.3
16764.7
16768.9
16775.7
16784.1
16825.1
17086.9
17100
17688.4
17749.4
17784
18260.7
18275
18342.7
18382.4
18444.9
18450.5
18508.3
18543.8
18686.3
18737.8
19261
19341.4
19374
19398.6
19433.7
19474.4
19476.3
19477
19506.6
19525.2
19528.6
19543.5
19547.5
19548.6
19567.5
19598
19666.1
19692.2
19694.4
19713.3
19816.3
19876
20224.1
20307.4
20312
20318
20346.3
20465.2
20818.3
21028.4
21131.4
21162.8
21173.9
21175.6
21189.1
21242.8
21714.5
21758.2
21766.2
21779.9
21794.5
21860.2
21866
21901.7
21981.9
22000.6
22003.9
22014.7
22137.6
22141.5
22143.3
22157.1
22176.7
22249
22252.9
22274
22349.3
22436.8
22470.5
22496.5
22517.7
22539.5
22790.9
22797.1
22869.9
22898.8
22908.9
22917.2
22916
22916.4
22924.5
22933.1
22935.6
22938.7
22963.7
22977.1
22980.6
22996.5
23043.8
23070.9
23075.4
23165
23209
23212
23242.8
23292.9
23318.6
23348.8
23345.7
23352.5
23356.2
23432.3
23522.7
23546.7
23581.8
23580.5
23592.9
23615.6
23619.3
23658.9
23664.2
23665.6
23670.6
23703
23709.2
23714.6
23720.1
23719.1
23719.1
23728
23735.4
23742.5
23744.1
23749.5
23752.3
23755.5
23771.8
23774.7
23795.6
23800.1
23800.4
23802.6
23805.8
23824.9
23838.1
23838.2
23866.2
23878.3
23877.3
23886.1
23896.5
23904.5
23908.1
23922.3
23925.7
24010.7
24405
24988.7
25015
25116.2
25117.7
25116.5
25131.8
25152.3
25169
25187.1
25184.1
25202.4
25210.7
25261.9
25380.2
25464.2
25465.1
25469.4
25495.1
25512.8
25694.5
25714.2
25716.8
25730
25735.4
25742.7
25748.6
25750.2
25751.1
25753.9
25758.7
25761.4
25780.2
25799.9
25812.4
25836.1
25849.3
25873.7
25894.7
25901.5
25981.9
25987.6
25988.8
26012.6
26015.5
26020.1
26023.7
26024.8
26030.3
26034.9
26066.9
26081.4
26098.8
26132.8
26161.4
26172.8
26181.8
26185.9
26188.5
26205.1
26231.4
26270.2
26699.1
26720.9
26724.7
26767.9
26802.4
26821.5
26831.3
26838.2
26839.9
26875.9
26889.3
26890.9
26894
26902.9
26922.5
27014.9
27068
27101.4
27111.2
27146.5
27262.2
27325.5
27337
27336.4
27337.8
27355.8
27372
27379.1
27397.6
27410.3
27417.1
27443.8
27450.1
27465.1
27475.7
27478.2
27540.2
27560.8
27611.9
27691.4
27852.8
27920.9
27939
27956.6
27959.6
27971.2
28017.4
28021
28027.7
28081.3
28105.3
28133.9
28158.5
28168.1
28173.6
28176
28178.7
28200.4
28218.2
28225.9
28230
28237.1
28253
28254.2
28299.6
28300.2
28307.4
28307.1
28317.8
28364
28402.7
28420.4
28425.3
28450.3
28460.1
28477.7
28519.1
28536.8
28555.7
28645.3
28647.3
28676.2
28706
28720
28725.6
28731.4
28881.1
28944.2
28967.4
28980.8
28989.3
28991.2
28997.7
29018.6
29547.2
29582.9
29593.2
29604.9
29620.6
29956
29985.3
30109.7
30117.7
30140.3
30141.4
30170.4
30508.2
30527.9
30585.6
30644
30650.6
30668.3
30676.7
30675
30681
30677.5
30683.1
30766.8
30794.7
30810.2
30823.6
30855.4
30870.5
30903.5
30922.6
30946.4
31383
31396.7
31401.1
31417.6
31420.6
31420.5
31438.9
31441.5
31455.8
31463.8
31475.2
31504.7
31583.9
31600.9
31607.4
31609.7
31613.4
31619.5
31628.1
31634.5
31641.4
31645.1
31646.4
31656.2
31659.3
31677.9
31695.7
31866.2
31953.1
31954.7
31988.8
31989.6
32028.6
32065
32065.5
32081.1
32142.7
32146.2
32227.7
32335.6
32805.1
32806.4
33382
33514.1
33545.1
33556.1
33583.4
33712
33728.1
33899.6
34037.1
34268
34283
34291.5
34633.9
34677.6
34698.3
34702.3
34750.5
34766.7
34775.1
34777.1
34779.2
34819.9
34830
34827.2
34854.7
34882.8
34902.7
34936.4
34940.1
34947.5
35016.6
35080.2
35085.5
35110.4
35162.5
35165.9
35184.3
35436.4
35440.3
35452.3
35460.1
35463.2
35470.1
35511.7
35527.8
35555.2
35566.7
35568.4
35586.5
35599.5
35605.7
35706.8
35709.5
35727
35732.4
35785.5
35817
35862.4
35897
35898
35900.7
35962.6
35969.2
35973.5
35975.3
35992
36047
36100
36101.7
36165
36178.2
36213.3
36977.2
37010.1
37017
37021.8
37116.1
37118.7
37131.2
37135.3
37157.2
37198.1
37241
37248.8
37259.8
37268.2
37284.2
37304
37309.1
37325.8
37325.4
37342.5
37406.2
37409.9
37414
37426.1
37436.2
37432.1
37446.8
37461.4
37464.4
37487.4
37489.3
37495.2
37495.9
37510
37517.7
37537.7
37571.4
37624.8
37930.1
38053.6
38071.9
38083.7
38121.6
38131.1
38135.7
38134.7
38169.1
38231.8
38232.2
38281
38313.6
38315.5
38309.6
38322.2
38343.2
38355.1
38360.5
38371.8
38383
38390
38394
38400.9
38419.5
38427
38428.7
38450.1
38455.6
38469.6
38481.2
38481.6
38486.8
38526.6
38528.5
38548.9
38557.8
38578
38625.1
38626
38630.6
38911.3
38997.8
39047.3
39053.5
39055.8
39806.7
39832.8
39837.4
39881.4
39885.8
39902.4
40018.3
40072.7
40105.2
40111.9
40120.2
40123.6
40123.5
40135.6
40134.6
40136.2
40168.1
40168.8
40170.6
40175.3
40184.5
40186.2
40227.8
40240.5
40312.3
40316.4
40365.4
40437.2
40448.3
40472
40475.2
40521.6
40536.3
40539.6
40540.7
40548.3
40566.6
40567.6
40567.8
40562
40562.7
40575.8
40593.3
40601.1
40701.9
40714.2
40717.1
40751.3
40767.3
40805.4
40813.5
40812.7
40871.4
40892.5
40887.3
40896.7
40894.1
40896.2
40930
40931.5
40927.6
40933.2
40934.8
40977.7
40989.9
41001.2
41009.2
41019.3
41026.7
41039.8
41129.8
41141.3
41152.7
41153.9
41162
41180.7
41209
41226.2
41242.2
41251.1
41277.5
41296.1
41303.5
41564
41622
41639.2
41651.3
41654.9
41666.4
41675.5
41714.3
41724.2
41725.2
41768.9
41793.5
41832.5
41848.8
41894.2
41953.8
42799.2
42836.2
43060.4
43202.9
43279.3
43288.1
43303.2
43743.8
43825
44204.5
44269.4
44304.1
44314.2
44331
44339.3
44363.1
44368
44369.7
44380.8
44381.4
44392.5
44396
44401.5
44407.2
44411.3
44418.3
44431.5
44463.6
44474.8
44475.7
44695.9
45118.5
45121.2
45162.6
45230.2
45276.6
45302.4
45308.1
45330.6
45333.7
45390.6
45764
45766.6
45776.9
45800.4
45818.7
45886.1
45899.9
45901.3
45915.4
45919.6
45953
45972
45983.7
46029.9
46060.6
46096.1
46170.6
46260.1
46310.7
46393.5
46410.9
46422.1
46449.4
46450.5
46466.3
46505.6
46522.9
46540.1
46537.6
46558.1
46576.8
46583.7
46647.7
46690.7
46707.2
46731.6
46731.5
46750.8
46772.8
46774.3
46780.7
46794.9
46848.1
46868
46881.9
46908.7
46926.6
46943.7
47128.8
47133.7
47229
47267
47558.9
47571
47587.2
47606.8
47746.3
47746.8
47955.3
48417
48418.9
48424.7
48440
48454.6
48469.6
48467.1
48477.4
48556.7
48608.7
48626.7
48674.5
48875.4
48915.7
48921.2
48981.4
49033.7
49804.5
49979.1
49986.7
50040.7
50042.2
50066.4
50078.9
50088.6
50192.9
50233.5
50251.9
50542.1
50566.4
50576.2
50588.2
50811.9
50826.7
50850.5
50854.1
50855.2
50873.6
50892.5
50904.7
50966
50978.5
50985
50989.7
50994.7
51091
51141
51221.8
51227.4
51311
51380.1
51679.9
51800
51832.2
51836.1
51868.1
51902
51907.7
51922.7
51944.2
51990.5
52018.5
52099.2
52149.5
52176.6
52434.9
52467.7
52469.4
52761.4
52788
52812
52870.4
52872.8
52902.4
52905.5
52906.8
52919.7
52948.2
53038.4
53144.6
53155.2
53170.4
53178.8
53179.6
53186.8
53227.4
53297.2
53345.5
53367.3
53389.5
53394
53401.9
53423
53470.8
53477.7
53494.1
53743.6
53769.1
53826.9
53915
53938.6
53994.4
54005.6
54035.1
54073
54126.8
54145.3
54152.5
54170.5
54259.5
54321.9
54362.4
54364.7
54370.8
54379.5
54394.1
54420.6
54434.2
54563.5
54650.8
54657.5
54667.5
54703.1
54724
54770.1
54783.2
54775.1
54790.6
54782.6
54794.1
54820
54827.9
54835.2
54840.8
54855.4
54882.4
54898.1
54918.2
54928.8
54955.8
54946.5
55004.5
55032.8
55056.2
55062.5
55076.3
55102.3
55109.3
55128.3
55153.9
55159.4
55352.7
55404.4
55414.3
55423.9
55437.4
55477.5
55515.9
55645.2
55697
55754
55760.3
55819.7
56018.2
56068.2
56107.8
56207.1
56211.9
56254.7
56260
56308.1
56331.7
56362.9
56501.7
56530.9
56533.7
56544.2
56596.6
56613.3
56616.4
56621.7
56626.2
56632.8
56624.5
56636.9
56630.5
56632.6
56646.9
56652.2
56658.6
56652.1
56663.2
56655.3
56679.3
56698.2
56703.2
56703.1
56737.5
56751.7
56764.8
56788.6
56813
56819.9
56824.1
56839.6
56855.6
56915.5
56925.5
56944.8
56965.4
56958.9
57002.1
57009.6
57016.7
57010.1
57023.4
57078.4
57110.9
57119.3
57132.8
57188.3
57252.2
57566
57660.6
57704
57706.1
57735.7
57757.6
57760.1
57941.8
57981
57981.8
58013.9
58019.2
58065.4
58306.7
58338
58404.9
58413.7
58427
58436.2
58447.6
58565.1
58606.9
58624.7
58635.7
58647.2
58696.3
58699.3
58721.6
58773.7
58834.6
58838.5
58839.7
58881.7
58914.4
58914.7
58920.7
58923.1
58929.8
58932.7
58942
58945
58955.3
58976.6
58984.3
58984.8
58991.9
58992.9
59016.8
59033.9
59037.3
59052
59054
59057.3
59060.5
59069.1
59084.7
59095.8
59101
59105.5
59120.5
59175.9
59178.6
59242.3
59243
59249.3
59264.1
59274.2
59281.9
59291.2
59292.2
59294.4
59314.3
59332.2
59331.3
59336.3
59350.4
59354.4
59356.9
59370.4
59394.8
59403.5
59452
59454.1
59457.3
59462.5
59477.7
59485.6
59492.1
59494.8
59499.1
59527.4
59528.8
59540.1
59551.8
59592.7
59884.6
59927.4
59957.3
59968.7
60008.8
60011
60038.4
60140.6
60143.3
60153.7
60155.2
60174.5
60197.2
60202.2
60224
60225.1
60242.3
60264.8
60296
60416
60467.4
60498.6
60534.4
60579
60599
60601.9
60608
60658.4
60669.5
60701
60699.1
60808.4
60991.1
61025.8
61095.5
61118.2
61154.9
61219.6
61224.5
61397.9
61413
61429.9
61454.8
61469.8
61480.8
61508.6
61553.8
61576.2
61621.2
61647
61675.7
61957.9
61970.2
61983.1
62029.7
62031.8
62046.3
62057.8
62062.8
62073.3
62082.6
62086.4
62086.6
62091.1
62112.1
62118.3
62121.3
62134.9
62178.5
62224.5
62240.9
62342.2
62386.7
62689.7
62889.1
62899.8
62900.5
62964.4
62978.9
62991
63036.6
63037.9
63069
63070
63071.2
63081.9
63086.9
63108
63113.8
63130.8
63152.7
63157.4
63154.5
63220.5
63229.7
63242.7
63293.3
63296.5
63310.7
63333.5
63346.6
63374.3
63753.9
63845.3
63849.7
63867.9
63978.2
64284.5
64476.1
64501.4
64749.5
64831.9
64863.4
64911.9
64921.7
65393.8
65402.1
65425.7
65433.8
65490.7
65512.1
65562.6
65563.8
65585.2
65611.9
65734
65855.6
65857.9
65868.6
65883.9
65888.6
65897.1
65886.3
65934.1
65948.6
65945.8
65965.4
66041.8
66043.8
66603.3
66635.8
66690.9
66707.7
66999.2
67038.6
67075.3
67130.8
67123.6
67132.8
67134.8
67148.9
67151.1
67166.2
67228.5
67234.2
67245.8
67270.8
67279.7
67287.7
67295
67331.6
67358.4
67360.1
67379.8
67389.5
67401.5
67406.5
67410.3
67412
67448.7
67467.2
67471.5
67474.9
67485.9
67496.9
67508.3
67561.5
67566.5
67568.2
67578.2
67787.5
67792
67847.1
67861.5
67891.5
67902.8
67915.4
67924.1
67948.2
67985.5
67994.3
67998.1
68031.6
68056.9
68067.7
68066.7
68082.3
68084.1
68112.5
68134
68156.3
68233
68793.8
69022
69053.1
69327.5
69432.7
69465.6
69498.2
69526
69562.7
69571.5
69576.3
69579.8
69597.9
69600.5
69615.2
69656.7
69664.1
69672.8
69680.8
69681.5
69697.5
69707.8
69748.8
69756.6
69779.3
69782.2
69807.7
69808.6
69866.9
69900.4
69968.1
70044.7
70048.2
70060.9
70085.9
70108
70111
70199.7
70205.7
70223
70238.8
70236.4
70351.3
70367.1
70461.7
70483
70557.3
70564.2
70684.4
70714.4
70763.2
70776
70840.3
70856.4
70864.5
70880.6
70884.7
70887
70888.7
70890.4
70932.7
70951
70960.4
70962.8
71056.5
71111
71127.7
71192.4
71203.7
71216.6
71235.2
71253
71244.3
71264.1
71280.9
71296.4
71297.7
71313.5
71325.9
71327.4
71330.6
71337.3
71347
71379.6
71417.3
71442.5
71445.9
71496.6
71684.4
71715.9
71746.2
71772.4
71793.7
71797.1
71826.2
71845.3
71881.4
71872.8
71891.2
71899.5
71925.2
71946.1
71957.6
71957.1
71971.9
71994.7
72015.1
72023.9
72025.1
72048.2
72059.9
72086.9
72089.5
72103.3
72133.8
72139.3
72163.3
72208.1
72214.1
72214.8
72236
72239.9
72261.1
72279.6
72348.2
72371.9
72403.8
72419.7
72502.6
72549.4
72566.1
72592.7
72617
72617.5
72620.3
72657.5
72773.2
72771.7
72778.4
72879.7
72903.4
72906.3
72911.1
72920.6
72925.7
72952.5
72959.8
72984.7
72998
73000.2
73017.6
73025.8
73029.7
73081.5
73112.4
73146.4
73146.1
73167.1
73168.8
73183.5
73205.9
73209.6
73231.5
73234.2
73236.5
73258.8
73248.8
73250
73273.7
73265.7
73269.6
73281.7
73297.1
73309.1
73327.6
73333.3
73347.9
73360.3
73366.9
73428.4
73435.9
73437.5
73442.5
73445.5
73510.8
73522.6
73547.8
73545
73566.1
73556.6
73583.4
73612.8
73635.1
73636.6
73638.1
73669.2
73693
73697.6
73699.6
73733.4
73741
73754.4
73771.6
73804.3
73947.5
73993.6
74015.5
74118.4
74267.3
74287.3
74292.7
74323.2
74409.1
74418.9
74582.7
74597
74613.4
74616.2
74624.2
74634.9
74743.4
74812.8
74834.8
74846
74871.5
74892.8
74897.7
74909
74908.5
74913.2
74917.2
74954.6
74981.9
75009.7
75011.2
75019.8
75075.2
75110.5
75128
75147.6
75155.9
75161.1
75245.1
75263.9
75280.6
75289.3
75331.4
75356.7
75360.4
75364.6
75394.5
75404.5
75416.9
75474
75485.4
75508.2
75525.5
75553
75558.4
75560.2
75572.2
75565.1
75579.7
75587.8
75582.9
75579.3
75597.2
75598.3
75603.9
75607.5
75617.7
75620.6
75629.9
75715.3
75772.2
75836.4
75867.5
75884.1
75914.7
75919.3
75946.3
75956.7
75957.6
75971
76023.9
76035.9
76204.3
76294.3
76306.9
76318.3
76393.4
76402.5
76402.1
76420.6
76431.5
76469.1
76473.4
76480.5
76492.5
76509.6
76518
76520.7
76570
76590.1
76603.6
76618.9
76620.1
76625.8
76685.9
76705
76699.7
76714.7
76731
76726
76762.2
76798.6
76813.6
76814.6
76810.6
76836.6
76870.3
76872.1
76881.4
76901.5
76914.1
76918
76936.1
76938.1
76982
77021.7
77023.3
77025.3
77041.8
77060
77072.5
77084.5
77095.5
77123.6
77166.8
77183.6
77203
77204.7
77211.2
77240.1
77271.9
77272.3
77330.1
77334.4
77333.1
77344.1
77351.8
77350.2
77354.2
77359
77359.7
77357
77367.2
77366.3
77381
77379.9
77389
77400.6
77406.2
77418.3
77416.6
77424.1
77432.5
77437.7
77458.6
77452.7
77463.9
77465.4
77469.3
77479.4
77481
77479.4
77481.6
77497.7
77538.2
77565.4
77594.3
77618
77684.6
77693.4
77710.5
77804.2
77843.8
77848.4
77955.3
77998.1
78006.3
78030.1
78036.4
78102.8
78358.6
78409.5
78413.5
78511.5
78537.6
78618.2
78647.6
78672.8
78678.2
78690.3
79183.5
79189.5
79194.7
79227.5
79237.7
79257.2
79257.9
79260.3
79266
79281.7
79283.7
79290.9
79291.9
79310.7
79317.9
79325.9
79336.6
79342.9
79365.1
79377
79405.4
79421
79438.3
79472.8
79500.5
79524.1
79557.8
79758.3
79821
79889.5
79957.7
79967.2
79964.8
79995.7
80015.6
80062.2
80095.4
80100.3
80133.2
80137.2
80167.1
80622.4
80636.5
80639.9
80667.1
80676.6
80681.9
80681
80711.3
80718.5
80724.9
80735.6
80740.8
80752.7
80756.9
80760.2
80765.6
80776.6
80797.5
80809
80863.5
81042.4
81062.4
81075.4
81218.2
81242.9
81277.6
81283
81562.3
81892.9
82043.1
82319
82578.3
82630.5
82717.3
82746.9
83163.3
83182.3
83237.1
83264.4
83278
83307.5
83321.2
83360.9
83367.3
83378.8
83395.3
83397.8
83412.4
83481.9
83779.1
83797
83798.4
83816.7
83820.1
83823.6
84172.5
84242.1
84249.4
84265.4
84266.9
84369.1
84534.2
84557.5
84761.6
84804.7
84816.9
84853
84854.7
84867.2
84882.1
84888
84893
84928.9
84949.1
84953.9
84962.1
84999.5
85008.1
85004.2
85027.2
85025.1
85084.5
85112.1
85153
85167.5
85213.7
85217.2
85223.9
85227.8
85303.6
85313.7
85332.8
85365.4
85396.5
85576.1
85722.2
85726.4
85812
85964.7
86144.2
86191.9
86223.1
86272.9
86275.7
86308
86309.7
86327.6
86331.1
86345.5
86347.4
86384.7
86404.4
86416.8
86439.3
86491
86519.5
86540.2
86581
86619.8
86621.9
86629.9
86640.8
86687.9
86748
86796.1
86813.2
86867.4
87014.1
87368.2
87381.7
87440.7
87473.9
87559.3
87623.2
87647.6
87689.6
87694.5
87707.7
87720.3
87734.1
87736.6
87744.7
87750.6
87767.7
87786
87798.6
87805.7
87820.8
87814.7
87838.4
87861.2
87855.8
87904.1
87906.6
87929
88083.1
88100.3
88137
88142.5
88151.5
88179.4
88226
88245.3
88245
88258.7
88278.4
88296
88314.3
88334.2
88348.3
88351.9
88388.4
88385.7
88391.3
88410.3
88461.8
88476.3
88491.2
88532
88553.8
88567.6
88562
88563.2
88568.8
88571.1
88584
88586.7
88620.8
88650.9
88652.8
88668.3
88726.4
88741.8
88753
88756.6
88785.6
88804.2
88805.6
88807.7
88808.2
88800.4
88812.9
88815.2
88834.5
88825.7
88867.8
88869.5
88872.4
88894.3
88904.3
88956.8
88978.1
88993.4
89014.9
89019.2
89038.6
89056
89065.8
89070.7
89073.9
89110
89156
89171.4
89210.3
89265.3
89282.3
89355.7
89395.9
89457.6
89470.2
89480.8
89484.1
89485.1
89491.2
89666
89670.7
89688.3
89696.6
89786.9
90017.9
90315.6
90330.3
91039.3
91050.4
91104.3
91165.4
91251.3
91360.2
91390.8
91399.4
91404.8
91411.1
91422
91459.3
91526.2
91537.4
91553
91683.3
91707.8
91726.4
91810.1
91812.8
91835.2
91837.3
91889.9
91905.2
91932.3
91932.4
91935.1
91962.4
92236.2
92271
92310.2
92333.6
92351
92371.3
92387.8
92432.5
92434.4
92458.2
92498.7
92512.4
92537.3
92601.7
93899.1
93946.3
93966
93979.3
93989.8
94082.4
94087.1
94097.8
94209
94233.8
94273.8
94277
94320.7
94347.4
94386
94408.1
94418.5
94435.9
94449.8
94480.8
94485.1
94530
94539.9
94600.5
94605.1
94608.4
94721.1
95065.4
95091.6
95104.3
95125.3
95188.1
95234.4
95319.8
95327.8
95345.4
95396.4
95429.8
95435.1
95486.5
95529.6
95533
95548.3
95558.7
95579.3
95682.1
95958.4
95963.3
95977.5
95978.4
96346.6
96386.4
96414.7
96431.1
96446.6
96458.2
96450.5
96464.7
96493.2
96621.7
96647.2
96654.4
96663.2
96701
96740.9
96742.2
96811.9
96832.1
96893
96949.6
96950.8
96953.5
96959.4
96972.2
96972.8
96985.5
97019.6
97022
97039
97084
97188.8
97204.9
97232.3
97259
97313
97441.3
97504.7
97539.2
97609.4
97641.7
97827.6
97854.5
97860.9
97885.4
97897
97902.9
97921.2
97971.6
97993.4
98652.9
98649.6
98682.6
98701.1
98714.4
98740.1
98815.4
98896.8
98906.3
98915.8
98965.8
98968.2
99003.3
99009.2
99011.1
99033.5
99053.3
99068
99099.4
99108.2
99112
99121
99134
99136.8
99139.2
99165.2
99158.8
99178.3
99175.8
99194.7
99204.7
99214.1
99223.2
99253.6
99290.1
99308.9
99334
99443.9
99546.3
99580.7
99594.3
99607.6
99642.9
99661.9
99678.9
99681.6
99731.8
99724.6
99740
99737.1
99738.3
99753.8
99757.1
99748.7
99766.1
99775.1
99773.6
99791.6
99798.7
99803.3
99833.7
99835.5
99827.3
100735
100783
100780
100798
100807
100874
100915
100948
100959
100997
101044
101063
101068
101070
101067
101089
101128
101138
101156
101161
101171
101180
101221
101246
101279
101325
101352
101368
101373
101380
101389
101395
101399
101415
101430
101436
101436
101455
101466
101462
101465
101481
101485
101491
101495
101506
101545
101549
101599
101628
101689
101700
101731
101753
101834
101845
101872
101903
101936
101943
101984
101996
102028
102039
102042
102050
102077
102106
102128
102164
102178
102226
102257
102302
102383
102458
102495
102511
102610
102703
102716
102732
102765
102818
102869
102905
102986
103001
103014
103018
103026
103028
103053
103118
103122
103139
103147
103137
103157
103185
103198
103243
103278
103293
103391
103422
103426
103437
103460
103470
103546
103544
103582
103596
103633
103643
103674
103715
103717
103767
103778
103778
103797
103801
103847
103872
103883
103877
103907
103939
104002
104012
104047
104132
104209
104224
104231
104247
104253
104358
104380
104383
104388
104428
104455
104457
104514
104517
104528
104997
105046
105258
105426
105445
105478
105488
105497
105534
105804
105805
105810
105848
105858
105864
105875
105875
105879
105888
105891
105909
105919
105978
106054
106087
106188
106371
106378
106416
106421
106428
106508
106570
106585
106596
106606
106636
106634
106659
106660
106672
106679
106880
107017
107038
107041
107058
107104
107137
107929
107937
107951
107975
107989
108014
108043
108058
108088
108094
108125
108222
108296
108348
108352
108383
108399
108431
108436
108487
108764
108771
108983
109043
109064
109102
109114
109269
109441
109448
109467
109482
109489
109498
109504
109511
109523
109535
109538
109584
109636
109645
109682
109682
109684
109700
109703
109757
109776
109789
109826
109829
109849
109844
109867
109874
109973
110134
110181
110230
110272
110293
110313
110336
110354
110361
110367
110443
111429
111758
111795
111858
111907
111943
111954
112032
112068
112211
112421
112603
112604
112814
112849
112850
112869
112887
112875
112896
112888
112911
112940
112965
112979
113003
113008
113047
113057
113089
113092
113101
113113
113326
113495
113557
113590
113639
113685
113732
113741
113755
113759
113779
113786
113780
113803
113811
113820
113832
113839
113841
113850
113856
113854
113858
113865
113867
113884
113884
113894
113899
113898
113903
113904
113904
113911
113948
113958
114021
114063
114072
114078
114452
114468
114498
114503
114550
114574
114587
114639
114684
114695
114734
114772
114773
114786
114794
114798
114804
114815
114848
114858
115043
115046
115089
115100
115143
115153
115151
115172
115190
115227
115234
115231
115278
115281
115310
115324
115356
115349
115361
115372
115379
115403
115412
115422
115425
115436
115429
115430
115432
115458
115471
115484
115496
115494
115519
115518
115522
115537
115551
115566
115554
115573
115578
115581
115585
115600
115612
115645
115749
115785
115795
115845
115871
115889
115902
115912
115923
115977
115985
116053
116120
116139
116181
116198
116214
116215
116261
116270
116271
116284
116304
116381
116401
116412
116415
116429
116436
116445
116460
116469
116482
116483
116523
116524
116528
116744
116815
116817
116829
116961
117031
117033
117057
117156
117174
117238
117250
117259
117534
117613
117632
117745
117924
117952
117969
117977
117989
118054
118083
118089
118113
118169
118176
118702
118704
118718
118876
118889
118895
118904
118902
118904
118907
118907
118923
118929
118936
118944
118948
118962
118990
119026
119036
119040
119094
119114
119123
119144
119159
119202
119206
119227
119254
119265
119277
119338
119531
119529
119551
119559
119576
119606
119613
119628
119640
119645
119655
119680
119690
119709
119781
119835
119881
119917
120001
120062
120106
120111
120115
120140
120171
120182
120214
120226
120239
120256
120262
120261
120250
120305
120302
120372
120396
120479
120510
120518
120561
120644
120702
120720
120735
120784
120832
120871
120907
120907
120914
120923
120945
120950
120981
121029
121055
121056
121049
121068
121081
121080
121093
121100
121111
121113
121121
121126
121139
121151
121178
121173
121213
121310
121345
121391
121402
121447
121472
121477
121498
121515
121535
121536
121548
121575
121591
121595
121616
121617
121625
121628
121632
121636
121640
121648
121646
121667
121691
121702
121732
121780
121826
121909
121913
121947
121959
121964
121966
121979
121984
122008
122026
122018
122028
122029
122041
122045
122052
122068
122074
122098
122127
122117
122140
122180
122193
122193
122238
122227
122253
122247
122270
122273
122275
122297
122287
122334
122374
122710
122874
122917
122959
122964
122981
123000
123079
123099
123117
123163
123166
123168
123187
123198
123200
123234
123249
123255
123257
123258
123262
123317
123337
123352
123372
123620
123644
123653
123660
123682
123711
123714
123735
123746
123762
123766
123768
123828
123854
123868
123881
123885
123894
123897
123907
123911
123931
123948
123953
123965
123992
124018
124022
124067
124076
124076
124155
124183
124228
124253
124267
124274
124271
124280
124287
124309
124316
124330
124364
124386
124405
124428
124449
124455
124517
124544
124543
124547
124550
124551
124565
124621
124629
124702
124720
124717
124738
124748
124759
124766
124786
124801
124813
124936
124961
125028
125054
125203
125210
125341
125417
125891
126011
126042
126050
126062
126172
126184
126190
126237
126558
126558
126576
126591
126588
126616
126619
126634
126645
126678
127124
127202
127240
127252
127268
127290
127300
127303
127299
127306
127311
127353
127375
127467
127648
127663
127670
127695
128138
128179
128450
128554
128663
129202
129342
129359
130052
130143
130152
130196
130199
130280
130315
130322
130467
130507
130515
130533
130547
130615
130625
130845
130975
130985
131197
131202
131210
131217
131218
131227
131337
131385
131386
131417
131449
131484
131495
131512
131529
131554
131565
131605
131651
131664
131674
131716
131767
131797
131807
131822
131837
131849
131851
131872
131915
131962
131983
131989
131996
132005
132007
132012
132016
132035
132029
132036
132042
132051
132068
132084
132089
132097
132100
132111
132123
132116
132157
132203
132216
132227
132234
132326
132320
132335
132349
132363
132367
132382
132407
132416
132413
132454
132443
132458
132449
132465
132454
132456
132464
132485
132488
132502
132529
132532
132536
132537
132537
132556
132546
132599
132643
132649
132696
132695
132703
132705
132719
132722
132735
132748
132749
132771
132795
132869
132870
133055
133179
133180
133195
133264
133304
133310
133317
133484
133518
133519
133546
133916
133940
133972
133978
134213
134250
134245
134247
134261
134295
134535
134548
134552
134598
134630
134695
134725
134730
134747
134803
134942
134949
135186
135231
135257
135270
135294
135424
135430
135441
135489
135491
135525
135540
135549
135553
135569
135583
135602
135628
136113
136546
136959
136966
136979
136979
137014
137045
137056
137107
137111
137115
137190
137384
137389
137393
137414
137417
137435
137437
137430
137456
137470
137558
137683
137697
137724
137768
137770
137794
137810
137814
137835
137868
137883
137901
137907
138316
138876
138906
138943
138946
138970
138976
138978
138996
139016
139019
139050
139044
139053
139075
139111
139130
139149
139163
139219
139246
139269
139280
139316
139323
139334
139453
139464
139518
139526
139781
139885
139925
140317
140376
140415
140578
140591
140611
140613
140633
140647
140659
140678
140690
140694
140718
140736
140740
140741
140747
140750
140756
140782
140816
140836
140840
140894
141291
141401
141516
141822
141929
141960
141970
141967
142012
142009
142088
142112
142150
142217
142224
142231
142258
142260
142333
142334
142334
142353
142356
142399
142401
142404
142424
142486
142491
142540
142680
142697
142719
142726
142752
142767
142781
142789
142790
142793
142803
142821
142825
142836
142860
142874
142903
142898
142933
142934
142935
142989
142988
142999
143012
143036
143040
143043
143058
143083
143085
143086
143089
143086
143119
143225
143236
143273
143304
143314
143321
143339
143347
143365
143365
143380
143390
143420
143413
143422
143428
143457
143489
143500
143744
143917
143921
143924
143926
143934
143952
143959
143970
143994
144153
144157
144164
144201
144229
144252
144415
144615
144708
144727
144835
144906
144961
144965
145029
145161
145190
145222
145230
145263
145266
145282
145285
145366
145372
145381
145383
145390
145391
145394
145426
145436
145434
145458
145471
145478
145489
145497
145543
145559
145561
145568
145632
145639
145643
145648
145650
145676
145732
145788
145792
145809
145840
145849
145906
145915
145938
145941
145979
146004
146007
146023
146040
146041
146044
146049
146053
146063
146255
146394
146397
146411
146417
146427
146440
146445
146692
147054
147163
147391
147409
147413
147414
147414
147421
147423
147433
147442
147450
147447
147454
147473
147479
147515
147519
147528
147536
147539
147551
147558
147558
147572
147572
147622
147778
147859
147864
147884
147903
147987
148200
148206
148211
148205
148235
148233
148245
148257
148273
148305
148316
148365
148380
148395
148416
148414
148419
148424
148462
148465
148522
148544
148562
148579
148582
148619
148613
148627
148632
148662
148673
148684
148712
148714
148730
148753
148766
148785
148792
148793
148817
148881
148928
148938
148950
148974
148981
149011
149039
149066
149168
149183
149183
149203
149227
149252
149269
149291
149304
149342
149377
149696
149716
149731
149747
149752
149766
149778
149781
149820
149836
149835
149891
149910
149928
149933
149941
149950
149962
150004
150081
150180
150194
150228
150243
150237
150247
150256
150257
150285
150293
150298
150291
150301
150296
150303
150305
150330
150339
150344
150386
150386
150460
150475
150513
150531
150584
150586
150612
150641
150640
150712
150751
150808
150858
150926
151242
151278
151374
151437
151439
151510
151545
151630
151676
151687
151713
151720
151723
151720
151728
151744
151755
151759
151778
151865
151912
151943
151972
152057
152311
152343
152356
152359
152360
152368
152366
152404
152417
152447
152461
152462
152477
152508
152510
152525
152582
152594
152607
152733
152836
152845
152860
152877
152881
152904
152979
153156
153255
153287
153996
154061
154082
154084
154112
154125
154168
154229
154258
154361
154369
155370
155384
155397
155399
155401
155442
155469
155570
156141
156176
156194
156218
156327
156419
156454
156493
156995
156997
157028
157025
157040
157046
157247
157759
157776
157781
157791
157814
157826
157831
157866
157876
157913
157938
157945
157959
157969
157971
157985
157977
157990
157981
158031
158092
158102
158134
158142
158188
158214
158285
158337
158456
158465
158468
158587
158590
158621
158629
158653
158676
158695
158737
158775
158820
158868
158922
158961
159051
159149
159165
159223
159246
159288
159312
159315
159310
159327
159347
159369
159389
159410
159435
159432
159456
159528
159572
159635
159652
159652
159666
159676
159688
159723
159746
159765
159816
159811
159819
159816
159818
159830
159839
159844
159858
159857
159872
159875
159877
159875
159879
159917
159922
159944
159946
159973
159981
160009
160024
160028
160049
160060
160062
160064
160080
160073
160079
160091
160092
160091
160086
160089
160114
160119
160130
160203
160208
160209
160221
160487
160506
160539
160550
160552
160559
160567
160615
160625
160630
160678
161028
161283
161329
161343
161358
161368
161382
161383
161403
161418
161445
161486
161485
161566
161572
161611
161630
161637
161639
161669
161682
161692
161696
161700
161710
161785
161817
161845
161847
161868
161907
161906
161931
161940
161940
161943
161960
161983
161999
162011
162016
162023
162036
162049
162060
162057
162062
162072
162074
162081
162084
162090
162103
162112
162115
162129
162161
162167
162181
162206
162216
162259
162289
162328
162335
162498
162570
162575
162712
162718
162756
162924
162938
162968
162973
162963
162977
163001
163031
163033
163032
163043
163067
163092
163100
163095
163101
163108
163117
163126
163133
163142
163161
163176
163184
163187
163211
163213
163217
163220
163218
163216
163227
163238
163290
163298
163296
163298
163315
163340
163350
163354
163352
163368
163374
163382
163392
163416
163461
163464
163472
163471
163487
163494
163496
163509
163513
163544
163550
163551
163566
163573
163576
163581
163586
163608
163609
163644
163645
163664
163684
163684
163838
163861
164121
164122
164126
164145
164168
164174
164183
164223
164240
164285
164333
164343
164366
164383
164397
164418
164423
164424
164425
164430
164436
164442
164441
164460
164459
164462
164463
164463
164482
164479
164486
164488
164496
164511
164510
164521
164526
164528
164541
164553
164558
164560
164564
164582
164583
164585
164595
164604
164609
164605
164612
164676
164691
164762
164769
164769
164781
164785
164799
164811
164835
164838
164855
164875
164901
164905
164979
164984
164984
165002
165028
165022
165063
165065
165066
165065
165083
165083
165081
165089
165101
165106
165112
165116
165127
165129
165132
165132
165147
165160
165166
165164
165177
165180
165181
165188
165190
165214
165229
165240
165248
165263
165270
165280
165290
165304
165360
165409
165435
166664
166922
167026
167166
167182
167220
167226
167279
167289
167312
167371
167377
167411
167556
167722
167772
167961
167964
167966
167973
167976
167980
167990
167995
168000
168010
168024
168036
168043
168053
168063
168084
168096
168097
168102
168112
168114
168150
168174
168221
168226
168242
168255
168261
168279
168284
168290
168300
168314
168376
168393
168398
168400
168401
168406
168466
168467
168493
168496
168525
168538
168557
168550
168566
168582
168607
168615
168635
168662
168687
168706
168760
168770
168833
168870
168883
168893
168892
168919
168924
168935
168954
168965
168963
168971
168981
168981
168990
169028
169050
169137
169252
169256
169267
169269
169282
169318
169319
169326
169327
169335
169337
169353
169359
169390
169399
169406
169414
169424
169437
169452
169459
169466
169506
169511
169600
169603
169641
169642
169656
169701
169725
169750
169760
169782
169809
169834
169845
169848
169881
169895
169900
169896
169915
169920
169918
169995
170006
170059
170127
170185
170206
170231
170253
170584
170596
170602
170667
170674
170698
170747
170741
170752
170748
170846
170945
170956
170968
170988
171122
171143
171157
171224
171234
171268
171271
171275
171303
171307
171319
171342
171369
171373
171374
171384
171396
171405
171410
171416
171420
171425
171449
171475
171481
171634
171639
171661
171670
171719
171724
171726
171746
171793
171794
171808
171840
171843
171845
171862
171886
171890
171906
171913
171920
171928
171947
171982
172000
172024
172031
172058
172064
172072
172074
172076
172087
172091
172088
172085
172097
172105
172146
172162
172170
172165
172191
172196
172201
172231
172250
172271
172296
172300
172304
172304
172313
172323
172350
172369
172375
172385
172389
172394
172397
172400
172413
172421
172426
172433
172457
172473
172506
172520
172534
172567
172591
172592
172593
172593
172607
172609
172645
172646
172668
172669
172673
172681
172675
172685
172685
172696
172717
172729
172745
172751
172754
172765
172781
172795
172798
172833
172838
172881
172898
172913
172938
173013
173051
173080
173106
173137
173146
173147
173149
173186
173191
173256
173284
173318
173318
173322
173390
173392
173455
173480
173472
173492
173487
173497
173499
173502
173508
173515
173526
173540
173549
173559
173583
173605
173619
173638
173664
173675
173684
173690
173694
173712
173727
173935
173960
173963
173974
174003
174021
174030
174033
174034
174074
174250
174532
174537
174579
174601
174614
174620
174629
174648
174667
174674
174698
174712
174747
174751
174754
174771
174772
174774
174788
174794
174846
174854
174851
174865
174882
175454
175503
175511
175545
175614
175684
175806
175812
175827
175877
175892
175901
175920
175926
175941
175964
175988
175988
175994
176012
176040
176068
176147
176182
176231
176231
176253
176252
176263
176266
176269
176278
176279
176283
176286
176289
176291
176313
176316
176336
176335
176335
176355
176364
176366
176374
176387
176389
176394
176397
176424
176444
176444
176461
176466
176474
176478
176500
176512
176551
176572
176574
176585
176624
176707
176718
176739
176809
176806
176819
176852
176852
176876
176872
176876
176899
176921
176930
176941
176948
176946
176953
176966
176973
176986
177060
177106
177124
177129
177138
177141
177146
177151
177154
177160
177172
177183
177190
177195
177211
177225
177229
177249
177377
177590
177615
177643
177687
177703
177706
177703
177708
177718
177759
177783
177841
177843
177873
177899
177900
177914
177908
177995
178005
178044
178061
178065
178067
178070
178070
178078
178120
178136
178142
178170
178169
178197
178224
178231
178233
178328
178340
178605
178617
178669
178726
178739
178740
178760
178790
178802
178824
178849
178946
179010
179258
179259
179297
179302
179311
179351
179356
179397
179439
179465
179499
179512
179833
179848
179872
179928
179964
179996
180062
180079
180169
180171
180203
180255
180266
180278
180291
180288
180293
180295
180296
180304
180319
180332
180645
180645
180704
180723
180748
180768
180874
180891
180975
180982
181107
181107
181134
181178
181194
181206
181213
181256
181295
181301
181349
181381
181471
181517
181535
181615
181699
182017
182039
182039
182047
182053
182065
182086
182113
182116
182132
182162
182165
182193
182208
182513
182554
182579
182613
182643
182728
182788
182835
182836
182867
182865
182890
182905
182915
182918
182922
182989
183029
183038
183040
183041
183522
183591
183595
183608
183689
183736
183762
183773
183793
183804
183829
183984
184010
184021
184067
184145
184147
184187
184222
184250
184267
184331
184365
184511
184581
184581
184588
184598
184615
184660
184661
185104
185223
185485
185549
185555
185595
185767
185848
186130
186135
186150
186151
186174
186197
186217
186306
186310
186311
186412
186435
186436
186454
186495
186537
186564
186579
186596
186598
186627
186629
186650
186716
186780
186800
186823
186843
186893
186912
186939
186987
187046
187104
187186
187191
187631
187736
187739
187751
187763
187782
187784
187825
187879
187881
187959
188045
188068
188091
188103
188115
188115
188142
188145
188153
188159
188165
188174
188207
188215
188234
189054
189207
189283
189310
189327
189346
189371
189374
189382
189383
189388
189432
189442
189454
189469
189471
189476
189493
189498
189541
189557
189565
189568
189569
189571
189587
189610
189628
189621
189640
189665
189677
189679
189671
189686
189693
189694
189711
189714
189856
189865
189901
189906
189942
189974
190060
190067
190383
190467
190481
190501
190550
190565
190567
190590
190594
190609
190627
190646
190652
190662
190679
190681
190698
190710
190711
190726
190730
190741
190752
190755
190778
190820
190865
190881
190890
190899
190913
190924
191155
191336
191357
191961
191986
192087
192118
192186
192265
192462
193428
193483
193644
193880
193933
193987
194010
194011
194017
194061
194080
194105
194117
194141
194144
194153
194155
194156
194227
194263
194299
194318
194315
194330
194337
194366
194368
194376
194400
194406
194410
194506
194532
194547
194545
194571
194576
194581
194578
194598
194635
194642
194647
194681
194699
194702
194743
194750
194813
194825
194845
194862
194954
194970
194989
194992
195018
195021
195048
195060
195066
195065
195071
195075
195086
195104
195116
195120
195137
195135
195137
195151
195161
195172
195380
195474
195482
195484
195486
195504
195520
195537
195580
195598
195600
195605
195651
195656
195688
195729
195758
195828
195843
195851
195859
195885
196163
196198
196238
196289
196325
196436
196466
196494
196519
196557
196606
196665
196676
196757
196793
196807
196851
197085
197164
197167
197168
197192
197220
197230
197230
197240
197250
197248
197258
197263
197277
197286
197319
197342
197348
197360
197370
197372
197381
197386
197392
197399
197397
197400
197421
197470
197480
197485
197498
197494
197543
197580
197627
197728
197726
197738
197779
197788
197790
197821
197838
197839
197882
197887
197897
197937
197953
197966
197984
198002
198050
198076
198127
198384
198413
198428
198438
198455
198470
198508
198563
198619
198628
198686
198692
198706
198723
198728
198744
198754
198767
198787
198880
198879
198904
198930
198962
198960
198977
198989
199004
199007
199059
199057
199061
199066
199069
199076
199077
199081
199096
199103
199111
199118
199126
199134
199134
199158
199164
199165
199192
199198
199258
199446
199483
199493
199494
199526
199633
199636
199674
199680
199694
199716
199742
199778
199782
199790
199814
199818
199944
