924.67
930.52
931.93
968.1
1021.77
1033.36
1038.87
1073.7
1074.58
1078.87
1099.3
1105.22
1113.84
1144.27
1147.8
1160.94
1167.63
1173.76
1177.31
1191.14
1193.53
1195.57
1197.54
1201.77
1204.18
1206.39
1210.03
1212.2
1215.59
1226.32
1227.33
1229.08
1232.17
1236.68
1345.06
1356.59
1372.37
1374.23
1401.89
1404.47
1405.36
1407.36
1413.98
1443.82
1446.41
1447.44
1448.31
1460.41
1461.93
1484.49
1516.77
1522.09
1526
1528.97
1530.94
1535.82
1543.68
1546.11
1547.58
1552.37
1561.66
1565.43
1567.44
1576.13
1588.78
1602.49
1610.61
1621.38
1631.44
1634.93
1697.07
1702.21
1704.29
1706.39
1724.04
1726.76
1730.28
1733.49
1738.94
1758.52
1764.96
1772
1773.08
1774.9
1782
1783.49
1785.27
1788.84
1798.32
1800.85
1805.44
1807.7
1818.98
1827.51
1829.91
1842.31
1849.86
1858.17
1864.05
1865.42
1868.87
1876.91
1879.84
1884.64
1886.48
1891.42
1897.33
1900.01
1907.09
1913.18
1952.32
2001.5
2003.68
2008.05
2009.23
2012.67
2016.84
2046.37
2049.66
2054.21
2055.29
2058.71
2064.39
2074.54
2088.17
2090.62
2092.69
2097.38
2126.39
2134.83
2281.15
2283.96
2292.01
2301.64
2305.72
2311.06
2314.36
2317.66
2326.76
2341.15
2344.33
2363.98
2388.78
2392.71
2402.14
2407.8
2413.02
2427.1
2434.92
2450.34
2455.59
2483.91
2491.8
2497.98
2504.51
2526.71
2535.46
2556.85
2576.11
2581.51
2586.33
2622.41
2649.12
2675.06
2687.99
2698.07
2708.53
2710.92
2714.89
2725.24
2898.7
2903.81
2906.69
2919.93
2923.54
2926.17
2930.65
2939.04
2940.9
2948.24
2957.93
2961.77
2964.92
2973.75
2994.22
3165.21
3176.39
3178.73
3180.44
3183.54
3186.69
3188.59
3191.97
3195.07
3200.69
3203
3206.25
3210.4
3213.24
3219.31
3237.59
3238.89
3242.24
3252.12
3256.88
3267.55
3292.44
3295.34
3303.22
3333.08
3350.59
3357.7
3373.15
3491.22
3495.61
3499.71
3503.73
3521.26
3530.37
3535.9
3554.44
3557.48
3568.2
3569.97
3587.76
3590.39
3622.13
3630.38
3645.08
3649.23
3651.84
3655.79
3682.54
3685.57
3707.88
3710.81
3720.25
3898.27
3917.34
3934.99
3952.62
4254.88
4271.56
4275.21
4278.44
4288.06
4421.85
4425.96
4432.98
4442.16
4464.58
4649.98
4683.44
4695.46
4704.54
4718.67
4723.48
4737.45
4739.36
4755.67
4755.89
4758.78
4764.42
4764.4
4780.08
4781.38
4790
4792.07
4794.4
4799.89
4810.66
4813.05
4816.33
4820.43
4834.63
4837.41
4850.16
4852.49
4881.78
4884.57
4889.47
4890.84
4894.05
4896.01
4900.55
4905.32
4910.48
4917.24
4918.85
4929.7
4942.9
4952.12
4953.82
4957.39
4967.45
4975.03
4984.43
4987.58
4991.05
4992.02
5002.91
5115.7
5118.09
5126.12
5143.72
5185.61
5188.03
5210.79
5232.04
5310.48
5312.13
5360.97
5387.35
5441.87
5512.75
5538.4
5541.65
5542.75
5544.34
5553.05
5566.2
5569.06
5569.61
5578.82
5586.84
5609.89
5611.34
5625.84
5630.86
5633.32
5642.13
5644.74
5676.78
5677.64
5680.41
5683.63
5684.69
5688.68
5692.18
5714.52
5906.74
5961
6001.16
6002.66
6004.96
6006.62
6011.59
6021.96
6036.89
6051.35
6063.16
6065.71
6067.43
6069.88
6071.86
6079.05
6083.45
6087.85
6092.92
6101.98
6104.09
6106.8
6185.23
6188.52
6195.38
6199.56
6205.32
6245.67
6252.97
6307.64
6375.84
6381.97
6386.57
6396.97
6404.5
6409.34
6431.83
6437.87
6446.93
6456.92
6460.28
6463.53
6486.98
6495.13
6507.86
6514.68
6518.39
6521.01
6521.85
6523.73
6527.39
6529.99
6538.98
6539.01
6544.01
6556.85
6646.54
6648.08
6654.12
6674.25
6694.66
6702.23
6731.57
6834.25
6842.74
6844.78
6906.71
6910.4
6918.1
6929.29
6942.8
6946.43
6949.73
6955.48
6956.89
6960.85
6963.25
6981.96
6985.83
7000.11
7029.25
7030.52
7068.15
7150.39
7197.48
7216.19
7758.39
7767.14
7779.06
7790.94
7880.44
7889.54
7961.36
7967.5
7978.55
7986.34
7988.57
7995.59
8027.29
8028.77
8033.6
8167.41
8171.79
8173.84
8175.82
8178.34
8183.26
8186.32
8188.05
8194.23
8244.86
8308.39
8323.47
8326.78
8328.18
8331.48
8332.72
8336.06
8339.55
8342.23
8344.63
8346.57
8351.78
8354.92
8356.48
8425.6
8428.93
8430.25
8432.11
8433.62
8435.68
8437.51
8440.31
8454.71
8459.2
8466.44
8470.38
8474.69
8476.28
8505.5
8523.65
8534.37
8537.32
8540.63
8569.47
8574.48
8575.74
8585.46
8589.97
8594.35
8618.52
8620.06
8624.79
8641.33
8648.98
8656.89
8657.94
8660.69
8662.42
8687.03
8733.46
8745.76
9011.06
9019.74
9025.42
9027.98
9033.3
9037.23
9039.77
9073.35
9397.61
9400.99
9406.72
9410.53
9540.39
9546.7
9549.6
9617.38
9626.97
9633.49
9635.19
9663.12
9667.23
9668.84
9704.15
9890.84
9896.99
9907.5
9911.53
9918.25
9979.4
10033.7
10051.3
10058.6
10064.3
10094.5
10096.7
10114.8
10133.3
10134.3
10149.2
10151.5
10163.7
10191.5
10207.9
10231.1
10263.6
10262.5
10270.4
10283.9
10300.6
10318.7
10320.9
10349.7
10367.4
10368.7
10378.3
10402.4
10424.8
10426.8
10428.7
10433.2
10435.1
10437.9
10444.4
10450
10451.8
10453.6
10463.4
10466.3
10472
10475.3
10476.8
10483.2
10484.5
10489
10493.2
10504.6
10505.6
10513
10522.8
10554.9
10559.5
10565.3
10568.1
10570.3
10572
10577
10588.8
10592.7
10595.3
10598.8
10606.2
10610
10660.1
10697.6
10731.1
10745.9
10768.3
10772.4
10774.6
10778.7
10783.9
10799.4
10802
10812.8
10822.1
10823.9
10825.6
10835.8
10839.4
10842.8
10845.4
10849.1
10851.4
10866.6
10876
10882.1
11229
11232.8
11237.9
11257
11350.2
11354.1
11376.5
11627.7
11632.5
11641.9
11651.7
11654.6
11656.7
11659.2
11663.3
11665.2
11843.5
11845.3
11847.6
11848.9
11851.8
11854.7
11857
11860.1
11863.5
11869.3
11878.3
11880.1
11884.6
11897.2
11903.9
11918.7
11920.3
11926.4
11931.2
11933.3
11935
11951
11954.1
12025.5
12044.6
12047.7
12049.3
12101.9
12120.7
12123.2
12124.2
12256.5
12258.7
12261.7
12267.3
12269
12279.2
12319.7
12323.5
12325.2
12331.4
12347.2
12353
12360.8
12362.3
12379.3
12380.9
12382.6
12384.8
12386.8
12394.5
12399.3
12414.6
12473.8
12477.5
12478.8
12503.9
12516.9
12520.1
12522.1
12523.9
12528.9
12536.1
12537.8
12541.1
12544.6
12549.3
12551.4
12553.7
12555.5
12633.3
12639.8
12641
12647.8
12669
12693
12705.6
12868.9
12923.4
12926.7
12931.7
12933
12969.1
12988.6
12990.8
12995.1
13003.2
13005.7
13010.8
13018.8
13026.2
13028.3
13041.3
13043.6
13046
13046.9
13049.7
13051.9
13061.9
13066.1
13107.9
13110.5
13143.8
13151.5
13477.8
13482.7
13484.3
13486.4
13492.9
13507.4
13509.9
13531.8
13535.8
13594.3
13631.1
13689.4
13714.5
13716.1
13732.6
13741
13742.4
13784.1
13806.1
13807
13814.5
13822.5
13823.5
13834.8
13844.5
13845.7
13848.8
13855.4
13864
13887.6
13899.8
13903.9
13907.5
13909.1
13911.4
13915
13919.3
13921.6
14087.5
14092.5
14139.9
14176.3
14201
14203.9
14211.6
14217.1
14220.8
14225.3
14237.8
14256
14263.8
14267
14278.9
14279.9
14288.9
14294.1
14295.1
14296
14298
14324.9
14332.8
14556.5
14582.8
14586.7
14591
14612.7
14615.1
14616.4
14618
14636.9
14637.9
14773.1
14785.5
14798.7
14802
14914.3
14954.9
14971.1
14995.3
15006.2
15022.5
15028.3
15031
15052.4
15057.6
15059.3
15060.7
15855.8
15883.2
15890.2
15893.9
15910.7
15917.4
15920
15923
15929.1
15933
15937.3
15994.7
16089.5
16126.3
16141.4
16143.6
16148.4
16152.7
16156.9
16173.1
16178.3
16192.4
16193.6
16211.9
16214.2
16215.9
16228.4
16235.6
16243.3
16306.8
16311
16313.1
16321
16325.7
16342.2
16344.3
16353.4
16738.9
16749.6
16772.9
16777.6
16798.5
16830.6
16837.5
16840.1
16843.2
16845.1
16859.6
16863.2
18290.2
18292.7
18319.5
18351.3
18355.9
18361.1
18367
18388.4
18427.1
18448.2
18450.1
18505.8
19313.7
19317.1
19339.5
19345.6
19347.8
19349.3
19353.8
19366.4
19398.5
19430.7
19438.6
19441.1
19456.7
19478.7
19494.1
19496.8
19505.1
19506.2
19513.5
19532.9
19534.3
19538.1
19566.9
19651.3
19672.1
20309.9
20831.4
20834.9
20836.8
20838.8
20843.3
20866.5
20868.5
20871.4
20873
20875.3
20971.8
20973.7
21033
21035.5
21039.7
21041.4
21067.4
21078.1
21101.3
21130.6
21171.9
21173.5
21181.9
21184.7
21186.4
21188.8
21193
21204.4
21205.6
21681.6
21705.4
21740
21807.4
21840.7
21848.8
21856.1
21939.2
21943.6
21945.8
21948.9
21950.2
21971.4
21977.4
21979.7
22043.2
22054.5
22166.3
22188.4
22214.3
22215.4
22220.2
22221.6
22231.1
22238.8
22248.4
22262.3
22276
22278.5
22303.6
22355.4
22361
22362.7
22365.5
22372.2
22373.8
22392.1
22400.9
22405
22407.2
22410.7
22413.9
22430.7
22448.4
22456.6
22456.3
22462.2
22463.3
22473.4
22480.2
22487.1
22486
22488.6
22495
22503.6
22508.1
22510.9
22517.3
22970.8
22985.7
23024.6
23035.4
23041.8
23204.7
23208.9
23239.7
23292.1
23329.2
23340
23342.9
23344.9
23346.4
23375.2
23546.4
23546.4
23574.1
23586.8
23589.4
23605.2
23619.1
23674.3
23728.4
23827.9
23832.3
23865.3
23875.2
23905.2
23919.2
23937.9
23946.3
23949.4
23952.2
23953.1
23955.1
23964.4
23973.3
23975.9
24013.5
24021.7
24056.8
24077.3
24110.8
24118.1
24120.7
24129.6
24133.7
24141
24148.6
24150.1
24165.1
24166.9
24169.2
24170.7
24175.8
24178.4
24180.3
24190.3
24191.3
24205.1
24212.3
24215.7
24218.8
24222.2
24227.5
24230.8
24415.4
24422.3
24427.5
24435.4
24440
24442.8
24451.6
24912.1
24942.5
24946
24954.8
24957.3
24963.8
24968.4
24985.1
24987.4
25011.3
25014.2
25021.8
25053.6
25058.3
25082.7
25086.4
25100.2
25107.3
25248.8
25266.6
25357.6
25363.1
25374.5
25386.8
25387.9
25397.5
25405.6
25410.2
25412.2
25438.4
25450.6
25456.7
25460.8
25483.9
25480.5
25494.8
25520.6
25525.3
25527.5
25531.8
25534.2
25538.3
25556.4
25559.9
25563.5
25571.7
25577.1
25597.6
25599.6
25617.3
25614.9
25623.8
25623.1
25639.8
25646.3
25657.2
25682.9
25701.9
25700.9
25709.4
25712
25719.3
25731.8
25737.4
25767.4
25779.8
25785.7
25820.1
25826.3
25829.6
25838.1
25844.5
25867.2
25876.5
25876.5
26008.6
26019.7
26019.6
26025.9
26029.7
26031.5
26033.7
26038.6
26041.7
26047.6
26053.7
26067.9
26084.8
26087.7
26090.6
26103.6
26109.4
26115.7
26126.5
26127.8
26129.3
26140.8
26145.1
26160.2
26164.3
26166.2
26189.1
26188.1
26194.5
26197.4
26205
26211
26214.7
26253.2
26260.9
26282.8
26522.4
26629.9
26631.6
26636
26685.3
26687.1
26700.2
26837.3
26854.9
26857.1
27243.3
27257.9
27263
27293.5
27314.1
27329.4
27371.1
27390.5
27395.6
27404.6
27419.9
27423.2
27433.5
27440.8
27443.1
27453.8
27483.5
27501.1
27514.7
27519.9
27523.9
27563.2
27623.4
27734.7
27783.8
27797.8
27821.4
27830.4
27833.2
27836.4
27841.7
27847.1
27867.4
27901.5
27911.5
27926.1
28034.6
28058.4
28165.5
28178.7
28215.9
28313.1
28327.4
28332.4
28407
28414.4
28430.4
28443.4
28446.9
28450
28502.2
28514
28634.4
28743.1
28923.2
28934.9
28966.9
29015.2
29018.2
29022.1
29027.9
29032.5
29034.8
29039.5
29527
29529.7
29559
29570.4
29586.9
29598.7
29626.9
29637.2
29702.9
29864.3
29867.5
29886
29915.8
29924.7
29949.3
29965.5
29980.4
30117.6
30167.5
30181.6
30330.4
30332.2
30592.7
30639.3
30644.8
30646.1
30649.8
30650.9
30652.7
30648
30661.3
30660.7
30662.1
30671.4
30683.1
30691.4
30689.7
30694.1
30703.9
30707.4
30709.5
30711.5
30725.5
30727.3
30727.2
30729.8
30733.2
30738.1
30782.9
30809.6
30843
30843.9
30862.3
30878.2
30880.5
30881.7
30886.4
30892
30895.5
30897.6
30931
30944.2
30953.1
30965.8
31400
31413.2
31427.8
31464.6
31485.9
31506.9
31508.1
31512.9
31530.1
31537
31583.2
31586.9
31603.3
31613.8
31615
31624.4
31655.3
32026.5
32139
32202.7
32250.8
32282.8
32289.7
32291.8
32295.4
32786
32788.2
32794
32797.5
32800
32821.9
32823
33371.8
33544.1
33573.2
33581.2
33586
33591.2
33609.8
33616.9
33618.5
33631.4
33631.2
33639.9
33642.7
33648.3
33645.5
33653.7
33659.5
33661.5
33674.9
33677.7
33678.1
33686.1
33687.2
33691.6
33691.7
33698.3
33719.3
33727.9
33732.5
33767.8
33785.7
33789.5
33795.5
33885.6
33890.7
33894.2
33910
34259.5
34290.9
34309.4
34313.9
34319.7
34343.5
34346.5
34375.6
34626.7
34637.6
34660.2
34698.3
34714.5
34728.9
34733.2
34797.4
34798.7
34823.9
34834.2
34835.6
34836.6
34838.1
34842.2
34845.3
34850.1
34853.4
34857.4
34855.5
34863
34866.4
34863.5
34865.5
34880.2
34881.7
34879.9
34951.9
35627.3
35630.4
35634.7
35656.4
35659.2
35663
35664.8
35670.2
35701.3
35705.7
35715
35718.3
35741.8
35743.9
35745
35752.1
35754.2
35759.1
35761.8
35828.5
35845
35849.3
35851.4
35860.4
35861.6
35960.7
35981.8
35987.3
35995.8
36000.2
36018.5
36020.6
36025.2
36031.5
36034
36058.4
36070.2
36089.7
36097.7
36113.4
36132.2
36145.1
36158.6
36163.1
37071.1
37083.6
37091.9
37092.9
37094.1
37097.5
37115.2
37123.4
37245.9
37248.3
37262
37278.3
37291.7
37296
37324.7
37340.5
37456.1
37475.8
37477.8
37544.5
37552.4
37567.1
37569.7
37615.5
37638.7
37647.5
37653.3
37657.5
37662.2
37670.8
37681.2
37682.4
37683.5
37701.4
38034.5
38039.5
38058.9
38065.6
38068.9
38070.8
38108.9
38112.4
38129.9
38144
38157.5
38157.9
38174.8
38176.2
38286.7
38292.7
38301
38305.4
38308.4
38331.2
38339.6
38409.5
38433.4
38437.9
38476.2
38496.9
38500.7
38502.8
38506.3
38509.4
38516.1
38538.5
39021.6
39041.7
39046.8
39075.1
39090.3
39106
39793.9
39813.2
39815.2
39818.7
39822.4
39824.3
39831.4
39847.9
39901.7
40047.4
40077.6
40085.1
40087.2
40088.2
40091.1
40114.8
40127.4
40129.3
40127.4
40128.6
40134.5
40143.9
40147.5
40151.1
40177.9
40190.4
40209.6
40214.3
40216.8
40219.6
40222.5
40230
40250.8
40265.1
40270.1
40283.8
40285.6
40304
40331.6
40367.2
40399.5
40410.5
40443.6
40460.1
40470.7
40591.6
40626.9
40646
40654.8
40675.7
40713.6
40726.8
40774.7
40815.4
40852
40855.7
40903.4
40907.6
40909.6
40919
40955
40957.7
40961.3
41005.8
41051
41082.5
41088.1
41101.8
41117.9
41122.8
41137.1
41176
41182
41197
41197.7
41246.3
41248.8
41260.1
41301.1
41318.1
41340.4
41344.1
41353
41360.5
41572.9
41586.6
41588.6
41604.2
41621.7
41628
41631.1
41643.8
41673
41678.8
41681.7
41683
41684.8
41726
41731.8
41856.5
41872.9
41907.1
41934.5
41937.9
42693.7
42698.5
42700.6
42716
42720.2
42721.6
42748.7
42751.8
42755.4
42758.9
42763.1
42767.5
42771.6
42782
42784.3
42790.4
42802.9
42856.5
43074.1
43075.4
43076.5
43094.5
43101.1
43149.6
43164
43177.6
43204.8
43215.7
43224.7
43227.1
43230.8
43243.4
43784.5
43791.9
43794.9
43805.5
43807.2
43857.1
44069.5
44071.3
44078.1
44080.2
44084.8
44085.8
44091.7
44103.8
44121.1
44140
44311.9
44323.4
44343.3
44387.6
44388.7
44389.8
44391.7
44418.1
45774.6
45776.7
45840.5
45843.4
45860.7
45871.7
45894.9
45958.2
45968.5
45978.9
46010.8
46019.3
46039.6
46080.9
46206
46282.8
46286.3
46289.7
46291.1
46328.9
46357.3
46372.7
46381.5
46395.7
46397.3
46401.5
46407.5
46426.9
46430.9
46436.7
46439.6
46444.9
46445.9
46447.1
46458.1
46460.8
46465.9
46480.5
46482.3
46497.7
46583
46593.4
46597
46601.6
46604.3
46611.1
46616.9
46620.1
46626.5
46628.9
46722.1
46727
46741.5
46745.4
46753.5
46801.3
47054.1
47060.4
47066.3
47069.2
47074.6
47082.7
47091.7
47093.5
47100.5
47104.8
47107.4
47124.7
47151.8
47157.5
47193.3
47203.9
47223.1
47587
47629.3
47633.9
47637.1
47652.1
47647.4
47664.2
47667.1
47676.9
47681.2
47686.4
47687.9
47689.3
47684.7
47690.3
47693.9
47708.9
47741.5
47820.9
47841.9
47877.3
47934.5
48445
48657.6
48659.6
48661.1
48666
48669.1
48670.9
48686.8
48687.8
48689.6
48696.9
48712.8
48715.9
48793.1
48810.5
48812.2
48817.3
48827
48846
48869.7
48882.3
48888.1
48924.5
49043.6
49047.6
49055.2
49059.6
49066.7
49185.5
49987.8
50002.8
50008.1
50011.4
50020.9
50031.2
50218.2
50223
50225.1
50229.1
50231.8
50262.4
50265.3
50306.9
50542
50618.9
50865
50864.7
50866.7
50870.1
50872.2
50887.3
50890.1
50917.7
50919.3
50929.9
50944.9
50946
50948.3
50957.4
50960.6
50968.1
50969.5
50991.2
51018.5
51036.3
51039.6
51053.8
51056.9
51072.7
51094
51100.7
51118.6
51117.7
51174.4
51180.7
51184.9
51190.9
51281
51744.6
51746.7
51755.5
51884.7
51888.6
51891
51892.4
51894.3
51896.3
51899.8
52048
52060.6
52080.3
52130.9
52132.6
52141.6
52144.3
52147.1
52184.9
52191.1
52195.9
52204.8
52207
52211
52216.4
52236.5
52311.2
52369.3
52774.6
52833.1
52844.8
52879.5
52883.6
52923.9
52926.3
52928
52955.8
52977
52979.7
52980.5
52984.4
52987.4
52993.8
53002.5
53007
53022.4
53271.7
53272.9
53274.5
53408.5
53465.2
53903.1
53938.3
54364.6
54399.7
54403.8
54411.1
54433.9
54435.6
54443.4
54468.7
54700.4
54735.3
54738.7
54771.4
54791.1
54807.2
54810.6
54800.9
54812.9
54815.8
54807.2
54828.7
54841.5
54844.7
54858.5
54864.9
54870.1
54861.2
54868.1
54890.2
54893.1
54901.3
54895.5
54897.5
54925.5
54934.9
54949.5
54958.3
54962.3
54991.6
54996.4
54998.8
55003.7
55041.7
55046.2
55060.3
55068.7
55089.2
55090.5
55100.8
55213.3
55292.1
55314.7
55329.7
55330.9
55341
55346
55360.4
55363.3
55366.3
55377.8
55380.5
55384.7
55390.6
55393.7
55411.9
55413.4
55971.7
55991.8
56002.1
56027.4
56032.2
56035.7
56066.4
56217.3
56223.1
56346.5
56362.3
56429.3
56433.7
56465.5
56467.2
56483.2
56487.6
56582.3
56595
56626.1
56636.4
56638.1
56645.1
56650.5
56677.7
56681.4
56684.8
56706.6
56729.3
56734.2
56749.2
56745
56757.2
56748.4
56776.8
56782.9
56788.1
56849.9
56868.2
56875.8
56878.3
56876
56895.5
56898.5
56901.3
56915.5
56962.7
56990.2
57051.7
57056.7
57114
57166
57172.6
57201.1
57222.4
57225.8
57233.3
57254.2
57255.9
57265.5
57273.7
57299.3
57317.8
57319.9
57330.2
57334.2
57348.8
57386.5
57417.6
57427.3
57437
57649
57708.9
57711.1
57865.9
57894.7
57928.1
57940.6
57960.4
57967.1
57975.2
57985.8
57988.5
57985.3
57995.9
57999.8
58002.9
58058.5
58060.9
58079.7
58086.6
58092
58329.4
58341.4
58369.4
58365.7
58387.2
58381.2
58403.7
58404.7
58408.1
58420
58415.1
58420.1
58429.3
58431.1
58435.7
58463.2
58498.9
58506.4
58509.5
58513
58535.4
58542.8
58540.1
58551.4
58557.4
58560
58578.8
58578.9
58590.2
58606.5
58608.9
58613.2
58617.7
58646.1
58677.2
58679
58725.4
58727.1
58737.4
58748.5
58750.3
58768.8
58774.6
58837.6
58955.7
58987
58990.8
58999.4
59001
59003.2
59005.8
59025
59036.5
59041.4
59047.2
59048.3
59047.3
59053.9
59055.4
59057
59060.2
59064
59068.3
59070
59078.9
59100.9
59103.9
59115.1
59124.4
59139.4
59182.6
59186.4
59189.6
59192.9
59197.1
59201.7
59210.8
59212.3
59214.7
59216.3
59227.3
59241.3
59256.9
59257.9
59265.5
59277.1
59328.1
59335.5
59343.8
59345.6
59344.9
59362.3
59368.5
59368.2
59382.3
59389.6
59393.1
59394.8
59414.7
59534.3
59550.2
59556.8
59563.4
59574.5
59583.5
59591.3
59601.8
59624.3
59641.1
59664.5
59687.7
59694.6
59700.8
59720.7
59791.2
59797.5
59810
59825.1
59840.6
59844.2
59865.8
59876.6
59884.1
59896.4
59906
59925.4
59932.5
59939.8
59944.6
59948.5
59955.1
60024.2
60031.5
60037.6
60062.8
60065.8
60076.1
60079.6
60086.5
60091.8
60093.8
60095.7
60098.5
60102.6
60109.5
60112.3
60115.8
60121.4
60125.3
60127.7
60129.4
60157.2
60195
60200.8
60209.4
60210.6
60219.7
60222.7
60220.7
60231.5
60229.3
60233.4
60234.6
60238.5
60256.2
60259.8
60281
60281.1
60289.3
60292.7
60303.9
60323.5
60326.9
60344.2
60351.6
60355.2
60359
60374.5
60378.2
60380.8
60394.2
60397
60399.4
60405.9
60409.7
60432.9
60438.1
60442.6
60445.5
60450.2
60452.2
60532.2
60559.2
60582.6
60586.5
60644.4
60647.9
60671.4
60673.1
60675.3
60678
60683.2
60687
60694.3
60698.6
60701.5
60707.9
60723.4
60732.1
60738.9
60738.9
60774.8
60783.7
60789
61202.8
61205.7
61211.6
61214.2
61216.2
61231.1
61237.1
61249.6
61260.9
61264.7
61272.4
61274.5
61275.6
61284.7
61311.8
61332.7
61380.5
61384
61388.2
61391
61393.6
61399.9
61402.8
61405.5
61416.6
61439.5
61440.7
61452.8
61454
61465.6
61471.3
61474.3
61525.4
61526.9
61529.7
61540.7
61543.3
61545.1
61546.8
61564.2
61566.7
61574
61588.9
61591.2
61618
61663.1
61667.8
61838.6
61910.7
61936.4
61946.7
61950.8
61952.7
61963.5
61966.4
61975.4
61977.6
61996.3
62057.4
62093.6
62102.2
62105.1
62139.4
62211.8
62222.5
62224
62229.9
62252.2
62258.3
62262.5
62268
62295.8
62414.3
62438
62449.9
62454.2
62479.4
62482.7
62486
62523.5
62933.2
62942.2
62945.2
62948
62945.7
62958.8
62971
63071.9
63118.9
63118.3
63121.7
63133.5
63145.8
63150.6
63164.4
63199.3
63204.3
63222.8
63259.9
63265.3
63315
63318.7
63353.2
63354.9
63355.2
63360.5
63361.5
63367.6
63718.6
63726.1
63728.8
63733.6
64278.5
64279.9
64282.1
64301.7
64444.3
64478.4
64496.4
64512.1
64507
64510.5
64522.9
64519.9
64525.6
64695.3
64699
64830.8
64846.5
64885
64907.9
64910.3
64915.1
65813
65867.8
66038.2
66373.5
66427.4
66435.2
66696.1
67132.5
67155.9
67183.6
67212.7
67231.4
67233.1
67275.9
67396.7
67400.2
67401.3
67412
67438
67443.6
67448.7
67473.6
67801.1
67816.8
67843.2
67875.4
67879
67881
67911.7
67920.3
67947.4
67950.6
67956.2
67971.6
67974.9
67991.2
68003.8
68024
68027.7
68050.7
68076.7
68081.9
68087.6
68092.7
68108.6
68110.8
68111.4
68123.6
68125
68165.3
68175.7
68325.1
68333.6
68342.9
68344.6
68349.8
69000.5
69013.5
69056.8
69083.4
69088.3
69090.1
69094.8
69098.4
69250.7
69268.8
69273.6
69284.7
69293.1
69561.7
69576
69608.3
69614.3
69624.8
69636
69639.9
69652.7
69658.7
69660.2
69663
69670.9
69678.4
69686.2
69688
69695.3
69711.3
69719.2
69727.6
69742.9
69746.5
69763
69765.4
69789.3
69820.1
69822.1
69833.8
69839.4
69842.2
69985.4
69990.1
70000.3
70015.1
70019.2
70021.5
70155.9
70168.3
70170.2
70178.7
70181.8
70183.5
70327.8
70389.1
70394
70399
70401.5
70585.2
70603
70612
70625.1
70658.9
70662.9
70674
70677.5
70681.9
70691.4
70706.7
70728.2
70752.8
70782.9
70790
70795.9
70803.5
70812.3
70815.7
70863
70868.3
70872.1
70876.6
70880
70977.6
71082.7
71107.8
71130.2
71145
71196.4
71209.3
71221.4
71279.9
71297.1
71350.7
71353.4
71365.9
71372.5
71375.2
71393.9
71396.3
71399.3
71414.6
71416.5
71422
71431.9
71454.3
71457.7
71493.2
71496.5
71499
71500.3
71501.3
71504.1
71513.2
71712.3
71721.2
71722.8
71731.3
71746
71769.8
71771.3
71817.1
71840.3
71843.1
71879.7
71879.4
71894.1
71895.4
71941.6
71965.6
71968.8
71981.5
71989.1
71993.3
72003.9
72011.6
72028.5
72034.4
72038.9
72045.9
72048.1
72050
72054
72057.2
72103.2
72109.7
72111.5
72155
72177.7
72180.8
72195.5
72213.7
72222
72251.1
72255.3
72260.3
72277.5
72286.2
72288
72289.1
72382.5
72384.7
72389.5
72397.8
72414.4
72423.1
72432.3
72433.3
72435.3
72442
72448.5
72461.3
72463.8
72465.1
72468.6
72496.6
72517.6
72518.4
72532.4
72537.7
72584.4
72592.4
72610
72616.5
72626.2
72655
72656.2
72675.7
72681.7
72745.2
72764
72768.2
72770.8
72785
72786.7
72790.4
72795.2
72796.4
72798.3
72811.7
72818
72829.1
72854.2
72858
72874.7
72880.4
72890
72894.5
72918.4
72920.5
72950.6
72952.4
73095.2
73115.8
73118.3
73123.6
73134.6
73145
73145.9
73164.4
73172.8
73173.3
73201.9
73214.3
73235.7
73250.4
73284.6
73302.4
73321.2
73323.2
73317.4
73341
73343.7
73379.8
73453.6
73479.6
73483.8
73488.8
73492.4
73499.7
73536.2
73540.4
73560.6
73568.4
73569.6
73585.9
73589.2
73667.2
73668.5
73738.7
73741.8
73743.1
73764
73766.3
73770.7
73788.5
74014.1
74063.7
74067.2
74072.4
74075.7
74078.5
74083.6
74100.8
74102.3
74104.7
74115
74150.3
74153
74159.6
74163.2
74172.8
74177
74178.6
74186.2
74188.6
74192.9
74196.9
74201.7
74206.6
74299.3
74305.2
74323.4
74437.4
74653
74654.9
74679.6
74680.9
74685.3
74804.9
74835
74840.4
74845.7
74851.1
74857.4
74855.7
74857.7
74862.3
74868.6
74886.9
74911.5
74911
74916.7
74937.8
74938.7
74953.8
74977.6
74986.9
74989.1
75013.8
75023
75045.6
75046.9
75050.4
75114.3
75119
75122.5
75145.1
75147
75167.8
75170
75178.2
75180.2
75183.3
75187.1
75196
75199.8
75200.8
75206.3
75211.4
75217.6
75238.1
75253.6
75294
75309.7
75318
75371.7
75379.9
75397.8
75425.3
75431.6
75437.1
75459.8
75476.2
75482.5
75535.1
75554.4
75557.8
75568.6
75580.6
75585
75579.5
75584.2
75600
75603
75681
75683.5
75686.3
75691.8
75707
75745.5
75751.4
75763.1
75768.9
75785.4
75801.1
75807.1
75827.2
75833.8
75859.8
75862.5
75880.2
75882.5
75899.1
75904.4
75988.6
76000.6
76006.2
76007
76031.2
76064.1
76157.1
76162
76164.4
76211.7
76212.9
76214.2
76215.6
76217.4
76221.3
76224.2
76236.3
76240
76244.3
76233.7
76256.1
76267.3
76291.9
76298.9
76309.1
76317.5
76334.4
76333.6
76337.8
76348.1
76363.6
76360
76371.2
76375.8
76377.8
76379.7
76396.5
76406.7
76411.7
76418.5
76429.5
76468.8
76499.1
76500.9
76502.8
76507.8
76515.7
76517.3
76520.6
76541.1
76540.5
76554.5
76557
76603.2
76608.1
76599.1
76611.2
76609.9
76699
76713.6
76751.9
76765.8
76803
76842.4
76855.5
76894.1
76929.7
76950.7
76954.3
76959.9
76963.2
76964.6
76966.2
76968.5
76972.7
76990
77004.7
77014.5
77016.1
77014.9
77031
77032.1
77041.4
77052.2
77061
77064.3
77066
77091.2
77113.5
77123.4
77139.3
77145.4
77171.4
77184.2
77185.8
77212.3
77264.3
77337.1
77362.2
77363.9
77409.5
77431.7
77441.9
77447.3
77494.2
77516.4
77520.4
77542.3
77549
77553.9
77557.4
77562.5
77571.8
77623.8
77646.4
77671.6
77676
77691.7
77727.9
77737.2
77741.9
77772.5
77794.2
77819.1
77826.3
77832.5
77842.5
77857.6
77879.4
77888.5
77904.7
77938.7
77948.5
77951.6
77997.8
78004
78442.7
78464.2
78612.9
78647.1
78655
78660.4
78666.3
78684.8
79249.4
79251.6
79256
79305.7
79307.9
79309.4
79317.3
79470.6
79481
79490.1
79793.8
79801.7
79804.2
79843.1
79849.7
79920.9
79942
79974.6
79978.9
79993.6
80032
80051.4
80065.1
80179.5
80183.2
80187.2
80514.3
80545.4
80561.8
80617
80620.9
80666.4
80680.6
80720.7
80764.6
80771.4
80799.4
80800.5
80808.4
80814.8
81088.1
81108.7
81112.1
81114
81119.2
81122.8
81135.4
81151.5
81157.3
81155.2
81178.4
81254.8
81297.4
81328.7
81332.7
81337.1
81364.8
81413.9
81511.9
81537.9
81540.3
81552.7
81556.9
81772
81782.7
81786.6
81795.7
82098.5
82121.5
82137
82162
82165.7
82172.8
82174.7
82183.5
82189
82193
82195.6
82200.1
82202.3
82206.7
82209.3
82212.8
82216.2
82218.6
82412.2
82426.9
82449.7
82454.8
82462.2
82465.1
82476.2
82483
82488.3
82491.8
82498.3
82501.1
82503.6
82505.3
82518.3
82524
82525.2
82526.8
82528.6
82936.7
82946.4
82972.2
82976.7
82985.7
83197.1
83201.9
83205.4
83207.1
83233.8
83235.1
83243
83254.1
83367.2
83447.7
83502.2
83522.3
83903.4
83914
84236.8
84262.6
84277.6
84288.1
84289.5
84286.3
84308.1
84321
84325.5
84761.2
84770.8
84780.1
84782.6
84796
84804.3
84817.8
84831
84833.9
84892.7
85186.5
85192.8
85197
85200.3
85216.8
85226.8
85254.9
85257.5
85264.1
85271.5
85278.7
85287.6
85290
85304.8
85310.5
85319
85341.7
85405.6
85409.7
85413.5
85424.8
85436.8
85457
85486.8
85490.9
85498.7
85502.2
85505.1
85508.9
85511.9
85514.4
85517.8
85520.4
85522.8
85528.3
85531.7
85534.4
85535.7
85540.4
85546.5
85553.2
85554.9
85557.3
85562.5
85762.3
85770.9
85793.5
85800.3
85804.1
85807.8
86009.7
86174.6
86176.4
86181.8
86371
86374
86401
86418.1
86467.8
86516.4
86534.6
86539.8
86592.5
86609.9
86618.7
86640.8
86647.9
86652.8
86654.3
86663
86678
86702.9
86711.2
86717.7
86721.2
86724.7
86755.8
86758.3
86760.6
86763.2
86765.2
86771.3
86775
86812.6
86820.1
86850.7
86856.4
86882.3
86925
86929.8
86956.4
86960
86965.2
87427.5
87433.6
87437.4
87454.2
87477.2
87512.6
87529.1
87554.9
87556.5
87558.6
87611.4
87612.5
87627.9
87632.4
87634.9
87640.7
87647.2
87664.9
87667.4
87672.1
87675.4
87678.7
87683.8
87686.4
87689.4
87696.5
87787.6
87819.6
87843.2
87846.1
87870.3
87875.2
87913.8
87934.4
87970.3
87971.4
87994.4
88004.5
88060.1
88065.1
88079.6
88097.6
88112.9
88120.5
88129.6
88136.5
88220.3
88223.3
88269.1
88320.7
88327.2
88318.7
88326.6
88339
88350.4
88341.3
88361.3
88370.7
88375.6
88379.7
88386.8
88390.1
88430.6
88463.8
88541.5
88580.3
88582
88583.9
88588.9
88820.1
88821
88844.4
88850
88852.5
88894.3
88896.5
88907.7
88918.7
88923.6
88930.3
88932.2
88938.4
88947.8
89038.2
89070.4
89108.3
89113.8
89115.9
89120.3
89127.3
89500.1
89518.6
89523.5
89526.9
89630.1
89631.8
89642.6
89650.2
89656.6
89665
89763.4
89767.2
89780.6
89781.8
89985.5
90015.1
90267.3
90281.7
90294.9
90298.5
90301
90302.8
90304.2
90305.7
91399.1
91543.6
91563.3
91565.7
91570
91575.4
91579.7
91585.4
91742.8
91748.5
91773.6
91776.8
91779.3
91939.9
91952.6
92300.9
92468.5
92476.8
92478.8
92546.8
92558.7
92564.2
92568.4
92571
92572.5
92576
92586
92614.2
92615.2
94081.5
94161.2
94166.8
94198.6
94204.4
94206.6
94213.4
94215.9
94224.7
94232.2
94242.3
94344.4
94354.3
94362
94364.2
94371.9
94394.6
94416
94426.5
94431.6
94433
94435.8
94457.1
94476.1
94478.7
94502.6
94551.9
94555
94566.5
94568.6
94573.9
94576.6
94973.1
94988.2
94994
95048
95060
95062.7
95066.4
95068.8
95072.2
95075.9
95123.3
95164.7
95177.9
95187.9
95194.6
95200.2
95227.2
95240.7
95245.2
95252.1
95348.4
95356.1
95359.8
95383
95391.7
95413.6
95432.9
95470.7
95473.3
95476.5
95493.8
95495.3
95502.5
95527.2
95532.3
95547.7
95570.8
95572.6
95577.5
95593
95601.3
95607.2
95608.4
95616.8
95631.3
95641.8
95703.6
95719.5
95722.3
95724.9
95729.7
95757
95766.3
95892.7
95894.7
95931.5
95948.5
95962
95977.5
96003.3
96007.4
96073.2
96398.9
96402.6
96450.4
96464
96539.8
96543.7
96561
96562.9
96677.3
96679.6
96735.7
96801.4
96877.3
96971.5
96982.2
96983.9
96985.6
96987.9
96989.4
96999.1
97002.1
97008.8
97019.5
97023.5
97027.3
97031.6
97042.7
97046.7
97060.6
97099
97100.4
97105.5
97120.5
97123.2
97125.7
97189.7
97229.9
97296.2
97322.8
97327.8
97332.6
97351.2
97380.7
97383.4
97416.1
97421.4
97426.4
97433.3
97436.3
97438.3
97840.1
97845.6
97849.2
97854
97859.1
97872.1
97912.6
97916.2
97922.2
97927.2
97929.4
97931
97932.7
97925.3
97937.3
97943.7
97938.8
97954.4
97957.1
97960.2
97962.5
97956.1
97957.8
97974.5
97982.1
97983.3
97984.7
97981.9
98000.7
97999.5
98676.9
98814.4
98842.5
98844.3
98851.6
98866.3
98920.4
98927
98999.9
99002.6
99019.2
99038.1
99111.2
99133.1
99146.1
99142.7
99144.5
99191.7
99193.8
99251.2
99265.7
99268.5
99277.2
99282.3
99284.1
99298.9
99308.5
99316.6
99326.7
99614.5
99619.9
99622.6
99645.5
99658
99663.8
99670.3
99695.2
99687.9
99695.9
99713.4
99716.3
99713
99728.4
99743.2
99744
99752.7
99765.1
99785.2
99791.6
99806.1
99907.9
99910
99911.9
99917.6
99922.2
99944.6
99950
99951.3
99968.3
99971.2
99986
99996.3
100005
100030
100053
100129
100729
100736
100775
100772
100776
100779
100822
100858
100888
101018
101060
101059
101062
101095
101151
101196
101203
101239
101261
101274
101297
101310
101320
101341
101345
101340
101342
101361
101363
101364
101360
101366
101368
101370
101379
101385
101443
101447
101451
101453
101461
101462
101463
101465
101493
101506
101511
101510
101521
101531
101534
101533
101538
101557
101563
101569
101596
101600
101602
101606
101610
101614
101758
101762
101770
101776
101774
101780
101789
101787
101791
101796
101800
101811
101818
101840
101844
101848
101845
101856
101858
101865
101866
101867
101871
101879
101899
101976
101992
101995
102009
102031
102042
102071
102073
102076
102084
102090
102113
102132
102141
102143
102187
102225
102307
102314
102315
102316
102317
102319
102321
102328
102333
102338
102349
102351
102358
102361
102363
102366
102393
102404
102424
102452
102464
102468
102638
102643
102668
102794
102797
102800
102802
102805
102808
102811
102813
102817
102839
102916
102918
102924
102926
102935
102948
102953
102968
102973
102982
103008
103011
103014
103023
103031
103030
103033
103074
103070
103076
103072
103140
103153
103168
103240
103243
103247
103251
103257
103291
103335
103344
103346
103351
103356
103358
103366
103368
103370
103377
103380
103383
103389
103404
103405
103419
103422
103429
103433
103449
103453
103484
103486
103513
103518
103520
103524
103532
103537
103541
103556
103561
103568
103574
103578
103579
103624
103626
103629
103634
103648
103652
103654
103663
103665
103670
103672
103691
103692
103696
103713
103723
103724
103742
103735
103749
103752
103762
103772
103808
103811
103813
103852
104014
104318
104355
104358
104422
104455
104478
104517
104526
104527
104531
104539
104540
105013
105018
105022
105029
105036
105312
105316
105463
105465
105484
105496
105519
105523
105569
105816
105820
105850
105853
105857
105877
105888
105891
105896
105908
105920
105926
105931
105935
105958
106010
106033
106048
106057
106073
106079
106371
106398
106405
106412
106435
106439
106445
106448
106457
106479
106489
106493
106511
106544
106571
106592
106599
106621
106623
106639
106650
106670
106672
106678
106986
107038
107047
107050
107051
107058
107103
107900
107912
107915
107917
107923
107926
107934
107945
108049
108051
108068
108083
108088
108100
108131
108134
108152
108670
108681
108682
108685
108689
108695
108701
108703
108705
108706
108710
108711
108716
108721
108727
108732
109001
109004
109007
109010
109015
109022
109023
109026
109066
109075
109077
109081
109088
109200
109205
109210
109215
109244
109254
109281
109290
109288
109329
109338
109362
109398
109428
109440
109453
109485
109483
109504
109494
109513
109504
109527
109535
109531
109552
109557
109549
109571
109573
109578
109583
109598
109603
109611
109613
109639
109643
109645
109733
109767
109769
109799
109803
109818
109863
109863
109877
109880
109889
109894
109897
109899
109896
109906
110013
110145
110204
110215
110233
110235
110249
110247
110255
110263
110261
110263
110270
110287
110307
110315
110333
110342
110381
110383
110412
110443
110473
111411
111416
111774
111810
111831
111833
111855
111875
111911
111934
111969
112014
112038
112043
112047
112066
112082
112087
112248
112607
112862
112944
112964
112974
112978
112992
112994
113026
113034
113096
113100
113139
113341
113346
113363
113381
113383
113589
113609
113612
113616
113631
113633
113684
113807
113809
113810
113814
113818
113829
113843
113848
113845
113848
113873
113874
113882
113896
113939
113949
113994
114013
114443
114444
114450
114451
114528
114531
114556
114571
114651
114660
114687
114706
114760
114761
114768
114803
114806
114811
114818
114848
114861
114869
114883
114887
114895
114915
114952
114995
115011
115030
115036
115045
115074
115077
115090
115093
115100
115119
115126
115140
115142
115148
115150
115168
115179
115178
115180
115182
115186
115201
115221
115250
115252
115281
115319
115325
115331
115343
115359
115364
115365
115375
115382
115385
115389
115407
115421
115416
115440
115459
115488
115493
115504
115506
115508
115527
115517
115565
115570
115572
115588
115589
115720
115726
115730
115756
115770
115821
115825
115834
115839
115842
115853
115863
115905
115941
115943
115959
115955
116099
116269
116266
116581
117064
117081
117084
117166
117169
117175
117177
117184
117188
117191
117216
117219
117444
117449
117481
117488
117491
117500
117553
117981
118001
118071
118099
118101
118117
118119
118178
118191
118190
118194
118196
118199
118202
118223
118227
118229
118233
118268
118291
118732
118736
118740
118749
118753
118772
118820
118846
118849
118852
118858
118873
118878
118882
119028
119030
119036
119078
119080
119082
119231
119244
119268
119274
119276
119279
119288
119291
119292
119808
119813
119816
119824
119828
119836
119852
119853
119855
119859
119863
119869
119870
119874
119880
119896
119912
119914
119925
119929
119997
120001
120021
120027
120037
120051
120079
120098
120100
120103
120105
120109
120107
120200
120258
120269
120276
120279
120284
120287
120416
120454
120459
120481
120496
120831
120930
120941
120948
120950
120955
120992
120994
120997
120998
121020
121045
121049
121062
121072
121087
121183
121422
121441
121445
121449
121464
121473
121515
121546
121588
121656
121709
121711
121725
121728
121738
121912
121946
121947
121996
121992
121994
122005
121998
122004
122019
122023
122034
122043
122049
122062
122073
122074
122087
122087
122107
122110
122106
122109
122123
122129
122133
122140
122155
122176
122221
122225
122220
122243
122251
122263
122279
122286
122293
122745
122761
122762
122795
122901
122944
122981
122986
123001
123020
123067
123073
123115
123204
123626
123634
123639
123642
123655
123663
123694
123702
123703
123726
123728
123743
123788
123791
123794
123795
123798
123809
123810
123814
123819
123822
123824
123826
123827
123846
123848
123852
123853
123870
123906
123911
123964
124011
124031
124034
124047
124118
124120
124173
124181
124184
124188
124237
124267
124286
124285
124286
124293
124296
124298
124299
124304
124311
124333
124333
124338
124345
124347
124363
124376
124379
124378
124381
124382
124383
124385
124392
124392
124400
124398
124405
124411
124414
124421
124425
124430
124436
124436
124453
124456
124500
124502
124506
124512
124517
124556
124573
124590
124600
124601
124605
124610
124619
124624
124637
124645
124661
124668
124670
124676
124686
124688
124689
124691
124697
124698
124706
124754
124756
124765
124767
124773
124789
124793
124811
124857
124882
124886
124891
124895
124897
124905
125279
125282
125288
125296
125298
125333
125339
125340
126059
126060
126065
126073
126081
126087
126091
126095
126228
126468
126486
126492
126498
126508
126513
126522
126600
126619
126657
126661
126668
126686
126688
126698
126700
126705
126727
126735
126742
126955
127006
127011
127018
127020
127023
127030
127032
127035
127039
127062
127083
127094
127101
127102
127106
127108
127112
127115
127118
127141
127143
127144
127151
127160
127164
127168
127173
127177
127181
127187
127378
127407
127682
127713
127721
127754
128117
128569
128605
129029
129042
129046
129067
129090
129103
129105
129137
129144
129170
129216
129225
129258
129267
129298
130134
130201
130205
130215
130218
130224
130226
130232
130238
130283
130286
130287
130289
130299
130497
130502
130503
130504
130506
130729
130731
130734
130746
130755
130758
130761
130769
130778
130783
130790
130791
130796
130798
131373
131492
131549
131556
131563
131604
131612
131621
131628
131650
131656
131658
131670
131685
131711
131715
131737
131742
131745
131756
131778
131806
131841
131871
131877
131895
131897
131905
131932
131937
131956
131962
131974
131980
131998
131999
131993
132028
132020
132025
132054
132056
132082
132079
132080
132083
132088
132105
132104
132109
132132
132138
132140
132140
132145
132146
132148
132152
132155
132166
132179
132182
132173
132198
132186
132189
132203
132199
132200
132240
132291
132298
132295
132332
132335
132325
132326
132330
132345
132366
132385
132396
132404
132406
132458
132452
132524
132539
132560
132564
132575
132589
132591
132593
132599
132623
132661
132721
132728
132799
132817
132820
132844
132924
132995
133003
133035
133042
133076
133081
133213
133217
133220
133223
133230
133251
133254
133258
133260
133560
133562
133586
133607
133617
133621
133648
133877
133908
133929
133932
133967
133972
134270
134272
134282
134285
134294
134353
134371
134547
134701
134711
134706
134712
134957
134964
134975
134995
135004
135011
135012
135056
135059
135074
135065
135070
135089
135082
135101
135169
135173
135179
135185
135190
135192
135273
135332
135336
135337
135339
135341
135347
135363
135368
135396
135406
135425
135478
135513
135563
135578
137038
137188
137211
137447
137452
137455
137466
137472
137482
137490
137492
137498
137539
137553
137609
137682
137709
137742
137749
137774
137776
137779
137837
137867
137868
137896
137900
137942
138174
138177
138181
138187
138585
138719
138743
138752
138755
138757
138758
138771
138774
138807
138810
138814
138817
138819
138821
138875
138884
138887
138891
138893
138915
138929
138932
138949
138990
138994
139076
139277
139279
139475
139479
139484
139490
139495
139498
139516
139829
139830
139914
139915
139923
139930
140336
140337
140340
140343
140344
140350
140353
140359
140367
140578
140657
140673
140686
141560
141567
141570
141618
141741
141789
141952
141959
141996
142000
142139
142142
142144
142149
142159
142167
142176
142180
142269
142275
142281
142290
142361
142365
142389
142429
142446
142451
142463
142464
142471
142470
142491
142522
142530
142534
142538
142551
142558
142560
142565
142590
142596
142600
142619
142662
142716
142726
142730
142764
142767
142775
142780
142788
142801
142814
142819
142838
142864
142896
142891
142893
142895
142908
142910
142918
142946
142955
142957
142969
142972
142975
142977
142980
142994
142999
143004
143003
143008
143016
143023
143033
143043
143045
143059
143063
143104
143123
143207
143272
143285
143291
143298
143333
143337
143357
143360
143362
143364
143380
143386
143388
143399
143409
143422
143419
143445
143449
143468
143487
143502
143506
143524
143538
143568
143668
143684
143690
143696
143705
143712
143713
143733
143736
143737
143738
143742
143763
143832
143841
143849
143862
143864
143886
143911
143913
143916
143923
143942
143944
143955
143956
143989
144018
144030
144068
144075
144086
144090
144097
144120
144125
144135
144137
144140
144144
144148
144167
144176
144198
144199
144208
144222
144246
144248
144294
144303
144321
144359
144364
144374
144377
144380
144384
144388
144395
144398
144652
144692
144694
144825
144852
144883
144886
144899
144946
144950
144954
144960
145213
145219
145230
145250
145257
145278
145288
145293
145297
145317
145320
145324
145371
145408
145413
145418
145425
145462
145481
145478
145510
145515
145529
145538
145558
145572
145614
145618
145619
145623
145624
145660
145661
145844
145846
145849
145852
145854
145912
145933
145937
145939
145958
146385
146387
146403
146405
146437
146439
146453
146454
146464
146498
146516
146539
146653
146720
146732
146828
146853
146912
147162
147178
147256
147274
147300
147301
147310
147314
147321
147314
147329
147332
147333
147338
147352
147359
147361
147370
147372
147385
147389
147393
147403
147432
147436
147442
147446
147445
147465
147457
147473
147499
147528
147538
147541
147543
147578
147609
147632
147675
147681
147707
147870
147876
147903
147932
147949
147953
147982
147995
147998
148021
148035
148043
148073
148239
148243
148257
148254
148267
148270
148265
148270
148282
148285
148325
148322
148339
148353
148356
148378
148422
148424
148428
148441
148448
148447
148453
148456
148501
148508
148521
148545
148607
148609
148617
148627
148714
148709
148713
148722
148730
148734
148765
148771
148821
148823
148830
148835
148854
148900
148909
148919
148925
148928
148968
148970
149019
149039
149145
149149
149152
149153
149155
149160
149163
149164
149174
149229
149234
149244
149246
149262
149274
149281
149299
149328
149338
149349
149615
149682
149691
149696
149725
149740
149745
149748
149781
149788
149820
149831
149866
149869
149902
150081
150078
150211
150212
150216
150222
150227
150256
150267
150296
150343
150355
150352
150426
150428
150432
150436
150577
150582
150591
150603
150609
150611
150623
150618
150649
150671
150677
150695
150728
150733
150741
150764
150785
150804
150858
150862
150881
151113
151144
151146
151147
151151
151155
151158
151163
151174
151177
151180
151183
151365
151373
151381
151424
151426
151426
151437
151448
151474
151495
151502
151506
151508
151528
151532
151640
151645
151649
151651
151707
151717
151728
151730
151749
151783
151796
151810
151843
151845
151852
151873
151874
151880
151889
151901
151933
151954
151960
151965
151972
151978
151998
152003
152056
152358
152417
152469
152474
152481
152483
152486
152488
152495
152497
152499
152522
152536
152540
152542
152556
152559
152561
152565
152568
152570
152598
152624
152629
152640
152649
152686
152791
152808
152811
152813
152819
152825
152830
152835
152839
152959
153039
153119
153162
153169
153176
153183
153185
153188
153190
153224
153251
153263
153271
153279
153293
153294
153315
153317
153320
153322
153326
153327
153335
153347
153351
153356
153358
153366
153374
153383
153385
153394
153410
153414
153444
153448
153459
153463
153465
153468
153513
153665
153947
153957
153989
154021
154023
154027
154038
154059
154069
154089
154099
154119
154122
154124
156170
156172
156175
156187
156206
156211
156218
156228
156292
156365
156371
156991
156992
157052
157080
157083
157115
157787
157806
157840
157842
157844
157850
157852
157857
157861
157866
157886
157906
157909
157920
157921
157950
157952
158150
158155
158156
158160
158162
158167
158168
158173
158176
158187
158199
158204
158207
158212
158424
158674
158724
158730
158732
158750
158752
158761
158764
158765
158768
158798
158807
158810
158877
158891
158898
158948
158984
158988
159074
159084
159101
159106
159114
159121
159129
159139
159147
159152
159156
159162
159191
159198
159200
159209
159226
159228
159231
159234
159241
159268
159280
159292
159295
159296
159302
159308
159358
159359
159363
159365
159367
159383
159384
159410
159413
159418
159438
159453
159473
159488
159522
159524
159557
159559
159561
159565
159567
159569
159585
159598
159600
159606
159621
159628
159635
159641
159643
159649
159659
159673
159679
159721
159724
159745
159786
159788
159790
159850
159856
159889
159895
159904
159907
159945
159959
159964
159978
159996
160009
160006
160016
160017
160023
160070
160072
160077
160109
160111
160114
160126
160129
160145
160146
160142
160146
160154
160166
160167
160168
160169
160171
160328
160331
160334
160465
160474
160505
160527
160532
160539
160558
160646
160672
160675
160694
160704
160708
160719
160722
160738
160767
161210
161213
161238
161257
161261
161268
161282
161302
161320
161322
161327
161341
161353
161421
161423
161429
161430
161434
161443
161495
161506
161515
161578
161581
161585
161602
161616
161619
161621
161641
161651
161659
161691
161692
161766
161769
161802
161807
161811
161815
161820
161824
161854
161860
161875
161889
161914
161919
161930
161961
161967
161978
162026
162030
162077
162087
162107
162124
162130
162132
162219
162234
162235
162526
162559
162562
162628
162740
162778
162813
162839
162845
162858
162863
162883
162898
162901
162964
162984
162987
162993
163036
163037
163031
163126
163126
163139
163137
163140
163164
163187
163221
163289
163303
163310
163318
163340
163364
163393
163408
163402
163413
163450
163452
163472
163513
163540
163567
163568
163581
163588
163601
163627
163643
163654
163656
163660
163664
163667
163676
163679
163717
163726
163738
163746
163779
163780
163915
163942
164120
164145
164148
164340
164342
164357
164354
164375
164389
164422
164429
164497
164515
164523
164533
164539
164543
164546
164546
164547
164552
164554
164557
164617
164621
164638
164644
164674
164716
164758
164766
164798
164820
164862
164869
164878
164900
164994
164995
165058
165063
165085
165104
165136
165138
165140
165168
165190
165206
165227
165248
165279
165285
165309
165311
165387
165391
165395
165396
165401
165404
165405
165408
165409
165565
165578
165600
165630
166081
166084
166093
166098
166100
166105
166107
166120
166122
166147
166153
166156
166189
166211
166242
166247
166273
166276
166290
166294
166299
166454
166676
166679
166682
166694
166694
166710
166715
166724
166758
166877
166921
166953
166957
166970
166972
166992
166993
166996
167001
167004
167008
167011
167015
167018
167244
167354
167505
167510
167512
167518
167532
167534
167714
167733
167887
167891
167942
167948
167958
167969
167971
167973
167989
168004
168008
168043
168063
168078
168086
168091
168095
168101
168134
168198
168203
168207
168244
168259
168261
168285
168365
168374
168376
168379
168380
168400
168411
168416
168419
168425
168428
168430
168437
168440
168445
168452
168459
168468
168483
168491
168507
168509
168546
168557
168561
168568
168875
168882
168884
168900
168903
168906
168931
168939
168954
168960
168965
169017
169023
169036
169040
169256
169307
169332
169346
169357
169366
169366
169377
169394
169431
169462
169494
169496
169499
169501
169522
169531
169652
169656
169658
169677
169689
169690
169693
169695
169698
169693
169701
169706
169721
169723
169722
169734
169731
169744
169765
169766
169766
169772
169783
169786
169788
169792
169795
169816
169821
169852
169854
169923
169927
169929
169940
169944
169948
169953
170002
170006
170012
170072
170075
170206
170234
170238
170252
170270
170272
170275
170283
170292
170294
170296
170300
170304
170306
170310
170316
170336
170345
170353
170360
170382
170385
170618
170621
170613
170618
170634
170642
170657
170660
170667
170670
170674
170676
170680
170688
170710
170724
170771
170772
170778
170780
170782
170785
170833
170838
170860
170872
170882
170886
170896
170898
170903
170905
170994
171001
171048
171093
171135
171139
171142
171181
171186
171188
171197
171216
171242
171247
171254
171259
171264
171266
171270
171275
171324
171338
171342
171410
171417
171429
171432
171458
171467
171470
171506
171606
171653
171657
171661
171675
171807
171840
171854
171875
171897
171902
171904
171908
171912
171926
171947
171950
171965
171975
171981
172067
172070
172073
172079
172085
172101
172103
172110
172112
172136
172155
172155
172163
172185
172193
172225
172226
172247
172279
172281
172312
172322
172345
172357
172369
172375
172383
172387
172391
172438
172442
172468
172473
172481
172485
172496
172498
172500
172503
172505
172508
172513
172514
172515
172527
172530
172533
172540
172542
172547
172552
172559
172578
172585
172599
172612
172615
172623
172629
172632
172635
172648
172664
172676
172679
172713
172729
172742
172744
172749
172766
172785
172840
172856
172867
172886
172949
172997
172999
173006
173007
173018
173020
173021
173025
173034
173036
173040
173065
173086
173091
173107
173111
173112
173114
173116
173119
173129
173140
173164
173167
173175
173177
173190
173244
173255
173260
173265
173298
173326
173331
173353
173356
173372
173376
173385
173394
173411
173420
173425
173439
173442
173442
173444
173455
173480
173471
173492
173501
173526
173539
173548
173578
173581
173589
173604
173607
173631
173635
173671
173697
173702
173705
173709
173764
173779
173904
173923
173927
173945
173946
173950
173957
173960
173994
173998
174003
174054
174059
174068
174072
174073
174081
174090
174098
174102
174133
174139
174151
174153
174156
174170
174191
174252
174283
174288
174386
174401
174459
174466
174500
174513
174532
174560
174574
174586
174591
174599
174620
174623
174658
174661
174672
174679
174712
174729
174737
175486
175509
175530
175534
175542
175560
175565
175575
175583
175587
175597
175601
175605
175627
175633
175645
175658
175663
175672
175677
175697
175712
175731
175820
175823
175849
175866
175869
175899
175900
175913
175926
175932
175954
175957
175991
175994
176016
176197
176287
176289
176291
176292
176293
176295
176311
176324
176322
176325
176342
176349
176409
176452
176454
176479
176487
176494
176496
176508
176518
176517
176532
176549
176558
176560
176577
176670
176672
176673
176676
176738
176741
176760
176771
176776
176789
176801
176802
176819
176834
176836
176841
176847
176857
176859
176870
176902
176906
176919
176929
176934
176936
176940
176960
176962
176958
176967
176978
177056
177077
177080
177140
177163
177180
177182
177190
177215
177222
177225
177251
177273
177327
177385
177400
177404
177596
177598
177612
177625
177634
177636
177640
177654
177656
177653
177660
177662
177666
177676
177681
177698
177706
177728
177731
177737
177740
177765
177807
177839
177858
177867
177913
177915
177927
177936
177939
177942
177954
177950
177957
177961
177964
177966
177974
177978
178018
178023
178031
178030
178038
178088
178092
178096
178097
178096
178107
178112
178115
178133
178128
178135
178137
178162
178165
178169
178170
178174
178184
178186
178189
178196
178207
178346
178348
178350
178355
178384
178396
178405
178414
178424
178419
178433
178458
178554
178558
178561
178575
178573
178581
178588
178588
178592
178604
178608
178616
178624
178699
178729
178744
178748
178757
178760
178763
178786
178793
178795
178803
178805
178919
178940
178948
178961
178976
178979
178985
178986
178989
178990
178999
179013
179019
179192
179197
179210
179216
179222
179256
179271
179275
179296
179308
179309
179315
179320
179470
179496
179499
179496
179506
179510
179512
179615
179982
180016
180022
180025
180029
180031
180035
180041
180046
180069
180087
180088
180094
180100
180102
180109
180116
180118
180126
180144
180145
180160
180164
180167
180179
180183
180186
180191
180203
180208
180215
180226
180232
180238
180244
180245
180248
180249
180253
180255
180308
180310
180312
180330
180342
180358
180399
180414
180423
180689
180693
180703
180766
180779
180831
180995
181001
181030
181038
181044
181068
181077
181089
181097
181104
181117
181121
181129
181131
181138
181146
181167
181169
181171
181190
181192
181228
181230
181263
181288
181399
181401
181412
181419
181423
181426
181428
181431
181463
181467
181473
181477
181482
181485
181493
181492
181496
181619
182015
182038
182072
182079
182103
182112
182122
182152
182466
182468
182474
182529
182557
182567
182570
182603
182608
182611
182612
182626
182636
182641
182661
182663
182675
182676
182679
182687
182695
182721
182769
182778
182784
182790
182796
182800
182805
182810
182813
182814
182834
182845
182883
182885
183534
183543
183556
183563
183570
183591
183695
183746
183749
183760
183799
183816
183845
183965
184009
184296
184318
184319
184329
184344
184350
184368
184382
184391
184440
184468
184475
184478
184486
184510
184517
184522
184543
184546
184558
184562
184565
184624
184636
184669
184674
184691
184707
185141
185144
185161
185180
185184
185187
185476
185483
185495
185540
185543
185545
186188
186190
186193
186195
186276
186281
186285
186320
186325
186328
186332
186334
186336
186339
186341
186344
186349
186499
186502
186582
186626
186634
186650
186691
186738
186741
186779
186801
186805
186808
186882
186884
186888
186890
186892
186896
186907
186914
186921
186923
186926
186936
186953
187018
187019
187025
187030
187033
187036
187038
187041
187231
187245
187250
187255
187257
187326
187372
187731
187735
187766
187769
187771
187774
187777
187781
187784
187792
187794
187798
187800
187804
187842
187852
187857
187891
187970
188019
188042
188048
188048
188057
188061
188139
188142
188150
188157
188158
188188
188227
188228
188230
188234
188253
188262
188271
188849
188888
188901
188979
189010
189053
189061
189066
189107
189123
189138
189143
189222
189231
189237
189255
189279
189303
189309
189310
189314
189337
189362
189370
189382
189396
189402
189405
189429
189441
189480
189491
189503
189507
189513
189517
189520
189522
189529
189557
189563
189575
189583
189586
189595
189605
189650
189657
189664
189688
189691
189706
189710
189722
189725
189744
189746
189751
189755
189757
189763
189770
189774
189794
189798
189801
189818
189824
189841
189893
189928
189932
189937
189970
189990
189995
189997
190001
190002
190017
190534
190537
190543
190546
190570
190573
190578
190585
190604
190627
190638
190642
190649
190655
190758
190761
190877
190881
190884
190890
190893
190904
191960
192051
192098
192103
192107
192111
192115
192129
192136
192140
192147
192150
192151
192157
192159
192161
192166
192174
192179
192182
192223
192234
192238
192240
193031
193442
193447
193450
193458
193465
193479
193957
193975
193990
193996
194001
194002
194073
194092
194090
194109
194119
194132
194149
194154
194161
194184
194187
194193
194216
194222
194227
194390
194391
194418
194419
194439
194451
194468
194637
194722
194727
194748
194750
194764
194772
194774
194777
194778
194779
194782
194787
194794
194797
194799
194802
194807
194812
194822
194844
194848
194850
194857
194855
194873
194893
194899
194944
194951
194963
194984
194989
195016
195037
195105
195135
195145
195154
195159
195165
195206
195211
195239
195243
195247
195256
195260
195264
195271
195274
195276
195301
195340
195343
195348
195352
195359
195366
195375
195414
195431
195435
195464
195466
195517
195526
195535
195557
195568
195580
195586
195591
195592
195593
195605
195723
195767
195770
195795
195822
195827
195835
195840
195847
195850
195856
195884
195912
195918
195953
195974
196100
196104
196115
196122
196133
196382
196399
196404
196427
196430
196508
196514
196526
196530
196546
196549
196630
196663
196675
196685
196712
196727
196741
196746
196756
196766
196772
197210
197220
197221
197226
197230
197243
197248
197253
197257
197279
197280
197283
197290
197292
197294
197298
197299
197304
197317
197334
197354
197371
197374
197429
197434
197437
197452
197455
197481
197491
197493
197500
197506
197507
197503
197528
197534
197632
197651
197657
197668
197675
197682
197684
197693
197707
197714
197729
197782
197786
197793
197799
197801
197813
197811
197812
197832
197865
197867
197869
197906
197912
197938
197961
197963
198360
198373
198376
198385
198395
198422
198436
198446
198446
198464
198466
198469
198475
198477
198494
198496
198493
198495
198499
198508
198512
198532
198550
198553
198583
198597
198601
198603
198605
198610
198611
198660
198662
198665
198669
198673
198676
198679
198682
198708
198720
199038
199044
199075
199077
199078
199107
199128
199515
199520
199525
199566
199569
199608
199618
199645
199670
199674
199721
199789
199904
199978
