3418.83
6059.14
7155.91
7438.2
8813.8
9527.18
10864.1
13480.6
13730.8
13826.4
17060.6
17354.3
17594.7
17819.8
20195.5
21415
22206
22257.1
22485.1
24586
25924.8
26126.8
31879.2
33224.3
36615
37492.8
38424.1
39077.3
40375.9
40523.8
46736.1
47599.1
48405.9
51251.8
53861.8
54458.3
62379.6
62574.6
63052.1
63226
65716.3
67714.4
68441.5
69889.7
71388.7
72369.5
73579.9
76329.2
77545.9
79024.3
85116.5
87025.3
87914.5
89673.7
89751.1
90319.5
90998.1
91313
91558.1
91875.2
92088
93902.6
94160.8
94403.6
94634.7
96221.4
