2950.75
3372.19
6830.73
7778.4
8206.19
8499.4
14904.3
15923
16373.7
16998.2
17072.1
20536.4
21176.4
25165.2
26896.3
26947.2
31601.1
32107.5
32391.3
32810.1
32818.9
32920.5
33690.1
34553.4
37606.3
38327.1
38665.2
39147.4
39223.7
40472
40515.4
44156.6
45824.5
45856.3
46042.3
46183
46520
46871.1
47182.1
47235.1
50917.3
51237.2
51344.9
51450.6
53242
53818.3
56645.1
56702.1
56966.3
57624.5
58520.9
61599.5
62009.8
63668
63874
63986.4
64100.5
65047.3
66018.8
67734.8
68197
69222.9
73730.1
76814.7
79459.6
79656
80820.8
81080.5
81594.3
82345.8
84438.5
84676.1
85177.4
85404.4
85686.1
87538.9
89791.2
90028.7
90180
92055.5
92500.5
97936.9
98764.9
99587.8
99856.6
102381
103528
104767
106034
107401
107802
108834
109597
110489
110871
115274
115343
116142
117579
118802
121645
123819
125082
125291
126307
127308
128531
130015
130087
130322
131572
133916
135610
141075
142464
142802
145339
150066
150952
151139
152288
152690
153339
154396
155559
155829
156621
156862
157107
157265
157428
158163
158981
159846
161952
162592
164011
164381
167513
172128
172168
173127
175002
175552
175712
177856
178974
179826
181493
181691
183231
184520
184603
186752
189376
191835
192313
196194
197851
