251.99
365.92
529.8
543.26
1069.03
1589.55
1691.13
1960.85
2354.86
2395.01
2839.31
2843.35
2986.28
3303.87
3438.74
3630.49
3679.44
3778.19
5176.07
5935.43
5981.7
6002.59
6159.61
6375.15
6492.85
6712.8
7052.24
7051.62
7166.8
7187.83
7557.87
7594.79
7912.02
8293.5
8440.61
8555.49
8844.54
8889.97
9555.34
10111.7
10255
10793.2
11480
11798.3
11946.6
12028.1
12380.6
12859.8
12913.2
13028.1
13495.1
13944.4
14032.7
14175.8
14565.3
14747.4
14785.4
15371.5
15516.1
15561.3
15740.1
15741.6
16076.8
16252
16311.3
16320.7
16631.9
16683.2
16851.6
17530.1
18058.8
18720.6
18729.4
18812.7
19617
19854.4
20082.8
20166.8
20221.3
20228.3
20327.1
20331.5
20663.1
20820.1
20882.5
21299.6
21608.8
21680.4
21994
22173.7
22370
22495.1
22509.2
23790.1
24489.8
24670.6
24702
24803.5
24818.5
25430.5
26070.5
26321.2
26584.2
26643.8
26796.7
26802.1
26912.6
27161.8
27567.9
27814
28031.7
28085.9
28266.5
28284.3
28593.4
28800.7
29094.3
29316.4
29394.5
29683.6
29785.1
29814.4
30024.2
30049.6
30130.5
30356.5
30642.8
30879.9
31035.2
31194.6
31207.7
31587.3
31728
32168.9
32247.9
32605.7
32633.3
32774.4
33022.8
33042.1
33510.7
33811.9
34052.5
34238
34595.2
34830.4
35560.6
35663.5
36237.2
36813.8
37115.7
37238.9
37480
37771.8
37895
38144
38388.5
38907.8
39102.9
39437.6
39459.5
39800.1
40327.6
40329.8
40567.2
40969.7
41566.2
41727.6
42004.2
42179.3
42286.1
42479.3
42844.9
42852.5
42860.3
43117.1
43278.5
43364.5
43704.1
43854.5
44580.4
44760.7
44886.6
45132.8
45317.9
45633
45645.5
45752.1
46043.3
46106.1
46286.6
46387.6
46432
46476.4
46911
46980
47058.2
47104.4
47310.3
47612.4
47802.7
47981.9
48258.9
48536.8
48737.1
49098.2
49314.5
49361.8
49542.2
50084.8
50540.3
50617.7
50976.6
51157.3
51313.8
51962.3
53050.7
53096.9
53190.2
53619.4
54208.5
55022.6
55421.4
55694.1
55733.6
55837.7
56017.2
56093.5
56509.5
56554.4
56667.4
57020
57147
57155.5
57281
58083.7
58165.5
58435.1
58973
59319.6
59830.8
60208
60290.7
60457
60561.4
60611.8
60740.9
61104.1
61181.9
61229.4
61257.5
61369.3
61466.3
61775.3
61871.5
61917.6
62050.6
62115.5
62371.3
62383.2
62634.4
62849.8
62915.9
63093
63118.7
63166.6
63474.6
63591.1
63646
63705.3
64302.2
64504.1
64696.2
64788.8
64936.9
65050.8
65381.9
65817.6
66059.4
66469.6
66467.9
67199.5
67505.3
67580.6
67858.5
68123.6
68194.6
68327
68372.1
68427.1
68852.6
68996.6
69094.4
69475.4
70071.8
70108.5
70262.7
70470.9
70482.9
70956.2
71623.4
71771.7
71905.1
71943.6
72125.4
72388.7
72446.3
72795.1
73135.7
73146.3
73305.9
73500.5
73540.6
74491.2
74500.4
74773.3
74881.3
74971.3
74987.2
75325.4
75588.4
75858.3
75969.6
76508.9
77084.3
77348.1
77369.7
77631.4
77714.8
77866.4
77924.7
77937.5
78223.6
78976.7
78982.9
79395
79618.8
79624.1
79975.4
80137.7
80391.4
80522
80745.6
81024.3
81721.2
81875.3
82128.3
82687.5
82775.1
83256.5
83544.6
84176.5
84343.1
84823.4
84923.9
85253.4
85368.4
85641.4
85855.5
86465.5
86521.1
86913.8
87108.5
87248.1
87547.8
87599.5
87984.1
88693.3
88864.6
89563.3
89665.7
89929.6
89998.6
90210.2
90435.2
90777.1
91115.1
91571.3
91936.6
92204.8
92890.6
94754.9
95203.8
95260.5
95530.1
96155.9
96591.9
97613.4
97953.1
98352.8
98527.1
98683.5
99049.2
99319.6
99609.1
99888.7
99951.4
100914
101237
101659
102123
102286
102348
102660
102873
103239
103709
103977
103983
104336
104662
105047
105091
105220
105488
105598
105739
105842
106381
106545
106910
107254
107520
107697
107764
108132
108190
108232
108263
108604
108695
109062
109303
109353
109368
109362
109697
109874
109996
110099
110761
111103
111137
111302
111427
112020
112190
112585
113799
114030
114750
114785
114852
114990
115149
115180
115495
115718
115800
116027
116474
116522
116582
116608
116971
117350
117481
117716
117732
117764
117867
118349
118416
118508
118691
118842
119439
119536
119601
120309
120934
122017
122458
122885
123323
123575
123655
124057
124094
124259
124380
124691
124976
125002
125135
125638
125881
125889
125933
126325
126555
126762
126981
127200
127251
127901
127998
128333
128461
128670
128994
129482
129801
129895
130152
130483
130516
130514
130779
130909
131369
131448
131551
131810
131909
131912
132244
132327
132511
132881
133173
133421
133714
133739
134157
134236
134491
134644
134851
134949
134985
135063
135837
136749
136759
137730
138180
138222
138807
139420
139855
140194
140425
140732
141374
141381
141495
141744
141902
142141
142152
142347
142371
142551
142598
142797
142985
143340
143408
143992
144025
144095
144219
144424
144716
145101
145139
145273
145419
146156
146184
146287
146757
146811
147051
148562
148944
149346
149484
149547
149717
150089
150226
150496
150721
150910
151201
151359
151406
151576
151745
152104
152423
152586
152709
152985
153136
153344
153471
153756
153760
153855
154277
154459
154980
155214
155249
155680
156153
156258
156321
156481
156578
156711
156822
157156
157148
157448
157590
157739
157750
157967
158021
158021
158336
158338
158515
158741
158828
158895
159076
159179
159177
159407
159723
159740
159794
160679
160891
160909
160998
161524
161539
161578
161712
161778
162222
162492
162840
163522
163846
163871
164182
164426
164597
164617
164736
165085
165640
166257
166472
166674
166733
166826
167013
167212
167233
167675
168160
169258
169907
169924
170202
170760
170757
170822
170967
171043
171105
171262
171447
171678
171769
171956
171999
172237
172252
172802
173131
173247
173434
173454
173559
173632
173861
174241
174702
174960
175097
175191
175474
176201
176272
176685
177029
177081
177460
177546
177576
177765
178032
178085
178164
178646
179403
179558
179629
179639
180007
180296
180531
180715
180955
181056
181352
181422
181581
181611
182023
182176
182205
182364
182394
182540
182722
183004
183649
183673
183805
183962
184047
184195
184256
184326
184347
184654
185112
185735
185992
186478
186631
186968
188211
188405
188649
189278
189799
189833
189905
190109
190211
191490
191580
191685
191724
192145
192922
193824
193947
194255
194910
195031
195100
195306
195593
195880
195910
196378
196422
196448
196734
196741
196885
197128
197244
197475
197674
197775
198494
198712
199039
199898
