1897.51
5184.33
7819.43
11095.8
12034.2
12550.2
12577
12981.3
14122.5
14413.4
15177.5
15320.2
15972.1
16107.4
17512.3
19824.2
19956.2
20531.1
25241.8
25940.6
26207.4
29490.4
32752.3
34935.9
34957.1
35049.7
36649.2
36801.8
37306.3
37841.1
42458.4
43280.3
51107.6
52695.2
56923.1
61615.4
74007.2
77367.9
77577.8
81153.3
81492.4
82071.8
84052
84145.4
84802
85150.4
85542.4
85728
86195.1
87213
88420.2
90943
91116
91508.4
92119
95982.9
98729.6
99194
102934
104754
105535
108335
110939
114799
115152
117922
121193
122181
123477
126158
129785
130404
132242
133014
136324
136632
137134
137242
138477
139001
141482
141650
142889
143135
144283
144658
145913
147728
148083
149451
149499
149981
150018
151889
152424
152790
153290
154491
157761
159092
160917
160937
163724
164602
165567
166638
168041
169865
170278
172347
172576
173150
173639
174653
175782
176262
176393
177010
179194
179358
181532
182293
187320
187364
191204
191980
192578
195134
198017
198513
199644
