316.68
1742.01
2620.59
2689.16
4562.2
5097.86
6274.13
6879.56
7330.1
7829.16
10795.6
11191.4
11331.7
11787.7
13454.2
13487
13706.5
14566.3
14928
15245.6
15440.4
17149.1
17222.1
18281
18792.8
18996.3
19290.1
20069
20477.5
21202.8
21313.2
21372.2
21556.7
22179.2
22480
23264.2
24196.3
24293.3
24854.4
25424.5
29818
33145.7
35664.4
36436
36592.4
37151.1
38526.3
40241.4
40771.9
42221.3
43065.6
43354.9
43843.7
44274.9
44979.4
46123.4
47433.2
48547.7
49322.6
50524.1
50604.2
51448.5
51816.7
51852.9
52215.4
52360.9
54059.4
54237.7
56119.6
57567.9
58275.9
58530.5
59077
59975.3
60318
60426.7
61994.8
62114.4
63358.7
63871.9
64241.8
65507.4
65741.3
65870.5
67103.3
67274.9
67378.6
67506.6
68761.2
69644
70415.4
71121.8
71211.9
71664.3
72008
72512.5
72833.3
73028
73720.1
73758.2
73909.8
74322
75730.6
75837.7
76601.1
77049.1
77264.8
77791
79552.2
80003.4
80157.7
80312.6
80469.4
81623.4
83522.6
83737.6
84480.3
85075.8
85427.2
85791.5
87551.4
89455.4
89857.9
90060
91168.2
91369.6
92556.2
92574.8
93429.7
94119.1
94169.9
94444
94607.8
98420.4
100748
101240
101633
102832
103389
104651
104935
105611
106279
106534
106999
107633
109614
109834
110142
111831
111957
114977
115823
115873
115909
116089
118207
118508
118879
119202
119713
120070
122515
122884
123304
123673
124818
125150
127297
127332
128137
128209
128402
130444
131223
131315
131436
132894
132970
133029
135344
135371
136008
137110
137126
139921
140532
141323
142008
142376
142758
144429
144906
145038
145047
145432
145638
147577
147738
152722
153071
155389
155782
156853
158097
159268
160092
160679
163629
165166
166406
166978
169109
169229
169560
169680
171648
172670
173381
173615
173977
174324
175148
177993
178014
180244
182727
183412
183892
186754
187313
187764
188083
188205
188351
189097
193128
193925
194520
195761
198243
198309
198849
