431.91
779.48
1067.94
1195
1746.2
1754.35
1875.13
1955.21
2867.25
3080.55
3208.18
3302.19
3350.98
3877.24
3911.28
3953.1
4166.5
4407.94
4705.73
4999.97
5690.27
6401.12
6431.21
6438.4
6770.32
6837.46
6948.5
7039.19
7096.44
7107.96
7286.94
7320.45
7436.06
7467.06
7582.48
8057.32
8215.82
8622.77
8657.79
8792.31
8888.83
8914.99
9097.34
10007.1
10648
10741.3
11041.9
11364.8
11771.8
12069
12154.6
12234.7
12638.5
12726.3
13080.1
13211.4
13322.1
13460.8
13671.2
14026.9
14175.2
14538.6
14732.7
14805.5
15509
15882.2
16004.4
16499.4
16658.3
16767.9
16937.5
17154.2
17775.1
18160.6
18720
19264.6
19563.1
19718.6
19782.6
20114.1
20183
20368.2
20445.6
20713.2
20827
21319.3
22431.4
22765.9
23763.3
23979.3
24151.4
24184
24686.2
24689.5
24926
25199.6
26194.4
26914.3
26998.5
26996.9
27173.4
27183.1
27588.5
27625.4
27643.8
27706.5
27926
27984.7
28163.3
28209.8
28286.6
28403.6
28504.8
28557.6
28680.7
29146.9
29840.2
30339.1
31156.1
31385
31524.6
31532.6
31799
32128.7
32650.4
32994.7
33506.3
34085.1
34338.8
34700.8
34733.3
35026.2
35166.6
35269.6
35363.4
35578.8
35579.9
35703.7
35735.9
35859.9
36055.1
36103.1
36114.9
36157.9
36238.2
36360.2
36371.1
36616.3
36679.5
36881
37000
37513.3
37785.6
38171.6
38447.9
38586
38680.8
39091.3
39280.4
39732.7
39759.5
40251.8
40266.2
40313.1
40407.4
40555.1
40618.8
40825.4
43189.4
43939.2
44343
44673
44903.6
45220.2
45361.8
45404.9
45682.1
46136
46618.5
46801.2
47008.2
47148.1
47810.1
48404.5
48735.7
49056.6
49148.8
49256
49265.5
49267.8
49753
49934.1
50211.1
50308
50428.4
50586.5
50617.1
50768.8
51016.1
51226.5
51269.3
51497
51521.5
51580.5
51641.5
51734
51972.8
52783.8
52945.3
53477.6
53543.9
53623
53836.2
53992.5
54026.8
54369.5
54448.3
54964.8
55060.8
55200.7
55401.7
55491.9
55524.9
55646.9
55774.4
55845.3
56007.1
56513
56649
56901.6
57219.5
57323.5
57522.5
57684.5
57773
57828.4
58027.9
58212.2
58370.8
58418.1
58692.1
58909.2
59145.1
59541.4
59826.9
60560.1
60580.1
60904.9
61168.6
61586.2
61608.5
61688.7
61996.4
62326.1
62353
62498
62866.9
62888
62961.3
62984.7
63181.8
63254.1
63487.1
63488.2
63705.6
64081.4
65112.1
65360
66136.3
66174.7
66935.4
67581.7
67694.5
67975.9
68159.8
68208.4
68396.2
68439.4
68755.3
68972
69482.7
69822.7
70280.9
70804
71757.5
71982
72333.2
72427.5
72661.6
72725
72955.9
73080.3
73831.4
73901.1
74019.8
74132.2
74309.6
74385.9
74412.8
74415.6
74544
74727.8
74752.3
75457.9
75486.1
75625.9
75650.9
76725.8
76871.1
77171.4
77506
77842.6
78631.5
78837.4
78949.1
79121.6
79699.8
79735.2
79807.4
80016.4
80096.9
80171.2
80614.7
80909.2
80916.4
82727.8
83096.9
83153.1
83699.6
84113.4
84171.8
84190.8
84277
84501.3
84512
84661.2
84873
85101.9
85113.9
85144.6
85388.9
85486.7
85536.3
85947.6
86341
86865.3
86950
87128
87712.1
87711.5
87741.7
87874.6
88077.2
88269.4
88576.8
89494.9
89684.4
89721.5
89769
89774.3
90514.5
90984.6
91202.8
91337.6
91587
91918.8
92033.2
92342.8
92370.6
92434.9
92641.8
92831.4
92963.4
93209.1
93245.6
93565.4
93908.4
94004.3
94239.8
94276.4
94588.7
94746.5
94787.9
94846.8
94998.8
95136.5
95260.4
95282.7
95417.9
95536
95599.9
95775.2
95834.2
96275
96477.9
96516.4
96654.7
96774.2
96886.1
97283.1
97712.7
97875
97879.6
98372.1
98742.1
98908.7
99233.1
99323.5
99479.5
99562.7
100105
100513
100678
100755
100761
100892
101131
101457
102042
102251
102429
102549
102566
102648
102830
103560
103990
104220
105091
105802
106340
106695
106881
107243
107243
107688
107854
108241
108292
108509
108610
108960
109398
109663
109866
109912
109926
110114
110217
110358
110429
110513
110771
111027
111101
111259
111370
111654
112510
112662
113413
114535
114548
114908
114960
115072
115265
115486
115764
116473
116966
118034
118452
118772
118971
119037
119117
119238
119334
119366
119530
119544
119621
119639
119904
120014
120261
120421
120570
120887
121027
121065
121278
121351
121525
121853
122006
122126
122154
122512
122552
122647
124069
124095
124231
124320
124375
124393
124624
124764
124841
124999
125203
125300
125314
125322
125406
126055
126078
126167
126226
126283
126845
126969
127084
127357
127927
128287
128572
128755
128962
129072
129107
129235
130403
130808
131115
131293
131401
131747
132375
132689
132946
133065
133069
133240
133321
133532
133764
133800
133859
134078
134129
134287
134438
134471
135332
135356
136052
136120
136247
136273
136544
136640
136786
136987
137191
137366
137984
138079
138374
138392
139168
139391
139488
139517
139718
140081
140170
140272
140416
140478
141178
141816
141909
142049
142387
142634
142722
143140
143272
144225
144325
144960
145087
145147
145461
145663
145793
146293
147053
147773
147788
147801
147931
148469
148581
148678
148942
149208
149289
149323
149730
149817
149937
150087
150723
150772
151289
151338
151405
151661
151715
151803
152179
152762
152851
153261
153299
153339
153340
153508
153838
153969
154073
154354
154795
155678
155964
156676
156916
157602
157723
157788
158101
158172
158361
158473
158815
158852
159068
159118
159219
159243
159329
159627
160220
160729
160855
161326
162019
162211
162952
163881
164140
164416
164455
164488
164546
164824
165280
167062
167293
167430
167910
168621
170790
170908
171014
171603
171618
171887
171977
172048
172486
172822
172908
173128
173431
173577
173600
174048
174371
177016
177147
177641
177682
177735
178070
178187
178352
178669
178756
178992
179040
179158
179224
179819
179966
180173
180357
182168
182213
182471
182504
182881
183283
183335
183559
183709
183768
183827
183907
183987
184015
184051
184137
184171
184346
184358
184448
184514
184708
184787
184987
185391
185946
186191
186411
186682
186911
187275
187469
188633
189641
189872
190115
190105
190301
190676
191133
191237
191430
191528
192381
192770
193120
193556
193573
193658
193934
193977
194224
194386
195526
195713
195779
195882
196224
196265
196602
196667
196939
197013
197141
197137
197296
197424
197597
197789
198778
