5091.6
7542.44
8079.3
19903.7
26434.6
26992.4
27123.5
27157.5
27501.8
28166.2
28533.6
28692.6
28838.2
29105.1
29259.6
30562.1
30902.5
32074.5
34220.2
34417.6
36511.1
36936.3
37173
44125.6
44421.3
55057.4
56292.1
56478
56827.8
57055.2
57371.6
57679.7
57952.8
59692.9
60679.5
62965.1
63665.4
64424.8
65411.3
65614.8
65797.7
66084.6
68370.9
70301.9
73048.8
75182.7
76383.3
76974.6
79579.5
80630
81559.3
84092.5
84694.5
84966.1
85188.9
86302
86452.2
86446.3
86547.2
87133.2
88963.9
89367.9
91170.2
94917.9
95231.8
95358.4
95511.5
96827.9
98800.8
99959
101267
103908
105999
106699
106951
107335
112517
114076
115817
116616
116721
117121
119253
125094
125673
126110
127724
128088
128327
129095
132324
132535
132649
133056
135813
136232
136405
136570
137033
137770
138945
140511
140897
141161
143244
143710
144320
145059
145617
146121
146593
146821
147180
149031
149181
149566
150323
151412
152765
153497
153516
154471
156334
156460
157468
158324
159340
159397
160616
160836
160843
161118
161380
162471
164419
167373
167493
169790
171738
172425
173172
174442
174878
175163
177358
179315
179496
179904
180084
181142
185381
187124
187772
191193
192378
193712
195979
196215
