6821.04
9331.96
11986.3
12353
13308.6
14542.8
15956
19310.3
19576.6
21008
27815.4
29181.2
30133.9
30464.1
36584.3
38238.5
40797.4
47155.3
49752.3
50398.4
53144.7
53475.2
53644.3
54490.1
54757.3
54894.3
55195.8
55652.3
56723.4
57981.6
58748.9
59782
62993.2
63480.4
64347.8
64939.6
66042.6
67340
68032.9
68089.1
68987.1
69133.3
71177.5
71397
73752.4
74442.3
74591.1
74865
76919.4
77376.4
81142.8
82620.2
83105
83583.7
84035.7
84116.6
84955.2
85731.9
86573.8
87206.8
91098.4
96850.1
101407
103062
106027
106350
106654
107363
108191
109058
110433
113063
113313
113975
114192
114530
115192
116394
122201
122448
128146
128411
129133
130007
130468
131591
135348
136126
149921
151385
152779
153677
155614
155863
159172
160519
162202
162823
164516
164862
165760
166391
169256
169587
170957
171173
180491
181380
183970
184070
185959
186235
186265
186300
186473
186721
189283
190118
190430
190659
190750
191125
191178
191573
191780
191958
192362
192479
192939
193396
193511
193818
193840
194743
195312
195470
196412
196650
196745
196885
197301
197526
197693
198981
199467
