184.99
667.34
1302.39
2644.59
3069.47
3138.79
3846.95
4079.18
4379.58
4492.63
5158.02
5857.22
6516.96
6803.26
6862.68
7585.11
9340.28
11129.5
11330.7
11609
11888.9
11935
12032.6
12617
13840.1
14092.4
14207.5
15095.6
16494.8
16855.4
17439
17489.7
17818.7
18143
18917.2
19010.3
20621
20986.2
21577.3
21725.5
23645
24265.6
27027
27067.6
28403.7
28564.5
29523.9
29671.5
29799
30224
31116.8
31679.3
32015.1
32282.9
33661.2
33910.4
34293.5
35096
35455.4
38445.9
39536
40171
40454.7
40776.8
40802.4
41385.5
41385.2
42283.5
43593.5
43888.5
44374.2
45066.7
45708.5
46041.6
46784.5
47118.7
47179.7
49291.3
49406.2
50282.7
52449.2
52868.4
53396.2
53542.7
53993.1
54228
54418.1
55323.4
56172.8
56402.6
56621.8
57693
58580.7
60333.5
60623.8
61347.1
61374.8
63533.9
65641.9
65708.1
65788.3
66715
67462.9
68124.2
68815.1
69031.7
69499.7
69630.4
72330.4
72695.8
74852.2
77402.7
77925.8
80279.1
80788.7
81609.7
81663.3
81854
82369.8
82447.8
83619.9
84135.8
87072.4
87285.3
88395.1
89197
89221.8
89233.3
89765
91042.9
91639.3
92491.5
93156.4
93970.1
94431.5
95574.4
96934.5
98246.7
98277.5
