487.27
2560.35
3724.38
3887.23
3912.62
3974.35
3977.06
4808.09
5440.2
5613
5997.94
6309.4
10160.9
11067.7
11666
11805.1
12299.8
13558.2
14312.6
14950.4
15064.1
16090.1
16320
16597
16961
17271.1
18298.1
20586.7
20774.3
22791.2
23304.3
24098
24678.3
25183.6
25381.9
25540.3
27418.4
27905.5
28048.6
29685.8
30622.5
31194
31294.5
32083
33710.8
34603.7
36287.2
38482.9
39473.6
39882.2
40762.1
41106.3
41459.6
42349.8
43289.8
43679
43725.5
43822.4
44808.9
45345.8
45899.5
47044.7
48024.2
49066
50952.1
52340.4
53150.9
53174.4
53674.5
54239.9
55155.1
55221.2
57120.2
57590.9
60364.4
60422.3
60999.6
61091.1
61183.2
64069
65006.8
65504.6
65582.2
69214.1
70246.7
71974.9
72186.7
73103.7
74429.9
75812.1
76089.6
76579.1
76842.4
79872.5
80466.2
81231.1
83017.4
83042.3
83044.4
84389.5
85189.2
85445.8
86825.9
86844.4
86891.8
86943.9
86976.2
87850.8
88554.3
89054.9
89552.4
90355.4
90854.1
91136.7
91769.1
94334.5
95846
96375.6
97227.7
97849.8
97880.4
