95.63
251.39
1214.89
1811.19
2151.06
2269.46
2712.92
2916.2
3146.29
3189.14
3232.87
3339.22
3447.62
3573.29
3794.14
3875.75
4438.26
4603.95
4696.7
4723.5
4862.33
4939.7
5041.02
5072.23
5259.71
5327.75
5970.49
6277.26
6910.4
7195.12
7349.3
7723.14
8507.86
8807.33
8949.39
8995.31
9109.75
9274.33
9574.9
9735.52
9769.99
10189.5
10262.9
10380.6
10798
10918.9
11017.9
11042
11164.3
11260.9
11682.3
11817.8
11901.3
12330.5
12525.9
12536.1
12763.3
13343
13353.3
13376.8
13629.2
13675.6
13779.8
13918.2
14175.6
14589
14767.1
15080.8
15165.2
15414.7
15470.5
15527.5
15686.7
15793.4
15890.9
15929.6
16091.6
16107.6
16157.2
16180.6
16430.3
16856.5
16941.1
17125
17319.7
17690
17791
17822.9
17980.1
18319.6
18346.9
18447.7
18630.2
18733.4
18768.6
19391.6
19841.7
20339.5
20760.7
21328.1
21634.6
21736.5
22152.8
22180.8
22329.5
22495.1
22537.1
22808.5
22873.2
22901.2
23286.7
23301.5
23654.3
23659.2
23983
24141.1
24435.8
24464.8
24550.3
24818.8
24829.9
24930.6
25066
25233.3
25308.7
25546.4
26440.9
26634.8
26803.8
27126.4
27518.2
27577.1
27705.8
27711.7
27989.3
28899.7
29148.4
29207
29326.6
29378.8
29743.4
30058.3
30115.3
30411
31131.1
31171
31613.1
31905.8
32177.5
32383.2
32402
32693.6
33059.7
33287.4
33302.9
33658.1
33750.5
33797.6
34587.9
34896.3
35349.2
35625
35675.5
35714
36264.5
36485.5
36897.7
37035.4
38063.9
38185.2
38630.2
38724.8
39178.3
39278.6
39467.3
39819.9
40143.4
40190.8
40404.6
40430
40523.4
40716.8
40889.4
41098.8
41260.2
41302.7
41483.1
41708.3
41827.7
41871.3
41944.7
42207.3
42561.3
42692.8
42770.9
43466.1
43620.2
43659.2
44927.5
45068.9
45103.1
45240.3
45373.2
45530
45579.6
46237.9
46243.4
46480.6
46516.8
46553.1
46682.7
47062.1
47206
47415.1
48239.4
48460.3
48564.6
48887.6
48995.6
49193.5
49299.9
49902.3
49939.1
50056.2
50838.8
51210.9
51297
51411.9
51511.4
51649.1
51665.4
51776
51789.5
51947
52116.6
52246.3
52284.1
52306.3
52568.5
52675.7
52969.7
53339.4
53397.6
53456
53520
53702.1
53923.6
54010.2
54134.6
54619.3
54830.7
55030.8
55514.5
55548.1
55943.1
56091.5
56195.2
56335.1
56346.3
56472.7
56631.5
56723.5
57190.9
57875.2
57984.4
58244.1
58362.1
58491.7
58503.8
58500.8
58922.7
59368.4
59395.2
59870.6
60152.3
60199.7
60215.2
60454.5
60466.8
60489.8
60488.1
60953.1
61027.5
61305.1
61382.8
61603.8
61653.9
62036
62238.9
62623.5
63177.6
63271.4
63388.1
63399.5
63427.9
63499.3
63827.2
64134
64176.9
64498.6
64585.3
64675.7
65028.4
65053.5
66034.8
66038.8
66117
66292.5
67013.4
67049.1
67071.6
67210.5
67360.7
67447.3
67866.5
67901.7
67911.5
68029.9
68367.9
68513.3
68575.8
68711.8
68921.5
68966
69055.2
69310.5
69652.7
69794.7
69994
70061.6
70188.4
70743.4
70815.4
70955.9
71046
71177.4
71269.2
71323.2
71346.5
71370.6
71499.2
71502.6
71742.5
71925.4
71974
72113.1
72131
72283.6
72313.1
72454.9
72481
72495.8
72677.5
72859.9
73078
73291.1
73427.9
73860.8
73881.3
73939.6
74008
74080.4
74719.6
74728.7
74726.4
75019.3
75630.5
75997.8
75994.5
76228.8
76310.7
76653
76798.9
76903.5
77177.5
77284.3
77827.6
78107.6
78106
78250.2
78283.1
78320.4
78413.5
78448.6
78457.8
78672.1
78875.1
78943.1
78951.9
79771
79906.4
80249.6
80458.9
82109.4
82223.4
82595.7
82678.1
82736.1
83167.3
83286.2
83402
83433.1
83508.9
83756.4
83833.8
83869.6
83900.3
83965.9
84443.8
84644.5
84683.4
84747.7
84895.4
84903
85033.9
85156.5
85456.3
85742.6
85765.3
86238
86345.6
86740.7
87296.1
87303.4
87469.6
87516.9
87661.7
87747.4
87830.5
88290.6
88574.3
89118.1
89385
90083
90089.4
90319.5
90386.3
90437.2
90586.2
90762.3
91406.7
91430.6
91483.1
91554.2
91771.8
91805.5
91828.6
92205.3
92472.5
92478.8
93308.6
93340.7
93405.6
93547.1
93572.9
93727.3
94017.2
94073.4
94175.1
94262
94309.3
94405.4
94417.8
94536.7
94733.4
94786.4
94946.9
95091.2
95233.3
95299.4
95347.6
95761.8
95967.8
96050.3
96110.8
96410.7
97867
97884.2
98281.7
98462.8
98848.7
98971.5
98996.2
99294.8
99789.3
99796.6
99954.1
100167
100249
100525
100597
100692
100718
100812
101763
102025
102029
102257
102466
102679
102798
103096
103096
103266
103613
103891
104075
104340
104447
104820
105007
105101
105385
106041
106091
106349
106454
106467
106706
106759
106812
106907
106964
107407
107460
107482
107594
107736
108048
108171
108293
108489
108512
108913
109496
109793
109841
110059
110104
110553
110739
110798
111091
111152
111513
111641
111924
111947
111975
112110
112198
112456
112836
112909
113114
113379
113548
113566
113786
113803
113926
114177
114191
114585
114625
114953
115136
115148
115260
115417
115659
115753
115800
115866
116057
116097
116192
117288
117321
117714
117987
118017
118114
118333
118750
119107
119394
120687
120799
120962
122095
122777
122798
122873
123011
123236
123720
123804
124490
124651
125106
125287
125513
125686
125743
125888
126142
126334
126352
126653
126748
126860
127255
127375
127485
127525
127590
127830
127827
127851
128035
128101
128158
128179
128295
128484
128756
129305
129658
129703
130407
130885
130897
131156
131377
131411
131552
131666
131723
131763
131836
131869
131953
132095
132271
132454
132527
132685
132749
132964
133004
133353
133559
133639
133877
134159
134387
134890
135048
135141
135192
135274
135333
135406
135409
135635
135748
135806
136538
136563
136732
137153
137460
137591
137597
137833
138340
138643
138777
138970
139479
139500
139734
139759
139773
139878
140335
140341
140407
140467
140737
140840
140953
141009
141039
141273
141481
141538
141772
141826
141868
142040
142053
142354
142475
142706
142733
142810
142853
142862
142923
143007
143938
144368
144469
144499
144639
144646
145001
145156
145181
145192
145304
145510
145512
145707
145767
145827
145934
146102
146212
146436
146988
147129
147277
147431
147492
147533
147629
147823
148039
148248
148686
148871
149098
149703
150115
150800
150815
151349
151624
151825
152098
152187
152207
152225
152404
152570
153014
153148
153439
153499
153599
153684
153888
154591
155003
155130
155199
155287
156183
156448
156779
156868
157034
157562
158186
158266
158399
158654
158906
158921
158987
159357
159433
159467
159512
159585
159623
159683
159710
159937
160078
160430
160431
160659
160746
160893
161225
161290
161785
161977
161992
162095
162925
162963
163147
164514
164642
165038
165399
165564
166428
166435
166768
166786
166942
167034
167064
167258
167291
167362
167424
167548
167579
167672
167822
167913
167947
168252
168348
168377
168400
168716
168887
168907
169084
169107
169126
169123
169522
169689
169894
170177
170227
170434
170761
170769
170790
171037
171069
171188
171224
171252
171310
171602
171626
171856
171892
171988
172188
172242
172512
172532
172745
173042
173161
173360
173572
173726
174187
174204
174241
174304
174561
174959
176199
176253
176644
176655
177458
177870
177885
177914
177950
178434
178464
178587
178605
178733
178791
178847
179066
179091
179103
179840
179954
180225
180355
180529
180638
180962
180987
181044
181275
181330
182000
182229
182442
183302
183658
183883
184229
184302
184426
184436
184577
184672
184975
185161
185433
185650
185814
186004
186413
186432
186445
186580
186759
186909
186936
186950
187167
187183
187214
187260
187396
187489
187679
187817
187887
188044
188156
188208
188208
188313
188333
188553
188717
188807
188993
189386
189453
189734
189797
190824
191061
191133
191526
191870
191871
192205
192361
192370
192659
192676
192699
192765
192807
193169
193224
193289
193314
193450
193747
193892
194448
194488
194663
194890
195266
195623
196161
197212
197449
197620
197726
198453
198487
198579
198763
198827
198909
199107
199282
