1658.18
2537.54
3024.57
3051.83
4156.29
7492.87
8379.58
9498.67
10161.8
10542
10595.1
10852.2
12255.7
12806
14650.1
15416.8
17768
18331.1
18919.9
20066.2
20608.3
23505.1
25370.2
25757.9
25994.1
27495.7
29105.8
29463.9
31786.5
34483.1
35272.4
35822.7
39966.3
40179.4
40221.5
40971.4
42334.5
42672
44988.9
46448.3
49504.7
50378.1
50538.2
51115.8
52712.5
53529.7
54085.4
57053.6
57319.5
61790.3
64201.3
64688.3
65718.8
66167.7
66207.9
67755.7
68807
69463.7
69557.8
70346.5
70983
71586.2
71734.6
72773.4
72849.2
73419.2
74079.8
74632.3
75867.5
80360.9
80374.1
83100.4
84138.1
86173.8
86702
87593
90455.5
91168.6
91849.9
92165.7
92350.2
92439.2
92907.8
93833.6
95029.9
95172.1
96072.4
96819
97328.8
