3475.59
5888.03
9898.22
10110.4
10283.8
11053.5
11405.3
12874.8
13523.8
13787.3
15777
17080.7
17303
17683.1
18044.3
19226.6
23872
24623.9
26863.7
27226
28099.5
28794.4
29202.4
31611.6
32478.6
34685.5
36505
37057.4
38047
39038.7
40599.8
40819.2
41464.3
42911.7
44207.5
44731.7
46149
49383.9
50253.4
53694.6
62780.2
67202.7
75761.6
78618.2
82711.1
83373.1
88797
89606.8
90056.1
91183.8
91455.7
94980.7
95370
95387.8
95860.3
96154.7
96836.3
98094.6
98510.8
99389.4
102472
104589
105252
112264
112950
113014
114465
116855
118472
121908
123194
125548
126423
132476
133968
140748
145190
164073
166015
173529
180019
180314
181275
181370
190680
192293
