286.84
363.77
1196.84
1352.93
1800.08
2209.97
2587.21
2911.07
3423.12
3554.56
4545.79
4650.24
4812.78
5135.37
5528.15
5596.18
5907.59
6149.18
6287.65
6716.54
6980.49
7250.63
7620.01
7620.22
8459.13
8499.45
8603.74
8917.5
8966.45
9022.11
9908.31
10144.5
10219.4
10577
10656.9
10660.2
11919.1
12200.1
12455.3
12641.1
13004.5
13676.8
14048.2
14048.4
14267.3
14550.5
14624.3
14646.1
15097.1
15936.6
15945
16052.3
16203.3
16885.3
17061.3
17730
18116.1
18179.5
18668.4
19152.5
19677.6
20054.2
20106.6
20654.6
20656.1
21019.1
21061.8
21180.2
21374.2
21629.4
21915.2
22150.2
22527.2
22742.3
23183
23320.3
23861.2
24079.5
24082.1
24415.3
24426.8
25341.4
25427.1
25726.6
25864.1
26143.7
26748.6
26796.4
27074.8
27075.3
27281.6
27612.6
27905
28083.5
28457
29035.9
29098.6
29209.3
29625.7
30879.9
30993.1
31333.7
31359.1
31535.9
32003.4
32158.4
32170.3
32390
32393
32579
33135.1
33171.8
33235.4
33934.4
33953.5
34220.9
34722.2
34769.9
35037
35219.8
35298.9
35886.7
36133.1
36468.4
36667
36691.7
37135
37409.3
38191.6
38486.7
38527.8
38690
38783.8
38833.8
38843
39123.4
39277.5
39426.7
39614.4
39804.5
39915.7
40048.4
40105.6
40152.2
40685.9
42057
42059.3
42189.4
42785.2
43013.6
44257.7
44445.5
45649.7
46280
46363.4
47073.8
47205
47270.7
47929.4
48947.9
49601.6
50019
50644.9
50908.2
50925.6
50992.1
51042
51248.4
51460.4
51635.2
51640.6
51798
52175.9
52441.1
52561.6
52748.9
52824.4
52912.4
52968
53063.3
53075.9
53380
53451.8
53591
53801.2
54490.6
54625.8
54808.6
54919.3
55300.5
55488.2
55491.6
55709.4
56162.7
56648.6
56980.5
57164.5
57313.5
57606.9
57927.3
58283.3
59387.9
59511.5
60330.6
60334.2
60339.3
60450
60667.9
60678.5
60838.9
61322.8
61581.1
62178.5
62331.9
62442.3
62589.9
63034.6
63380.4
63512.7
64938.5
65139.4
65239.5
65586.4
65766.9
66262.3
66268.9
66509.8
66635.3
67120.5
67779.2
68696.3
69019.9
71439.9
72254.8
72862.8
72920.7
72979.5
73321.7
73460.1
74327.1
74565.2
74710
74891.8
78536.9
79190.8
80801
80885.2
81396.9
81736.4
81748.3
82216.4
82657.6
82826.7
82842.4
83017.7
83381.9
83768.5
83914.4
84851.9
84881.7
84896.8
85120.6
85975.7
86047.4
86433.5
86706.5
86977.4
88014
89457
90114.8
90494.4
90566.5
90806.4
91071.2
91222.7
91798.8
92118
92732.9
92971.3
93015.5
93307.3
93391.4
93814.3
93913.4
94424.3
94636.8
94659.8
94682.5
94779.3
95140.9
95356.7
95531.2
95583
96099.5
96450.5
96676.7
96726.9
96875.4
97107.9
97223.2
97454.2
97660.9
97811.4
98598.9
99426.6
99666
99971.2
100237
100404
100550
100717
100815
101142
101367
101444
101486
101762
102329
102420
102506
102865
103147
103657
103669
103981
104172
104522
105244
106354
106591
106783
106850
107325
107502
107740
108383
108880
109100
109734
109943
110301
110388
110578
110630
111698
111852
112241
113775
113897
114600
115244
115726
115901
116060
116529
116536
116657
116782
117340
117353
117471
117802
117812
118206
118563
118985
119003
119052
119703
119856
119925
120034
120048
120109
120106
120487
120925
120969
121087
121192
122051
122445
122526
122595
123028
123454
124508
124557
125230
125240
125278
125355
125769
126528
126600
127124
127329
127333
127455
127768
127815
128132
128191
128283
128631
128945
129138
129297
129415
129444
129541
129555
129824
129918
129932
130019
130579
130587
130618
130845
131123
131163
131238
131296
132616
132814
133480
133504
133558
134689
135576
135831
136316
136932
137001
137041
137301
138627
139369
139953
140649
140710
140771
140885
141190
141440
141802
142101
142369
142516
143038
143376
143853
144398
144853
145088
145237
145452
145571
145798
145816
146112
146097
146266
146486
146743
147007
147457
147581
147665
148153
148888
149402
149592
149864
150135
150275
150749
150930
152648
152702
153469
153781
154642
155193
156149
156363
156572
156623
158496
158483
160399
160687
160942
162039
162388
162540
162949
163401
163666
163751
164202
164440
164696
165057
165132
165157
165211
165646
166057
166819
166885
167031
167131
167782
168566
168638
168782
169067
169417
169422
169425
169464
169793
169958
170203
170728
173164
173192
173395
173468
173513
173542
173772
173889
173998
174273
174646
174785
175518
175735
175792
176343
176575
176712
176843
177565
177925
177961
178043
178142
178734
178819
179085
179350
179559
179878
180225
180954
181406
181557
181601
182219
182274
182580
183137
183313
183757
183914
184270
184415
184452
184703
184768
184885
184952
185504
185646
185779
186408
186912
187212
187364
187880
187968
188248
188427
188772
188861
189203
189311
189827
190468
190545
190630
190747
190802
191134
191206
191351
191411
191502
191596
192315
192802
193301
193344
193615
194203
194598
194919
195539
195874
196765
196761
197516
198444
198543
198804
199826
