186.25
432.83
502.48
1423.11
1452.68
1486.92
2712.92
2755.21
3564.38
3801.7
5586.44
6162.56
6207.92
7197.32
7210.19
7251.76
7521.63
7573.39
7659.69
8700.07
8713.09
9052.3
9282.69
10034.7
11110.7
11277.8
11922.5
12776.8
12873.4
13275.9
13314.7
13581.2
13688.8
13727
14099.6
15254.9
15398
17387.6
17725.2
17831.9
18192.1
18199.5
19290.9
19301.9
19345.5
20329.4
20409
21535.7
22141
22154.8
22178
22671.1
22954.7
22955.2
23466.1
23510.1
23787.7
24598.3
24668.5
24687.1
25377.3
25696.6
25773.9
26196.2
26338.2
26762.3
27375.6
27749.1
28236.8
28329.9
28676.4
29317.9
29699.9
30294.3
31231.9
31286.2
32122.5
32481
33475.2
34564.2
34637.9
34978.8
36569.9
37352.1
38506.3
38865.4
38887.3
39017
39435.8
39919.9
40057.8
40091
40247.5
40533.5
41100.9
42349.2
43985.5
44550.8
44980.4
45142.2
45241.2
45295.5
45343.2
45739
45991
46654
46674.2
46802.5
48002.6
48440.5
48523.8
49238.1
49350.2
49542.5
49694.2
49779.6
50351.8
50531.5
51123
51479.6
51837.6
52556.2
52590.1
53239.9
53358.7
53522.6
53566.2
53947.7
54305.7
54722.6
54750.9
55050.8
55219.5
55415.1
55910.8
56468.1
57939
58371.6
58500.6
58977.6
61297.5
61372.4
62006.7
62241.9
62844.3
63032.5
63053.2
63221
64090.8
64859.7
64943
66004.4
66458
66647.9
66653.3
66962.8
67052.1
67194.8
67412.3
68193.3
68707.8
69142.6
69491.1
70184.1
70578.3
70998.7
71106.6
71482.5
72563.1
72688.9
72724.5
72990.2
73178.7
73328.6
73960.3
74760.3
74897
75717.2
75865.2
76185.1
76308.1
76538.8
77431.3
77893.2
78221.3
78501.8
78914.8
78941.5
79416.4
79616.8
79780.8
80365.1
80412.4
80461.7
80565.8
80681.9
82389.8
83497
83720.8
84059.1
84721.8
84733.3
85128.5
85451.7
85724
85818.5
86342.3
86347.5
86386.6
86999.7
87178.2
87368.6
88283.3
88955
89258.4
89661
90057.8
90094.3
90488.6
91509.3
91711.5
92369.7
92622.3
92864.9
93230.8
93339.7
93804.7
93826.3
94170.7
94472.5
94494.4
94635.2
95621.3
95850.5
95864.9
96414.5
96724.5
97486.7
97489
97831.8
98212.4
98463.6
98734.9
98742.6
99208.3
99221.4
99543
99552.6
100013
100199
100258
100288
100947
101228
101634
101640
102192
102263
102413
102474
102775
102951
103294
103854
104619
104779
104835
105408
106391
106736
107046
107152
107356
107636
107704
108874
108895
110248
110599
110795
111589
111769
112241
112407
112583
113783
113837
114542
115084
115662
115789
116081
116090
116135
116735
116808
117298
117427
117726
118365
118635
118740
119836
120784
121108
122218
122279
122407
122653
122945
123132
123621
123657
123690
124150
124159
124194
124509
124640
124997
125368
125672
125941
126332
126458
126887
127259
127520
128180
128575
128870
129049
129059
129535
129904
130409
130761
131046
131269
131504
131711
131718
131733
132052
132193
132306
132678
132767
132820
133074
134237
134513
136779
137299
137455
137652
137733
137940
138118
138118
138570
138706
138838
139290
139411
140005
140239
140591
140908
141352
142034
142249
142496
142914
143077
143489
143532
143682
144278
144625
144819
144897
145761
147659
148044
149232
149750
150031
150355
150448
151613
152222
152417
152628
153086
153871
154645
155352
155666
155930
156107
156521
157122
157615
158407
159067
159844
160180
160263
161949
162122
162135
162238
162313
162474
162517
162726
162801
163815
163864
164060
164610
165761
166155
166225
166923
167719
168409
168475
168676
168794
169180
169828
171121
172318
172398
173151
173466
173715
173853
173858
175084
176903
177137
177642
178943
179747
180582
181150
181373
181412
181524
181989
181999
182541
182974
183128
183793
184477
184599
184702
184828
185236
185551
185729
186165
186502
186835
186929
187004
187308
187604
187784
188222
188346
188773
188902
189070
189296
189695
191305
192434
193009
193899
194014
194316
194988
195495
197138
197651
197949
198124
198206
198282
198419
198891
199195
199945
