550.81
2120.03
2153.73
4098.58
4261.13
4467.65
4784.35
5580.18
8521.99
12168.6
12703.6
12840.6
13915.4
14372.8
16187.9
17098.8
19265
21947.1
22800.4
25180.2
26240.5
26643.1
27237.2
31292.6
33929
36701.3
40865.9
41931.5
49912
50545.2
51354.2
52422
53712.5
53903.6
54810.4
56871.4
59497.7
59934.9
63234
63276.2
66224.4
67225.8
67533.4
68406
68975.3
69780
71304.2
72703.8
73472
75836.9
77076.2
79569.7
79880.5
80110.7
80425.3
82174.3
83539.7
84714.8
87913
90877.1
95259.7
98243.3
100250
100478
100605
101648
101650
103841
104478
105973
106693
108865
108985
109459
111438
112763
113619
113772
114854
114926
114953
117202
117703
118085
118447
118549
125134
127991
128373
129087
129993
131667
133007
137115
137320
138160
138522
138680
140256
142185
142728
145375
145918
146818
147249
151645
152753
153904
157303
157879
158677
159730
159755
162627
163572
168029
172044
172598
172789
174150
174229
174908
175460
177288
177903
178961
181511
184238
184290
188719
189745
195516
195716
196607
197070
197767
198314
