672.81
993.7
1284.59
1456.8
1486.28
1650.28
2616.62
2945.1
4748.55
4940.3
6125.85
7275.71
7720.04
8532.98
8916.35
9523.74
10399.8
10741
11637.1
12724.5
13009.9
13192.9
13464
13687.5
14002.3
14041.4
14368.1
14828.5
15375.6
15384
16350.2
17109.5
20081.1
20251.2
20433
21649.6
21910.4
22177.6
22446.5
22710.1
23086
23439.9
23794.4
24428.1
25057.1
25078.7
25105.6
27329
27964.3
28605.2
28999.3
29543
31022.7
31138.2
31434.7
31494
31976.9
33979.8
35197.7
36510.3
36633.3
36805
37172.7
37446.4
38470.4
38524
38616.8
39178.9
39652.3
40872.3
41500
41667.7
42238.2
42239.6
42715.9
43416.7
44002.6
44767
45464.9
45583.7
46309.2
46765.8
47818.4
48699.5
49798.8
49877
50192.2
50404.7
50957.3
51071.9
51753.2
52901.9
53300.6
53381.7
53664.2
55349.7
55465.5
55769.9
55854.7
56107.5
56385
56556
58220.9
59337.5
60150.3
60497.8
62725.8
62819.7
63387.1
63560.2
64394.3
64783.2
66873.6
68983.6
68994.9
69447.3
69885.4
69886.8
69899.1
70222.4
70711.1
70887.3
71259.1
72136.3
73009
73179.4
73568.4
74265.8
74284.8
74414
74920.4
74995.7
75387.5
75480.1
76046.3
76120.4
76200.3
76324.4
76817.8
76874.6
78265.2
80762.3
81259
81278.7
81505.8
82129.3
82485.3
83138
84577.7
85285.5
86082
87079
89437.4
90073.3
90836.8
91289.6
92045.3
94131.4
94298.3
94356.9
95411.8
97010.4
97621.9
97762.5
98101.6
99109.2
99548.6
100267
100385
100430
100842
101498
102079
104138
104910
105437
111793
112101
112192
112779
113453
114208
114998
116158
116190
118938
121500
122014
122529
124559
124767
125769
128226
129287
130439
130959
131641
131711
132500
133156
133687
134312
134565
135856
136386
136702
137573
137622
138156
138704
141116
141268
141445
141543
141684
141706
142507
144361
145380
146046
146507
147703
149787
152679
153124
155199
156877
157691
157729
158607
158896
159791
159873
160247
161395
162281
162748
165073
168013
168194
168622
168785
169266
169890
171401
171908
172692
172964
173192
173884
173898
175084
175178
176176
176866
177109
177421
177469
177515
177778
177980
178020
178573
179239
179255
179837
180173
181438
181997
181995
182594
182627
183218
183571
184017
184702
185736
189566
189588
189807
191014
192663
194492
195113
195413
196476
196948
197514
197537
197818
198315
199014
