168.29
428.28
786.78
1059.57
1596.01
2125.45
2687.18
3293.3
3310.89
5341.63
5959.28
5990.42
6211.46
6472.27
6479.37
6784.96
6846.47
6921.77
7144.64
7179.22
7807.72
8939.51
10260.9
10330.5
10809
11383.4
12305.6
12601.9
13099.5
13902
14295.1
14484.3
15397.9
16044.8
16801.3
18166.1
19134.4
19179.2
19336.2
19961.9
20048.5
21050.3
21331.7
22431.8
23011.5
23741.1
24113.4
24559.2
24563.4
24636.3
24943.9
24948.3
25286.5
25487.7
25508.2
25781.9
26434.3
29650.6
29906.7
29964.2
30501.5
31015.5
31262.6
31970.7
32571
33700.4
34073.3
34087.5
34198.2
35083.7
35142.8
35618.4
35661.4
35722.2
35744.3
35789.4
36188.3
38775
39838.3
41548.1
41750.7
42094.1
42156.1
42752
42775.9
43776.9
44541.5
44952.4
45817.1
46785.8
46951.2
46990.3
47357.3
47494.1
48432.8
48473.7
50107.7
50383.2
51207.4
52490.9
54183.1
54290
57394.1
57757.9
58751.2
58901.3
59347.6
60989.8
61625.4
61902.2
62697
62985.5
63216.7
63667.8
64635.1
64722.7
65576.7
66245.7
67053.3
67298.3
67397.1
67478.4
68544.8
69459.1
69489.7
69729.8
70125.6
71223.6
71739
71817.2
71841.2
72130.3
72634.1
73736.6
74004.8
74127.4
74260.6
74455.8
75435.6
76188.4
76699.2
77993.4
78815.9
79532.2
80269.9
80522.2
81337.5
81600.1
82060.9
82853.5
83173.1
83478.3
85298.2
85380.7
85432.7
85690.6
86456.3
86880.5
87167
87280.2
87334.9
87579.3
88387.1
88588.2
89137.2
89167
89439.1
89905.7
90281.9
90462.7
90800.2
91260
91412.9
91946.9
92147.4
93530.7
94932.8
95319.8
95927.7
97822.1
98199.5
98313.2
99429.7
99869.8
99891.2
99942.9
100081
101514
101780
102419
102878
102914
103010
103151
103196
103374
105872
106862
107239
107605
108256
108548
108827
108927
109048
110464
111980
112618
113130
114097
114553
115036
115442
116957
117993
118135
118662
118947
119932
120164
120276
121361
121600
121720
123895
125192
125414
126528
127460
127545
128275
130906
131039
131231
131649
132316
132429
132568
133356
133357
135215
135481
136792
137407
137721
138471
138730
139196
140049
140941
141322
141330
141813
141843
142981
143407
143828
144408
145980
146044
146127
146896
147885
148336
148447
151006
151258
151687
152068
155050
155147
155570
155750
156015
156280
156498
156568
156983
156991
157113
157737
157983
158183
158294
158754
158963
159523
159716
159742
159783
160248
161659
164804
165055
165914
166765
168473
169430
170809
171171
172066
172155
172506
173004
173160
173190
173395
174250
174495
175381
175756
175828
176106
176969
178306
179364
180752
180987
181032
181766
182104
182486
183099
183445
183589
184082
184214
184973
185690
185810
187446
187757
189053
189330
190044
190194
190359
190844
191065
191537
191694
191965
192160
193016
193240
194341
194412
194953
195560
196169
196180
196439
197095
197563
198165
198381
199360
199413
199688
199982
