1011.37
1088.22
1470.85
3183.17
3252.79
3353.57
3753.52
3983.74
4201
4438.67
5070.03
5160.6
8084.92
8599.83
8669.71
8744.06
9051.13
9859.95
10631.9
10945.4
11079.1
11413.3
11793.7
12679.9
13455.7
13734.7
15290.9
16638.9
17232.7
18442.7
19165.3
19954.4
20731.8
22350.8
23473.1
23843.5
24731.4
25384.3
26642.3
27495.3
27899.2
28018.1
28104.3
28290.4
28465.9
28665.6
29039.7
29873.7
30321.8
31240.9
31347.8
32082.4
32566
32921.2
34237.1
35436.5
37020.5
37040.6
39121.1
39437.5
39809
39874.7
40862
41026.7
41899.6
42166.6
42900.1
44204.6
45064.2
46375.7
47556.8
47709.1
49435.4
49747
50268.6
50884.2
51219.6
51381.3
51570.5
52612
52956.7
54195.9
56295.4
56499.1
56691.2
56848.3
57157.2
57695.7
57711.2
59621
59744.1
61881.2
62198.7
62394
62754.5
64089.2
65042
65064.3
65717.9
66073.5
66754.2
68010.7
68560
69854.2
70665.1
71650.7
73275.6
73610.4
74348.2
76594.5
76762.3
77329.3
77376.1
81240.3
81248.6
81865.3
82752
83681.6
83889.3
84777.3
85720.5
86842.3
88105.5
88633.7
89419.7
90488.1
90989.1
91258.3
91619.5
92224.3
92823.3
93976.4
94028.5
94754.9
96273.9
96727.6
96917.8
97807.8
98425
99226.2
100149
101286
101796
102078
104571
104924
105053
105625
106023
106821
107799
107853
107965
109622
110931
110983
111059
111798
112243
112293
112539
114195
115815
116258
116756
117459
118611
119287
120635
120785
121244
121605
122613
122993
123440
123498
123814
123991
124698
124801
126298
126753
127003
128313
128854
129579
130521
130925
131178
132656
134202
135197
136401
137288
138802
138822
139179
139708
140879
141359
141675
142545
148428
149030
150382
151064
151712
152643
152837
153725
153949
154499
155612
155851
155964
156127
156701
156838
158508
160209
160370
161303
161332
162081
163089
163312
164659
165738
165944
166361
166940
167098
168386
169327
170312
170341
170623
170644
172630
173333
174758
174930
175435
175853
176781
177200
177227
178282
178786
179687
180245
182706
183531
184109
185152
185499
185559
186192
187658
191100
191547
192013
193833
195262
195770
197718
197994
198888
