860.19
923.16
939.14
965.93
990.41
1030.48
1066.68
1067.7
1070.24
1097.53
1114.85
1117.02
1117.6
1119.61
1180.24
1219.27
1237.26
1345.81
1377.97
1398.6
1408.98
1668.11
1673.94
1680.88
1682.94
1696.69
1725.66
1737.78
1754.85
1760.49
1768.44
1776.39
1778.87
1814.38
1818.56
1842.64
1859.3
1862.65
1865.54
1871.74
1872.39
2023.74
2024.94
2035.22
2037.18
2039.26
2069.2
2075.64
2084.57
2165.23
2278.89
2289.72
2298.41
2324.91
2559.66
2647.65
2665.76
2723.37
2753.74
2756.05
2760.88
2801.55
2931.66
3636.2
3667.16
3678.18
3686.27
3703.64
3961.51
4239.1
4298.82
4911.12
4931.54
4935.09
4942.41
4976.36
4986.23
4988.18
4993.84
4998.22
5001.74
5035.25
5061.35
5161.84
5181.07
5188.82
5204.88
5312.98
5334.26
5338.74
5357.18
5367.49
5392.59
5399.86
5404.23
5694.06
5742.94
5792.49
5852.5
5857.61
5863.03
5926.15
5965.71
6003.03
6155.02
6163.39
6203.63
6214.02
6418.06
6920.09
6932.24
6936.27
6964.2
6980.63
7000.93
7002.3
7091.05
7099.42
7103.89
7105.22
7108.79
8251.78
8309.77
8318.73
8372.37
8434.24
8461.32
8604.46
8638.15
8644.95
8684.93
9005.79
9197.06
9408.38
9503
10072.3
10448.9
11136.8
11241.7
12076.3
12232.1
12248
12264.7
12298.8
12322.3
12348.3
12356
12356.4
12357.9
12423.7
12460.8
14781.2
15063.6
15946.8
16072.1
16081.5
16119.9
16187.3
16187.9
16256.3
16672.5
16735.2
16774.8
16795.8
16856.9
18276.7
18279.8
18286.1
18322.3
18359.2
18380.7
18406
18421.2
18510.8
18548.4
19269.6
19296.8
19308.8
19322.7
19443
19539.6
20239.4
20289.5
20303.2
20367.7
20817.7
20967.4
20975.8
21064.5
21200.2
25400.7
25574.6
25600.6
25613.3
25679.1
25714.3
25716.5
25717.4
25721.7
25750.8
25797.1
25836.1
25986.5
26030.4
26043.8
26355.8
26609.5
26768
27014.6
30638.9
30647.5
30651.8
30688.6
30696.7
30761.8
30828.1
30903.1
30916.9
30937.2
30946.4
31648.5
31680.5
31681.9
31695.5
31976.7
35029.8
35080.2
35470.5
35511.2
35979.1
37022.2
37031.4
37047.6
37064.4
37072.6
37125.3
37173.1
37317.9
37336.4
37358.3
37360.2
37455.7
37482.6
37610.9
37634.7
37651.6
37660.8
38041.1
38062.1
38083
38119.8
38136.2
38220.6
40063.2
40132
40180.7
40633.3
40647.1
40653.1
40656.1
40687.3
40708.4
40935.3
40982.3
40995.9
41026.8
41162.1
41191.2
41192.2
41203.5
41230.4
41260.9
41262.5
41275
41556.6
41606
41617.8
41622.2
41626.6
41685.6
41732.9
41823.8
41879
42123.5
42231.3
42714.6
42772.6
42788.5
42799.9
42877
44249.8
44303.8
44307.1
44319.1
44360.4
44366.7
44377.8
44380.2
44392.6
44396.1
44402.2
44412
44431.8
44465.8
44478.5
45115.5
45137.5
45176.4
45203.7
45227.9
45340.7
45344.3
45355.5
45397.7
45875.6
45921.3
46815.7
46923.9
47246.9
47293
47319.5
47635.3
48484.4
48523.9
48556.5
48642.7
49046.3
50113.7
50837.5
50843.7
50858.4
50862.4
50873.1
50883.4
50895.1
50907.2
50950.6
50955.1
50982.8
50984.1
50989.8
51786.1
51828.9
51880.8
51904
51974.6
52020.3
52102.1
52127.6
52137
52152
52217.3
52877.1
52908.4
53062.1
53270.3
53489
54352.3
54413.1
54420.9
54855.6
56088.1
56254.8
56469.2
56494.5
56501.7
58553.2
58618
58639.3
59020.4
59054
59070.8
59387.8
59564.6
61958.4
61970.2
62014.8
62404.6
63251.6
63297.2
63307.1
63323
63356.6
63359.2
69496.1
69498.6
69597.9
69612.6
69616.8
69672.5
69676.5
69726.1
70778.6
71111.3
71140.1
71496.7
72575
72949
73120.3
73168.8
73200.1
73265.8
73270.1
73274.4
73695.9
73735.4
73781.7
74035.4
74108.1
74338.4
74627
74644.2
74647.9
74923.1
74970.7
74997.6
75601.4
75960.1
76619
76626.2
76979.9
76997.7
77042.3
77138.5
77234.2
77271.5
77401.1
77444.9
77521.6
77617.8
77749.8
77857.8
78566.9
78648.2
78663.5
78695.7
80797.7
81044.3
81086.8
81141
81154.1
81168.9
81243.3
81550.5
81607.7
81659.7
82859.9
83365.2
83403.7
83471.2
83482.6
85676
86197.7
86384.5
88225.3
88227.1
88228.9
88232.9
88280.8
88304.6
88311.9
88354.9
88415.2
88731.7
88786.8
88802.8
88804.4
88808.8
88823.6
88866.2
88867.3
89129.4
89455.9
89901.4
90146.9
90290.1
91085.9
91240.3
92403.8
92473.6
92487.2
92496.1
92505.8
93690.1
94697.5
95999.2
96529.4
96849.1
96957.6
96977.3
96979.7
96996.5
97005.3
97012.2
97020.7
97022.4
97040.4
97036.5
97043.7
97050.2
97212
97266.1
97850.5
97884.9
98675.8
98718.6
98732.6
99134
99671.5
101176
101188
101785
101933
102029
102039
102449
102466
102473
102511
102635
102648
102751
102792
102832
102847
102862
102883
103028
103063
103151
103148
103154
103164
103307
103315
103330
103659
104253
106913
107932
107937
107948
107950
107951
108000
108028
108035
108053
108061
108065
108077
108078
108079
108125
108127
108183
108259
108663
108981
108996
109077
109239
109263
109320
109470
109520
111409
111482
111758
111871
111963
111985
112002
112010
112011
112012
112036
112084
112092
112255
112372
112572
112605
112612
112619
112655
112901
112947
113007
113044
113060
113059
113123
113127
113285
113388
113388
113627
113894
113962
114019
114566
115356
115361
115373
115390
115412
115433
115424
115438
115496
115496
115513
115578
115591
115903
115919
115919
115947
117164
117181
117215
117221
117437
117973
118053
118064
118112
118803
118831
118841
118862
118889
118929
118973
119026
119040
119236
119237
119265
119606
119632
119638
119644
119648
120074
120127
120218
120393
120449
120517
120697
122917
123306
123373
123660
123866
123895
123939
123959
123962
123966
124023
124196
124373
124394
124477
124495
124564
124624
124773
125148
125229
126119
126185
126518
126521
126596
126694
126732
127052
127123
127124
127137
127272
127363
127374
127407
127648
127793
128940
129342
129449
129789
130281
130467
130496
130500
130519
130525
130599
130613
130636
130764
130838
130908
130951
131110
131211
131222
131336
131337
131366
131441
131452
131492
131511
131518
131529
131536
131550
131565
131664
131989
131996
132045
132071
132106
132132
132182
132199
132203
132217
132234
132242
132259
132285
132308
132337
132358
132360
132363
132368
132421
132429
132470
132477
132491
132499
132531
132544
132575
132662
132699
132726
132752
132758
132771
132813
132830
132861
133055
133126
133143
133207
133208
133209
133596
133624
134245
134605
134746
134753
135539
135622
135684
135805
136074
136083
136258
136672
137175
137176
137388
137429
137477
137605
137705
137835
138770
138804
138871
138880
138934
138936
138959
138981
139002
139008
139057
139244
139310
139328
139347
139792
139807
139827
139880
139993
140300
140321
141424
141633
142111
142401
142563
142611
142753
142846
142960
142985
143079
143164
143909
143920
144268
144277
144413
144731
144872
144903
144910
145266
145342
145345
145367
145399
145416
145447
145474
145521
145543
145556
145631
145654
145657
145665
145674
145681
145697
146053
146270
148446
149890
149984
150518
151185
151200
151242
151419
151419
151441
151441
151491
151559
151632
151723
151730
151752
151756
151793
151913
151973
151991
152007
152347
152402
152414
152423
152428
152491
152498
152532
152553
152591
152636
152712
152721
152752
152762
152776
152783
152799
152817
152822
152826
152840
152859
153156
153159
153165
153187
153214
153227
153261
153417
153455
154109
160548
160657
161485
161957
161968
161999
162034
162059
162098
162128
162137
162142
162168
162817
163022
163576
163607
163641
163712
163713
163719
163759
163813
163887
164223
164397
164485
164511
164979
165185
167148
167182
167239
167302
167320
167331
167384
167428
167457
167714
167721
167893
167974
167984
168009
168017
168053
168082
168113
168123
168131
168184
168184
168214
168238
168236
168260
168278
168341
168812
168866
168878
168942
168970
168984
169030
169050
169087
169092
169103
169299
169301
169336
169380
169664
170600
170615
170615
170636
170673
170686
170890
172517
173286
173509
176554
178059
178130
179247
179259
179261
179724
179942
179960
179979
180096
180131
180138
180188
180324
180335
180405
181161
181177
181195
181206
181215
181222
181283
181304
185848
190823
190924
194010
194400
195046
195352
197284
197421
197477
197513
197537
197839
199127
199134
199141
199146
199152
199501
199599
199636
199664
199691
199783
199794
