860.74
873.45
883.48
893.85
901.99
908.41
914.35
920.15
922.32
937.01
942.89
946.65
951.57
957.03
966.57
969.35
971.33
972.47
976.7
978.48
981.41
991.06
993.23
996.79
999.63
1001.74
1004.34
1008.6
1017.01
1025.89
1030.25
1031.62
1035.38
1038.44
1040.41
1042.17
1046.05
1050.12
1053.68
1059.5
1066.38
1067.43
1069.28
1074.15
1085.4
1088.95
1091.45
1095.35
1097.52
1107.49
1110.51
1113.3
1114.57
1116.71
1117.57
1119.38
1124.3
1133.39
1156.39
1173.21
1179.34
1190.59
1213.47
1219.19
1236.3
1398.53
1637.36
1638.24
1667.97
1673.9
1682.63
1684.1
1690.83
1693.41
1695.74
1703.2
1705.11
1708.24
1723.49
1725.58
1729.33
1735.89
1738.51
1742.26
1750.55
1757.14
1760.34
1764.26
1768.27
1775.64
1776.88
1778.74
1781.79
1789.82
1802.31
1804.18
1811.78
1813.03
1850.88
1858.93
1862.33
1866.86
1871.47
1942.49
1950.86
2008.8
2023.65
2024.72
2035.14
2037.11
2039.18
2064.04
2068.86
2075.6
2083.82
2101.78
2104.77
2108.71
2114.74
2126.01
2127.29
2129.17
2136.98
2139.31
2140.47
2145.32
2151.89
2154.13
2158.87
2161.1
2162.46
2164.59
2165.96
2167.44
2169.62
2173.41
2174.49
2176.58
2180.12
2185.82
2189.21
2200.2
2203.3
2207.37
2209.12
2231.04
2240.82
2243.52
2246.48
2247.69
2251.18
2252.86
2255.08
2257.52
2260.4
2262.57
2264.7
2267.97
2269.54
2271.23
2274.63
2278.3
2279.83
2283.04
2284.83
2284.77
2287.14
2289.55
2290.46
2291.55
2292.34
2294.82
2296.97
2298.2
2302.45
2309.94
2312.42
2315.91
2318.34
2324.85
2325.71
2333.53
2335.67
2338.53
2343.87
2347.72
2350.41
2353.9
2366.99
2370.68
2388.23
2391.73
2400.75
2407.37
2412.49
2413.98
2417.36
2426.65
2434.35
2449.3
2455.06
2483.47
2490.94
2497.55
2503.71
2526
2534.92
2555.28
2559.59
2574.73
2581.08
2585.79
2621.97
2647.12
2648.32
2664.67
2674.63
2687.19
2695.68
2702.72
2709.75
2714.06
2716.83
2724.84
2725.75
2731.44
2733.48
2734.75
2742.32
2743.85
2745.22
2747.35
2751.52
2752.68
2754.22
2755.37
2755.95
2760.31
2761.46
2762.8
2770.27
2771.42
2772.59
2773.97
2774.86
2776.54
2778.95
2780.48
2781.88
2783.66
2784.8
2787.49
2792.03
2794.52
2797.18
2799.36
2800.88
2802.14
2805.19
2804.91
2805.88
2808.47
2813.13
2814.24
2818.81
2820.07
2821.55
2823.49
2827.2
2828.56
2829.67
2833.91
2835.53
2837.06
2839.22
2851.67
2856.13
2859.71
2895.62
2902.72
2905.67
2911.67
2917.24
2922.22
2925.35
2929.55
2931.63
2935.94
2940.45
2944.88
2947.44
2957.21
2960.33
2964.2
2969.34
2972.07
2993.79
3635.99
3695.7
3703.19
3709.45
3714.64
3716.53
3720.58
3723.03
3725.11
3728.12
3729.32
3734.67
3738.37
3741.23
3743.34
3745.84
3747.3
3748.99
3754.06
3756.69
3759.52
3762.6
3769.55
3774.66
3776.69
3784.08
3796.12
3811.14
3819.25
3821.15
3826.51
3831.27
3832.47
3838.18
3841.01
3845.48
3849.21
3854.91
3856.78
3859.15
3860.06
3868.32
3869.78
3875.91
3878.88
3883.48
3884.68
3887.94
3889.67
3896.47
3898.83
3904.71
3904.77
3905.78
3907.87
3911.81
3915.94
3917.25
3923.66
3925.61
3925.99
3927.59
3931.39
3933.97
3935.58
3936.07
3940.7
3946.04
3948.91
3949.93
3952.34
3953.18
3960.59
3962.72
3967.24
3974.61
3980.72
3986.65
4005.31
4006.6
4010.79
4025.97
4054.17
4057.05
4062.35
4081.63
4083.89
4133.24
4141.01
4202.86
4204.33
4209.91
4245.71
4247.65
4248.81
4250.57
4257.4
4263.16
4270.75
4274.69
4277.91
4287.62
4293.49
4420.16
4425.53
4432.41
4441.71
4463.47
4791.54
4797.79
4811.25
4812.62
4910.9
4915.04
4931.01
4935.08
4941.99
4952.43
4976.27
4985.87
4989.45
4992.98
4993.64
4995.05
4997.76
4998.21
5002.38
5035.84
5037.84
5049.36
5052.07
5056.18
5057.93
5058.87
5061.29
5063.24
5067.21
5073.48
5075.38
5080.65
5084.77
5086.44
5090.55
5092.57
5097.94
5099.51
5101.23
5115.13
5116.96
5124.11
5136.34
5144.74
5148.22
5150.37
5159.67
5163.14
5166.16
5167.36
5174.93
5177.06
5182.49
5186.86
5188.63
5189.7
5192.53
5193.65
5195.02
5203.63
5207.91
5211.33
5217.6
5222.35
5226.41
5228.95
5231.24
5231.66
5237.33
5242.07
5247.85
5250.09
5256.87
5264.91
5271.09
5288.15
5291.37
5293.54
5299.49
5311.28
5312.84
5313.58
5319.37
5329.09
5331.08
5334.05
5338.01
5341.12
5360.44
5361.79
5364.49
5370.66
5378.38
5380.22
5386.46
5391.22
5397.75
5401.82
5441.44
5525.5
5537.87
5542.22
5551.8
5565.33
5568.6
5591.52
5599.69
5608.48
5615.17
5616.6
5630.02
5638.1
5660.77
5662.31
5668.68
5675.25
5677.32
5679.45
5682.83
5684.15
5686.21
5690.17
5742.45
5792.25
5811.7
5818.4
5820.36
5823.82
5832.82
5835.82
5839.56
5842.47
5845.47
5847.86
5848.93
5852.39
5857.07
5862.67
5863.58
5865.27
5873.33
5875.53
5883.92
5890.03
5891.58
5895.1
5926.12
5960.57
5964.65
6000.33
6002.22
6003.66
6005.53
6010.15
6019.02
6061.72
6065.2
6066.87
6067.98
6071.33
6081.01
6084.34
6089.33
6098.75
6103.06
6106.1
6106.27
6113.73
6116.51
6120.66
6122.89
6134.12
6136.51
6147.06
6148.89
6150.89
6156.63
6164.75
6172.07
6175.91
6176.99
6183.83
6187.78
6199.7
6375.29
6379.19
6383.6
6394.81
6403.66
6408.6
6413.69
6431.4
6436.98
6444.21
6455.74
6459.54
6462.4
6476.63
6481.38
6486.15
6494.7
6495.69
6506.68
6512.64
6517.51
6521.32
6523.29
6524.28
6529.31
6534.25
6538.47
6542.1
6637.48
6645.08
6649.8
6663.34
6668.55
6672.53
6674.36
6682.28
6687.01
6707.35
6709.61
6713.86
6716.51
6773.41
6789.03
6816.35
6920.06
6963.73
6979.64
6994.03
6997.77
7000.9
7001.38
7003.83
7007.15
7011.77
7015.97
7019.58
7024.66
7029.85
7032.33
7034.01
7038.08
7040.03
7042.15
7044.47
7046.21
7047.86
7049.26
7051.66
7053.3
7057.88
7059.67
7063.39
7067.64
7068.66
7070.08
7091.51
7093.34
7104.14
7104.31
7108.65
7109.62
7112.65
7116.88
7137.28
7156.96
7333.46
7348.05
7350.93
7357.1
7358.9
7360.94
7366.61
7368.43
7370.34
7373.02
7375.88
7379.89
7383.27
7385.08
7386.43
7387.51
7390.69
7393.55
7398.68
7401.89
7403.41
7405.31
7408.24
7409.34
7412.56
7413.84
7417.41
7419.83
7421.98
7426.08
7429.37
7431.87
7450.74
7452.97
7470.43
7492.71
7504.55
7569.26
7585.46
7610.9
7617.3
7665.49
7724.07
7726.2
7754.01
7756.07
7764.68
7771.06
7797.23
7798.6
7806.3
7812.42
7818.09
7822.77
7830.9
7834.29
7841.14
7844.67
7846.58
7847.61
7852.18
7853.49
7856.19
7866.53
7869.36
7873.3
7890.57
7895.09
7898.47
7900.79
7910.36
7913.76
7914.7
7954.17
8022.83
8036.96
8040.93
8044.82
8174.58
8251.21
8254.96
8309.54
8318.6
8357.86
8366.62
8371.98
8373.16
8401.05
8414.05
8433.95
8434.87
8444.56
8446.17
8448.93
8453.59
8458.68
8459.71
8465.95
8467.03
8468.94
8472.05
8475.71
8479.59
8481.65
8486.55
8493.79
8502.27
8518.49
8522.92
8524.19
8529.03
8533.16
8536.01
8538.75
8546.41
8553.94
8566.53
8576.34
8592.04
8595.73
8616.2
8624.21
8625.89
8630.32
8634.83
8638.07
8640.24
8642.69
8650.08
8655.57
8686.52
8691.23
8694.85
8885.12
8921.42
8932.41
8947.96
8949.27
8951.32
8960.94
8962.93
8965.46
8969.28
8982.64
8987.54
8991.05
9005.62
9280.4
9344.38
9349.34
9356.95
9367.09
9377.1
9382.61
9386.07
9391.87
9396.42
9399.48
9404.13
9407.94
9409.21
9413.86
9418.13
9422.97
9425.99
9427.65
9430.2
9440.27
9447.73
9457.12
9489.22
9492.52
9505.31
9508.22
9526.26
9824.88
9842.69
9942.53
10448.7
11137.4
11142.7
11144.1
11151.9
11155.7
11164.5
11167.2
11168.6
11171.1
11176
11177.8
11181.5
11192.3
11194.1
11195.3
11197.4
11198.7
11204.7
11251.7
11256
11261.1
11268.6
11270.4
11272
11278.2
11290.2
11295.5
11308.9
11787.2
12076.1
12187.1
12196.2
12198.8
12200.7
12205.9
12207.1
12215.5
12217.7
12222.5
12224.7
12225.9
12231.7
12234.3
12235.8
12237.9
12240.3
12247.2
12252.5
12255.9
12261.2
12262.5
12264.4
12265.8
12267.8
12274.2
12275.5
12281.4
12284.1
12286.6
12292
12294
12295.3
12298.7
12299.3
12301.9
12303.6
12318.3
12321.4
12322.9
12324.1
12328.5
12333.8
12335.9
12340.1
12345.7
12348.6
12355.7
12356.4
12357.7
12365.9
12368.2
12373.1
12378.8
12380.5
12382.1
12383.8
12385.4
12394
12396.8
12401.9
12404.9
12413.7
12417.4
12420.9
12422.9
12460.6
14781.1
15854.8
15882.7
15889.5
15893
15909.7
15916.6
15919.5
15920.9
15928.3
15932.3
15936.4
15939.7
15943.7
15946.6
15960.5
15965.5
15970.9
15994.2
16072
16081.2
16088.2
16118.7
16125.3
16140.9
16143.1
16147.3
16152
16156.4
16172.7
16177.5
16186.9
16191.9
16193.1
16197.8
16201.6
16211.1
16212.9
16215.4
16227.9
16235
16242.8
16256.1
16291.6
16306.4
16308.3
16312
16320.5
16324.7
16340.9
16343.8
16349.5
16353.9
16360.9
16362.3
16366
16368.7
16376.1
16385.2
16407.2
16415.4
16461.6
16492.2
16539.6
16617.9
16653.2
16662.5
16664.4
16672.8
16675
16678.4
16683.7
16686.6
16712.9
16737.8
16740.8
16746.5
16751.8
16756.6
16758.4
16759.5
16768.8
16773.4
16776.8
16778.7
16782.6
16797.6
16800.3
16804
16811.2
16821.1
16829.6
16836.6
16839.4
16842.2
16843.8
16848.8
16857.5
16862.3
16863.8
16877.8
16885.7
17680.9
17695.5
17726.8
17731.6
17742.1
17772.3
17775.7
17777.5
17785.4
17801.9
17813
17834.2
17835.5
17838
17844.6
17847.8
17854.2
17871.8
17875.8
17889.2
17893.6
17899.1
17902.8
17912.7
17925.8
17968.6
17980.9
17995.1
18036.8
18059.9
18062.5
18071.4
18073
18075
18080.5
18088.3
18094.1
18103.1
18106.8
18114.8
18182.7
18191.1
18200.3
18202.7
18221.8
18246
18249.4
18265.2
18269.1
18270.8
18277.3
18279.5
18285.2
18287.1
18288.9
18294.1
18297.4
18301.6
18320.8
18340.1
18350.9
18368.4
18375.5
18377.8
18380.6
18393
18420.6
18425.5
18437.8
18456.7
18510.6
19308.6
19539.5
20156.9
20229.2
20239.1
20247.8
20252.6
20257.8
20259.8
20267.5
20272.9
20292.8
20303.6
20313.9
20315.8
20317.1
20320.6
20322.9
20325.8
20328.4
20334
20336.5
20338.7
20343.1
20347.6
20352.1
20353.6
20359.7
20368.5
20386.1
20387.4
20393.3
20769.4
20783.2
20823.4
20830
20832.4
20835.4
20837.7
20840.6
20844.5
20851.7
20854.3
20859.9
20862.5
20865.2
20867
20869.7
20872.1
20873.6
20876.6
20970.1
20973
20974.4
21032.5
21034.6
21038.6
21040.3
21049.8
21055.4
21063
21065.4
21073.4
21077.3
21086.2
21089.1
21100.9
21111.2
21119.5
21124.2
21129.5
21134.8
21136.9
21139.9
21146.8
21154.9
21164.2
21171.5
21172.7
21177
21179.7
21182.4
21188.2
21194.4
21199.9
21203.5
21205
21214.2
21216.4
21222.8
21226.4
21229.2
21232.1
21235.7
21244.6
21249.2
21260
21261.7
21263.6
21267.9
21291.6
21306.1
21333.3
21342.2
21420.2
22173
22181.4
22185.8
25281.7
25340.5
25350.8
25356.4
25362.4
25365.2
25373.9
25383.5
25387.5
25396.9
25399.9
25405.1
25409.7
25411.2
25414.1
25420.6
25425.2
25437
25442
25449.4
25456.1
25460.1
25471.2
25473.7
25477.4
25481
25493.7
25498.5
25501.2
25502.6
25504.7
25506.1
25510.5
25515.7
25518.4
25522.3
25526.1
25530.7
25532.4
25537.8
25544.7
25547.8
25550.4
25552.2
25555.3
25559.5
25562.7
25564.3
25570.3
25573.8
25575.1
25577.7
25580.3
25596.5
25598.2
25600.3
25611.4
25613.2
25616.3
25621.5
25652.7
25684.3
25716.5
25721.6
25738.3
25797.1
25843.5
25866.6
25986.5
26043.3
26046.4
26521.9
26609.4
26873.1
26877
26879.6
26884.8
26887.4
26889.4
27021.3
27027.6
27035
30585.5
30587.5
30640.1
30651.4
30654.3
30661.2
30663.2
30666
30671.6
30677.7
30690.1
30696.6
30702.7
30708.6
30710.7
30726.6
30761.3
30767.4
30821.1
30827.4
30840.9
30860.6
30873.7
30877.8
30879.9
30881.3
30885.1
30890.3
30893
30896.2
30898.5
30909.8
30920.9
30930.1
30933.7
30937.7
30951.8
30953.4
30964.4
31614.5
31647.4
31652.9
31662.7
31672.4
31679.4
31681.3
31683.4
31694.6
31702.1
31723.6
31743.6
31976.5
35243.1
35355
35376.4
35388.3
35391.6
35398.6
35401
35405.5
35408.8
35411.9
35415.8
35419.6
35424.5
35428.4
35429.6
35431.6
35432.7
35434.6
35442.3
35448
35450.2
35453.8
35456.2
35462.4
35465.3
35467.3
35471.1
35472.4
35473.5
35476.6
35477.7
35485.2
35488.8
35493
35494
35499.3
35503
35508
35510.6
35512.4
35514.5
35517.1
35521.3
35526.2
35532.5
35537.1
35541.9
35547.2
35550.8
35552.2
35583.7
35603.5
35656.9
36240.7
36242.7
36248.4
36255.6
36261.4
36266.6
36272.1
36274.8
36283.7
36291.9
36297.1
36301.1
36316.9
36390.5
36853.8
36884.2
36896.4
36999.9
37002.7
37004.1
37007.8
37012.3
37015.2
37018.5
37024.9
37027.7
37029.5
37032.2
37040.6
37042.7
37047.5
37049.8
37054.6
37064
37069.8
37072.5
37083.1
37091.4
37114.3
37113.5
37125.1
37138.7
37197
37317.4
37323.4
37333.3
37337.8
37341.1
37345.5
37349.8
37352.1
37358
37359.7
37361.3
37368.8
37370.8
37374
37377.3
37378.2
37380.5
37384.8
37386.9
37390.2
37393
37396.8
37403.2
37407.4
37410.5
37415.3
37419
37431.2
37438.6
37445.9
37456.2
37612.7
37616.6
37622.7
37638.1
37639.9
37643.3
37647.1
37649.5
37652.7
37655.5
37658
37661.6
37668.5
37680.4
37681.9
37683
37700.4
37832
37833.7
37841.8
37857.6
37866.8
37871.3
37873.2
37878.4
37880.3
37883.2
37892.9
37894.5
37897.8
37899.5
37902.4
37904.4
37910.5
37915.6
37921.5
37922.7
37925.1
37928.7
37931
37935
37944.4
37950
38009
38023.4
38025.5
38033
38035.5
38040.6
38043.3
38050.5
38056.6
38060.3
38062.7
38067.9
38070.4
38076
38079.3
38081
38092.2
38095.4
38106.7
38108.1
38111
38116.4
38120.4
38123.4
38143.5
38157.1
38174.1
38175.7
38220.4
40063.1
40117.2
40131.9
40180.5
40588.1
40621.8
40632.6
40651.5
40655.7
40661.8
40666.2
40668.8
40681.7
40687.3
40692.7
40700.6
40703.7
40706.6
40707.9
40714.7
40715.8
40731.5
40736
40739.4
40750.2
40768.8
40775.3
40796.8
40903.1
40911.6
40925.9
40929.7
40946.9
40958.1
40979.4
40995.8
41101.4
41136.7
41174.7
41181.6
41185.1
41191.9
41196.9
41203.2
41212.1
41213.3
41260.8
41262.2
41274.7
41556.4
41572.4
41603.7
41605.8
41608.3
41610
41612.5
41614.6
41617.6
41621.9
41627.4
41630.2
41631.6
41636.9
41639.5
41642.3
41640.6
41644.4
41643
41648.4
41651
41659.1
41665.9
41667.3
41683.9
41685.3
41688.8
41693.5
41701.6
41705
41716.6
41734.1
41736.6
41740.7
41744.4
41756.1
41760.6
41767.1
41771.4
41772.6
41778.6
41789.4
41793.1
41803.7
41805.5
41808.9
41811.7
41813.7
41822.6
41825.5
41827.8
41830.4
41832.5
41834.8
41837.7
41843
41852.7
41858.7
41879.7
41882.1
41884.7
41889
41892.8
41894.5
41896.9
41899.8
41906.1
41909.9
41911.2
42237.2
42272.6
42287.9
42299.2
42301.9
42303.4
42307.8
42312.8
42314.3
42317
42319.7
42324.5
42327.3
42340.3
42346.4
42349.1
42352.6
42358.4
42363.1
42365.9
42374.2
42378.4
42382.5
42387.3
42391.5
42395.1
42396.1
42398.9
42403
42405.4
42409.7
42411.2
42415.3
42416.4
42418.9
42420.5
42422
42423.5
42426.4
42431.8
42433.6
42436.9
42438.5
42442.7
42445.3
42450.2
42451.4
42455.8
42459.4
42461.9
42466.7
42470.3
42471.7
42473.1
42474.6
42475.9
42481.6
42486.3
42493.5
42523.7
42539
42566.4
42578.8
42579.8
42582.9
42588
42594.1
42595.5
42596.4
42604.8
42606.1
42607.7
42609.6
42613.5
42623.8
42627.2
42631.2
42637.3
42640.6
42663.9
42672.5
42679.8
42713.9
42719.7
42721.1
42748.2
42751.2
42753.2
42758.3
42762.6
42767
42771.1
42772.4
42781.4
42782.6
42788.2
42789.6
42799.8
42802.3
42803.6
42815.6
42819.5
42829.2
42830.9
42835.2
42842.3
42846.7
43192.6
43331
43409.8
43454.5
43485
44155.8
44185.9
44191.7
44200.9
44224.8
44241.1
44246.4
44250.1
44252.6
44254.6
44256.3
44260
44264.3
44265.2
44267.5
44275.8
44277
44278.9
44281.3
44285.8
44290.1
44293.4
44296
44300.3
44301.8
44303.5
44307
44308.7
44314.7
44316.6
44319.5
44322.4
44324.9
44327.3
44332.9
44341.8
44352.3
44357.1
44360.2
44366.5
44368.4
44370.2
44374.7
44376.1
44379.3
44384.7
44388
44389.3
44397
44399.5
44401.9
44403
44413.1
44414.5
44416.8
44419
44425.4
44427.6
44435.4
44440.9
44448.2
44449.2
44451.7
44465.7
44466.4
44472.2
44477.8
45059.8
45065.8
45085.6
45114.1
45115.3
45117.2
45120.2
45122.7
45126.4
45130.5
45133.7
45135.3
45141.1
45145.4
45147.9
45149.8
45153.8
45160.6
45162.2
45167.2
45170.8
45172.6
45175.3
45176.3
45178.1
45183.8
45187
45190.2
45192.5
45193.7
45198.2
45199.1
45203.6
45204.5
45206.3
45208.1
45215.3
45219.3
45223.9
45226.4
45228.8
45231.9
45259.7
45260.8
45278.2
45281.2
45286.4
45289.6
45290.9
45296.4
45299.6
45308.7
45310.4
45312.6
45316
45318.3
45321.4
45323.7
45325.6
45328
45333
45335.9
45337.8
45339.5
45343.8
45397.6
45875.6
45921.3
46669.8
46680.6
46688
46701.3
46705
46706.6
46715.8
46719.9
46882.6
47043.5
47054.9
47067.6
47101.4
47116.2
47127
47132.6
47370.2
47384.4
47880.4
48422.1
48435.7
48440.2
48461.5
48467
48479.9
48487.7
48484.4
48501.4
48523.3
48556.1
48619.7
48632
48633.3
48673.1
48682.3
48700.6
48701.9
48703.3
48730.1
49050.3
49059.7
49061
49080.2
49100.3
49118.9
49125.1
49127.2
49128.2
49143.7
49144.8
49155.9
49165.6
49182.8
49184.4
49186.4
49187.5
49191.5
49193.9
49199.5
49201.8
49216.1
49226
49242.4
49247.1
49250.3
49257.9
49261.2
49270.8
49274
49276.6
49278.8
49280
49285.3
49289.9
49293.7
49298.7
49301
49303.5
49306.7
49318.2
49324.5
49330.4
49332.6
49337.8
49345.9
49348.4
49356.5
49359.4
49363
49365.7
49372
49373.8
49381.5
49385.3
49389.1
49393.1
49397.7
49403
49413.3
49440
49452.8
49464.9
49481
50179.1
50187.3
50243.9
50261.9
50264.9
50306.4
50795.6
50810.9
50837.2
50839
50840.4
50841.6
50842.7
50844.8
50850
50856.5
50862.1
50869.3
50872.9
50875.1
50876
50878.9
50883
50888.2
50893.8
50896.6
50897.5
50898.6
50902
50903.9
50907.2
50908.1
50910
50913.6
50917.3
50947.3
50950.5
50952.1
50954.9
50955.9
50969.1
50981.9
50983.8
51742.4
51746.2
51754.7
51763.3
51768.6
51771.7
51775.2
51778.3
51782.8
51785.5
51787.2
51792.2
51796.2
51802.9
51808.1
51810.2
51818.2
51826.3
51839.5
51841.1
51849.1
51857.9
51871.7
51873.1
51875.2
51877.1
51878.8
51883.2
51886.2
51890.5
51891.6
51892.9
51895.5
51897.9
51902.7
51905.4
51910.9
51917.7
51923.9
51925.8
51941.9
51951.9
51956.8
51971.2
51980.8
51985
51987.3
51988.5
51993.2
52000.7
52003.6
52006.6
52011.4
52015
52017.8
52019.5
52022
52037.7
52044.9
52046.5
52055.3
52076.8
52081.1
52083.8
52102
52115.5
52126.5
52130.4
52136.8
52140.8
52146.5
52216.9
52235.1
52310.8
52368.8
52774.2
52832.5
52844.1
52855.1
52871.4
52878.7
52890
52892.3
52895.3
52899.4
52903.5
52908.3
52909
52910.5
52913.3
52917.2
52922.4
52925
52927.1
52929.4
52931.9
52934.2
52954.9
52959.6
52962.5
52964
52964.9
52976.5
52980
52983.9
52987
52993
53002
53005.6
53022
53062.5
53082.4
53095.4
53102
53105.6
53133.6
53146.1
53154
53158.5
53160.4
53163.1
53164.9
53171.2
53182.2
53184.5
53192
53202.7
53206.4
53210
53219.8
53223.5
53232.9
53240.9
53243.9
53246.9
53276.2
53488.9
53664.8
53690.6
53711.3
54314.6
54321.3
54331.4
54352.2
54357.1
54358.5
54380.8
54413
54426.6
54441.3
54447.6
54449.1
54466.3
55088.6
55100.2
55733
55737.6
55752.3
55759.9
55777.4
55808.8
55931.3
55934.6
55995.9
56071.8
56075.8
56084.2
56088.6
56093
56098.9
56101.5
56106.7
56129.4
56138.9
56147.9
56216.9
56222.3
57382
57393
57433.1
57501.1
57528.6
57566.1
57631
57763.6
57784.4
57787.4
57796.3
57799
57806.1
57812
57837.7
57845.3
57851.4
57853.4
57858.4
57866.1
57870
58450
58452.9
58457.5
58479.1
58480.8
58495.4
58537.1
58622.9
58625.4
58629.8
58631.4
58637.6
58639.3
58649
58657
58663.4
58667.3
58671.1
58683.3
58689.3
58701.3
58714.3
59387.6
61958.4
63251.6
63318.3
63322.2
63354.4
63356.2
63358.9
63360.7
69495.8
69612.4
69616
69672.4
69676.3
69702.2
69725.8
72853.5
72857.5
72883.8
72959.2
73120.8
73124.4
73128.3
73134.5
73141
73142.3
73145.4
73147.3
73148.4
73152.3
73156
73170.9
73174.9
73177.1
73181.6
73187.5
73201.2
73202.5
73213.3
73218.4
73274.1
73321
73322.5
73324.2
73548.7
73551.7
73553.7
73560
73565.1
73568.9
73572.2
73577.1
73584.9
73586.5
73591.4
73593.4
73642.1
73645.5
73647.3
73650.8
73652.4
73658.7
73665.7
73668
73672.6
73674.8
73677.7
73684
73686.4
73691.5
73707.6
73710.8
73710.2
73716
73717.9
73729.1
73732.1
73730.2
73736.3
73739.2
73742.6
73743.7
73746.6
73745
73746.8
73752.9
73758.1
73760.8
73758.6
73759.8
73763.2
73764.9
73769.6
73772.7
73781
73778.6
73787.3
73808.4
73861.3
73870.5
73905.8
73923.1
73930.2
73933.7
73942.9
73958.8
73966.1
73976
73983.7
73989.5
73996.3
74001.1
74003.4
74007.1
74012
74019.5
74024.3
74029.1
74034.9
74037.6
74044.1
74061.7
74064.2
74071.5
74074.7
74077.6
74081.4
74091
74099.4
74101.6
74103.3
74107.8
74112
74123.9
74128.3
74130.1
74135.8
74138.5
74141
74149.9
74150.9
74157.9
74162.3
74168
74174.8
74177.7
74184.6
74187.1
74192
74194.6
74197.7
74202.6
74209.4
74222.8
74225.5
74229.6
74234.3
74242.6
74245
74247.6
74255.2
74278.6
74282.3
74300.7
74339
74520.9
74547.4
74563.4
74567.9
74574.2
74578.3
74584
74585.4
74591.7
74595
74599.4
74610.9
74624.8
74627.4
74641.2
74652.1
74654.2
74677.3
74680.5
74684.8
74804.4
74815
74834.6
74845.2
74850.3
74855.3
74856.3
74860.6
74871.2
74886.3
74891.3
74910.5
74922.6
74970.3
75582.6
75597.5
75959.6
76598.6
76751.3
76919.5
76997.4
77031.3
77063.2
77065.3
77137.9
77161.9
77169.4
77175.8
77179.7
77190
77207.8
77211.7
77219.1
77234
77237.4
77243.2
77249
77252.5
77259.9
77265.9
77276.1
77278
77284.8
77288.8
77290.6
77293.3
77299.3
77300.5
77304.5
77308.8
77331.2
77521.3
77563.1
77575.5
77582.9
77585.8
77587.2
77594.4
77597.2
77599.7
77602.6
77609.6
77612.6
77616.6
77622.1
77626.7
77628.7
77631.2
77640.6
77644.3
77729.1
77750.5
77756.5
77859.6
77863.3
77869.1
77875.3
78219.9
78397.5
78399.4
78412.8
78433.7
78435.5
78454.1
78459.6
78468.1
78479.3
78486.3
78498.4
78500.6
78521.2
78526.7
78528.2
78531.1
78532.7
78543.3
78549
78553.2
78649.6
78653.1
78660.8
78663.3
78669.7
78779.6
78789.7
78811.9
78831.4
78840.1
78872.5
78886.9
78909.7
78915.9
78923.6
78925.9
78927.6
78929.6
78935.1
78939.1
78941.2
78948.1
78960.7
78965.1
78968.1
78973.9
78989.4
78999.4
79005.1
79010.2
79018.3
79022.5
79030.8
79036.4
79043.4
79046.4
79088.7
80712.7
80731.6
80798.6
80799.9
80801
80805.5
80811.4
80815.2
80819.8
80827.4
80839.7
80844.4
80847.3
80876.5
80979.2
81011.9
81023.5
81025.2
81040
81045.1
81054.5
81069.5
81077.5
81079.8
81081.8
81083.9
81087.3
81089.6
81093.7
81102.9
81105.2
81107.8
81110.4
81113.2
81116
81119.7
81134.9
81139.1
81140.7
81150.9
81154
81168.1
81178
81550.4
81656.8
81721.8
81733.6
81755.7
82833.2
82844.9
82849.3
82856.9
82877.9
82884.3
82892.4
82929.5
82948.8
82953.8
82965.2
83069.6
83079.1
83102.3
83109.7
83115.7
83119.3
83121
83125.5
83131.1
83139
83147.6
83150.9
83165.1
83365.7
83372.4
83383.5
83387.6
83393.8
83401.5
83403.3
83404.9
83411.1
83415.1
83416.9
83474.4
83478.9
83481.2
83484
83485.9
83506.9
85658.9
85676.7
85682.2
85696.8
85702.3
85707.2
85710.6
85720.6
85735.5
86200.9
86210
86220.5
86876
86887
86901.8
86907.9
86913.2
86919.3
86922.5
86925.5
86931
86932.8
86943.6
86949.4
86954.6
86957.1
87483
88201.3
88202.8
88206.1
88209
88210.4
88212.3
88218.7
88226.4
88228.9
88231.9
88235.4
88240.8
88244.4
88255.1
88256.9
88272.6
88275.3
88279
88280.7
88281.4
88283
88290.8
88293.7
88300.3
88301.9
88303.9
88306.4
88307.8
88311.6
88312.4
88314.6
88317.1
88318.6
88315.6
88326.4
88337.2
88340
88343.2
88349.9
88350.9
88353.3
88356.9
88364.1
88370.3
88373.8
88378.3
88382.9
88397.9
88418.8
88427.3
88431.5
88445.7
88591
88644.1
88701
88706.9
88708
88717.6
88722
88728.4
88732.1
88733.9
88735.2
88736.9
88739.7
88741.6
88743.2
88744.6
88798
88800.3
88808.7
88811
88816.8
88818.5
88823.5
88835.1
88841.5
88842.9
88845.3
88847.3
88851.3
88855
88856.5
88857.4
88859.8
88860.9
88863.8
88866.9
88868.4
88877.4
88880
88886.6
88890.7
88894.8
88899.8
88903.7
88923.6
89041.3
89049.4
89069.1
89076.5
89085.3
89087.6
89092.4
89096.6
89099.9
89112.3
89115.1
89119
89121.7
89124.1
89128.3
89132.3
89140.9
89144.8
89147.2
89156.9
89163.8
89170.2
89173.3
89174.8
89177.5
89185.1
89186.9
89189.7
89194
89197.8
89203.9
89208.1
89212.4
89214.2
89210.3
89223.3
89226
89230.3
89220.7
89232.9
89225.4
89236
89227.9
89247.4
89241
89242.4
89251.3
89243.2
89244.3
89254.1
89256
89249.5
89257.3
89266.3
89268.7
89269.8
89271.8
89276
89278.4
89281.2
89286.9
89288.5
89297.7
89290.9
89293.7
89298.9
89300
89301.6
89302.6
89307.8
89311.8
89317.4
89322
89327.4
89333.7
89339.8
89346.9
89349.1
89356.8
89575.6
89583.9
89591.5
89599.1
89616.5
89618.9
89702.8
89714.8
89737.5
89743.3
89747.3
89749.9
89753.9
89763
89766.6
89780.1
89791.1
89901
89984.7
90014.6
90146.5
90265.4
90280
90287.5
90292.4
90298
90299.1
90302
90303.3
90305.1
90320.4
90324.7
90326.9
90726.2
90737.9
90739.2
90751.8
90754.1
90755.5
90761.1
90764.2
90773.2
90787.2
90789.6
90796.3
90800
90804.1
90811.9
90814.9
90816.7
90822.2
90825.8
90828.5
90831.4
90862
90882
90962.5
90994.1
91001.9
91015.1
91023.5
91028.9
91047.6
91059.6
91064.3
91067.3
91078.2
91086.5
91095.9
91099.7
91102.8
91119.7
91125.1
91153.8
91166.4
91169.1
91176.5
91181.6
91190.2
91191.7
91194.6
91202.9
91216.6
91223
91239.6
91260.4
91302.5
92224
92232.4
92237.4
92241.4
92247.7
92252.3
92256.3
92262.9
92267.3
92306
92308.8
92327.7
92340.7
92354.5
92361.8
92366.6
92371
92388.7
92395.5
92405.5
92416.5
92419.1
92420.9
92423.2
92425
92435.6
92440
92448.3
92456.4
92454.1
92464.4
92461.8
92463.2
92467.8
92472.2
92474.2
92477.7
92482.7
92486.9
92495.8
92503.8
92504.8
92545.9
92547.3
92553.7
92557.9
92561.7
92566.3
92570
92571.6
92574.4
92578.4
92584.3
92586.5
92590.4
92594.6
92599
92607.8
92613.3
92614.8
92616
92618.5
92622.5
92630.5
92632
93853
93878.1
93881.7
93894.8
93909.9
93926.6
94040.8
94064.5
94405.4
94408.3
94447.7
94782.7
94794.6
94876.2
94881.2
95790.2
95811.1
95816.8
95818.6
95822.4
95824.1
95833.5
95834.8
95836
95838.9
95840.7
95843.9
95847.7
95850.1
95853.9
95857.1
95861.1
95866.5
95868.8
95869.8
95870.9
95874.7
95878.2
95888.9
95899.1
95903
95910.8
95925.4
96134.1
96143
96156.1
96164.7
96169.4
96173.4
96175.9
96177.5
96179.4
96182
96183.7
96185.2
96188
96189.7
96191
96192.8
96195
96196.9
96201.8
96207.7
96216.3
96221.1
96227.9
96406.2
96494.1
96511.2
96711.6
96800.2
96807.2
96815
96830.5
96841.5
96845
96854.6
96857.5
96863.4
96867.6
96879.4
96881.4
96883.3
96884.6
96889.4
96892.1
96895.6
96897.7
96899
96902
96906.8
96909.5
96911.5
96913.7
96915.6
96921.9
96926.3
96930.1
96935.5
96942.2
96944.9
96947.1
96948.9
96951.9
96957.1
96958.1
96962.2
96965.3
96968.3
96972.6
96979.1
96980.9
96987.2
96992.1
96998.4
96996.5
97011.7
97020.6
97019.7
97022.3
97023.5
97040.2
97041.9
97043.6
97050
97060.1
97107.3
97229.8
97253.1
97266.1
97263.3
97295.8
97302.8
97338.2
97342.4
97344.4
97835.6
97844.5
97846.2
97850.2
97851.7
97856.6
97862.5
97872.8
97877
97890.1
97893.8
97899.6
97911.5
97913.2
97919.9
97924.4
97928.1
97930
97931.5
97935.6
97943.1
97953.9
97955.2
97959.4
97961.7
97964.6
97970.2
97975.5
97977
97974.1
97978.8
97982.7
97979.3
97984.1
97981.5
97985.5
97987.5
97995.8
98000.2
98001.3
97998.3
98000.4
98005.6
98008.2
98004.8
98010.1
98015.3
98016.8
98019.8
98021.3
98028.2
98030
98303.3
98316
98328.5
98345.6
98347.8
98353.2
98358
98377
98403.2
98407.9
98450.2
98453.8
98514.8
98577.5
98591
98601
98608
98609.7
98605.2
98616.7
98620.6
98633.1
98640.2
98645.9
98648.4
98659.2
98676.2
98678
98680.2
98681.5
98683.5
98688.1
98690.9
98693.7
98703.1
98705.3
98712.5
98715.8
98718.2
98719.1
98717.8
98727.6
98728.5
98732.2
98733.2
98741.2
98742.5
98927.6
99155.5
99244.6
99292.5
99313
99329.9
99742.4
99770.8
99864.6
99896.1
99902.6
100570
101079
101176
101785
101881
101883
101896
101905
101907
101918
101948
101951
101955
101956
101959
101962
101965
101967
101972
101977
101988
102000
102002
102004
102006
102012
102015
102020
102024
102027
102030
102033
102036
102041
102046
102055
102061
102073
102077
102121
102126
102132
102133
102140
102450
102453
102461
102465
102467
102471
102474
102481
102484
102487
102489
102492
102509
102574
102615
102619
102625
102631
102633
102636
102642
102646
102649
102655
102657
102666
102668
102673
102677
102752
102761
102766
102772
102793
102795
102799
102800
102803
102807
102809
102812
102814
102825
102831
102834
102847
102838
102861
102869
102883
103062
103069
103071
103079
103092
103098
103103
103105
103112
103129
103139
103144
103148
103157
103170
103165
103172
103170
103187
103189
103190
103204
103204
103211
103215
103219
103230
103231
103238
103241
103246
103248
103252
103258
103270
103274
103281
103289
103296
103307
103313
103320
103334
103343
103722
103804
103807
103811
103812
103822
103825
103830
104599
104625
104634
104647
104653
104656
104662
104679
104689
106360
106923
107825
107837
107845
107849
107852
107855
107858
107861
107864
107870
107876
107889
107892
107900
107911
107916
107923
107930
107933
107938
107946
107948
107949
107950
107977
107979
107982
107987
107993
107993
107990
108000
108003
108005
108007
108010
108014
108017
108030
108033
108035
108037
108044
108045
108046
108050
108052
108060
108064
108075
108078
108079
108183
108259
108663
108668
108678
108682
108684
108688
108694
108700
108702
108704
108706
108707
108711
108716
108717
108724
108729
108733
108740
108744
108745
108749
108752
108761
108775
108776
108780
108786
108787
108798
108793
108800
108799
108814
108935
108943
108960
108961
108965
108987
108991
108996
108998
109003
109006
109008
109011
109017
109022
109026
109027
109026
109031
109036
109034
109038
109042
109041
109044
109049
109051
109064
109078
109109
109239
109246
109255
109260
109264
109273
109278
109281
109289
109314
109328
109337
109361
109439
109464
109485
109503
109512
109519
109526
109535
109541
109551
109557
109560
109571
109573
109577
109581
109588
109592
109596
109601
109607
109612
109616
111410
111414
111417
111425
111426
111437
111716
111718
111721
111724
111726
111729
111731
111734
111736
111738
111750
111752
111759
111763
111773
111810
111816
111830
111832
111835
111854
111878
111879
111892
111885
111889
111892
111910
111909
111914
111918
111923
111932
111930
111944
111940
111948
111961
111952
111968
111960
111963
111966
111967
111970
111981
111973
111980
111994
111992
112002
112010
112013
112012
112019
112021
112034
112029
112042
112057
112065
112083
112086
112091
112222
112234
112244
112246
112247
112255
112257
112255
112284
112344
112566
112590
112597
112605
112602
112606
112610
112614
112611
112619
112624
112626
112630
112633
112636
112638
112644
112647
112649
112651
112655
112653
112658
112656
112663
112661
112666
112672
112675
112677
112681
112683
112687
112690
112693
112694
112696
112701
112703
112708
112712
112714
112715
112720
112722
112723
112725
112730
112734
112737
112741
112738
112785
112900
112919
112947
112964
113007
113011
113026
113044
113064
113076
113079
113084
113099
113102
113111
113126
113129
113136
113142
113288
113294
113301
113306
113314
113317
113378
113387
113716
115256
115284
115319
115330
115334
115349
115350
115358
115372
115390
115392
115433
115487
115496
115498
115543
115570
115577
115591
115594
115605
115608
115624
115636
115657
115903
115908
115919
115947
115964
115971
115984
116202
116213
116217
116221
116228
116244
116245
116918
116948
116974
117005
117009
117016
117019
117022
117030
117036
117059
117067
117076
117080
117082
117084
117095
117158
117165
117167
117172
117175
117179
117181
117183
117187
117191
117192
117199
117215
117217
117220
117222
117233
117239
117254
117250
117268
117442
117448
117481
117487
117491
117499
117536
117615
117619
117621
117625
117629
117638
117650
117656
117675
117834
117851
117854
117856
117862
117865
117873
117879
117881
117889
117896
117897
117901
117981
117984
117994
118001
118006
118059
118099
118101
118112
118116
118118
118803
118831
118840
118845
118848
118857
118862
118868
118870
118871
118881
118887
118888
118892
118894
118897
118901
118912
118918
118920
118924
118926
118929
118930
118933
118947
118956
118958
118959
118961
118963
118967
118974
118975
118978
118980
118986
118989
118990
119028
119236
119255
119274
119278
119490
119493
119506
119508
119526
119615
119626
119632
119638
119644
119648
119651
119652
119999
120011
120021
120027
120036
120039
120042
120060
120065
120067
120071
120073
120077
120079
120084
120086
120090
120097
120099
120101
120104
120107
120108
120110
120115
120127
120229
120394
120411
120417
120450
120455
120467
120471
120474
120480
120484
120489
120495
120500
120504
120516
120519
120698
120703
120708
120715
120717
120720
120762
123373
123962
123966
124024
124168
124171
124180
124184
124187
124196
124215
124278
124284
124286
124319
124331
124337
124343
124377
124379
124382
124383
124384
124389
124393
124397
124433
124437
124450
124456
124462
124468
124467
124470
124471
124474
124477
124480
124482
124484
124488
124494
124496
124500
124505
124510
124516
124521
124524
124528
124532
124534
124536
124540
124544
124551
124552
124557
124563
124565
124566
124573
124578
124584
124589
124594
124627
124632
124648
124651
124660
124670
124773
124801
124820
125098
125147
125229
125230
125245
125253
125280
126120
126124
126138
126175
126196
126467
126486
126491
126497
126506
126514
126513
126516
126521
126519
126521
126530
126545
126548
126557
126560
126568
126579
126590
126599
126618
126642
126650
126682
126699
126704
126731
126735
126741
126954
127006
127011
127016
127020
127022
127029
127030
127034
127037
127051
127061
127082
127094
127099
127102
127104
127108
127111
127114
127117
127121
127123
127123
127121
127136
127138
127142
127143
127151
127159
127161
127167
127172
127177
127179
127186
127191
127199
127209
127211
127214
127220
127225
127231
127257
127260
127263
127269
127273
127281
127318
127350
127363
127366
127374
127404
127558
127904
127909
127912
127914
127914
127935
127943
127948
127960
127971
127994
128001
128121
128148
128157
128160
128589
128609
128619
128626
128628
128632
128634
128637
128652
128658
128664
128815
128838
128847
128873
128892
128899
128903
128905
128911
128913
128910
128921
128926
128925
128928
128930
129073
129094
129151
129157
129196
129217
129232
129238
129244
129249
129267
129264
129270
129271
129277
129280
129283
129289
129292
129296
129302
129305
129310
129319
129321
129325
129327
129328
129331
129336
129339
129342
129348
129350
129355
129359
129452
129454
129458
129463
129478
129535
129774
129784
129785
129792
129787
129803
129814
129809
129813
129815
129824
129831
129832
129827
129840
129837
129845
129841
129848
129843
129854
129848
129850
129852
129856
129859
129862
129864
129866
129871
129875
129877
129880
129882
129884
129887
129891
129894
129895
129897
129904
129906
129910
129919
129923
129925
129926
129952
129963
129988
130013
130019
130023
130030
130067
130076
130096
130116
130119
130202
130215
130216
130222
130230
130240
130242
130247
130249
130253
130259
130256
130262
130267
130270
130281
130285
130286
130288
130289
130297
130302
130304
130310
130311
130318
130321
130322
130424
130454
130466
130471
130469
130474
130474
130480
130477
130478
130482
130484
130487
130489
130495
130496
130498
130500
130504
130505
130513
130516
130519
130522
130525
130540
130536
130540
130543
130544
130549
130553
130555
130560
130566
130567
130568
130570
130576
130578
130585
130588
130600
130602
130599
130606
130602
130607
130613
130615
130611
130620
130622
130618
130636
130639
130656
130652
130660
130667
130668
130675
130679
130709
130731
130788
130806
130838
130838
130855
130861
130881
130921
130950
130957
130963
130987
131000
131046
131069
131075
131080
131086
131100
131101
131106
131108
131115
131210
131214
131221
131224
131221
131229
131240
131245
131250
131267
131296
131298
131309
131330
131331
131337
131341
131340
131347
131358
131361
131362
131365
131367
131369
131374
131372
131374
131379
131377
131383
131385
131386
131387
131390
131387
131390
131393
131398
131401
131402
131405
131403
131404
131406
131411
131415
131413
131415
131416
131423
131433
131435
131437
131435
131439
131442
131444
131451
131454
131457
131462
131464
131467
131469
131470
131475
131493
131498
131499
131505
131508
131511
131515
131517
131521
131523
131525
131529
131531
131535
131536
131537
131539
131543
131550
131989
131991
131993
131995
132003
132008
132012
132021
132026
132028
132038
132048
132053
132056
132059
132062
132064
132067
132071
132073
132078
132080
132083
132085
132089
132091
132095
132100
132104
132106
132107
132110
132113
132116
132121
132126
132132
132139
132145
132147
132154
132157
132165
132172
132176
132179
132181
132186
132188
132197
132199
132199
132200
132205
132207
132209
132212
132217
132239
132264
132266
132270
132272
132275
132294
132308
132336
132354
132360
132365
132407
132416
132420
132420
132429
132433
132435
132440
132444
132445
132449
132452
132459
132470
132474
132476
132479
132481
132483
132486
132491
132492
132495
132499
132515
132518
132523
132527
132532
132535
132539
132555
132564
132589
132607
132640
132643
132663
132664
132688
132693
132694
132698
132702
132706
132709
132710
132714
132716
132718
132721
132725
132727
132728
132740
132745
132748
132752
132757
132759
132760
132763
132768
132791
132794
132795
132800
132803
132811
132813
132815
132817
132823
132824
132826
132827
132830
132832
132838
132840
132841
132844
132846
132851
132853
132856
132859
132861
132862
132863
132864
132866
132869
132874
132876
132877
132882
132888
132892
132893
132896
132897
132903
132906
132930
132937
132947
133064
133071
133066
133077
133073
133078
133095
133097
133096
133105
133104
133117
133121
133121
133128
133128
133135
133137
133140
133146
133149
133152
133163
133172
133177
133182
133183
133185
133190
133206
133208
133212
133216
133220
133221
133230
133237
133250
133254
133256
133258
133268
133269
133270
133277
133282
133288
133292
133294
133298
133307
133312
133315
133318
133439
133460
133523
133527
134745
134751
134753
134755
135508
135584
135604
135629
135646
135656
135666
135818
135824
135881
136080
136083
136087
136384
136381
136446
136498
136506
136509
136510
136518
136521
136523
136526
136541
136543
136544
136554
136559
136610
136617
136619
136620
136622
137176
137188
137210
137388
137477
137538
137552
137604
137608
137701
138719
138740
138752
138755
138756
138758
138767
138771
138774
138779
138784
138796
138803
138806
138810
138812
138815
138818
138820
138823
138831
138833
138837
138842
138847
138855
138858
138859
138862
138865
138867
138873
138881
138886
138890
138892
138894
138900
138902
138909
138910
138913
138919
138921
138924
138926
138931
138933
138938
138943
138945
138948
138950
138953
138956
138958
138965
138970
138972
138974
138979
138981
138985
138988
138990
138993
139001
139003
139005
139006
139007
139009
139013
139015
139017
139022
139026
139044
139049
139054
139064
139074
139190
139193
139203
139209
139213
139218
139219
139224
139235
139240
139244
139250
139253
139257
139259
139265
139267
139276
139279
139280
139282
139292
139294
139296
139300
139301
139304
139309
139313
139326
139327
139330
139342
139347
139363
139792
139806
139827
139880
139993
140080
140096
140099
140113
140115
140124
140131
140223
140241
140300
140325
140331
140337
140350
140357
141292
141296
141311
141317
141331
141333
141341
141354
141396
141403
141408
141411
141414
141420
141422
141425
141432
141441
141443
141447
141817
141824
141838
141844
141856
141860
141897
142119
142121
142125
142126
142136
142140
142144
142147
142152
142158
142166
142175
142179
142470
142486
142520
142528
142533
142538
142550
142558
142559
142563
142564
142589
142595
142600
142611
142617
142900
142902
142905
142916
142945
142957
142958
142961
142968
142971
142974
142977
142986
142999
143005
143008
143015
143016
143022
143032
143059
143063
143077
143122
143652
143667
143683
143689
143696
143703
143710
143712
143715
143717
143719
143721
143725
143732
143734
143736
143738
143741
143747
143749
143751
143762
143765
143912
143915
143918
143920
143922
143935
143942
143946
143954
143959
143964
143968
143973
143985
143989
144002
144005
144010
144227
144230
144242
144244
144249
144252
144270
144277
144282
144316
144403
144412
144563
144572
144575
144580
144585
144589
144604
144609
144610
144623
144640
144641
144647
144664
144671
144688
144713
144720
144731
144751
144851
144872
144885
144902
145229
145249
145256
145286
145306
145317
145318
145323
145330
145333
145342
145344
145348
145350
145367
145398
145414
145416
145424
145429
145446
145462
145460
145462
145467
145470
145474
145509
145504
145514
145521
145522
145527
145529
145530
145533
145538
145543
145547
145551
145553
145569
145573
145575
145583
145584
145586
145588
145591
145593
145595
145597
145598
145600
145604
145610
145615
145621
145623
145630
145633
145634
145637
145638
145650
145657
145665
145669
145681
145697
146055
146057
146062
146082
146103
146245
146270
146284
146285
146290
146296
146302
146305
146312
146342
146352
146361
146369
146391
146397
146403
146411
146425
146450
146459
146463
146468
146473
146479
146480
146483
146489
146493
146499
148380
148388
148389
148391
148402
148408
148412
148422
148426
148429
148444
148445
148447
148452
148455
149890
149892
149895
149901
149904
149984
150881
151113
151134
151144
151146
151147
151151
151155
151156
151161
151173
151177
151178
151181
151184
151186
151192
151195
151203
151204
151208
151221
151227
151236
151245
151392
151404
151418
151420
151425
151429
151434
151440
151445
151446
151452
151494
151559
151632
151720
151730
151752
151793
151960
151973
151991
152034
152067
152136
152318
152319
152346
152352
152353
152361
152362
152364
152369
152372
152377
152380
152382
152384
152385
152386
152388
152392
152397
152400
152401
152408
152410
152412
152426
152427
152428
152430
152434
152436
152438
152442
152445
152449
152454
152456
152458
152463
152465
152466
152468
152473
152484
152488
152491
152494
152498
152498
152513
152514
152522
152527
152528
152530
152531
152535
152540
152550
152555
152559
152560
152565
152567
152579
152590
152595
152608
152635
152639
152649
152712
152721
152752
152762
152775
152783
152783
152785
152799
152807
152810
152812
152817
152818
152819
152821
152824
152826
152827
152838
152840
152841
152850
152851
152855
152858
152860
153159
153161
153163
153168
153175
153181
153185
153186
153187
153190
153205
153211
153214
153223
153249
153261
153263
153264
153270
153279
153292
153293
153314
153316
153320
153322
153325
153326
153334
153341
153346
153350
153356
153357
153365
153372
153383
153384
153394
153410
153413
153417
153443
153447
153455
153456
153462
153467
154109
157150
157153
157162
157170
157192
157196
157198
157203
157216
159480
159484
159827
159836
159845
159847
159850
159856
159867
159919
160549
160661
160664
160667
160670
160684
160701
160923
160931
160988
160995
161852
161868
161907
161913
161916
161929
161932
161940
161946
161950
161965
161967
161985
161992
161996
161998
162013
162025
162037
162069
162076
162083
162107
162114
162136
162141
162142
162144
163022
163118
163125
163127
163130
163135
163138
163141
163145
163165
163171
163193
163194
163201
163375
163377
163448
163459
163480
163485
163492
163501
163537
163540
163561
163578
163597
163605
163614
163620
163625
163629
163630
163636
163646
163649
163652
163655
163658
163662
163666
163668
163674
163678
163679
163688
163691
163695
163700
163712
163715
163719
163725
163737
163745
163755
163779
163780
163813
163826
163843
163848
163887
163942
165227
165284
165302
165565
165577
165599
165630
165641
167148
167155
167156
167159
167177
167184
167186
167196
167200
167204
167223
167226
167229
167234
167237
167240
167244
167251
167252
167257
167259
167261
167264
167269
167271
167274
167280
167288
167289
167290
167292
167297
167299
167300
167305
167307
167310
167316
167319
167322
167327
167329
167330
167331
167336
167345
167347
167349
167354
167356
167358
167362
167380
167384
167393
167401
167428
167457
167462
167720
167724
167893
167910
167916
167927
167960
167970
167972
167978
167982
167984
167996
168001
168006
168009
168013
168015
168018
168020
168029
168031
168034
168038
168049
168051
168057
168078
168087
168089
168092
168093
168099
168106
168108
168109
168115
168119
168119
168122
168128
168129
168132
168138
168140
168146
168148
168152
168154
168155
168161
168163
168166
168171
168173
168174
168176
168182
168181
168183
168184
168187
168194
168198
168200
168206
168205
168213
168211
168213
168216
168217
168218
168220
168225
168229
168231
168236
168234
168235
168238
168243
168244
168246
168248
168252
168253
168258
168256
168259
168267
168270
168275
168277
168285
168287
168291
168293
168295
168299
168297
168301
168306
168317
168321
168325
168338
168347
168355
168364
168373
168375
168376
168381
168387
168389
168386
168395
168399
168408
168812
168824
168873
168876
168879
168883
168886
168889
168891
168897
168901
168903
168929
168940
168941
168943
168947
168949
168952
168969
168973
168977
168982
168983
168991
169054
169061
169071
169080
169084
169086
169092
169103
169106
169115
169118
169121
169124
169125
169128
169129
169132
169134
169144
169148
169149
169150
169152
169186
169191
169193
169198
169199
169201
169202
169205
169212
169233
169236
169237
169240
169241
169244
169248
169250
169254
169263
169300
169301
169303
169307
169310
169322
169329
169331
169332
169335
169336
169341
169343
169345
169347
169350
169376
169380
169382
169385
169387
169392
169395
169396
169424
169427
169430
169433
169435
169437
169440
169448
169450
169454
169457
169460
169463
169464
169466
169469
169668
169673
169675
169681
169683
170586
170596
170598
170600
170601
170605
170609
170611
170614
170615
170620
170623
170635
170659
170672
170680
170686
170890
172517
173285
173509
175408
175440
175447
175454
175468
175478
175491
175498
175500
175509
176508
176548
176550
176557
176560
176561
176575
176578
176580
176586
176591
176594
178059
178130
179191
179841
179843
179855
179862
179877
179911
179916
179918
179933
179935
179949
179950
179953
179957
179967
179972
179976
179981
179984
179993
179999
180004
180013
180019
180023
180030
180034
180045
180087
180093
180096
180099
180101
180107
180115
180118
180125
180129
180137
180143
180144
180158
180164
180166
180178
180181
180185
180187
180190
180195
180202
180205
180211
180232
180237
180244
180245
180249
180252
180295
180308
180323
180330
180335
180342
180356
180398
180405
180428
180708
180714
180729
180740
180744
181135
181137
181169
181174
181177
181179
181181
181190
181205
181214
181221
181223
181231
181266
181269
181271
181276
181278
181281
181283
181289
181294
181304
181312
181319
181328
181331
181343
181349
188715
188746
188812
188820
188827
188831
188832
195348
195377
195387
195414
197284
197421
197476
197513
197537
197566
197592
197747
197749
197755
197785
197798
197822
197831
197838
197959
197962
197967
197976
197995
198640
198662
198686
198687
198695
198984
198989
198999
199000
199024
199035
199040
199066
199096
199102
199103
199118
199127
199129
199142
199145
199147
199149
199150
199153
199158
199160
199166
199169
199176
199180
199183
199185
199186
199189
199196
199198
199206
199212
199224
199253
199287
199306
199314
199320
199330
199343
199368
199369
199373
199382
199388
199390
199407
199408
199414
199418
199421
199426
199428
199429
199433
199435
199438
199440
199443
199446
199449
199453
199463
199465
199467
199469
199471
199473
199475
199476
199478
199479
199480
199484
199489
199491
199493
199495
199497
199500
199588
199597
199599
199635
199637
199648
199665
199668
199672
199678
199690
199704
199706
199714
199717
199783
199789
199792
199794
199805
199814
199817
199821
199834
199838
199839
199841
199851
199853
199861
199864
199868
199873
199874
199876
199882
199885
199887
199889
199890
199892
199897
199902
199903
199911
199918
199919
199926
199927
199930
199934
199935
199942
