873.45
883.48
893.85
901.99
908.41
914.35
920.15
922.32
937.01
951.57
957.03
971.33
972.47
976.7
978.48
981.41
993.23
996.79
999.63
1001.74
1004.34
1025.89
1042.17
1046.05
1050.12
1053.68
1059.5
1085.4
1088.95
1091.45
1095.35
1097.52
1695.74
1742.26
1750.55
1804.18
2101.79
2108.72
2151.9
2154.14
2158.88
2161.11
2162.47
2164.6
2173.42
2174.5
2176.59
2180.13
2185.83
2189.22
2200.2
2203.31
2207.38
2209.13
2231.05
2240.83
2246.49
2247.7
2251.19
2252.87
2255.09
2257.53
2260.41
2262.58
2264.71
2267.98
2269.55
2271.24
2274.64
2278.31
2287.15
2289.56
2292.35
2294.83
2296.98
2298.21
2335.68
2347.73
2350.42
2353.91
2370.69
2417.37
2702.73
2731.45
2733.49
2734.76
2745.23
2747.36
2751.53
2752.69
2760.32
2770.28
2771.43
2772.6
2773.98
2774.87
2776.55
2778.96
2780.49
2781.89
2783.67
2784.81
2787.5
2792.04
2794.53
2797.19
2799.37
2800.89
2895.63
3769.56
3774.67
3776.7
3784.09
3796.13
3811.15
3819.26
3821.16
3826.52
3831.28
3832.48
3838.19
3841.02
3845.49
3849.22
3868.33
3869.79
3875.92
3878.89
3883.49
3884.69
3887.95
3889.68
3940.71
3946.05
3960.6
3974.62
3986.66
4202.87
4204.34
4245.72
4247.66
4248.82
4263.17
4915.05
4995.06
5049.37
5052.08
5056.19
5057.94
5058.88
5061.3
5063.25
5067.22
5073.49
5075.39
5080.66
5084.78
5086.45
5090.56
5092.58
5097.95
5099.52
5101.24
5136.35
5148.23
5150.38
5159.68
5167.37
5174.94
5177.07
5193.66
5195.03
5203.64
5217.61
5222.36
5226.42
5228.96
5237.34
5242.08
5250.1
5256.88
5264.92
5271.1
5319.38
5329.1
5331.09
5334.06
5338.02
5364.5
5380.23
5608.49
5615.18
5616.61
5630.03
5638.11
5660.78
5668.69
5679.46
5811.71
5818.41
5820.37
5823.83
5835.83
5839.57
5842.48
5845.48
5847.87
5848.94
5852.4
5873.34
5875.54
5890.04
5891.59
5895.11
6106.11
6116.52
6120.67
6122.9
6134.13
6136.52
6147.07
6148.9
6150.9
6172.08
6175.92
6177
6637.49
6663.35
6668.56
6672.54
6674.37
6682.29
6687.02
6707.36
6709.62
6713.87
6716.52
6997.78
7032.34
7034.02
7038.09
7040.04
7042.16
7044.48
7046.22
7047.87
7049.27
7051.67
7053.31
7059.68
7070.09
7093.35
7116.89
7137.29
7156.97
7333.47
7348.06
7350.94
7357.11
7358.91
7360.95
7366.62
7368.44
7370.35
7373.03
7375.89
7379.9
7383.28
7385.09
7386.44
7387.52
7390.7
7393.56
7398.69
7401.9
7403.42
7405.32
7408.25
7409.35
7412.57
7413.85
7417.42
7419.84
7421.99
7426.09
7429.38
7431.88
7450.75
7452.98
7492.72
7504.56
7569.27
7585.47
7610.91
7617.31
7724.08
7726.21
7764.69
7771.07
7797.24
7798.61
7806.31
7812.43
7818.1
7822.78
7830.91
7834.3
7841.15
7844.68
7846.59
7847.62
7852.19
7853.5
7856.2
7866.54
7869.37
7873.31
7890.58
7895.1
7898.48
7900.8
7910.37
7913.77
7914.71
7954.18
8022.84
8036.97
8040.94
8044.83
8414.06
8479.6
8481.66
8486.56
8502.28
8518.5
8529.04
8546.42
8553.95
8566.54
8616.21
8630.33
8634.84
8638.08
8655.58
8694.86
8885.13
8921.43
8932.42
8947.97
8949.28
8951.33
8960.95
8962.94
8965.47
8969.29
8982.65
8987.55
8991.06
9280.41
9344.39
9349.35
9356.96
9367.1
9377.11
9382.62
9386.08
9391.88
9413.87
9418.14
9422.98
9426
9427.66
9430.21
9440.28
9447.74
9457.13
9489.23
9492.53
9505.32
9508.23
9526.27
9824.89
9842.7
9942.54
11152
11192.3
11194.1
11195.3
11197.5
11198.7
11204.7
12235.8
12238
12240.3
12275.5
12284.1
12286.6
12292
12294
12295.3
12298.7
12301.9
12303.7
12321.4
12335.9
12340.1
12368.2
12373.1
12420.9
15943.7
15946.6
15960.5
15965.5
15970.9
16201.6
16291.6
16360.9
16362.3
16366
16368.7
16376.1
16385.2
16407.2
16415.4
16461.6
16492.2
16539.6
16617.9
16662.5
16664.4
16675
16678.4
16686.6
16712.9
16740.8
16756.6
16758.4
16759.5
16804
16877.8
16885.7
17680.9
17695.5
17726.8
17731.6
17742.1
17772.3
17775.7
17777.5
17801.9
17813
17834.2
17835.5
17838
17844.6
17847.8
17854.2
17871.8
17875.8
17889.2
17893.6
17899.1
17902.8
17912.7
17925.8
17968.6
17980.9
17995.1
18036.8
18059.9
18062.5
18071.4
18073
18075
18080.5
18377.8
18510.6
20267.5
20313.9
20315.8
20317.1
20322.9
20325.8
20328.4
20334
20336.5
20338.7
20343.1
20352.1
20353.6
20386.1
20387.4
20393.3
20769.4
20783.2
20823.4
20851.7
20854.3
20859.9
20862.5
21063
21089.1
21119.5
21124.2
21134.8
21136.9
21139.9
21146.8
21154.9
21164.2
21214.2
21216.4
21222.8
21226.4
21229.2
21232.1
21235.7
21244.6
21260
21261.7
21263.6
21267.9
21291.6
21306.1
21333.3
21342.2
21420.2
22173
22181.4
25281.7
25350.8
25420.6
25425.2
25471.2
25473.7
25477.4
25498.5
25501.2
25502.6
25504.7
25506.1
25510.5
25515.7
25544.7
25547.8
25550.4
25552.2
25580.3
26873.1
26877
26879.6
30666
30671.6
30821.1
30909.8
30920.9
30933.7
30953.4
35456.2
35467.3
35488.8
35493
35508
35510.6
36240.7
36242.7
36248.5
36255.6
36297.1
36301.1
36390.5
36999.9
37007.8
37114.3
37431.2
37438.6
37445.9
37643.3
37921.5
37922.7
37925.1
37928.7
37944.4
37950
38009
38023.4
38025.6
38050.5
38076
38092.2
38106.7
38123.4
40708
40715.9
40979.4
41213.3
41608.4
41610
41612.5
41614.6
41617.6
41636.9
41639.5
41640.6
41644.4
41648.4
41651
41659.1
41665.9
41667.3
41811.7
41813.7
41906.2
41909.9
41911.2
42623.8
42627.2
42631.2
42637.3
42640.6
42663.9
42672.5
42679.8
42819.5
42829.2
42831
42835.2
44155.8
44185.9
44191.7
44200.9
44224.8
44241.1
44246.4
44260
44264.3
44265.2
44267.5
44277
44278.9
44281.3
44285.8
44296
44300.3
44301.8
44303.5
44307.1
44327.3
44332.9
44374.7
44376.1
44399.5
44425.4
44427.6
44449.2
44451.7
45120.2
45160.6
45162.2
45167.2
45192.5
45193.7
45198.3
45199.2
45203.6
45259.7
45260.8
45278.2
45281.2
45286.4
45289.7
45290.9
45296.4
45299.6
45310.4
45312.6
45316
45318.3
45321.4
45323.8
45325.6
45328
45333
45335.9
45337.8
45339.5
47880.4
48422.1
48435.7
48440.2
48619.7
48632
48633.4
48673.1
48682.3
48700.6
48701.9
48703.3
48730.1
49061
49199.5
49201.8
49393.1
49397.7
49403
50875.1
50876
50878.9
50883
50898.6
50981.9
51768.6
51771.7
51775.2
51778.4
51782.8
51785.5
51792.2
51796.2
51802.9
51808.2
51810.2
51826.3
51839.5
51841.1
51849.1
51857.9
51871.7
51873.1
51875.2
51877.1
51910.9
51917.7
51923.9
51925.8
51941.9
51951.9
51985
51987.3
51988.5
52000.7
52003.6
52006.6
52855.1
52871.4
52890
52892.3
52895.3
52899.4
52903.5
52910.5
52913.3
52917.2
52931.9
52934.2
52964
52964.9
53082.4
53095.5
53102
53105.6
53133.6
53146.1
53154
53158.6
53160.4
53163.1
53164.9
53182.2
53184.5
53192
53210
53219.8
53223.5
53232.9
53243.9
53247
54447.6
54449.1
55777.4
55808.8
56093
56098.9
56101.5
56106.7
56138.9
56147.9
57382
57393
57433.1
57528.6
57566.1
57631
57763.6
57784.4
57787.4
57796.3
57799
57866.2
58480.8
58623
72883.8
73128.3
73134.5
73141
73142.3
73147.3
73148.4
73152.3
73156
73177.1
73181.6
73187.5
73213.3
73218.4
73321
73322.5
73324.2
73548.7
73551.7
73553.7
73577.1
73593.4
73642.1
73645.5
73647.3
73650.8
73652.4
73658.7
73672.6
73674.8
73677.7
73684
73686.4
73691.5
73707.6
73710.2
73716
73717.9
73729.1
73732.1
73730.2
73746.6
73745
73746.8
73752.9
73758.1
73760.8
73758.6
73759.8
73772.7
73778.6
73808.4
73861.3
73870.5
73905.8
73923.1
73930.2
73933.7
73942.9
73958.8
73966.1
73976
73983.7
73989.5
73996.3
74001.1
74003.4
74007.1
74019.5
74024.3
74029.1
74044.1
74123.9
74128.3
74130.1
74135.8
74138.5
74141
74222.8
74225.5
74229.6
74234.3
74242.6
74245
74247.6
74255.2
74278.6
74282.3
74300.7
74520.9
74547.4
74563.4
74567.9
74574.2
74578.3
74584
74585.4
74591.7
74595
74599.4
74610.9
74815
76919.5
77259.9
77265.9
77284.8
77288.8
77299.3
77300.5
77304.5
77308.8
77331.2
77594.4
77597.2
77599.7
77602.6
77622.1
77626.7
77628.7
77631.2
77640.6
77644.3
78219.9
78397.5
78399.4
78412.8
78433.7
78435.5
78454.1
78459.6
78468.1
78479.3
78486.3
78498.4
78500.6
78521.2
78526.7
78528.2
78531.1
78532.7
78543.3
79018.3
79022.5
79043.4
79046.4
79088.7
80731.6
80811.4
80819.8
80839.7
80844.4
80876.5
80979.2
81011.9
81023.5
81025.2
81040
81054.5
81069.5
81077.5
81079.8
81081.8
81083.9
81093.7
81102.9
81105.2
81140.7
81721.8
82892.4
82929.5
82948.8
82953.8
82965.2
83069.6
83079.1
83150.9
83372.4
83383.5
83387.6
83393.8
83401.5
83415.1
83416.9
85702.3
85707.2
85710.6
86913.2
86919.3
86922.5
86925.5
86943.6
87483
88290.8
88293.7
88300.3
88301.9
88303.9
88306.4
88307.8
88311.6
88317.1
88318.6
88353.3
88397.9
88418.8
88445.7
88591
88644.1
88706.9
88708
88717.6
88722
88798
88800.3
88818.5
88847.3
88863.8
88877.4
88880
88886.6
89049.4
89076.5
89085.3
89087.6
89092.4
89096.6
89099.9
89132.3
89144.8
89147.2
89163.8
89170.2
89173.3
89185.1
89186.9
89189.7
89194
89197.8
89203.9
89208.1
89212.4
89214.2
89210.3
89223.3
89226
89230.3
89232.9
89225.4
89227.9
89247.4
89254.1
89256
89249.5
89266.3
89271.8
89276
89278.4
89286.9
89297.7
89290.9
89293.7
89298.9
89300
89302.6
89307.8
89327.4
89339.8
89346.9
89349.1
89356.8
89702.8
89714.8
89737.5
89743.3
89747.3
89749.9
89753.9
89791.1
90320.4
90324.7
90326.9
90726.2
90737.9
90739.2
90751.8
90754.1
90755.5
90761.1
90764.2
90773.2
90787.2
90789.6
90796.3
90800
90804.1
90811.9
90814.9
90816.7
90822.2
90825.8
90828.5
90831.4
90962.5
90994.1
91001.9
91015.1
91023.5
91028.9
91047.6
91059.6
91064.3
91067.3
91078.2
91095.9
91099.7
91102.8
91119.7
91125.1
91176.5
91181.6
91190.2
91191.7
91194.6
91202.9
91216.6
91223
92306
92308.8
92327.7
92354.5
92361.8
92366.6
92371
92416.5
92419.1
92420.9
92423.2
92425
92440
92454.1
92461.8
92463.2
92503.8
92504.8
92553.7
92590.4
92594.6
92599
92607.8
92618.5
92622.5
92630.5
92632
94040.8
94064.5
94405.4
94408.3
96216.3
96221.1
96227.9
96494.1
96511.2
96807.2
96830.5
96841.5
96845
96863.4
96867.6
96879.4
96881.4
96883.3
96884.6
96911.5
96913.7
96915.6
96921.9
96926.3
96930.1
96942.2
96944.9
96947.1
96948.9
96951.9
96957.1
96965.3
96968.3
97229.8
97253.1
97302.8
97338.2
97342.4
97344.4
97835.6
97862.5
97877
97890.1
97899.6
97970.2
97975.5
97977
97987.5
97995.8
98005.6
98008.2
98004.8
98015.3
98016.8
98019.8
98021.3
98028.2
98030
98303.3
98345.6
98347.8
98353.2
98358
98377
98403.2
98407.9
98450.2
98453.8
98514.8
98577.5
98605.2
98620.6
98633.1
98640.2
98645.9
98648.4
98659.2
98690.9
98693.7
98703.1
98705.3
98712.5
98715.8
98718.2
98728.5
98732.2
101881
101883
101896
101918
101948
101951
101955
101956
101959
101962
101965
101967
101972
101977
102002
102004
102006
102012
102024
102027
102036
102061
102077
102121
102126
102132
102140
102481
102484
102487
102489
102492
102509
102574
102615
102619
102625
102631
102633
102655
102657
102673
102677
102761
102766
102772
102825
103098
103103
103105
103129
103144
103170
103187
103189
103204
103204
103211
103215
103219
103230
103231
103270
103274
103281
103296
103722
103804
103807
103811
103812
103822
103825
104599
104625
104634
107876
107889
107892
107977
107979
107982
107987
107993
108003
108007
108010
108014
108017
108046
108740
108744
108745
108749
108752
108761
108775
108776
108780
108786
108787
108798
108800
108799
108935
108960
108961
108987
108991
108996
109026
109031
109036
109038
109042
109044
109049
109051
109109
109255
109273
109278
109588
109592
111425
111426
111437
111734
111736
111738
111759
111885
111889
111892
111909
111914
111918
111963
111966
111967
111970
111973
111992
112019
112021
112034
112057
112222
112234
112244
112246
112247
112255
112257
112602
112614
112630
112633
112636
112638
112644
112647
112649
112651
112655
112658
112663
112666
112672
112675
112677
112681
112683
112687
112690
112693
112694
112696
113064
113079
113084
113111
115608
116221
116228
116245
116974
117009
117016
117019
117022
117030
117036
117076
117095
117233
117250
117268
117536
117615
117619
117621
117625
117629
117638
117650
117656
117675
117834
117851
117854
117856
117862
117865
117873
117879
117881
117889
117896
117897
117901
118006
118887
118888
118892
118894
118918
118920
118933
118947
118961
118963
118967
120042
120065
120067
120071
120073
120084
120086
120090
120229
120471
120474
120489
120504
120519
124319
124467
124470
124471
124474
124477
124482
124484
124488
124521
124524
124528
124532
124534
124536
124540
124566
124578
124584
124589
124627
124632
124773
126138
126175
126196
126530
126548
126568
126579
126590
127051
127199
127209
127211
127214
127220
127225
127231
127257
127260
127263
127269
127318
127558
127943
127948
127971
127994
128001
128589
128609
129270
129271
129277
129280
129283
129827
129848
129843
129848
129850
129852
129856
129859
129862
129864
129866
129871
129875
129877
129880
129882
129884
129887
129891
129894
129895
129897
129904
129906
129910
129919
129923
129925
129926
129952
129963
129988
130013
130019
130023
130030
130067
130076
130116
130202
130216
130222
130230
130241
130242
130247
130249
130253
130256
130262
130267
130270
130302
130310
130311
130318
130321
130425
130454
130466
130469
130474
130477
130478
130482
130484
130487
130489
130495
130496
130513
130522
130525
130549
130553
130555
130560
130613
130615
131086
131106
131109
131221
131224
131229
131240
131245
131250
131267
131296
131298
131309
131330
131331
131340
131347
131358
131361
131362
131365
131367
131369
131379
131378
131387
131390
131393
131403
131404
131413
131415
131416
131423
131437
131435
131498
131499
131505
131508
132028
132038
132053
132059
132062
132064
132067
132091
132100
132179
132181
132207
132209
132212
132266
132270
132272
132275
132336
132420
132429
132433
132435
132440
132444
132481
132483
132491
132495
132518
132688
132693
132694
132698
132706
132716
132718
132725
132740
132745
132748
132757
132761
132763
132768
132791
132794
132795
132803
132811
132813
132826
132827
132830
132841
132877
132882
132888
132892
132893
132896
132897
133064
133071
133077
133095
133097
133106
133117
133121
133135
133137
133140
133146
133149
133152
133163
133172
133177
133182
133183
133185
133190
133268
133269
133270
133277
133282
133288
133292
133294
133298
133307
133312
133315
133318
134751
134753
135508
136610
138784
138796
138803
138831
138833
138837
138842
138847
138855
138858
138860
138862
138865
138867
138900
138902
138909
138910
138913
138919
138921
138924
138926
138953
138956
138958
138974
138985
138988
138990
138993
139001
139015
139022
139026
139049
139064
139074
139190
139193
139203
139209
139213
139218
139224
139235
139240
139244
139250
139253
139257
139259
139265
139267
139282
139327
140124
140131
140325
140331
141432
141442
141443
141447
141838
141844
141856
141860
141897
142119
142121
142125
142126
142152
142900
142902
142905
143717
143719
143721
143725
143747
143749
143751
143918
143920
143946
143985
143990
144002
144005
144010
144252
144277
144282
144316
144640
144641
144647
144720
145333
145350
145460
145462
145467
145470
145504
145533
145551
145553
145575
145583
145584
145586
145588
145591
145593
145595
145597
145598
145600
145604
145610
145630
145633
145634
145637
145638
145657
146493
148388
148389
148402
148408
151192
151195
151203
151204
151208
151227
151236
151245
151392
151404
151418
151434
151440
151445
151446
151730
152319
152346
152352
152353
152377
152380
152382
152384
152385
152386
152388
152392
152397
152400
152401
152408
152410
152413
152442
152449
152456
152458
152513
152514
152527
152528
152530
152531
152595
152785
152821
152850
152851
152855
152858
153159
153211
153214
153261
159480
159484
159847
159856
159867
159919
160664
160667
160671
161852
161868
161913
161916
161965
162076
162083
162114
163130
163165
163171
163193
163194
163201
163375
163377
163448
163459
163480
163492
163537
163561
163597
163614
163620
163629
163630
163636
163688
163691
163843
163848
167155
167156
167159
167177
167184
167186
167196
167200
167204
167223
167251
167252
167261
167264
167269
167271
167274
167280
167288
167299
167300
167307
167310
167330
167927
167982
168013
168015
168020
168029
168031
168034
168038
168049
168051
168057
168087
168089
168099
168106
168108
168109
168119
168119
168122
168128
168129
168152
168154
168155
168161
168163
168166
168173
168174
168176
168187
168211
168213
168216
168217
168218
168220
168225
168229
168231
168234
168244
168246
168248
168252
168253
168267
168270
168275
168277
168387
168389
168399
168408
168824
168889
168891
168942
168947
168949
168952
169103
169106
169144
169148
169149
169150
169152
169186
169191
169193
169198
169199
169201
169202
169205
169212
169233
169236
169237
169240
169241
169244
169248
169250
169263
169303
169307
169310
169322
169341
169350
169380
169385
169396
169448
169450
169454
169457
170598
170600
175408
175440
175447
175454
175468
175478
175492
175498
175500
175509
176580
176586
176591
176594
179841
179843
179855
179862
179877
179911
179916
179918
179933
179935
179949
179950
179953
179957
179967
179972
179976
179993
179999
180004
180096
180205
180708
180714
180729
180740
180744
181179
181181
181266
181269
181271
181278
181281
181294
188715
188746
188812
188820
188827
188831
188832
197995
198640
198662
198686
198687
198695
198984
198989
198999
199000
199024
199035
199040
199066
199096
199102
199103
199118
199149
199150
199180
199183
199185
199186
199189
199196
199198
199489
199491
199493
199495
199500
199599
199873
199874
199876
199942
