3500.12
6916.43
11519.7
13477.7
13902.1
14208.5
15140
16850
17928.2
18522
19323
24015.1
24580.6
25061.1
25251.2
25583.9
26884.4
27592.4
28941.2
29111.9
29656.3
31494.7
34719.1
35920.3
36241.9
37569.1
38017.5
40782.9
41155.2
41750.6
42963.6
43390
43657.3
47023.8
52614.6
53329.6
54107.5
55935.8
56995
59808.5
61234
61493
62835.2
64063.4
64429.5
65174.8
66059.2
66348.3
66641.5
66908.9
67571.4
71062.8
72389.2
72815.3
73380.7
73610.7
73900.5
74780.6
76106.9
77067.7
78097.9
78404.9
79626.7
80518.1
82217.8
82592
90584.4
91667.1
91849.5
92758
94224.4
97934.2
98121.3
99096.3
100326
106043
106305
111726
112535
113594
113858
114122
114466
115466
117013
119788
120160
120533
122456
123654
134627
139710
141527
146222
146579
146676
146913
147425
148173
148381
148613
149034
149563
150328
150999
163845
165085
165848
166061
167271
175186
176402
179211
179823
180990
180999
181548
181556
183760
183864
184383
186180
188024
191906
192086
192530
198051
198553
199036
199407
199759
199980
