162.32
272.96
703.13
899.51
1276.46
1420.41
1747.43
1921.26
2283
2488.02
2714.83
2883.38
3424.24
3439.32
3446.07
3548.97
3702.37
4277.45
4614.77
4901.45
4915.08
4942.59
5030.22
5082.17
5378.05
5407.95
5881.57
5934.63
6013.33
6160.06
6357.04
6445.14
6525.21
7590.72
7747.23
8092.5
8186.96
8250.52
8480.32
8747.97
8761.07
9348.94
9696.92
9851.77
9932.08
9976.31
10051.4
10366.8
10711.5
10781
11448.6
11669.8
12081.7
12184.5
12255.2
12359.3
12562.2
12716.9
13084
13448.3
13536.6
13826
14136.4
14584.6
14669.8
14721.7
14835.5
15135
15348.2
15666
15701.3
15738.4
15911.4
15966.7
16154.7
16243.2
16245.9
16562.8
16672.5
16725.4
16775.7
16827.2
16853.7
17268
17311.3
17687.8
17751.8
17869.3
18011.2
18078.2
18081.3
18187.8
18340.2
18532.9
18546.8
18910.9
18943.2
19263.5
19437.8
19555.1
20275.9
20477.1
20825.5
20966.1
21003.1
21664.3
21738.4
21798.3
21833.9
22088.9
22232.6
22252.1
22494.3
22599.5
23129.2
23153.6
23156.8
23607.5
24369.9
24539.8
24561.8
24766.6
25000.8
25114.6
25190.7
25337.1
25651.5
25653.4
25696.5
25703.1
26010.4
26356.4
26708.2
26905.5
26908.9
27012.8
27175
27472.7
27628.1
27947.4
28173.9
28282.8
28384.1
28835.3
28926.6
29065.3
29165.1
29335
29532
29534.6
29886.4
30086.7
30537.3
30565.3
30760
30798.5
31400.4
31691.1
31744.4
32033.3
32204.3
32562.1
32849.4
33014.7
33162.6
33201.2
33227.1
33569.1
33592.5
33609
33765.7
33880.1
34174
34483
34494
35495.2
36585.9
36942.2
37097.5
37197.8
37396
37412
37408.6
37640.3
37699.9
37704.5
37760.7
37790.1
37815
37963
37993.3
38236.5
38236.5
38290.7
38391.7
38490.5
38496.4
38558.7
39153.8
39213.1
39264.9
39268.9
39492.3
39516.5
39786
39802.7
39807.9
39876
39919.9
40190
40279.4
40546.1
40672.1
40757.2
40852.8
41125.1
41362.2
41621.5
42046.9
42626.7
43666.9
44396.2
44736.2
44839.7
45354.3
45603.7
45892.1
46382.6
46772.8
47433.3
47476.8
47522.5
47787.1
48040.2
48207.8
48387.7
48413.4
48825.5
48904.9
49530.4
49895.9
49948.5
50073.5
50136.6
50492.1
50509.2
50523.2
50779.2
50790.6
51060.8
51733.7
51899.7
51963.3
52167.7
52208.9
52246.1
52264.1
52425.8
52719
52795.8
52933
53109.8
53170.5
53411.2
53409.1
53430.4
53661
53697.1
53938.6
53989.1
53994.2
54156.8
54206.6
54281.4
54496.7
54727.5
54913.4
54970.6
54980.8
55041.6
55084.5
55137.6
55273.5
55284.8
55532.7
56011.6
56118.6
56680.3
56702.1
56717.4
56736.2
57518.9
57570.6
57698.2
57762
57831.9
57897.2
57918.8
57941.4
58222.8
58271
58407.7
58769.6
58901.6
58996
59068.1
59069.8
59270.5
59291.4
59385.9
59748.1
59816.9
59879.5
60020.4
60089.1
60268
60463.7
60803.1
60877.5
61136.6
61456.8
61476.6
61507.4
61941.6
61952.1
62185.3
62362
62627.6
62894.1
63187.6
63427.8
63647.2
63831.6
63909
63984.3
64339.4
64689.4
65779.3
65862.7
66329.8
66693.3
66862.8
67167.4
67255.7
67397
67393.8
67737.7
67846.4
68124.2
68220.4
68509.4
68597.4
68645.6
68696.9
68736.3
68897
68922.5
69253.8
69340.2
69405.9
70345.6
70768.1
71005.9
71025.9
71107
71180.8
71925.2
72266.6
72278.2
72389.9
72969.1
72996.5
73204.3
73335.8
73431.1
73545.6
73564.9
73575.8
73797.2
73951
74397.2
74477.9
74515.9
74659.9
74999.4
75039.9
75199.7
75497.6
75523.8
75547.8
75640.4
75734.2
75843.6
75884.5
76017.9
76069
76106.7
76930.6
77036.7
77451.3
77819.5
77856
77954.2
77970.7
78253
78493.1
78624.1
78637.1
79210.5
79263.3
79311.2
79693.1
79727.5
79956.9
80158.2
80714
81022.6
81432.9
81490.2
81820.1
82220.5
82246.6
82352.7
82637.1
83712
84923.1
85037.3
85671.5
86222.2
86280.4
86315.6
86387.5
86456.3
86799.1
86963
86958.8
86961.3
87047.6
87443.9
87566.3
88213
88300.9
88416
88540.2
88554.9
88612.8
88714.9
88817.7
89008.7
89586.3
89770
90097.6
90501.4
91010.1
91419.8
91462
91484.6
91491.2
91585.5
91697.4
91988.4
92044.8
92231.4
92269.1
92383
92637.6
92804.5
92863
92958.7
93013.6
93312.9
93551.8
93670.7
94115.7
94132.8
94260.6
94419.2
94708.7
94851.7
94906.9
94952.1
94952.7
95304.6
95362.1
95406.6
95540
95551.3
95555.6
95594.7
95588.2
95676.2
95795.4
96102.8
96124.2
96515.7
96580.3
96661.7
96940.1
97005.1
97139.6
97221.5
97273.2
97436.8
97821.8
97922.7
98025.5
98199.5
98276.9
98577.3
98735.1
98912.6
99014
99169.7
99284.7
99351.8
99381
99449.8
99595.1
99606.4
100007
100136
100333
100489
100603
100835
101051
101055
101352
101361
101493
101623
101704
101904
102041
102251
102312
102399
102406
102535
102642
102686
103121
104047
104404
104446
104567
104863
104995
105281
105827
105870
105870
105872
105923
106195
106277
106295
106536
106685
107361
107637
107753
109234
109321
109695
109829
109929
110097
110189
110481
110718
110786
110989
111158
111205
111438
111465
111615
111931
112387
112706
112826
114437
114544
114547
114706
114733
114937
114966
115088
115609
116517
116604
116917
117131
117226
117271
117507
117726
118004
118166
118264
118391
118389
118493
118512
118669
119057
119160
119223
119268
119636
119877
120038
120334
120470
120566
120736
120812
120962
120985
121417
121596
121696
121728
122021
122125
122158
122385
122583
122838
123209
123239
123288
123326
123376
123572
124142
124437
124469
124827
124981
125018
125265
125278
125689
126257
126838
127025
127375
127548
127874
128324
128645
128947
129133
129619
129650
129652
129792
129854
129856
129925
130062
130269
130422
130457
130649
130727
130932
131107
131413
131916
132131
132471
132520
132759
132999
133418
133546
133643
133842
134144
134241
134283
134411
134434
134545
134620
134669
134820
135223
135525
135595
135682
136093
136270
136734
136957
137020
137456
137839
137875
137984
138165
138315
138356
138344
138407
138832
139223
139375
139681
140543
140903
140961
141758
142155
142518
142549
142915
143262
143659
143810
143971
144143
144293
144382
145103
145103
145528
145569
145785
146052
146076
146321
146512
146552
147401
147396
148081
148241
148271
148381
149172
149346
149460
149532
149709
150007
150041
150094
150123
150293
150364
150509
150870
151077
151230
151533
151660
152156
153142
153381
153604
153826
153876
154037
154199
154246
154351
154453
154730
154810
154824
155078
155352
155471
155469
155463
155778
155884
156074
156093
156166
156257
156485
156813
156836
156999
157205
157365
157417
157472
157794
157810
158029
158290
158539
158980
159385
159598
159591
160081
160235
160254
160350
160422
160509
160584
160692
160797
160916
161081
161183
161187
161285
161477
161655
161735
161900
161952
162266
162368
162792
162870
163236
163292
163546
163733
163959
164036
164267
164555
165291
165721
165814
166892
167143
167421
167733
167787
168042
168289
168299
168558
168899
168905
169272
169456
169903
170018
170516
170663
171064
171111
171188
171425
171434
171437
171567
171582
171676
171801
171953
172459
172454
172905
173018
173150
173358
173402
173456
173689
173947
174025
174127
174302
174413
174475
174502
174909
174958
175091
175298
175516
175522
175690
175910
176220
176370
176729
176840
177079
177156
177340
177732
177738
177824
177975
178235
178586
179032
179095
179454
179855
180123
180608
180682
180823
181145
181201
181193
181334
181563
181634
181782
181853
182111
182208
182240
182241
182309
182650
182711
182719
182759
182842
182840
183064
183221
183289
183396
183572
183638
183958
184012
184164
184201
184205
184528
184543
184601
184679
184714
184739
184940
184996
185079
185545
185759
186344
186500
186747
187237
187526
187740
187794
188034
188525
188583
189362
190095
190164
190217
190337
190381
190538
190590
190711
190770
190871
190879
191339
191379
191612
191715
191908
192291
192365
192478
192637
192790
192933
193181
193557
193804
193859
193919
194126
194255
194398
194424
194594
194907
194931
194997
195106
195209
195351
195419
195676
196506
196641
196739
196743
196786
197089
197214
197404
197433
197733
197951
197997
198117
198255
198451
198618
198644
198684
198871
199081
199215
199506
199709
