4543.19
8907.2
10887.1
12305.3
13128.3
14895.7
15010.9
16029
20924.2
24103.2
24838.6
34708.1
44575.2
44683.7
48216.8
53325.5
57421.8
62062.1
62747
67424.3
67473.4
68711.3
69982.4
79892.9
80666.1
89637.9
98764.5
104189
107975
109190
115905
117332
117565
123293
123950
124805
125449
125735
126349
126534
128010
129376
130597
131581
131849
132122
132398
137190
143857
146040
146317
146350
149223
155492
158780
160219
162575
163543
163993
165997
167837
169000
169590
170225
174091
175138
181651
184946
186568
187800
192247
194064
194585
194604
195064
196541
197600
199929
