138.3
144.79
506.14
1042.24
1711.56
3307.5
3611.73
3900.43
4000.43
4485.35
4533.17
5698.3
5843.56
6482.63
7565.23
7751.63
7765.29
7988.55
10090.1
10632.5
13705.1
14381.7
14642.4
17485
18799.7
19178.3
19402.4
20436.8
22935.3
23954.2
25757.3
26455.4
26543
27160.1
28377
29407.1
29930.1
31209.4
31723.4
31910.9
32215.5
32765.7
34238.2
35178.6
35362.3
35898.6
37519.9
38168.2
38767.3
39489.2
41495.3
41590.8
42074.2
43738
44553.2
45517.9
46813.4
50212.9
50480.1
51749.3
52604.9
52737.3
53242.1
53451.8
53950.5
54279.8
55976.5
56121.6
56305.1
56351.9
56660.9
57618.9
59387.6
59796.5
60278.5
60569.2
60746.2
63514.8
64027
65214.1
65701.5
66302.7
69704.2
69781.5
72356.3
73730.2
74062.6
74553.2
74586.1
74768.5
75655
77773.2
78186.6
78670
78708.4
79444.8
79735.6
80248.4
80685.9
81373.5
81547.6
82110.7
82661.4
82926.6
84559.7
84912.1
86204.7
86321.1
87525.1
88069.2
89225.3
93968.1
94751.1
96043.9
97310.9
99478
99693.5
99700.8
101240
101395
102463
105415
106364
106716
106785
111806
114755
115176
116164
116435
118366
118745
120871
123591
124933
126402
126945
129869
130063
132637
133346
133726
134079
134795
136577
139183
140182
140734
140846
141781
142377
142902
145028
145217
145252
146563
146653
146731
147290
148565
150334
150611
151470
151797
152363
152439
152934
156266
156810
158217
159608
159991
160451
161159
161348
161412
161875
162500
163740
163844
164292
165049
165291
165516
166049
166909
167099
167538
168000
168365
168451
168483
173240
174183
174862
177622
178039
178497
178630
179523
179669
181081
182819
183156
183284
183890
185391
186138
187705
188205
188405
189069
193896
195598
196874
197962
198560
198947
199743
