288.61
329.15
551.54
848.4
1713.39
1907.22
2045.43
2143.94
2707.94
2820.97
2947.15
3168.88
3373.64
3437.2
3534.66
3570.9
3877.66
3886.19
3948.65
4053.31
4096.6
4199.89
4314.84
4459.05
4550.91
4671.26
5689.09
5691.23
5832.17
6181.54
6796.6
6862.82
7425.85
7755.5
8406.26
9272.64
9276.63
9568.19
10323.1
10638.2
11170
11372.5
11692.9
12221
12243.6
12247.6
12282.9
12411.1
12578.3
12625.6
12976.8
13269.2
13364
13557.1
14041
14058.2
14078.9
14447
14574.4
14822.5
14858.3
15000.5
15228.7
15626.1
15923.9
16152.9
16575.4
16874.6
17616.6
17934.6
18096.9
18094.8
18496.8
18528
18797.8
18922.8
19124.2
19340.4
19650.4
20841.4
20901.5
20936.8
21193.3
21366.1
21601.1
21712.3
21836.7
21885.6
21921.9
22108.3
23004.2
23057.7
23335.9
23445.9
23661.4
23783.8
23999.5
24199.6
24650.3
24878.2
25545.2
26007
26605
26788.3
26781.9
27510.2
27600.7
27732.8
28236.7
28301.4
28564.9
28607.7
28759.2
28881.1
29030.4
29086.9
29532.4
29555.5
29758.9
29792.3
30050.1
30282.2
32013.5
32073.4
32231.1
32474.8
32907.9
33116.6
33160.3
33231.4
33447.3
33585.9
33973
34084.2
34100.3
34184.2
34236.2
34360.2
34397.5
34735.2
34807.4
34816.5
34961.5
35243.1
35249.1
35631
35946.6
36265.3
36433.4
36773.9
37372.7
38048
38318.9
38451.7
38577.8
38848
39288
39537.9
39998.4
41112.6
41143
41434.5
41835.7
42213.5
42861.8
42895.5
43517.2
44906.6
45014.4
45561.2
46144.5
46219.6
46407.9
47098.8
47139.7
47196.3
47544.9
48249.9
48289.7
48664.3
48825
48964.2
49125
49125.3
49549.9
49865
50026.5
50262.5
50806.3
50824.6
51109.8
51237.1
51456.9
51580.3
51586.2
52010.8
52093.2
52183.3
52330.7
52470.6
52638
52753.6
52823.9
53175.2
53295.6
53306.7
53535.8
53947.3
54107.3
54666.2
55472.8
55984.4
55989.1
56450.9
56701.9
57193.1
58401.7
58467.3
58892
59013.6
59573.6
60046.6
60209.9
60861.8
60864.9
61046.9
61645.1
61767
61919.8
61934.6
62330.6
62500.9
62523.4
62726.3
62845.3
63011.3
63187.2
63743.6
63852.4
65139.3
65166
65505.9
65683.2
65769.5
66380.8
66750
66761.1
67139.1
68023.4
68554.1
68840.9
69049
69114.3
69654.2
69915.7
70297
70299.6
71170.3
71345.7
71533.9
71953
72277.5
72448.4
72764.1
73168.7
73222.5
73361.6
73884.7
74326.2
74616.9
74991.2
75476.1
75747.4
76312.1
76356.2
76993.6
77633.5
77748
77819.3
78127.3
78277.5
78386.1
78468.4
79327.5
79374.1
79903.3
79978.6
80095.9
80280.2
80760.8
80803.9
80994
81253.3
81278.4
81565.6
81742.6
82093.1
82278.6
82411.1
82759.7
83328
83473.7
83641.1
84064.3
84177.8
84197.8
85133.9
85171.1
85632.8
85890.4
86281.9
86727.6
86806.7
87019.4
87032.3
87259.7
87520.4
87751.9
88010.5
88263.8
88525.1
88622.1
88739.4
88813.8
89014.4
89239.7
89444.3
89489.9
90114.8
90348.3
90463.3
90964.5
90980.7
91209.6
91461.1
93186.2
93373.9
93675.9
93947.8
94293.7
95072.4
95263.4
95437.6
95824.2
96478.6
96842.3
97005.4
97554
97559.7
98222.4
98805.6
99341.3
99533.9
99764.7
99840.9
100001
100306
100458
101036
101176
101215
101528
101539
101791
102362
103158
103211
103335
103485
103716
103788
104345
105135
105850
106456
106742
106934
107070
107095
107392
107654
107770
107868
108394
108534
108584
108614
108864
108898
109230
109602
109663
110028
110289
110431
110678
110972
111125
111338
111584
111746
111801
111903
112581
112953
112964
113346
113403
113410
113660
114160
114222
114436
114701
116022
116385
116672
117759
118316
118329
119176
119263
119459
120145
120852
121004
121192
121281
121514
121611
122139
122361
122644
122658
123100
123154
123430
123605
123760
124228
124336
124531
124625
125618
125734
126864
128148
128686
128907
128949
130542
130691
132661
133246
133666
134668
134807
135059
135297
135422
135978
136066
136485
137033
138117
138198
138568
139106
139233
139483
139521
139657
140183
140464
140767
141755
141891
141938
141999
142083
142417
142750
142762
142817
143514
144574
144861
145421
145636
146201
146350
146540
146925
147337
147540
147737
147834
148102
148190
149727
150153
150237
150297
150357
150430
150525
150734
150852
151146
151329
151411
151755
152088
152527
152798
153205
153375
153578
153661
153865
154191
154568
154743
154954
155591
155620
155967
156111
156349
156367
156658
156786
157492
157515
157689
157739
157937
158248
158845
159067
159125
159245
159584
160318
160734
161042
161265
161431
161682
162275
162441
162550
162758
162881
163086
163110
163486
163655
163656
163718
163734
164183
164229
164523
164609
165344
165386
166416
167182
167255
167401
167636
167693
168074
168468
168478
168780
168800
170464
170653
170766
171128
171284
171445
171499
171519
172005
172303
172566
172864
173065
173803
173805
174236
174367
174420
174666
174703
174704
175182
175505
175732
175887
175910
176763
176827
176873
177507
177920
178347
178501
178634
178991
179604
179633
180050
181030
181053
181451
181634
181711
182015
182044
182336
182610
183013
183123
183227
183460
183883
183885
183998
184257
184396
184997
185350
185383
185711
185716
185930
186072
186429
187030
187338
188045
188103
188441
189448
191576
191726
192407
192800
192903
192921
192924
193019
193463
193486
193511
193514
193514
193758
193771
193826
194115
194587
195277
195401
195496
196214
196422
197059
197191
197588
198315
198471
198548
198614
199006
199449
199690
199874
