773.46
1281.11
1565.93
1796.39
4191.54
4304.63
4734.21
7308.29
7425.98
8896.99
9494.4
9568.46
9714.75
9887.2
10266.2
10405.2
10459.9
10891.1
11379.5
11677.6
12555.6
13866.4
14092.4
14525.7
14549.2
15163
17658.1
17938.4
19489.4
19580.3
20145.7
20341.2
22016.3
22062.4
22263.9
22496.7
22596.1
22983.1
24856
26843.8
27409.4
28057.4
28942.6
29513.9
29808.7
30113.5
30643
31500.8
32718.5
33657.7
34164.7
34269.5
35872.3
35909.5
36011.8
36125.6
36543
36878.5
37197.5
37978.9
38138.8
40738.2
40844.3
40982.7
41305.8
41537.1
41705.2
42072.2
42399.1
42585.8
42761.2
43696.1
44660.3
44765.3
45158.2
46064.8
46144.1
46675.8
47465.8
47497.6
49355.1
49717.9
50222.9
50969.2
51797.1
52359.5
52523.2
53310.6
53378.7
53918.2
53971.7
54526.3
54785.9
54886.5
55530.5
55981.9
56838.5
57569.9
59080.5
59645.4
59711.8
59746.4
60342.4
60356.6
60357.1
60979.9
62047.4
62450
62937.2
64188.1
64467.9
65241.2
65786
67550.1
68770.6
69796.5
70263.1
72784.8
73167.1
74662
75488.1
75918.8
77442.3
78391.9
78565.2
78878.6
79157
79270.9
79665.9
79679.9
79921.1
81187.1
82703.2
82873.2
83041.3
83209.2
84080
85290.4
86897.3
86929.4
87360.1
87759.6
88358.4
88547
89068
89972.8
90064.4
90594.8
90702.3
90824.5
91152.9
91608.3
91853.6
94421.7
94625.4
95434.7
95779.2
95962.6
96331.1
96730.2
97235.1
99132.1
99815
100079
100279
101033
101143
101383
101835
102737
103314
103367
105492
105663
106252
108318
109023
110928
111678
112269
112414
113266
114184
114622
115315
115778
116338
116841
118119
118981
119155
119319
119456
119979
120181
121019
121880
122381
122683
124131
128353
128807
128934
129633
130480
130744
131070
131755
132385
132572
132730
133106
133458
133460
133504
134875
134893
135402
135790
136154
136323
136338
136372
137060
137114
137645
139437
139637
139642
141693
142380
143069
144297
144454
144644
144780
145133
145207
146517
146782
147815
147917
149684
150720
151551
152009
152028
152551
153038
153547
153647
153830
154090
154188
154422
154460
154977
155267
155761
155985
156509
157367
157608
157671
157974
158006
158426
158469
158772
159219
159479
159735
159984
160156
160712
161083
161327
161998
162117
162242
163194
163577
164538
165469
166810
167283
167295
168798
169302
169618
169850
169884
171594
172436
172823
173688
173729
173957
174935
176291
177319
178655
179333
179642
181679
181773
185179
185400
186598
189174
189268
189343
189788
190686
195997
196264
196276
196702
196758
197088
197307
197689
199478
199958
