139.83
582.03
1149.23
1319.73
2144.42
2154.32
2168.78
3058.75
3261.96
4245.18
4513.48
4892.65
4939.15
5142.01
5365.86
5515.59
5758.61
6401.52
6525.77
6663.88
7767.23
8249.56
8624.72
8649.92
9016.64
9357.18
9897.13
10575.9
11082.3
11296.5
11311.5
12422
12969
13075.6
13688.9
13912.1
13966.1
14090.4
14184.8
14221.2
14275
15119.5
15260.8
15292.8
15761.7
16331.3
16859.3
17061.1
18149.6
18969.7
19111.4
19513.1
20365.3
20600.9
20642.3
20658.6
21420.7
21834.3
21899.8
21977.1
22507
22660.3
22688.1
23226.3
23252.7
23340
24233.3
24339.7
24372.2
25021.9
25150
25373.4
25618
25665.6
26249
26334.9
26390.3
26528.4
26839
26883.3
27148.3
28269.8
28430.1
28514.2
28594.1
29073.1
29265.6
29285
29711.1
29801.7
29856.1
30112.7
30196.6
30496.8
30716.3
30729.5
31635.2
31738.3
32149.5
32296.2
32330.4
32951
33340
33341.6
33433.8
34004.8
34154.4
34374.5
34480.5
35263
35325.4
35898.6
36060.1
36116.5
36631.5
36705.9
36929.8
37479.3
37686.7
38012.3
38058.8
39068.3
39836.5
39863.6
41360.9
41519.6
41552.7
42122.5
42299.1
42323.4
42334.8
42547.7
42950
43151.8
43579.1
44689
44768
44886
45198
45437.8
45722.6
46011.7
46125.8
46340.8
46649.1
46858.1
48418.2
48578.6
48654.4
49267.4
49280.9
49386.1
49698.3
49732.8
49779.5
50294.1
50298.2
50321
50357.5
50765.1
50884.6
51262.5
51311
51953.9
52046.4
52059.5
52333.6
52342.4
52702.7
53060.9
54105.5
54387.5
55273.6
55451.6
55597.4
55932.3
56072.2
56568.9
56573.3
57134.5
57238.5
57495.4
58399.6
58669.3
58801.8
59189.6
59366.3
59430.3
59885
60327.4
60576.1
61229.4
61473.1
61831.1
62078.7
62478.2
62692.1
62768
63865.6
64969
65121.9
65129.3
65300.6
66220.7
66525.7
66565.5
67054.2
67202.6
67366.9
68091.4
68131.8
68401
68882.2
69719.4
70122.3
70401.1
70885.5
70964
71216.6
71397.6
71517.4
71886.7
72000.7
72078.6
72250.1
72386.2
72476
72612.7
73319.9
73401.6
73481.5
73835.7
73888.4
74903.5
75187.7
75376.1
75497
75601.1
75998.9
76027.6
76165.4
76464.4
77535.9
77666.2
77953.4
78123.8
78206.5
78247.9
78332.1
78528.4
78693.3
79196.8
79972.9
80632.2
80717.3
80806.2
80869.7
80899.1
81363.6
82132.5
82711.8
83338
83587.6
83606.8
83987.4
84224.7
84687
85147.7
85572.9
85667.9
85784.8
85806.7
86067
86097
86123.7
86860.1
87474.9
88842.4
89085.5
89546.8
89748.5
89848.7
90201.8
90729
91007.8
91362.7
91534.2
91653.1
91717.9
92143.2
92190.2
92889.4
93537.4
94081.8
94306.7
94721.7
95180.9
95303.1
95434.9
95575.8
96005.8
96348.8
96884.1
97261.7
97290.5
97407.9
97508.9
97600.4
97627.5
98275.8
98337.5
98381.3
98386.8
98437.4
99025.1
99742.5
100155
100937
100991
101420
102019
102036
102401
102494
102959
103326
103787
104056
104107
104305
104538
104738
105180
105936
106119
106235
106462
106503
106912
106919
107186
107216
107577
108070
108124
108134
108294
108620
109574
109870
110437
110637
111044
111063
111183
111282
112055
112077
112273
112693
112814
112954
113209
113233
113493
114145
114727
115358
115361
115881
116016
116263
116325
116401
116547
116889
117272
117386
117449
118106
118188
118426
118739
118948
118959
119034
119691
119946
121418
121652
122044
123214
123221
123268
123832
123946
124035
124126
124628
124728
125245
125287
125763
126049
126162
126811
126841
126950
127020
127179
127544
127600
128614
128706
129165
129439
130599
130877
131338
131424
131696
131829
132470
133240
133983
134578
135277
135623
136061
136102
137214
137625
137737
137767
139037
139673
139829
140473
140658
140977
141077
141656
141962
142612
143305
143823
143936
144536
144736
144967
145895
146217
146215
146900
147498
148436
148490
148537
148608
149584
149649
149990
150052
150150
150389
150546
150719
151269
151462
151802
151836
152742
152925
153093
153574
153814
153997
154155
154366
155125
155243
155618
156250
157354
157516
157657
157661
157683
157900
158238
158710
158945
159231
159402
159456
160839
160855
161306
161654
161849
161927
161950
162533
163859
164260
164386
165184
165461
165627
165866
165989
166187
166526
166603
166678
167109
167453
167472
167603
167864
168012
168153
169016
169213
169303
169909
170134
170244
170750
170902
170940
171189
171290
171621
171728
172008
172901
173076
173401
173904
174142
174705
174798
175440
175461
175539
175914
176192
176267
176988
177154
177385
177482
177642
178282
179071
179304
180374
181194
181546
181759
181854
181915
182315
182313
182396
182541
182664
183009
183277
183867
183965
185051
185336
185503
185564
185643
186057
186991
187054
187167
187474
187648
187656
188182
188955
189270
189354
189881
190725
190949
191123
191198
191314
191451
191493
191866
191973
192715
193025
193110
193107
193415
193820
193990
194211
194260
194321
194752
194925
194987
195141
195425
195892
196154
196175
196443
196532
196756
197062
198068
198181
198654
198850
198937
199030
199617
199805
199952
