279.9
531.03
2908.25
3736.03
4176.03
4189.53
5343.33
5387.02
5657.63
6436.83
7545.69
9334.13
9457.61
10119.4
11143
11285.9
11380.7
11407.8
12160
12976.4
13548.6
13873.2
14091.5
14130
14405
15220.8
15352.1
15585.7
16369.2
16370.8
17599.5
18025.6
18069.8
18152.9
18502.5
19240.1
19515
19975.2
20667.6
21236.3
21438
21825.6
22599.7
22769.2
23116
23519.1
23941.6
24177.2
24253.9
24277.5
25135.2
25567.8
26963.2
27363.5
28200.2
29257.6
29574.1
29735.8
29914.9
29989.8
30363.4
30390.3
30641.6
32191.7
32782.8
33890.6
33900.6
34745.4
35120.3
35972.8
36181.2
36508
38946
39477.7
39976.6
40024.6
40498.7
40587.2
41480.9
41623.9
42121
42188.8
42820.1
42812.5
42994.3
43827.2
45291.3
46513.9
46889.7
47511.7
47517.1
48368.7
49170.7
49608.5
50335.3
50371.5
51763.1
52315.6
52332.1
52551.9
52725.7
52899.3
53221.5
53765.1
54575.7
55403
55821
56244
56324.3
56658.2
56927.3
58203.2
58897.8
59013.1
59537.5
60012
60325.1
60940.1
61290.9
61346.8
61925.7
62036.3
62640.9
62902
63633.6
64028.8
64407.7
64840.8
65300.6
66251.4
66321.3
67770.1
68109.9
68307.7
68708.1
68846.9
68865.4
69542.1
69938.1
71011.8
71135.7
71301.9
71348.7
71411.2
71804.5
71959.9
72312.6
72438.6
72592.6
72864.4
73261.2
73847.3
74194.4
74196.4
74845.7
75260.1
76767.1
77597.6
78121.3
79260.1
82395.7
83660.1
84003.6
84027.8
84093.1
84803.2
84964.8
85179.7
85192.2
85386.2
86276.9
86863
87554.3
87917.5
88007.5
88512.7
88808.1
89714.7
91001.6
92262.5
93552.4
93903
94253.4
94523.1
94980.4
95002.9
95636.3
96037.9
96279.9
96562.4
98010.5
98621.2
99155.7
99188.1
99529.3
100414
100814
100905
101149
101171
102811
103110
103178
103209
104563
104928
105280
105317
105794
106670
107166
107294
107715
108068
108459
110142
110290
110397
111499
111524
112086
112572
113316
113530
114228
114377
114455
115057
115358
115469
115844
116060
116089
116275
116400
117945
118256
119713
121169
121228
122458
122925
124050
124761
125250
125675
125683
126179
126288
126560
126979
127406
127601
127891
128036
128032
128348
129048
129666
130241
131118
131254
131360
131676
131918
132127
132167
132812
133215
133829
134588
135248
135536
135975
136066
136157
136835
136995
137458
137786
138215
138420
139850
139987
140085
140319
140511
140611
140682
142141
142359
142369
142667
143149
143189
143226
143431
144185
145146
145387
147259
147687
148251
148916
149323
150060
150570
150953
151288
151591
152012
152500
152763
153558
153899
154191
157107
157206
157367
157818
158733
159147
159574
159928
160146
160641
160699
161493
162217
162262
163088
163801
164825
165605
166984
167309
167590
167885
167935
168506
169092
169634
170063
170799
171029
171672
171716
171798
172294
172600
173672
174341
174641
175496
176558
176939
178008
178748
178794
179001
179010
179443
179573
180512
180941
181243
181287
182458
183983
184545
184827
185324
185592
185658
185996
186051
186113
186564
187153
187466
187487
187594
187874
188405
188436
188498
189146
189287
189441
190050
190145
191192
191322
191361
192062
193055
193071
193560
193874
194125
194848
195115
197543
197611
197895
199189
