1230.69
2379.16
2501.25
3831.77
7574.01
8588.54
8816.04
10363.2
11581.6
11745
12210.1
13434.9
15251.6
15569.8
16321.2
16994.9
17060.6
20567.6
20877.7
21092.7
21786.6
22317.9
22910.5
26495.5
28251.3
30691
30730.4
31517.4
31619.2
32708.9
33084.1
33624.8
34099.4
36070.1
37676.1
38333.1
38403.4
38873
41212.6
43992.9
44320
44707.5
45195
45600.6
45766.1
46208.5
46390.1
46888.7
47362.8
47981.6
49672.2
53846.1
57466
57473.8
57893.5
57924.4
58415
59318.6
61067.3
61513.3
62993.1
64966.2
65654
66198.3
68570.2
68948.1
69169
69777.3
70751.3
70807.5
71361.5
74050.5
74375.6
76744.4
79117.8
79427.6
79588.9
80962.1
81842.4
83213.7
83264
85565.9
85680.9
86494.7
86764.8
87889
88206.5
90670.5
90802.7
91582.5
94528.5
96052.3
96902.7
98481.2
99678.9
105725
106797
107363
109104
111333
111536
111930
112776
114897
115237
116300
116616
116861
118274
118820
120065
121348
122431
122590
125147
125776
126334
126535
127279
127746
128613
128901
129280
130497
132525
133155
133304
135786
137368
137391
139338
139540
140385
142346
144482
145400
145530
147030
147702
149049
149652
149946
152344
152506
154331
154947
155249
156206
158545
163639
164894
165868
166148
168988
170562
172923
173268
174755
175040
175476
176017
176630
176893
177123
178798
178832
179010
179340
179423
180087
180438
180546
180732
183759
184119
184436
186039
189647
189816
190303
190454
190457
190964
191808
192636
192676
192810
194202
194733
194777
196372
198026
198247
199667
