1164.2
1448.27
1714.15
1733.01
1903.06
1971.39
2958.18
3709.56
3986.21
4877.51
5101.22
5142.27
6158.94
7095.59
7397.15
7642.42
7976.88
8389.39
8412.99
8682.9
9158.37
9396.51
9658.7
10167.8
11078
11426
11668.1
11717.4
14813.1
14895.9
15130.4
15960.4
16059
16101.2
16250.9
16495.6
16876.4
16920.8
17463
17553.2
18954.7
19458.2
20126.2
20439.9
20949.6
21347.5
22931.1
24217.2
24744.7
25489
25526.3
25590.7
26164.3
26425.4
27001.8
27711.9
29823.2
30337.6
30621.3
31001.1
31263.2
31482.3
31702
31851.9
32293.8
32564.8
32600.9
32881.4
33245
33431.1
33775.6
34057.8
34312.3
34818.9
35667.6
36346.1
38175.1
38244.4
38710.9
38750.4
38811.5
38843.7
39350.5
39543.5
40129.2
41013.4
41807.6
42033.9
42253.1
42811.3
42828.9
42914
42998.9
43049.9
43706
43838.2
43912.8
44083.2
44232.2
44341.6
44995.5
45083.8
45446.1
45846.3
45873.1
45997.2
46282.6
46331.8
46737.8
47223.6
47644.3
48780.7
49092.4
49575.6
50969.2
52127.3
53160.9
53642.3
54860.5
55285.9
56297.3
56587.8
56994.4
57080.3
57252.3
57638.4
57835
58255
58841.4
59048.8
59249.5
59643.6
61616.3
62369.3
62987.2
63485.7
63629.9
63826.3
64784.7
64810.7
65217.1
65904.5
66899.9
67153.3
67228.5
67428.3
67778.9
67810.9
68282.7
69003.1
69453.7
70230.4
70308.9
70666.1
71284.6
71637.8
71932
72196.1
73560.6
73967.2
74784.3
75169.3
75518.4
75784.9
75825.3
76433.7
76985
77185.9
77508.1
78004.2
78435
79014.8
80246.2
80457.6
81988.4
82519.7
83111.9
83156
84703.1
84798.1
85061.2
85322.2
87613.4
88189.1
88761.5
89807.4
90065.9
90102.7
90277
90318.8
90450.8
90581.9
90783.5
91199.2
91798
92174.8
92462.6
94244.3
94319.3
94535.6
94561.4
94921.6
95646.4
96068.5
96495
96632
98315.6
98582
99069.3
100063
103115
104116
104384
105271
105317
105562
105874
105945
106524
108676
108960
108961
109735
110370
110461
110604
111251
111677
111692
112021
112645
113307
113813
114048
115424
115824
116002
116470
116816
117068
117723
117880
117948
118025
118214
118377
118489
119429
119581
119892
120293
120661
120712
120908
121166
121384
121390
122112
122328
124345
124846
125528
125934
126705
127025
127126
127223
128068
128152
128282
128533
128708
129026
129810
129968
130053
130430
131101
131235
132148
132303
132631
132902
133077
133202
133734
134261
135179
135483
136247
136835
136858
136982
138170
138255
138614
139028
140651
141019
141917
142849
143397
143594
143606
143618
143873
144448
144839
144856
144999
145307
145414
145965
146410
146565
146795
146931
146979
147428
147704
148159
148751
149007
149044
149348
149390
149405
149535
149585
150502
150720
150807
151068
151579
152305
152456
152589
152673
153821
154468
154685
154906
155889
157174
157351
157863
158963
159581
159599
159712
159846
160427
160527
160540
160895
164510
165337
165545
165697
166152
166450
166942
166967
167013
167568
167676
167975
168164
168327
168772
168996
169234
169632
169766
169994
170218
170347
170420
172396
172939
173008
173854
174466
174472
174835
175549
176087
176314
176452
176709
176932
177019
177666
177923
177998
178550
178589
179489
179598
179919
179964
180323
180555
180713
181081
181259
186001
189398
189408
189681
190002
190107
190295
190709
192331
192394
192447
192606
192634
194901
195444
195773
196168
196655
196689
197018
197510
197771
198933
199553
