229.32
548.85
697.83
1921.94
3033.15
3091.22
3463.31
3759.41
4820.57
5292
5526.18
5598.6
6485.96
6730.73
7019
7120.81
7362.34
7687.41
8027.93
8159.21
8242.49
8445.24
9130.07
9148.2
9275.5
9967.62
10173.5
11094.9
11421.1
11465.6
11665
11832.9
12579
12983.1
13132.7
13725.8
13862.2
14215.2
14702.2
14785.1
14817.5
15352.8
15469.9
16012.7
16019.1
18751
19494.1
19599.3
20685.9
21389.7
21521.7
21900.3
22072.4
22484.5
24057.6
24187.3
24321.7
24522.3
24900.2
24962.8
25035.8
25207
25890
27188.7
27785.8
27936.2
28540.8
28569.1
29406.4
29749.9
30542
31468.8
31516.3
31866.2
32281.4
32958.7
33580.5
33935.9
34240.5
34996.7
35650.1
35652.1
36393.3
36606.1
37746.1
37907.4
38002.5
38067.1
38457.8
38508.4
38698.7
39214.1
39428.7
39525.3
39657.6
39872.1
40294.5
40401.5
40501.3
40622.3
40722.2
40877
41392
42057
42438.9
42867.1
42934.7
43306.9
43440.3
43791.8
43800.1
44069.9
44703.7
45364.4
45463.2
45476.8
45627.3
46101.3
46102.2
46107.3
46885.7
47168
47578.1
47626.1
48470.3
49137.5
49613.2
49841.8
50021.4
50397.2
50558.8
50731.6
51004.6
51885.8
52013.9
53111.6
53426.3
53537.2
53606
53699.4
54309.6
54626.6
54677.8
55662.6
55715.5
56081.4
56305.8
56801.7
56866.2
57038.6
57429.9
57457.3
57607.1
57911.7
58665.7
59271
59766
60168.2
60566
60964.6
61022.3
61358.4
61392.2
62425
62461.3
62591.8
62933.8
63317.5
63884.5
64230.4
64707
65124.7
65242
65315.9
65491.3
66621
66733.6
66941.2
67074
67425.4
67785.9
67854.5
68012.6
68284.6
68461.6
69334.8
69465.5
69591.6
69660.9
69786
69926
70197
70240.2
70372.5
70448.2
70569.1
70663.7
70735.3
71144.3
71403.6
71844.8
72130.8
73071
73262.9
73510.2
74605.3
75186.2
76167.9
76418.7
76443.8
77115.2
77326.2
78246.5
78762.7
78860.7
79422.1
79815
80090.1
80410.5
80660.2
80671.9
81339.9
81602.1
81915.2
81961
82115.8
82618.1
82812.5
83169.2
83273.2
83506.4
83629.3
84265.3
84264.4
84278.5
84597.5
85050
85727.4
85928.1
86092.3
86443.1
86530
86731.1
86803.8
87184.2
87233.9
87243.6
87394.6
91009.8
91279
91342.8
91521.5
91725.7
92545.1
94087.2
94496.5
95205.6
95444.8
95841
96417.7
96947.5
96980.2
97183.1
97551.2
97687.6
98017.7
99312.1
100284
100393
100913
101540
101638
101879
102412
102503
102527
102760
102803
102854
102914
103369
104285
104929
104989
105021
105195
105686
105908
105940
106357
106488
106802
107120
107543
107623
107989
108094
108425
108794
108849
108900
108962
109480
109614
109713
109836
109874
110021
110227
110722
110984
111985
112281
112743
114703
115367
118255
118537
118668
119068
119477
120044
121100
121641
122751
123170
123490
123543
123593
123808
124045
124044
124176
125027
125380
126193
126289
127022
127097
127647
127880
128719
129252
129784
129819
130009
131100
131435
131596
132067
132235
132302
132319
132429
132422
132654
132711
132952
133067
133328
133745
134567
134854
135119
135153
135615
136721
136763
137078
137417
137435
137770
138022
138251
138643
138977
139352
139983
140444
141040
142230
142389
142849
143002
143019
143567
144209
144626
144867
145241
145287
146084
146429
147026
147353
147584
147800
148160
149059
149376
149911
150099
150211
151412
151453
152035
152262
152427
152428
152682
152682
152848
153028
153361
153638
154962
155472
155470
155496
155833
155894
156394
156859
157661
157711
158003
158001
158826
159558
159821
159904
159979
160862
161098
161120
161518
161623
161807
162715
162954
163801
163893
164241
164514
165207
165414
166127
166471
166488
166818
167486
167799
167872
168957
169221
169268
169560
169778
170440
170683
170791
170930
171189
171487
171919
172189
172353
172415
172628
172952
173420
173606
173743
174113
174209
174469
174877
175018
175100
175599
175699
175750
175884
176002
176274
176665
177948
179212
179933
180262
180759
180863
181569
181819
182607
182747
184172
184859
185035
185223
185594
185864
186291
186333
186981
187096
187579
188160
188311
188578
188694
189105
189302
189355
189453
189588
189828
189855
190005
190147
190260
190992
191341
191543
191566
191857
192813
192934
193643
194927
195499
195626
195745
196011
196617
197652
197696
197802
198040
198102
199029
199073
199160
199247
199586
199646
199686
199943
