187.03
456.55
678.56
820.75
849.33
1927.81
2028.7
2775.74
3773.22
4453.89
4474.37
4568.35
5027.34
5215.87
6012.74
6888.62
7061.9
7314.97
7702.71
8148.87
8962.6
9176.77
9717.4
10359.6
10538.2
11191.4
11335.7
11351.9
11566.5
11585.3
12697.5
13546
14160.4
14541
14578.3
15029.2
15473.2
15836.5
15925.5
16477.3
16802.4
17211.5
17784.2
18094.7
18998.8
19050.4
19206.8
19804.8
20144.8
20157.6
20662.3
21602
21839.1
22350.1
22882.4
24001.7
25175.9
25553
25901.9
26064.8
26078.6
26575.8
27033.3
27464.9
27626.1
27679.5
28572.2
29329.7
30247.7
30401.4
31183
32714.2
33015.1
33987.9
35318.6
35317.6
35615.5
35880.6
36522
36993.4
37113.3
37149.2
37156.5
37198.6
37422.8
38618.1
38680.7
38897.3
39362.9
40065.1
42614.9
42950
43198.7
43404
44376.1
44623.6
45642.4
46291.1
46874.1
47071
47427
48370.7
48939.5
49492.4
49939.3
50237.3
51310.9
52330.6
52349.9
52426.4
53039.5
53338.3
53652.2
53675.2
54805
54871.3
55694.6
56101
56916.4
57616.1
57810.5
58176.6
58351.5
58385.5
58458.9
58816.3
58970.4
59619.5
60495.4
60598.5
60742.7
61053.7
63385.7
66783.9
66894.8
68057.5
68108
68436
68460.3
68881.1
68973.7
69210.8
69295.7
69997.5
73010.6
73124.9
73246.9
73283.9
73399.2
73607.7
74448.9
74552
75692
76120.2
76458.8
76893
77239.6
77454.1
77635
79104
79491.4
80602.9
81110.1
81484.6
82366.5
83002.8
83178.5
83911.9
84921.2
87178.3
87281.8
87407.2
88210.1
88326.2
88448.9
88971.5
90330.2
90628.1
92197.7
92359.4
92423.5
94911.5
95247.3
95772.7
96820.3
97316
97323.2
97719
100580
100946
101147
102161
102291
102798
103488
104124
104435
104946
105351
105858
105881
106195
107025
107129
107185
107336
108319
108778
109215
109745
110030
110484
110691
111457
111970
112770
113478
114582
115233
115700
116520
117009
117683
118425
118680
119101
120242
120875
121354
121723
121808
122388
122726
123244
124286
124683
125219
125351
125963
126122
127852
128936
130637
131454
131511
131659
132043
134106
134321
135795
136591
137049
137911
138131
138401
138414
141415
142052
142310
142687
143185
144008
144033
144034
145209
146327
146392
146433
146982
147551
148052
148159
148163
148384
149048
150051
150210
150870
151618
153334
153513
154001
154002
154014
154413
154458
155857
156327
157171
157546
157951
158187
158434
159325
159461
159662
159848
161026
161339
162400
162715
164421
165158
165390
165692
166263
167595
168067
168229
168311
169507
171480
171932
172280
172852
174985
176711
177076
177122
178007
179181
179407
180682
181655
182413
182513
182851
183010
183771
183923
184710
184975
186722
186933
189060
189265
189752
190151
190682
190799
191026
191187
191657
191836
191958
194014
196778
197180
197633
197811
199223
