2628.65
4851.12
5493.05
6369.52
6739.68
6779.05
7174.32
8403.37
8618.16
9433.36
9792.54
10366.4
11929.9
12951.7
13264.8
14653.6
15666.7
15717.5
15929.2
16277.9
18198.2
18788.5
23493.7
24467
25311.3
25998.9
27680.7
28849.5
39034.1
39437.4
40211.1
40900.5
41212.7
41497.7
42098.2
42338.5
43200.2
43408
44247
44650.5
44922.9
45101.8
46684.6
47704.8
47755.9
48273.3
49366.2
49631.9
50675.8
51067.5
51114.5
52307.6
56833.2
56898.7
57223.6
57965.4
58311.2
59416.6
61365.8
62476.5
63495.3
63824.1
65264.4
65354.6
65664.7
68254.7
68481.5
68570.4
71480.2
71892.1
73949
74932.7
75366.5
75955.6
76423.4
80015.6
81658.9
81720.7
82617.5
83824.9
84049.1
84203.3
84930
86326.5
86558.5
86758.4
88000.7
93787.5
93835.4
94712.2
95189.6
99641.7
100246
100919
102719
104665
104759
107044
108177
109851
110185
112604
113455
120867
121235
123199
126237
126925
127805
136565
137000
143638
144634
145121
148815
149562
159504
160499
161078
161367
162163
165811
169718
176487
176812
179352
182337
183340
185042
187665
190821
191979
192810
