125.25
161.25
216.59
374.81
1728.69
1981.51
2105.19
2329.98
2357.94
3022.34
3942.77
3995.23
4078.28
4169.08
4291.89
4468.56
4509.84
4989.94
4995.89
5323.64
5368.23
5577.04
5634.29
5924.47
6076.23
6507.26
6968.92
7169.18
7180.1
7479.52
7491.67
7844.71
8430.99
8814.9
8928.11
9282.75
9448.54
9917.2
10375.3
10382.7
10701.2
10730.3
10797.6
11088.6
11199.9
11479.6
11568.8
11929.9
11961.7
12375.4
12716.8
12766.6
13025.5
13364.2
13373
13470.8
13655.3
13848.1
14187.7
14224.6
14375.3
14590.6
16061
16887.8
17265.1
17489.6
17849.5
18132
19105.3
19789.2
20375.9
20449.6
21243
21263.2
21428.4
21651.8
21790.1
21848
21865.1
21967.6
22007
22340.6
22739.8
22772.2
23047.8
24303.9
24684.7
24908.4
25029.1
25196.2
25362.1
25757.2
25764
25924.5
26000.3
26112.6
26473.1
26638.3
26955.8
27106.1
27112.2
27160.5
27235.6
27554.2
27710.6
27952.5
28299.3
28858.4
28869.1
29141.1
29473.2
30083.8
30236.1
30465.9
30514
30753.4
30830
30845.4
30888.1
31122
31993.4
32340.8
32373.6
32442.4
32777
33751.5
33805.2
33918.8
34974.2
35167.7
35751.2
35850.4
36246.8
36605.5
36685.3
36693.7
36739.6
37172.7
37173.6
37393.6
37466.4
37692.3
37784.7
37796.8
37872.5
37934.5
38538.3
38868.7
39020.8
39354.7
40351.6
40426.7
40484.8
41172.8
41307.2
41407.6
41788.5
41851.4
41870.2
42219.6
42795.9
42913.7
43098.8
43525.1
43942.3
44385.3
44517.1
44637.9
44760.6
44945.5
45027.7
45252.9
46229.3
46457.5
46556.4
46643.6
47255.6
47379.4
47649.1
47668.4
48318.2
48346.9
48845.6
48901.7
49325.6
49791.8
49834.4
49976.5
50006.1
50009.5
50399
50979.4
51042.3
51568.1
52120.1
52273.3
52481.8
52706.4
52968.2
53522.3
53555.9
54034.8
54039.3
54123.7
54372.8
54451.9
54530.4
54588.3
54679.9
54864.6
54897.1
54924.5
55005.2
55128.3
55178.5
55291.2
55348.7
55694
56592.6
56606.4
57087.8
57200
57510.1
58570.3
58835.6
58984.8
59060.1
59616.5
59787.3
59937.6
60156.1
60273.4
60520
60693.9
60755.9
61043.7
61067.3
61096.7
61495.8
61676.7
62130.6
62977.3
63122.2
63569.5
63650.3
64242.4
64277.5
64607.7
64827.8
65129.3
65283.3
65295.8
65598.7
65733.5
65973.5
66247.8
66653.5
66882.8
66911.9
67386
67503.5
67902.1
68000.5
68628.2
68829
68883.8
69125.3
69368
69380
69385.6
69702.5
69703.8
69765.5
70005
70097.5
70344.6
70349.9
70413.3
70619.9
71077.3
71190.2
71330.2
71338.7
71959.6
72090.2
72512.6
72587.2
72732.8
72746
73247.7
73300.4
73959
74273.8
74848.2
75404.5
75515.1
75672.6
75765.1
76489.4
76577.6
76808.2
76921
77954.7
77984.6
78216.8
78507.9
78620.3
78656.9
79059.7
79095.3
79381.8
79451.4
79634.3
79677.2
79881.4
79896.5
79951.1
80242.7
80312.3
80421.7
80419.4
80464
81194.9
81246.9
81355.3
81639.7
81898.6
82349.8
82764
82920.2
83216
83246.2
83241.9
83426.2
84341
84431.6
84649.1
84863.4
85309.6
85399.2
86394.1
86616.2
87133.3
87507
87686.1
87877.7
88200.7
88334.9
88672.4
88679.5
88731.7
88915.6
89059.3
89317.1
89687.5
89810.8
90306.4
90469
90495.7
90638.1
90860
91023.3
91283.6
91444.1
91707.8
91885.3
92145
92917.7
92972.7
93946.5
94177.5
94266.8
94848.8
94938.6
94949.7
95325.8
95984.1
96259.5
96385.5
96834.5
97023.2
97061.4
97984.3
98623.6
99538
99667.4
99761.1
99814.2
99834.6
100030
100107
100210
100367
100434
100575
100857
100897
100909
101130
101364
101414
101627
101653
101767
102032
102381
102493
102620
102736
102840
102971
103035
103133
103165
103290
103360
103663
103706
103879
104163
104319
105014
105260
105945
105990
106150
106241
106429
107116
107727
108358
108518
108922
109269
109302
109975
110009
110236
110326
110579
111201
111239
111434
112260
112308
112571
112640
113230
113401
113527
113983
114194
114433
114489
114531
114721
114811
114962
115030
115132
115352
115356
115500
115567
115845
116203
116276
116614
116771
116854
117234
117459
117905
117903
117950
117991
118061
118250
118342
118467
118871
118908
118923
118934
119230
119506
119561
119724
119763
120219
120447
120778
120791
121147
121498
121520
121675
121803
121852
122091
122153
122534
122593
122595
123228
123351
124014
124190
124247
124548
124621
124981
125755
126915
127390
127765
127796
128388
128596
128788
128839
129314
129485
129841
130522
130558
130886
131431
131559
132130
132360
132659
132745
132879
133180
133258
134438
135495
135892
136059
136112
136270
136652
136789
136830
136948
137212
137493
137739
138302
138380
138388
139209
139332
140021
140436
140725
140835
140970
141310
141598
141915
141987
142014
142158
142369
142498
142698
142824
142962
143435
143563
144496
144934
145021
145028
145325
145334
145443
145692
145772
145839
146242
146545
146618
146821
147004
147153
147521
147637
147704
147882
147920
147987
149007
149020
149341
149806
150612
150733
151266
151315
151449
151728
151904
152046
152128
152357
152394
152594
152838
152851
153166
153457
153595
153741
153972
154028
154085
154664
155038
155219
155281
155452
156146
156267
156396
156725
156823
156860
157171
157654
157805
158164
158274
158336
158991
159199
159213
159567
159629
159615
159905
160115
160280
160359
160597
160800
160824
161235
161449
161655
161959
162103
162116
163177
163206
163404
163421
163553
163600
164310
164351
165177
165331
165535
165747
166678
167114
167422
168107
168186
169142
170044
170238
170571
170933
171772
171786
172039
172400
172422
173667
173770
173993
173987
174381
175229
175422
176125
176184
176811
177188
177426
177543
178070
178164
178574
178584
179063
179167
179491
179576
180394
180637
181364
181491
181661
181743
182925
183238
183308
183581
183952
184027
184228
186223
186799
187147
187330
187600
187639
188223
188755
189023
189093
189363
189581
189610
189922
190179
190575
190727
190785
190992
193365
193781
194296
195146
195169
195633
195657
195721
195990
196102
196163
196377
196390
196809
197004
196999
197412
197528
197540
198043
198069
198193
198703
198872
199073
199148
199529
199620
199647
199948
