1935.19
3636.86
3675.4
3975.68
4018.19
4599.48
5321.93
5959.55
6934.94
7588.99
7841.62
8559.08
8600.28
9176.26
11124
11584.7
11811.3
11934.1
13329.8
14820.4
14887
15962.8
16945.4
18092.4
18100.1
18507.9
18529
18858.2
18939.8
19036.6
19102.8
19609.1
19823.9
20126.9
22676
22793.4
23495
24546.6
24909.8
25724.9
27291.3
27475.6
28503.4
29020.3
29208.5
29561.5
29867.9
30990.3
31019.9
31938.2
33488.3
33739.2
35493.4
35578
36665.2
38521.3
39020.2
40548.1
40676.9
40964.3
45353.7
46055.5
46841.4
47312.1
47329.6
47404.4
47593
48151.9
48679.3
48822.5
49201.5
49212.6
49639.5
50217.7
50754.3
51362.7
51608.2
51691.6
52020.4
52322.7
52467.4
52970.5
53195.1
53614.6
53948.1
54071.5
54287.7
54308.2
54513.6
54601.4
55572.5
55911.7
58354.2
61976.7
62346.3
63487.6
65533.7
65561.4
66086.7
66266.2
66992.7
67474.2
68022.1
69658.4
69822.8
70589.4
71586.8
72004.3
72266.4
75319.7
75699.3
76007.4
76387.3
76626.4
78149.6
78783.9
78858.4
80007.2
80316.7
80798.1
80825.9
80831.2
81410.2
81688.6
82376.5
82775
82818.6
83481.4
84147.7
84207.4
85008.3
85573.9
85828.2
85994.7
86286.7
86642.2
86822.7
87032.1
87264.4
87525
88034.5
88262.8
88593.5
89363.4
89422.3
91033.2
93167.6
93474.5
93503.5
94191.5
96696.9
97388.7
98226.4
98325.9
99551
100300
100864
101119
101374
101422
102216
102273
103255
103361
103608
103714
105159
106850
107412
107471
107507
107599
109335
110250
110975
111653
112009
113133
113369
113689
114176
114242
114263
115164
115669
115676
116145
116742
118899
119034
119198
119463
119503
119765
120754
120800
121205
122242
122883
124434
125951
126644
126762
129386
131372
131800
132669
133895
135572
135746
138573
138701
141562
143157
143511
144051
144446
145316
145676
146137
147107
147422
148172
148956
150308
150763
151217
152348
152940
153482
153605
154278
155161
155197
156408
158191
158788
159092
160006
161274
162166
162561
162759
162847
163268
163626
163682
163689
165398
165589
165821
167344
167734
167750
168006
168286
168351
168481
171670
171692
172461
174044
174298
175197
176368
176577
177443
179987
182007
182072
182096
183065
183312
183667
184495
185399
185674
185795
186066
186460
186858
186950
187351
187698
187970
188071
188470
188779
188999
189225
189959
191140
192344
192910
193498
194594
197663
198642
198835
199605
199873
