218.02
541.32
687.33
821.8
1181.9
1914.63
3026.55
3078.4
3454.2
3736.08
4806.69
5287.08
5517.38
5588.15
6111.38
6488.78
6721.95
7021.31
7113.14
7368.38
7690.76
8011.7
8154.01
8227.75
8448.56
8707.58
8920.99
9115.94
9139.83
9269.92
9474.85
9627.25
9942.89
9953.48
10173.6
11068
11290.8
11411.6
11431.4
11457
11673.9
11836
12579.2
12977.1
13119
13693.3
13862.4
14215.4
14636.9
14694.7
14776.9
14817.7
15261.5
15327.7
15348.7
15470.1
15990.6
16019.3
18741
19483.2
19588.9
20674.9
21366.8
21500.6
21900.4
22061.9
22085.2
22484.6
24050.6
24182.8
24314.5
24518
24902.8
24965.4
25013
25199.6
25791
25878.4
26148.6
27188.9
27786.1
27924.4
28541
28569.3
29395.9
29559.8
29738.4
30522.8
30527.5
31469.1
31511
31850.1
32281.6
32939.5
33569.1
33936.1
34220.6
34450.5
34989.2
35627.5
35648.4
36393.5
36606.2
37733
37901.8
37993.7
38067.3
38450.8
38508.5
38685.4
39196.1
39421
39649.2
39872.3
40283.5
40391.8
40503.4
40609.2
40713.5
40865.7
41135.7
41382.2
41477.6
41910.7
42057.2
42439.1
42857.5
42934.8
43296
43429.3
43782.5
43800.2
44059.1
44695.8
45366.9
45454.4
45469.2
45631.1
46084
46089.9
46096.6
46877.7
47168.3
47409.7
47545.2
47614.2
48206.4
48470.5
49132.4
49210.2
49601.1
49836.1
50023.8
50391.7
50560.5
50733.8
50933.9
50962.1
51006.8
51886
51999.3
52488.7
53106.2
53420.5
53539.3
53592.2
53657.9
54294.3
54620.7
54668.6
55654.1
55709.5
56065.2
56079.3
56151.5
56297.5
56462.5
56790.9
56852.9
57038.8
57430.1
57451.4
57607.4
57905.7
58660.5
59264.9
59757.7
60159.6
60554.4
60967.1
61014.4
61346.9
61385.2
62407
62445.9
62592
62922.8
63304.5
63652.5
63874.1
64179.2
64222.1
64709.3
64931.4
65129.2
65230.6
65318.7
65484.3
65527.3
65565
66624
66723.7
66926.8
67062.6
67417.4
67786.1
67854.6
68004.1
68284.7
68278.8
68457.4
69326.2
69441.1
69582.4
69643
69788.9
69975.3
70190.3
70242.6
70357.6
70438.6
70561.3
70667.3
70737.7
71128.4
71372.1
71837.8
72131
73064.7
73246.5
73367.5
73498.3
73728.1
74593.6
75173.4
76161.4
76407.1
76433.2
77117
77156
78242.1
78766.2
78853.3
79404.4
79815.2
80090.3
80172.9
80399.9
80651.7
80672.1
81323.9
81590.2
81906.8
81961.3
82106.3
82618.4
82793.6
83152.7
83259.7
83273.4
83506.7
83629.4
84182
84260.6
84259.9
84271.8
84585.4
85052.7
85729.8
85922.5
86086.4
86446.7
86503.9
86734.1
86789.9
87179.7
87223.5
87236.3
87396.5
89795.4
90027.7
90999.7
91267.4
91343
91511.7
91710.5
92527.5
93011.7
93260
94077.5
94496.7
94709
94835.3
94970.4
95205.9
95444.9
95832.3
96421.3
96940.5
96971.4
97174.1
97542.1
97675.7
98004.6
99301.6
99322.9
100270
100378
100904
101542
101640
101857
102405
102505
102530
102751
102807
102847
102918
103288
103369
103608
104277
104930
104974
105007
105187
105690
105912
105942
106348
106477
106791
107111
107532
107623
107970
108094
108425
108787
108842
108892
108954
109435
109466
109614
109713
109825
109843
109874
110011
110230
110517
110548
110716
110962
111728
111968
112281
112512
112737
113349
114156
114706
115367
116110
117787
118250
118524
118639
119063
119416
119470
120022
120033
120211
121091
121631
122744
123172
123482
123533
123581
123801
124039
124039
124179
124502
124609
125012
125372
126133
126195
127010
127101
127647
127880
128700
128855
129243
129770
129803
130010
130424
131085
131435
131586
132067
132229
132291
132319
132406
132401
132655
132711
132943
133054
133231
133318
133739
134567
134847
135103
135142
135615
136711
136758
137020
137071
137417
137436
137759
138009
138244
138643
138978
139346
139712
139973
140444
141025
142222
142378
142850
142985
143023
143560
144203
144615
144860
145233
145273
146086
146417
146574
147009
147356
147587
147792
148107
148154
149059
149376
149900
150091
150201
151185
151393
151441
151930
152036
152258
152427
152414
152678
152677
152849
153017
153345
153638
154689
154958
155452
155472
155496
155820
155864
156400
156847
157652
157704
157991
158001
158567
158819
159240
159545
159774
159815
159890
159979
160110
160855
161052
161090
161113
161503
161608
161807
162715
162943
163276
163801
163893
164233
164519
165198
165405
165605
165890
166098
166474
166479
166474
166821
167122
167480
167801
167877
168211
168471
168941
169031
169205
169208
169272
169563
169669
169780
169826
170284
170425
170623
170685
170778
170877
171121
171181
171310
171491
171782
171921
172184
172347
172404
172576
172621
172942
173427
173610
173706
174096
174219
174473
174863
175013
175080
175602
175690
175741
175884
176002
176274
176665
177939
178544
179208
179925
180252
180341
180764
180857
181201
181573
182598
182736
183850
184163
184838
185019
185051
185223
185568
185865
186279
186335
186966
187100
187126
187319
187583
188086
188160
188311
188578
188681
188966
189090
189297
189355
189441
189584
189829
189856
189991
190137
190247
190979
191248
191334
191543
191560
191857
192774
192925
193643
194913
195401
195492
195614
195733
195945
196001
196605
197582
197653
197696
197802
198023
198097
198966
199033
199077
199164
199228
199576
199641
199689
199805
199934
