217.37
693.51
1448.84
1973.94
3841.41
7845.83
10848
13643.2
16058.6
17438.6
18516.2
24596.4
27861.2
29701.5
29711.3
31905.8
37742.9
45314
46545.1
46601.2
47777
52656.4
55322.7
60074.9
60225.8
60568.3
61329.4
64177.4
65303.7
65699.7
65867.1
66749.9
67965.7
69453.5
73488.4
74282.8
76705.6
78038.3
80944.8
81738.7
82437.2
84321.3
86451.9
87738.3
88727.7
91385.8
91485.1
92766.6
94140.7
96378
101191
102690
103787
105424
107499
108430
108595
113306
113776
114408
116787
118059
118646
119018
120269
122425
125922
131864
133858
135275
143545
143770
144522
146878
146925
147842
151734
153569
153913
156667
158597
158925
161657
164075
166589
167165
167852
171126
172872
183597
188785
189099
194763
196144
196333
199295
199687
