177.12
419.08
528.43
547.48
671.29
682.44
911.99
1027.05
1080.6
1709.36
1791.32
2092.17
2199.6
2288.17
2308.94
2521.93
2778.12
3398.42
3447.22
4377.68
4467.68
4982.59
5253.3
5518.98
5825.08
6563.59
6613.09
6688.21
6875.15
7369.81
7528.03
7685.16
7866.61
7885.98
8300.63
8585.71
9042.93
9276.13
9294.57
9472.21
9505.31
9579.15
9686.17
9921.06
10002.8
10106.2
10316
10669.7
10934.7
11265.1
11440.3
11834.3
11873.1
11964.3
12196.1
12357.4
12546.3
12779.6
12965.6
13018.1
13110.9
13159.9
13671.9
13955.5
14048.7
14159.7
14554.4
15218.4
16074.6
16114.6
16205.3
16299
17105.6
17541.9
17983.9
18487.5
18648.7
18917.4
19001.6
19060
19197.8
19323
19549.5
20553.1
21071.3
21094.3
21196.9
21546.7
22026.6
22169.1
22354
22485
22961.7
23060.4
23482.7
23844.8
25042.1
25334.6
25528.3
25841.6
26841.8
26916.8
27117.3
27632
27968.1
28082.4
28211
28353.8
28384.2
28645
28654.5
29003.7
29183.5
29224.5
29305.2
29304.3
29486.5
29660.6
30102.9
30110.4
30256.9
30455.4
31000
31152.1
31695.3
31784.4
32258.1
33125
33284.4
33583
34087.5
34314.9
34384.8
34503.1
34652.9
34735.3
34801
35000.9
35008.4
35123.5
35334.1
35355.9
35554.1
35755.6
35774.2
36179.3
36297.3
36412.2
36574.5
36613.1
36663.5
36864.3
36882.3
36898.1
36908.2
37163.3
37166.7
37405
37716.6
38757.3
38986.5
39058.8
39215.8
39224.1
39230.9
39695.8
39699.9
39800.1
40233.5
40706.1
41271
41394.1
41452.8
41773.4
41811.5
41974.7
42032
42776.7
43034
43288.9
43309.6
43976.9
44199.6
44346.4
44400.9
44489.2
44794.7
45206.8
45294.5
45457.9
45668.4
45909.3
45923.3
46870.5
47204.3
47691.8
47798.4
47978.2
48003.3
48241.4
49192.7
49829.5
49839
51154.1
51184.6
51335.5
51769.8
52179.4
54010.1
54602.5
54625.7
54716.2
54822.3
55256.8
55267.5
55283.1
55356.3
55428.5
55655.8
55707.6
55721.9
56178.7
56499.7
56614.9
56739.8
56883.9
57198
57447.1
57767.8
58677.3
58674
58900.7
58978.5
59047
59402.2
59696.3
59875.1
60248.2
60316.4
60827.9
60836.9
61116
61123.8
61437.5
61627.2
61816.1
62450.1
62653.4
63175.9
63829.2
63944.8
64221.8
64415
64511.5
64717.2
64845
65164.9
65316.7
65340.4
65354.1
65583.3
65842.1
65868.5
66038.6
66287.5
66371.6
66681.3
67005.2
67296.8
67391.5
68183.7
68369.8
68570.6
68648.2
68929.2
69189
70097
72054.2
72385.7
72666.7
72730
72942.3
73528.7
73687.6
74327
74583.2
75178
75720.6
76204.9
76306
76540.6
76874.1
77110.8
77116.9
77588.2
78771.5
79291.3
81081.2
81252.9
81279.6
81501.5
81545.9
81553.8
81570.2
81583.3
81799.5
81865.3
81915.7
82009.4
82247.2
82302.8
82345.2
82523.5
82536.2
82583.2
82724.1
83308
83788.3
83982.6
84030.4
84253.9
84255.7
84610.2
84630.1
85062.4
85283
85420.2
85451.5
85650.8
85673
85946
86007.7
86342.2
86345.2
87829.5
87865.1
87937.1
88782.6
88877.3
89064
89073.5
89627.7
89678
90607.5
90683.2
90899.8
90930.9
91168.4
91837.4
92020.4
92266.1
92325.3
92332.5
92405.1
92774.1
93582.7
93801.1
93799.2
94033.1
94948.8
95781.9
95804.1
96582.9
96980.4
97082.6
97331.9
97428.3
98327.2
98337.7
98750.1
98760.6
98884.9
98903
98923.8
99171.8
99541.9
99545.1
99766
100138
100340
100407
100657
100835
101144
101167
101483
101577
101665
101936
101947
101974
102400
102477
102905
103129
103977
104124
104197
104266
104460
104540
104646
104797
105331
105665
105716
105725
105768
106050
106375
106904
107324
107486
107726
107934
108122
108561
108776
108811
109662
110007
109999
110456
110519
110713
111913
112012
112335
112557
112830
114161
114268
114618
115345
115535
115960
116288
116443
117218
117503
117506
117902
117903
118155
118150
118334
118363
118520
118997
119173
119267
119506
119909
119990
120114
120255
120472
120665
120921
121441
121451
121657
121678
121974
122202
122432
122566
122708
123609
123626
123625
123722
123752
123760
124191
124367
124633
124638
124685
124788
124942
124989
125022
125023
125503
125824
125867
126036
126043
126102
126386
126769
126851
127082
127298
127590
128006
129007
129228
129498
129615
129618
130046
130058
130064
130369
130536
130726
130768
130973
131063
131187
131484
131649
132025
132850
133110
133146
133492
133492
133508
133760
133805
134081
134176
134265
134323
134407
134420
134609
134724
134851
135395
135632
135935
136265
136516
136625
136686
136719
136727
136926
137014
137031
137134
137255
137446
137646
137812
138341
138378
138750
139017
139174
139489
139830
139972
140101
140102
140235
140618
140634
140653
140807
140863
141334
142091
142635
142785
142800
142834
143262
143302
143342
143483
143854
143913
144377
144507
144565
144610
145719
145891
146072
146236
146345
146354
146506
146805
146852
146857
147012
147307
147764
147784
148158
148574
148608
148700
149096
149102
149351
149359
149518
149767
149834
149888
149989
150048
150281
150348
150468
150563
150600
150705
150766
150810
151585
151616
151802
152724
153445
153594
153724
153957
153953
154207
154815
154959
155271
155280
155416
155581
155955
156122
156281
156439
156625
156935
157024
157201
157325
157772
157905
158071
158099
158157
158318
158493
158500
158665
158754
158787
159317
159417
159760
159759
159830
160128
160213
160444
160584
160720
160871
161453
161598
161854
162213
162277
162393
162441
162515
163193
163265
163427
163520
163646
163816
163848
163849
163896
164043
165194
165276
165356
165392
165461
165665
165886
165923
166080
166131
166376
166405
166476
166653
166972
167755
167954
168009
168546
169450
169560
169866
170109
170450
171639
171759
172655
172780
172975
173264
173451
173786
173792
174162
174267
174314
174649
174683
174893
175060
175133
175152
175574
175784
175931
176398
176441
176581
177050
177426
178378
178561
179352
179407
179477
179719
179812
180153
180313
180676
180704
180894
181356
181480
181501
181785
181926
182103
182249
182350
183103
183272
183496
183715
184213
184459
185015
185192
185210
185349
185513
185539
185669
185677
185900
186170
186306
186583
186853
187793
187815
187909
187921
188397
188680
188820
188885
189080
189098
189112
189196
189197
189333
189552
189702
189933
190138
190157
190556
190570
190918
191204
191216
191227
191393
191832
192239
193061
193179
193751
193968
193973
194090
194542
194594
194894
194990
195045
195059
195099
195316
195347
195397
195572
195714
195808
196124
196178
196484
196565
196623
196827
196953
197222
198051
198333
198785
199029
199107
199400
199784
