878.41
1237.84
4425.44
5162.02
8833.96
10358.6
11725.7
12145.2
12680.2
14518.9
15780.4
24287
25336
26029.1
30018.6
30168.8
33559.7
35677.9
37084.7
38306.2
41330.1
44495.2
44779.9
50018.2
53633.1
54726.9
55229.7
55761
57018.3
58295.2
59835.6
63647.1
65533.9
65862.2
69277.7
71485.6
73608.9
75592.4
76126.1
77766.2
78027.3
78115.1
80415.7
81501.4
84318
88565.5
89209.1
89958.9
91302
91897
92040.7
92717.7
93172.4
93330
93457.1
93692.9
94037.2
94267.8
94348.7
95118.7
96757.1
99370.2
100460
101071
102186
107365
107732
111720
112108
113000
113654
113837
115276
119074
120164
120194
121994
122015
123814
124132
128320
128795
136705
136950
137311
144778
145009
145167
148187
149005
150858
151336
151663
154135
154474
155648
157689
159195
163407
165561
168199
169809
171981
173202
176089
179911
182567
183806
185107
185646
189272
190212
191564
191739
192710
195020
