15186.8
18539.6
21051.1
22603.6
23767.9
24527.1
24729.2
25017.2
25485
25949.1
26393.3
28416.2
29627.2
29976.4
31494.2
33885.3
35918.7
36336.9
37620.6
46699.2
48716.1
49910.9
51018.2
54025.5
56169.1
56307.9
56494.3
56826.7
57117
57125
57209.5
61691.7
63169.6
64407.9
65455.2
66112.5
66150.1
66525.5
67966
68164.8
68428.1
69234.5
69498.8
70725.7
70898.3
71065.9
71703.5
72908.3
73328.8
75805.3
75973.3
76711.1
77884
78450.1
78684.6
78857.2
79144.4
79570.6
80022.5
80835
81085.6
81514.3
81620.7
81930.6
82388.8
82600.6
83071.1
83113.3
83423.2
83636.8
84110.2
84821.7
88826.3
89242.5
90453.4
90734.6
91082.5
91633.2
91728.2
92393.7
94219.6
94902.7
96199.1
99143.7
100225
101632
106036
107198
109943
111854
113236
116639
118281
118710
119479
119964
121253
121551
122133
122378
122553
122777
123316
123662
126427
127322
128880
129903
130593
133424
137488
138270
140515
141155
145149
154465
157435
159039
160562
162189
175551
176939
180108
180904
181071
181630
181921
192604
193170
