117.5
235.97
499.55
840.57
1191.27
1211.02
1568.06
1683.86
1993.73
2485.05
2874.26
4254.21
4777.7
4832.03
4999.75
5023.82
5485.21
5592.12
5887.88
5940.49
6231.45
6266
6728.78
7098.52
7142
7840.99
8081.58
8124.51
8209.79
8427.22
8471.93
8611.81
9548.66
11200.5
11345.3
11583.7
11915.7
12385.1
12596.2
12636.6
13072.8
13220.6
13283.6
13810.7
14244.9
14865.4
15068
15209.7
15304.9
15525.5
16300.9
16717.7
17079.8
17230.2
17404.7
18342
18474.9
18826.2
19258
19906.6
19909.3
20229.1
20249.2
20311.4
20518.9
20793.8
21363.8
21561.2
21887.6
21947.4
23021.1
23429.1
24166.4
24409.3
24436.9
24493.1
24727.5
24901.5
25148.7
25198.2
25577.5
26078.5
26338.3
26700.3
26722.9
26973.7
27654.3
28015.3
28324.1
28748.3
28817.4
29238
29774.5
29995.8
30179.3
30183.8
30393.1
30592.9
30803
31198.2
31500.5
31631.5
31845.9
31848.6
32197.7
32835.3
33463.7
33600.2
33625.3
33669
33836.8
34446.2
34451.6
35015.5
36388.9
37100.4
37131.6
37153.2
37825.5
37832.2
37954
38321.9
38529.2
38700.3
39584.7
40495.5
41041.7
41094.6
41408.2
42817
43962.4
43977.5
44347.1
44431.5
44723.5
44794
46097.1
46190.2
46203.4
46514
46779.5
46897.5
46902.8
47178.9
47184
47183.7
47849.3
48015.1
48403.6
48769.9
48846
49265.5
49506.2
49632.4
50281.6
50605
50924.2
51014.7
51083.2
51224.1
51967.8
52147.2
52219.7
53085.4
53267.4
53864.6
53903.4
53914.9
54253.5
55325.1
55668
56819.6
57015.1
57830.9
58989
59134.5
59238.7
61179.4
61389.9
61975.4
62582.9
62693.6
63092.2
63432.1
63987.8
64764.5
66050.8
66618.1
66948.2
67243
67720.2
68480.1
68922.2
69121.4
69436.5
69593.7
70084.2
70330.5
70364.4
70401.9
70525.2
70873.1
72389.9
72927.2
74019.2
74670.2
74757.5
75219.9
75440.3
75924
76308.7
77039.9
77114.9
77337.6
77931
78580.3
79383
79726.3
79923.3
79988.4
80428.8
80612.4
80958.5
81004.2
81272.6
81294.3
81836.2
81876.3
82726.5
82960.9
83220.2
83590.1
83624.1
84179.8
84661.4
85300.8
85559.4
85627.4
85904
86130.9
86431
86483.3
86619.2
86683
86818.5
86953.6
87062.9
87079.1
87444.9
87998.7
88129.2
88403.9
88434.4
88745.9
88779
89559.7
89664.8
89962.2
90047.1
90173.7
90392.2
90568.5
90898.2
91647.5
92237.4
92452.9
92830.7
93376.8
93370.9
94152.7
94276.3
94866.1
95228.6
95287.8
95716.4
95767.1
96397.6
96893.5
97135.1
97284
97909.7
98250.2
98531.2
98754.3
99108.3
100564
100969
101245
101428
101747
102122
102274
102462
102493
102690
102998
103047
103419
103673
104038
104826
105029
105430
105488
106103
107434
108037
108372
109119
109365
109553
109981
110218
110575
110766
110924
110989
111105
111667
111762
112599
112884
113550
113734
113778
113900
114927
115115
115688
116018
116018
116208
116396
116462
116560
117295
117369
117652
118114
118331
118893
119322
119490
119622
119709
119984
120073
120463
120560
121277
121438
121837
121925
121924
121960
122007
122052
122055
122346
122420
122745
123064
123095
123693
123951
124238
124390
124842
125125
125560
126825
126941
127062
128306
128379
128619
128778
128936
129076
129320
129749
130107
130328
130730
130848
131296
133138
133624
133888
135093
137179
137501
137968
138003
138294
139278
139302
139404
139507
139640
140014
141132
141556
141611
141809
142425
143247
143330
143644
143907
145189
145275
145382
145711
146008
146018
146020
146382
146968
147681
147946
148078
148299
148922
149214
149771
150164
150378
151038
152335
152438
152736
152983
153670
153963
154016
154105
154431
154461
154548
155139
155305
155901
155946
156287
156517
156569
156780
157505
158444
160389
160432
160828
160864
161297
161586
161830
162023
162986
162992
163218
163320
163487
163703
163905
164300
164350
164443
164835
164927
164970
165386
166001
167169
168296
168501
168786
169399
169511
169808
170229
172674
173121
174177
174490
174752
174783
175097
175110
175461
175700
175841
176007
177239
177326
177488
177624
177834
178325
179477
180421
180460
181581
182112
182567
183020
183016
183048
183272
183490
183531
184009
184069
184119
184199
184312
185161
185953
186161
187276
187554
189984
190320
190504
190774
190867
191306
191811
192256
192277
192612
192644
193091
193353
193451
193642
194624
194642
194988
195669
195913
196097
196151
196633
196772
197029
197701
197828
198013
198020
198131
198375
199049
199391
199959
