962.31
1226.7
1318.37
1797.89
2579.57
2692.21
6647.37
7096.08
8140.01
8167.02
9913.59
9938.48
10001.8
11579.8
12181.3
12591.2
13393
17797
19090.2
19569.4
22487.8
24014.4
29523.8
29849.2
36110.5
36713.9
37369.3
38885.1
40777.1
41753.8
42742.1
45124.9
45203.3
45370.7
46148.1
48123.6
49344.5
51523.1
51949.7
55288
59267.8
59758.9
59815.2
62103.3
62716
64171
65118.5
65341.7
65676.4
65678.6
66164
68017.3
68765.5
69227.5
72555.2
73305.1
76764.9
78924.1
81247.7
81650
81944
82045.1
82406.9
84209.2
84851.4
86041.7
86236.5
86482.8
89082.6
89412.8
91010.2
91796.2
92841.6
94460.9
95963.5
96159.2
96863.8
97131.3
100068
101962
104094
104361
104996
105123
106501
114412
115902
117983
118696
119256
120069
121268
122558
123445
123840
126983
128636
129721
130506
131316
131330
134771
134917
138617
140826
141938
142734
144029
145240
146596
147503
148007
149157
149464
149637
150664
151936
154173
158280
158429
158711
159035
159248
159449
159950
160373
162380
162654
163366
163636
169843
172054
175135
175329
177662
180218
181148
182068
182746
185319
185761
186375
188748
189168
189281
189565
189773
190087
190504
190959
193165
195218
195453
196352
196382
197071
197291
198132
199704
