195.1
435.49
592
709.44
943.55
1057.48
1810.06
2114.63
2221.64
2309.25
2332.66
2546.84
2800.35
3417.47
3456.87
4400.98
5005.57
5272.06
5557.71
5852.93
6588.34
6640.35
6712.08
6919.07
7549.88
7700.69
7887.11
8318.84
8613.26
9060.26
9313.69
9511.25
9529.96
9595.14
9707.21
10030.9
10127.5
11287.6
11855.1
11911
12002.1
12212.3
12379.1
12801
13179.5
14066.7
14185.9
15234
16127.3
16255.6
16316.4
17123.8
17559
17999.3
18508.4
19020.8
19080.4
19346.3
19570.4
20571.5
21099
21144
21220.7
22050.6
22185.3
22378.6
22984.2
23079.8
23512.1
25079.2
25367.9
25547
25869.9
26875.8
26936.8
27139.8
27642.8
28006.6
28102.8
28386.6
28677.9
28693.5
29024.7
29245.1
29327.8
29504.4
30123.8
30480.2
31023.6
31697.3
31802.1
32275.5
33145.3
33304.6
33598.3
34122.1
34412.8
34522.7
34765.2
34832.1
35021
35399.6
35576
35771.2
35793.2
36201.4
36436
36596.6
36628.6
36688.6
36890.1
36939.7
36931.4
37189.1
37188.9
39088.6
39242.8
39253
39712.3
39819.2
40326.5
40721.8
41296.5
41422.4
41473.3
41844.7
41996.4
42798.1
43049.7
43312.2
43330.8
44419.4
44511.8
44811.6
45235.5
45318.5
45482.4
45687.7
45937.8
45947.5
46890.9
47225.3
47707.8
47837.5
48257.8
49213.7
49853.1
51173.9
51211.9
54641.1
54637.4
54736.1
54838.2
55295.3
55295
55301.8
55394.4
55675.1
55726
55763
56207.7
56534.7
56642.9
56761.8
57262.2
57477.8
57791.3
58927.5
59001.5
59076.4
59421.8
59918.1
60339.1
60843.4
60867.2
61144.9
61462.5
61648.2
61838.6
62448.7
62667.7
64243.4
64436
64750
64868.4
65193.3
65337.6
65358.3
65877.8
65900
66058.8
66306.2
66397.2
67023.3
67314.8
67414.4
68206.8
68389
68953
69224.5
72075.9
72406.1
72761.6
73703.8
74367.8
74616.3
75202.8
75739.3
76210.8
76335.1
76587.2
76904.5
77127.6
77126.7
78790.9
81083.9
81277
81301.4
81529.1
81575.7
81598.5
81609.9
81902
81934.6
82270.2
82368.5
82573.5
83813.5
84010.2
84061.2
84281
84617
85440.5
85671.3
85968.1
86032.6
88903.7
89092.9
90625.1
90718.4
90955.8
91188
91876.2
92055.9
92282.1
92347.9
92365
92419.7
92790.4
93828.2
93836
94066
95807.7
96601.9
96988.7
97117.3
97385.6
97444.8
98362.8
98775.6
98779.6
98926.7
98942.5
99192.2
99567.2
99790.1
100164
100364
100857
101159
101502
101598
101685
101954
101994
102058
102508
102933
103995
104152
104486
104578
104682
105747
105792
106070
106925
107767
107972
108156
108580
108835
109693
110020
110039
110728
112378
112850
114193
114292
114640
115363
115963
116328
116461
117242
117524
117524
117934
118178
118357
118384
118557
119016
119190
119324
119927
120013
120134
120286
120504
120695
120952
121460
121473
121698
122450
122725
123645
123651
123779
124812
125009
125045
125523
126071
126071
126106
126413
126832
126870
127107
127608
129248
129653
130084
130560
130745
130792
131013
131087
131227
131508
131673
132043
132878
133117
133157
133525
133529
133782
133824
134104
134195
134289
134430
134872
135422
135662
136284
136546
136643
136742
136759
137052
137053
137154
137288
137465
137662
137841
138405
138780
139202
139849
140118
140120
140258
140648
140671
140839
141364
142636
142807
142819
143328
143365
143508
144521
144636
145722
145935
146266
146366
146534
146831
146876
147784
147822
148185
148729
149118
149388
149543
149786
149856
149910
150005
150306
150366
150545
150599
150831
151605
151634
151835
152758
153470
153669
153976
153978
154229
154838
155288
155302
155607
156954
157043
157230
157928
158090
158131
158183
158343
158509
158507
158773
158827
159342
159441
159776
159784
159864
160153
160242
160468
160613
160741
160890
161479
161620
161882
162418
162482
162541
163212
163288
163446
163541
163701
163869
163895
163947
165219
165294
165383
165925
165947
166102
166426
166509
167783
167979
168032
168610
169468
169598
169890
171777
172672
173466
173808
174179
174290
174650
174709
174919
175063
175148
175173
175813
176429
177083
177460
178400
179501
179744
179827
180174
180341
180700
180918
181377
181509
182332
182366
183123
183307
183532
184225
184475
185031
185246
185371
185535
185570
185698
185926
186763
186873
187844
187951
188414
188912
189125
189129
189226
189235
189573
189957
190165
190177
190556
190585
190935
191243
191250
191411
191857
192259
193201
193988
194115
194636
195076
195069
195144
195336
195438
195731
195814
196144
196207
196586
198053
198354
198806
199052
199137
199435
199821
