4600.51
8366.92
8403.57
8696.16
8905.99
10700.1
11483.8
11819.7
14369.6
16614.7
17078.8
23181.8
23561.3
27784.6
29295.9
29829.9
30298.8
32620.5
34856
34871.3
34948.5
35114.8
35141.5
37248.3
41276.1
41660.6
42037.1
42709.8
44015.3
49663.1
55395.5
56308.4
56626
56868.3
57940.4
58256.6
58407.4
62459.9
67404
68170.1
70494.6
71219.6
72342.5
73573.5
73917.9
74213.6
76279.9
84247.5
84710.1
85067.3
86031.3
86779.2
88037.3
88530.5
89083.9
92790.9
93796.7
97264.3
97745.9
97836.6
97976.1
98897.1
99276.5
99756.8
102275
103094
109123
112780
115008
115509
117729
122365
125473
126228
135759
136094
136394
139231
143862
144767
145143
145628
145656
146980
147606
148001
150665
151002
154180
179977
180210
182946
187944
188804
193795
199190
