228.26
2309.12
2524.99
3455.8
3466.52
3739.23
4310.84
4650.81
4934.29
4939.72
5056.11
5417.12
5436.23
5918.13
5967.79
6052.19
6180.55
6375.85
6574.39
7611.58
7773.89
8123.11
8268.28
8499.7
8795.6
9378.63
9726.28
9962.37
10407
10817
11695.5
12139.2
12226.8
12292.2
12387.8
12736.3
13146.3
13551.4
14161.7
14726.2
14864
15190.6
15717.8
15938
16003.6
16173.3
16265.8
16798
16862.7
16885.4
17723.3
17910.1
18117
18221.4
18374.2
18567.4
18964.8
19296.1
19512
21043.7
21691.6
21836.1
21863.3
22522
23184.8
23645.5
24401.4
24595.1
24598
24786.6
25017.4
25137.8
25204.4
25679.1
25729
25750
26053.7
26724
26940.1
27653.3
28296.4
28968.9
29556.8
30111.4
30564.5
30797.6
31416.7
31787
32220.3
32599.9
32867.7
33055.1
33606.8
33620.6
33636
33913
34210.1
36964.1
37415.1
37723.6
37788.6
37804.3
38024.4
38265.3
38282.7
38337.6
38580.1
39237.9
39283.6
39302.4
39536.6
39535.1
39814.1
39844.3
39896.1
39948.9
40324.9
40696.4
40867
41138.7
41647.1
42073.4
43693.6
44432.2
44875.9
46803.1
47461.3
47520.4
47561.5
48062.3
48866.1
49575.3
49926.5
49976.1
50102.9
50543
50566.8
50809.1
51947.9
51980.9
52201.5
52229.7
52284.2
52447.7
52738.1
52815.3
53244.2
53434.1
53471.4
53698.2
53713.5
54003.9
54025.4
54172
54301.6
54528
54940.8
54986.5
55117.8
55289.7
55552.8
56132.5
56713.1
56754.2
56767.2
57535.3
57735.4
57858.8
57917.3
57966.7
58259.2
58315.3
58435.5
58785.8
59031
59096.8
59304.5
59312.1
59763.3
59846.1
59929.4
60127.6
60287.8
60478.4
60908.9
61170
61535.3
61961.1
62012
62207.7
62399.9
62667.3
62930.8
63852
63939.9
64717.8
65808.6
65883.2
66891.9
67286.5
67419.1
67442.4
67759.7
67872.2
68160.3
68258.6
68958.4
69281.8
69363.5
69453.9
70789.2
71032.5
71045.6
71136.1
71198.5
71970.9
72306.1
72419.4
73001.7
73559.7
73589.9
73986.3
74442.1
74730.2
75076.6
75215.6
75543.1
75553.9
75562.8
75900.4
76130.2
76982.4
77092.4
77487.8
77881.9
77999.7
78275.7
78659.2
80175
81461.1
81523.5
81852.1
82276.9
84957.2
85059.2
86307.3
86338.6
86414.3
86480.4
86819.8
86997.4
87614.8
88264
88568.1
88591.7
88640.1
88740.5
89047.4
89787.6
90121.8
90528.7
91056.2
91481.6
91517.8
91532.4
92080
92403.9
92665.1
92909.4
92981.9
93575
94160.2
94177.8
94288.6
94433.9
94747.7
94952.3
95343.4
95575.9
95577.3
95622.4
95621.3
95777.8
96174.5
96580.4
96614.8
96682.2
97049.2
97182.3
97239.4
97322.2
97865.9
97949.6
98234
98309.8
98601.4
98759.5
98949.4
99037.3
99202.9
99318.2
99485.3
100040
100374
100855
101069
101566
101733
101936
102057
102441
102666
103148
104083
104474
104594
104891
105045
105863
105908
105953
105958
106322
106712
107381
107668
109342
109868
109953
110517
110760
111182
111263
111470
111509
111654
112414
112736
112858
114476
114586
114982
115001
115113
115650
116544
117355
118433
118698
119263
119667
119900
120086
120600
120986
121012
121749
122053
122160
122424
122611
123238
123614
124168
124462
124488
124895
125050
126299
127596
128353
128676
128988
129636
129671
129829
129999
130088
130299
130448
131125
131439
132156
132493
133576
133671
134325
134445
134451
134571
134853
135573
135619
135711
136311
136774
137912
138026
138182
138388
138377
138424
138866
139417
139697
140928
141788
142201
142550
142587
143289
143689
143839
144004
144420
145137
145599
145820
146099
146109
146353
146545
147435
147426
148266
148310
148421
149215
149499
149562
149727
150133
150334
150395
151263
151674
152181
153419
153627
153839
154152
154278
154835
154858
155372
155506
155815
156121
156510
156848
157034
157392
157434
157491
157831
158065
158568
159002
159666
160125
160291
160383
160534
160787
160816
161122
161211
161215
161492
161782
162398
163562
163754
164002
164299
164597
165330
166916
167455
167774
167808
168587
168930
168932
169294
170531
171095
171152
171454
171460
171465
171605
171629
171829
172492
172479
172926
173166
173394
173478
173745
174058
174317
174946
174985
175168
175568
175556
175718
175938
176406
176743
177178
177771
177767
177855
179137
179484
179908
180166
181239
181649
181822
181890
182138
182261
182264
182753
182875
182874
183313
183424
183604
183678
183987
184215
184561
184740
184776
184959
185027
185110
185578
185775
186885
187283
187543
187761
187817
188555
188613
190122
190191
190384
190678
190792
190905
190919
191372
191399
191651
191764
191934
192323
192506
192652
192828
193205
193622
193900
194159
194452
194949
195135
195371
196528
196662
196769
197117
197232
197432
197454
197769
197989
198272
199123
199249
199538
199744
