768.75
943.76
1704.56
2143.11
2426.24
3933.62
6086.73
6181
6957.06
7222.89
7462.79
8131.63
8362.9
8637.43
8789.73
9133.47
9352.87
9666.25
10073.7
10115
11281.6
11507.4
11784.8
11826
12143
12175.1
12307.5
12451.2
13681.5
14187.9
14344
14706.6
15669.6
15829.8
15915
16252.8
17091.2
17409.5
18240.8
18293.3
18308.4
19745.6
20811.2
21308.9
21357.5
21536.9
22348.7
22497.9
23609.6
23902.3
24477.4
24487.8
24755.9
24864.7
25345.8
27362.2
28039.9
28312.7
28960.9
29237.1
29759.6
30495.1
32082.9
32355.2
34036.3
34558.6
36269.2
36558.8
37173.6
37330.5
37964.7
38317.1
39559
41030.5
41655
41755.8
41862.5
41955.6
42544.7
42770.7
42849.7
43313.7
43493.1
43646.2
44384.7
45516.5
46340.7
47940.9
49026
49034
49994.3
50554
50596.4
51015.8
51392.5
51447.7
53337.3
53577
54559.1
56061.3
56592.3
57186.1
57572.1
57743.2
57815.5
59144.8
59619.3
59919.2
60807.3
61573.1
63711.3
63830.1
64488.6
64775.6
66873.6
67350.3
67558.1
67716.7
69030
69607
70012.7
70473.5
70583.6
70942.7
71435.3
71769.5
72303.1
73678.4
76622.6
77061.3
77068.4
78453.2
78687.6
79033.6
79273.2
79339.8
79924
80242.4
81128.2
82055.4
83252.8
83397.6
83798.5
83831.5
84692.7
85253.2
85729.5
86561.6
87505.2
87928.5
89204.8
90485.7
91515.3
91985.1
94791
95179.3
96902
97205.7
97933.5
98733.7
99217.8
100741
101006
101377
101817
102053
102234
102234
102295
102608
102655
103104
104570
104751
104795
105254
105254
105416
105532
105754
106695
107488
107824
108985
109094
109199
109467
109782
109792
110053
110923
111717
111813
114073
114645
115074
117707
118426
118495
119407
121391
122085
122948
122992
125115
125689
126039
127719
128069
128254
129094
129451
129529
129538
129918
130087
130410
131312
131461
131940
131959
132462
132623
133219
133515
133817
133980
134943
134998
136446
136541
136554
137072
137314
137640
138258
138261
139671
139932
140079
140118
140317
140588
140604
140756
141012
142586
142843
145829
146277
146318
146582
146726
146937
147366
147479
147901
148163
148877
149258
149262
149917
150206
150422
151401
151634
151806
152711
152969
153048
153541
153911
155279
156046
157768
158248
160324
160830
161509
163560
164308
164331
166462
167651
169120
169357
169455
169863
170097
170390
170906
171025
173636
175158
175590
175905
176346
176727
177360
178609
178706
179276
180206
181472
181522
183885
184312
185744
186309
186553
187456
189703
189733
190188
190907
191367
191433
191510
191685
193899
194893
195966
196125
197249
197567
197842
198089
198602
198899
