1498.34
2170.25
2528.25
2610.5
3426.58
3592.08
5922.54
6529.77
6582.8
7536.42
9142.23
11053.1
12325.3
13003.2
13360
14944.9
15019.4
16058.6
16271
18075.7
18116.3
19104.5
19599.9
20316.3
21019.9
21320.1
22452.5
23017.6
23314.1
23930.6
24199.8
25233.1
27017.1
27079
28924.2
31004
32772.5
35163
35492.6
35957.9
38211.2
38944.9
40324.1
44034.1
45668
45783.1
46631.9
46729.1
47374.7
47569.6
48758.2
50262.8
51097.9
51108.2
51548.8
52016.1
52540.7
53203.5
53256.5
53568.2
54688.8
55842.8
56810.9
57367
57858.1
58580
58783.4
59707
59946.5
60897.3
62973.4
63047.3
63706
64133.9
65396.8
66159.7
67087.3
67568.1
67804.5
68086.6
68821
70239.3
70260.1
70578.2
70846.9
72304.9
72375.8
72680.1
72996.2
73511.5
74269.4
74996.8
75020.3
75282.9
75616
75735.9
76276.3
76362.2
76404
76877.7
78780.6
78862.8
79165.5
79539.5
80034.4
82275.3
83759.6
84948.1
85586.1
86578.6
87092.1
87880.7
88126.9
89554.8
89714.1
91989.6
92389.6
93286.5
93365.9
93770.2
94322.6
94920
95572
95665.4
96092.8
96558.3
96703.7
102502
103515
104607
104613
105201
105241
106679
106720
109174
109712
111785
112170
113140
113786
113934
115202
115664
115677
115964
115978
116686
116870
117284
117386
117693
118506
119279
119888
120715
122551
123090
126503
127719
127753
127887
128006
128650
129160
129593
131186
131669
131656
131917
132538
132629
135441
135531
135709
138844
141220
141697
142213
144831
144954
145301
146815
147310
147570
148009
149678
152110
152450
152494
152592
154867
155102
155479
155481
157737
158305
159815
160373
161459
162233
165335
167269
167544
167626
167839
168057
169046
169260
169399
169988
170743
171444
172514
173137
173592
173742
176954
177025
177198
177728
178288
178990
179332
180085
180774
181464
182297
183525
184044
185265
186593
186796
186940
187476
187516
188064
188074
188399
188436
190469
191663
192438
192721
193052
193297
193667
194625
194917
197019
197788
198184
198202
199598
