2364.36
4705.45
5497.54
11713.6
12019.1
12724.7
17786.9
17903.2
18395.1
22352.8
22366.4
22583.2
25010.4
26230.3
26762.6
26959.4
29682.1
32542.7
32636.5
34701.9
36070.2
37281.7
42789.2
43027.9
43589.9
43909.7
44453
45269.8
46048.4
46403.9
47321.9
48223.8
48902
49608.1
50882.2
52502.1
54821.8
56516.8
61125.8
61343.7
63439.5
64240.7
67091.7
67608
67617.7
68130.1
68509.9
69084.4
69480.3
70514.5
74328.6
74601.8
75978.9
76059.7
76557.3
78212.6
78969.8
80606.7
83985.5
85267.4
85660
86470.1
88105.5
88757
89503.2
90451.1
91790.6
92149.5
92197.6
92277.3
95604.6
97398.6
98610.2
99938.1
101260
101422
101554
103707
104499
105679
107232
108413
109853
112669
113534
113959
114373
114424
114857
114887
116274
118018
118960
119924
120157
121328
121417
124090
125255
125797
125971
126270
126708
127061
128721
132323
135393
135861
136277
138496
142582
143525
143895
144092
150274
151150
151243
151271
152626
154716
157380
158905
166508
166911
168008
168077
174924
175816
176784
177159
178114
182864
184980
185228
185562
186700
188284
189018
190768
191814
192612
192917
194873
196850
198657
