326.95
422.72
450.79
468.11
710.97
953.23
1060.12
1064.98
1183.43
1384.74
1590.48
1692.06
1763.08
2016.84
2022.86
2362.42
2367.98
2385.06
2551.37
2648.05
2763.42
2919.45
3031.11
3048.14
3065.77
3119.62
3302.71
3352.54
3601.38
3675.64
3721.74
3737.66
3776.51
3828.31
4070.02
4404.75
4652.91
4688.35
4705.48
4719.91
4729.31
5209.51
5308.03
5368.24
5462.78
5791.89
5797.34
5816.48
5960.63
6033.92
6060.82
6163.85
6447.92
6479.07
6798.65
6876.94
6948.15
7033.23
7123.34
7342.49
7416.26
7544.18
7785.34
7820.33
7825.57
7864.16
8182.56
8192.45
8433.71
8723.92
8880.28
8925.73
8937.22
9017.44
9065.52
9122.64
9289.99
9393.73
9480.42
9747.64
9996.93
10073.7
10125.9
10299.1
10586.8
10784.8
10832.5
10957.9
11322.4
11421.7
11492.3
11700.6
11805.9
11893.2
12192.4
12231.4
12227.4
12337.8
12380.2
12779.2
12982.6
12999.2
13199.3
13413.7
13536.5
13586.7
13737.6
13888.3
13986.1
14231.6
14236.3
14440.7
14534.5
14546.8
14710.9
14788.3
14881.8
15066.8
15146.6
15286.4
15319.4
15349.9
15374.4
15384
15529
15609.8
15736.4
16031.9
16046.1
16602.4
16678.5
16697
16877.2
16978.3
16974.5
17129.4
17251.3
17573.4
17705.5
17829
18093
18208.7
18267.6
18303.6
18391.8
18568.6
18603.3
18971.1
19007.8
19053.7
19162.2
19255
19268
19585.9
19591.5
19874.9
20074.4
20107.6
20162
20163.2
20288.6
20305.2
20459.3
20669.9
20686.1
20788.8
20881.5
20898.7
20978.5
21133.4
21318.1
21428
21530.3
21858.6
21878.4
21970.9
21992.3
22093.2
22272.2
22392.1
22444.7
22715.3
23022.2
23245.3
23413.5
23537.1
23697.8
23717.9
23835.8
24062.1
24356.4
24511.1
24532.2
24543.5
24802.9
24841.5
25031.1
25051.2
25222
25259.6
25482.5
25671.4
25677
25708.3
25797.6
25895.7
26094.8
26097.7
26158.8
26180.4
26218.1
26223.8
26248.8
26404.5
26632.9
26708.6
27024.9
27167.4
27177.9
27478.6
27936.5
28356.7
28360.6
28470
28689.8
28722.7
28728.2
28987
29188.6
29265
29407.5
29487.2
29518.5
29889.3
29963.1
30004.9
30424.6
30530.2
30587.7
30847.1
31046.4
31082.2
31218.7
31375.7
31630.4
31676.6
31930.2
31944.9
32177.5
32235.8
32501.8
32570.2
32798.1
32833.6
32935
33125
33189.3
33336.2
33355.2
33549.2
33558.3
33601.8
34030.3
34086.2
34294.8
34439.3
34453
34527.9
34770.6
34801.1
35005.8
35136.4
35145.8
35361.9
35427.9
35430.4
35540.2
35585.7
35640
35654.7
35667
35672.1
35741.2
35753
35989.9
36099.1
36304.2
36914.2
37093.7
37253.8
37323.5
37547.5
37704.3
37752.6
37918.8
37963.7
38010.7
38156.2
38286.9
38392.2
38792.5
38837.3
39102.1
39202.6
39298.7
39428.9
39518.1
39531.9
39543.8
39550
39669.1
39698.1
39710.5
39718.2
39727.2
40200.6
40238
40416.2
40466.8
40598.4
40663.7
40959.9
41171.9
41311.9
41399.2
41406.3
41910.8
41968.2
41972.5
42022.2
42105.8
42179.1
42605.5
42688.5
42691.9
42869.4
42970.7
43048.5
43062.7
43230.8
43394.2
43475.3
43909.7
43952.3
44050.4
44092.5
44333.1
44344.4
44359
44641.9
44695.5
44968.1
44971.4
45227.6
45435.7
45446.4
45468.8
45495.3
45594.2
45842.7
45877.2
46112.2
46120.3
46207.8
46232.1
46455.1
46474.6
46486.4
46577.4
46895.4
47055.1
47165.3
47238.2
47344.8
47432.1
47458.1
47477.5
47794.2
47986.8
48105.7
48133
48401.6
48630.9
48869.5
49003.9
48993.8
49151.5
49158.1
49168.3
49281.1
49585.8
49701.5
49854.7
49956.9
50404.9
50425.7
50456.9
50522.3
50711.6
50737.5
51280.4
51304.4
51442.5
51647.8
51662.1
51828.8
51859.9
52108.2
52202.2
52682.8
52755.6
52786.5
52793.8
52884.2
52965.6
53012.3
53128.4
53247.9
53383.9
53523.2
53529.5
53643.8
53884.2
54034.5
54204.4
54237.5
54346.4
54636.1
54785.2
55198.4
55482.1
55556.2
55669
55666.8
55693.9
55733.1
55901.1
55943.5
56080.1
56322.2
56469.6
56659.2
57049.4
57440.3
57460.5
57471.2
57487
57998.7
58122.2
58301
58475.8
58681.8
58706.5
58789
58890.7
59101
59289.2
59536.6
59610.9
59709.5
59779.8
59800.8
59881.4
59968.1
60059.2
60130.6
60180.8
60186.4
60299.4
60362.7
60362.5
60635.3
60644.3
60740.8
61039.6
61172.4
61196.5
61406.4
61447.3
61451.9
61623.1
61844.7
62133.5
62335.5
62337.1
62472.3
62840.8
62917.7
63029.2
63180.2
63261.3
63269
63410.9
63591.8
63609.4
63791.6
63901
64043.7
64183.8
64214.3
64222.1
64261.1
64279.6
64402.4
64458.3
64612.2
64691.5
64731.5
64834.4
65167.2
65207.4
65507.6
65571.6
65613.3
65632.1
65886.4
65894.3
66046.5
66235.4
66282.8
66342.8
66411.7
66448.5
66747.5
66977.1
67122.5
67464.7
67494
67740.3
68030
68065.9
68291.2
68300.5
68416
68454.2
68477.8
68488.6
68558.8
68683
68747.6
68852.8
68943.2
68959.4
68984.8
69047.3
69256.7
69348.1
69464.8
69502.6
69600.1
70025.3
70169.1
70277.1
70357.2
70390.8
70496.4
70578.4
70674.1
70922.5
71350.5
71521.5
71583.1
71584.9
71640
71635.7
71859.1
72067.2
72189.8
72294.2
72405.3
72539.6
72609.5
72630.2
72730.6
72823.3
72959
73058.4
73087.9
73176.6
73190.1
73264.4
73413.4
73577.1
73710.4
73893.3
74031.6
74210.3
74485.9
74829.5
74872.2
74927.1
75144.8
75521
75834.8
75868.1
75991.1
76105
76170.4
76284.4
76364.9
76404.5
76490.6
76582.1
77055.7
77343.7
77543.8
77609.3
77611.4
77759.6
77867.5
77912.9
78260.7
78260.9
78313.7
78436.2
78485.3
78500.9
78632.4
78709.4
78872.2
78944.8
79025.5
79061.6
79117.4
79159
79197.2
79585.9
79880.2
79907.2
80171.9
80182.2
80238
80248.8
80320.5
80351.6
80418.1
80577.9
80784.9
80847.9
81075.7
81231.1
81274.8
81343.6
81603.5
81624.8
81708
81739.4
81762.3
81928.9
81930.7
82269.6
82534.7
82678.3
82720.7
82886.6
83037.8
83058
83227
83262.2
83651.5
83729.8
83923.1
84193.3
84277.1
84353.7
84471.2
84519.6
84567.4
84593.3
84822.7
84937.4
84992
85039.6
85063.5
85119.7
85316.5
85535.5
85601.2
85620.5
85645.1
85660.2
85782
85949
85949.9
86023.7
86106.1
86193.9
86234.7
86384
86450.9
86575.7
86803.2
86958.9
87016.6
87232
87244.3
87257.6
87407.4
87566.6
87604.8
87738.4
87838.4
87881.2
87933.2
87961.7
88214.4
88249.4
88317.2
88826.9
88936.3
88965.5
88978.7
89102.4
89325.3
89360.8
89471.8
89522.2
89837.7
89905.4
90293.1
90397.8
90398.3
90557
90643.3
90708.4
90761.9
90868.6
90904.8
90946.9
91027.3
91053.6
91290.4
91528.4
91614.9
91637.8
91940.5
92112.9
92257.8
92246.8
92525.5
92574.3
92722.5
92814.8
92842.1
92886
93004.9
93016.4
93268.2
93390.8
93429.4
93444.7
93493.1
93515.6
93736.2
93771.3
93778.1
93868.4
93938
93999.8
94225.4
94452.8
94462.8
94603.6
94647.3
94678.8
94717.8
94975.7
94967.6
94996.4
95089.4
95308.4
95336
95563.1
95616.1
95831.6
95837.4
96195.6
96348.4
96376.4
96410.5
96465.2
96692.8
96877.8
96962.3
97474.9
97478.3
97553.2
97696.6
98046.8
98136.9
98327.4
98514
98534
98573.3
98609.6
98719.4
98749.1
98873
98899.3
99014.5
99072.5
99114.9
99326.9
99341.1
99482.9
99814.1
99997.3
100137
100302
100558
100701
100732
100872
100917
101190
101205
101209
101264
101371
101444
102100
102147
102251
102398
102449
102778
102958
103114
103181
103319
103387
103545
103753
103967
103991
104122
104173
104306
104554
104649
104755
104889
105172
105202
105218
105241
105742
105873
106125
106234
106350
106418
106462
106488
106543
106754
106818
107036
107093
107141
107225
107283
107332
107431
107616
107861
107989
108360
108612
108813
108870
108910
108920
109086
109287
109441
109593
109700
109852
109977
110148
110174
110218
110637
110738
110881
110976
111080
111133
111205
111642
111738
111966
112176
112458
112494
112512
112606
112755
112750
112805
112831
112909
112973
113346
113414
113450
113593
113751
113860
113883
113903
113995
114110
114337
114379
114411
114480
114546
114948
115121
115270
115310
115332
115683
115769
116021
116128
116194
116284
116352
116384
116382
116387
116503
116521
116766
116822
117168
117170
117213
117325
117426
117429
117505
117509
117915
117944
117942
118079
118258
118303
118356
118701
118789
118874
118965
119086
119228
119279
119368
119489
119492
119719
119757
120192
120557
120716
120726
120855
120887
120988
121150
121298
121578
121676
121742
122004
122323
122382
122722
122911
122943
123000
123085
123101
123269
123421
123507
123563
123604
123829
124059
124066
124079
124187
124218
124508
124648
124738
125258
125392
125474
125506
125536
125542
125763
125903
126145
126436
126493
126704
126726
126976
127243
127524
127661
127772
127811
128136
128496
128516
128705
128813
128988
129002
129044
129248
129370
129386
129423
129566
129632
129794
130252
130289
130400
130452
130623
130804
130810
130918
131025
131411
131559
131610
131687
131707
131923
132063
132173
132247
132237
132271
132303
132654
132671
132721
132743
132880
132916
132977
133054
133071
133253
133326
133401
133533
133651
133859
133945
134038
134139
134289
134337
134382
134631
134803
134860
135025
135120
135259
135257
135390
135416
135558
135590
136130
136251
136365
136442
136467
136611
136722
136784
136979
137013
137037
137083
137175
137182
137456
137779
137873
138079
138262
138324
138344
138516
138583
138751
138848
138951
139178
139217
139325
139360
139517
139535
139690
139804
139973
139998
140008
140166
140242
140388
140433
140669
140734
141015
141302
141328
141361
141638
141666
141851
142031
142121
142249
142425
142565
142626
142753
142895
143157
143248
143330
143370
143420
143582
143646
143777
143815
144038
144160
144216
144355
144562
144654
144980
145210
145196
145306
145606
145739
145774
145856
145958
145973
146047
146447
146537
146577
147114
147134
147185
147309
147577
147761
147807
147999
148043
148109
148174
148670
148764
148771
149075
149138
149235
149311
149558
149552
149559
149820
149868
149883
149994
150114
150160
150372
150435
150459
150464
150554
150745
150927
151008
151007
151032
151151
151289
151425
151433
151482
151573
152032
152281
152422
152451
152704
152703
152879
152961
153502
153579
153646
153803
153964
154128
154255
154395
154571
154941
154955
154970
154981
155105
155233
155392
155405
155488
155588
155756
155930
155929
156244
156273
156435
156646
156881
156889
157500
157535
157621
157640
157731
157758
158017
158484
158526
158561
158788
158827
158904
158938
159285
159276
159389
159611
159781
159836
160029
160116
160226
160387
160427
160496
160627
160790
160869
161103
161141
161219
161234
161402
161445
162086
162170
162416
162463
162457
162530
162546
162812
162809
163052
163079
163136
163281
163283
163412
163577
163820
163937
164132
164252
164409
164662
164868
165047
165431
165462
165500
165656
165676
165674
165668
165720
165820
165932
166084
166219
166227
166269
166481
166501
166599
166631
166798
166787
166976
167257
167286
167335
167494
167499
167522
167767
167996
168212
168360
168707
168878
169174
169185
169170
169276
169463
169670
169806
169834
169960
170277
170327
170686
170686
170781
170777
170806
170937
171132
171209
171439
171482
171585
171731
171777
171904
172068
172182
172208
172371
172391
172683
172687
172750
172971
173165
173181
173192
173373
173677
173720
173946
174031
174100
174466
174734
174823
174897
174913
174964
175035
175389
175480
175503
175678
175701
175772
175824
176133
176369
176401
176609
176712
176967
177297
177397
177461
177679
177704
177752
177768
177778
177964
178074
178209
178289
178346
178549
178737
179223
179353
179444
179638
179704
179914
179945
180100
180188
180272
180275
180303
180331
180582
180765
180873
180928
180989
181124
181168
181382
181803
181898
181958
181992
182049
182204
182559
182620
182690
183057
183191
183551
183667
183893
184025
184177
184387
184451
184860
185056
185079
185275
185310
185513
185575
185693
185780
185997
186058
186113
186229
186251
186512
186582
186712
186816
186828
187022
187263
187262
187290
187330
187478
187511
187802
187866
187867
187938
187935
188097
188158
188150
188391
188469
188475
188600
188834
188859
188950
188971
189132
189156
189202
189324
189356
189607
189820
189886
190167
190282
190332
190355
190744
190789
190815
190881
191004
191172
191248
191368
191398
191571
191661
191933
192046
192110
192169
192550
192584
192734
192746
192825
192855
192891
192951
193038
193185
193254
193314
193664
193799
194066
194104
194101
194273
194548
194721
194799
195024
195169
195312
195409
195452
195512
195553
195626
195858
195952
196017
196150
196444
196485
196640
196794
196959
196976
196977
197014
197045
197245
197338
197363
197748
197796
197967
198079
198080
198122
198238
198571
198576
198673
198739
198795
199089
199574
199549
199665
199701
199859
199926
199946
