225.62
561.27
629.55
910.45
1124.35
2602.35
2800.03
2803.35
3272.4
3438.94
4357.92
4421.82
6588.3
7903.62
8841.1
9900.45
10869.3
11028.8
11306.8
12720.9
13483.3
14186.1
14455.2
15673.7
15803.5
15917.3
17045.7
17234.4
18464
19911.9
20891.1
21667.3
22519.8
22968.8
24221.6
25582.4
27310.5
27622.3
27712.3
28075.1
28212.3
28348.6
29556.4
30830.9
31008.7
31774.8
32714.2
33692
33803.2
34907.8
36380.6
36650
36995.5
41688.5
41704.7
41937.6
43060.3
45843.2
47580.5
47727.7
47928.6
49458.2
50087.5
51277.1
51928.7
52981.7
54542.9
56289.9
56534
56968.9
57884.7
58377.7
58462.1
59408.6
59964.4
60309.9
60960.2
61205.6
61750
62078.6
62783.3
64590.3
65558.8
66024.9
66530
66798.4
67375.7
67416.9
69203.7
69440.6
69920.5
69994.4
70013.8
70556.8
70777.7
71418.7
71604.1
71726.3
72140
72624.4
72819.1
72991.7
73647
73977.2
74272.6
75165.6
76348.7
76845.9
77264.4
77437.6
78254.1
79588.3
79799.1
80523.8
80769.2
80970.6
81535.4
82213.2
82535.3
82663.5
83954
84584
85654.2
85944
86261.1
86443.1
87181.7
88368.1
89086.2
90245.1
91475.9
91693.2
92038.9
94915
95069.2
95341.4
96092.9
99214.1
100955
101847
102045
102160
102712
103077
103251
103697
105271
105698
107095
111036
114432
115093
115495
116283
116494
116580
117629
118125
118220
118551
118936
120106
122108
122265
123446
124991
125540
125590
126367
126489
126985
127084
127818
129024
129404
129856
129924
130300
130297
130611
130710
130966
131241
132938
134034
134382
135240
135868
137397
137540
139703
140455
140756
140870
143187
144270
145089
145714
146003
146086
146399
147022
147249
147681
147819
148030
148350
148566
148587
148899
149699
150568
151166
155911
156860
158619
159025
159098
159326
159383
160506
160610
161813
162415
163727
164890
165185
165312
166395
166458
168074
169989
171028
171549
174099
174449
174508
175317
175351
175997
177293
178300
178958
178966
179080
179087
179685
181763
182288
184142
185380
185543
186157
186414
186527
186766
189621
190300
191389
192319
192342
193168
193786
193930
194317
194629
195833
196025
196520
197235
197359
197737
198073
