4383.46
6758.72
7223.35
8074.39
8617.94
8954.81
9570.33
10625.1
13747.1
18108.1
18899.8
26974.5
27719.3
31281.1
31740.1
32079.9
36431.5
38565.2
38980.3
39262.6
43064.1
44342.7
44929.7
45877.1
46278.6
46417.5
53123.8
55856.3
58172.4
71847.2
76281.3
81256.1
81916
88390.8
89104.9
93221
96140
97272
99935.3
107953
111194
118526
127454
127997
129702
132517
133005
133699
134006
134292
135447
136875
137140
137727
138393
139490
141768
142025
142406
142755
144984
145782
146017
146765
147297
148970
149639
150032
150418
150490
151764
152619
152746
153455
153774
153975
155344
155911
157565
157595
159669
166510
167186
167498
169312
173301
173628
176180
177225
178063
179286
179360
179476
180124
180895
181370
181684
183311
183996
184057
185422
185735
186955
189392
189690
190228
190543
191742
192748
193330
193540
194124
194374
195058
197002
197234
198304
198701
198811
