143.87
289.35
678.25
801.46
1048.34
1209.19
1589.07
1822.8
2018.86
2271.34
2287.89
2468.02
2717.57
2790.08
2872.58
3205.99
3224.05
3263.22
3309.42
3337.3
3582.82
4076.84
4290.71
4513.89
4576.72
4869.83
4997.36
5253.81
5422.04
5445.39
5526.86
5707.88
5764.11
5863.57
6324.96
6698.21
6948.12
7433.61
7689.27
8103.28
8387.11
8565.24
8698.54
8890.42
8942.77
9294.46
9464.76
9484.64
9817.51
9850.01
10071.6
10072.7
10092.2
10563.4
10859.5
11151
11157.3
11203.8
11537.3
11871.1
12509.4
13038.4
13917.5
13994
14356.7
14866.7
14961.1
15218.3
15301.6
16014
16497.2
16544.3
16593.6
16721.4
17287.1
17384.1
17692.4
17895
17979.4
18192.1
18490.3
18816.1
18828.6
19364.6
19783.9
19781.3
19837.1
19907.9
20541.7
21002.8
21101.4
21257.3
21260.2
21488.1
21849.1
22345.3
22448.1
22691.8
23231
23242.1
23733.5
23751.4
23831.8
24051.1
24647.7
24795.1
25372.2
25706.4
26133
26499.5
26649.4
26722.4
27333.4
27553
27646.2
27790.6
27993.4
28526.9
29184.1
29300.2
29712.6
29881
30115.1
30191.2
30431.3
30574
30773.9
31457.1
31620.9
31776.3
31789.3
32243.7
32310.7
32473.1
32635.6
32858.9
33142.3
33206.6
33383.7
34033.5
34124.6
34137.8
34789.6
34950.9
35004.2
36075.1
36444.7
36475
36672.1
36709.6
36958.9
37587.5
37780.8
38014.2
38225.8
38330.5
38837.6
38868.6
39514.2
39587.4
39909.2
40032.7
40068.4
40710.4
41136.1
41238.1
41389.9
41503.5
41665.9
41745.8
42118.2
42690.3
42972.4
43103
43119.2
43241.9
43321.2
43378.7
43661.6
44836
45300.4
45327.9
45551.3
45719.6
46093.7
46320.5
46491.4
46621.2
47153.7
47204
47221.2
47994.2
48190.7
48528.3
48822.1
49325.3
49423
49628.5
49743.4
49763.1
49993.7
50054.9
50226.1
50582.9
50991.9
51064.3
51307
51447.8
51583.4
51659
51735.1
52019.7
52506.4
52627.4
52810
52913
52923.6
53590.3
53886.2
54171.5
54242.3
54420.3
54507.9
55459.7
55595
55624.7
56294.9
56344.7
57068.9
57495.4
58094.6
58090.9
58763.8
58793.7
59041.2
59166.8
59398.5
59692
59741.3
59837.6
59845.8
60254.5
60395.3
60503.5
60786.6
61303.2
61338
61353.3
61608.2
61852.1
62546.1
62724.4
62978.6
63122.7
63139.7
63456.2
63535.7
63834.8
64171.7
64282.6
64599.4
64896.4
65374.2
65692.2
65690
65997.9
66407.3
66401.2
66501.3
66513.9
66680.8
67148.8
67213.1
67676.4
67732.1
67829.6
68917
68945.6
69108.7
69120.7
69486.9
70179.2
70239.4
70500.2
70664
70980.9
71573.3
71714.6
72037.9
72115.1
72324.6
72524.3
72726.1
72776.3
72984.5
73039.6
73538.8
73840.4
73882.2
73983.1
74113
74561.8
74658.5
74716
75075.6
75348.5
75376.7
76269.6
76294
76371.5
76447.1
76504.7
76994.3
77350.7
78179.3
79150.1
79210.1
79300.9
79571.2
79777
79898.2
80486.5
80882.9
81051.9
81075.4
81218
81905.7
81942.2
82029.3
82483.1
82800.5
82809.5
82861.9
83101.3
83380.8
83452.4
83768
83935.9
84353.4
84490.1
84784.2
85194.1
85536
85880.8
86374.1
86414
86473.6
86545.7
87445.6
87845.1
87919.2
88114.8
88140.5
88570.3
88975.4
90059.6
90399.4
90613.5
90671.1
90671.4
90837.4
91295.6
91316.3
91589.1
91644.7
91841.1
92310.1
92309.7
92343.9
92615.9
92792.4
92938
93094.8
93141
93243.3
93435
93505.1
93615.5
93695.5
93735.1
93814.7
93854.5
93868.7
93879.8
94312.9
94489.8
94525.9
94784.6
94890.1
95051.3
95074.6
95151.1
95191.9
95348.8
97100.5
97671.2
98584.4
98807.4
99452.4
100088
100353
100527
100603
100863
100960
101487
101578
101874
102752
103515
103758
104580
104939
105269
105743
106179
106727
106763
106764
106782
107538
107790
108055
108173
108388
108511
108853
109104
109240
109346
109569
109915
110449
110522
110582
110952
110985
111159
111446
111892
111920
111931
112086
112254
112433
112717
112975
113066
113172
113297
113349
113622
113676
113835
114134
114200
114571
114655
114973
115231
115389
115451
115592
115772
115968
116558
116599
116934
117166
117452
117544
117916
118038
118110
118305
118651
118715
118803
118968
118973
119237
119560
119658
119993
120176
120262
120401
120989
121213
121279
121468
123046
123148
123771
123953
125095
125268
125465
125842
126582
126782
126908
127198
127301
127850
128111
128250
128798
128839
129597
129677
129841
129908
129930
130525
130792
130911
131796
132025
132155
132626
132651
133172
133184
133212
133639
134308
134343
134537
134741
134863
134974
135287
135414
135421
135484
135518
135728
135789
136093
136315
136544
136649
136891
137249
137383
137468
137605
137781
137995
138344
138735
138907
139167
139318
139462
139521
139832
139973
140030
140094
140536
141097
141351
141381
141410
141408
141610
142037
142039
142243
142710
143048
143499
144123
144428
144646
144984
145435
146062
146299
146545
146669
146811
147343
147553
147910
148206
148772
149021
149318
149772
149930
150079
150389
150724
151126
151196
151839
151991
152438
152752
153045
153166
153615
153758
154032
154029
155382
156575
156858
157009
157346
157653
157714
157844
157933
158157
158542
158564
158835
159811
160313
160483
160854
161258
161338
161604
161680
161672
161903
161958
162220
162299
162836
163172
163610
163823
164218
164595
164604
164971
165478
165797
166190
166270
166875
167110
167869
167925
168135
168162
168204
168272
168491
168573
168809
169020
169495
169665
169822
169926
170003
170277
170522
170941
171584
172371
173367
173524
173633
173880
173895
174157
174485
174949
175999
176099
176366
176407
176426
176472
176902
177202
177221
178042
178169
178277
178307
178406
178547
178777
178930
179000
179015
179209
179431
179697
179824
179983
180247
180413
180815
181069
182245
182546
182717
183228
183671
184991
185069
185408
186396
188127
189104
189550
189762
190325
190757
191586
191697
192084
192604
192703
193071
193084
193135
193394
193549
193704
195285
196043
196065
196226
197777
197847
198025
198369
199638
199748
199740
199961
