154.35
277.98
395.47
445.8
461.67
474.39
1395.54
1402.92
1429.09
1551.53
2401.01
2487.89
2616.21
2639.56
2681.59
2698.84
2735.22
2980.41
3274.39
3502.51
3701.85
3755.34
4055.07
4211.59
5039.21
5050.08
5204.61
5275.38
5422
5540.04
5592.49
5917.96
5921.51
5926.9
5983.22
6028.59
6114.3
6169.53
6316.6
6511.29
6728.19
6753.9
7170.31
7179.05
7208.02
7249.57
7491.2
7500.11
7514.26
7620.31
7905.25
7993.08
8088.29
8199.28
8278.81
8510.44
8652.47
8663.3
8857.3
9023.79
9220.25
9233.38
9250.82
9442.28
10002
10850.2
11067.4
11229.3
11545.3
11637.8
11881.6
12519.2
12729
12848
13027.9
13239.1
13248.6
13537.7
13546.1
13630.2
13695.6
14028.2
14065.7
15219.1
15358.4
15581.8
16137.7
16308.7
16410.1
16852
16855.8
16953.2
17166.1
17331.7
17481.5
17689.5
17789.8
18160.9
18161.2
18298.5
18891.2
19106.5
19231.8
19278.5
19307
19913
20131.6
20299.4
20383.8
20509.5
20873.7
21509.2
22094.7
22112.3
22130.7
22347.1
22625.4
22648.5
22760.1
22818.4
22924.5
22923.3
23413.7
23456.8
23486.5
23752
24086.4
24550.5
24628
24654.1
24924.1
24933.3
25250.1
25300.8
25333.7
25378.5
25559.4
25670.5
25697.6
25723.1
26005.4
26154.4
26197.4
26209.1
26307.6
26563.6
26708.5
26727.2
27264.3
27302.5
27316.2
27342.7
27721
27781.8
28197
28289.1
28510
28624.9
28934.2
29280.3
29327
29390.6
29393.2
29394.6
29448.1
29518.5
29657.2
29675.2
29839.6
30035.3
30104.8
30250.4
30330.6
30570.3
30826.6
30908.5
31183.4
31256.1
31869.6
32090.2
32427.1
32441.7
33434.5
33607.8
33822.8
34526
34559.3
34729.3
34930.1
35835.5
36335.2
36540.3
37093.1
37322
37922.8
38471.6
38830.4
38848.9
38971.4
38988.5
39403.9
39510.8
39691.4
39879.2
39894.4
40005.1
40054.3
40056.2
40216.4
40423.3
40505.3
40520.7
40593.3
40655.6
40928.8
41059.9
41856.3
42320.6
42621.6
43098.5
43789
43955
44494
44952.9
45109.5
45210.9
45208.2
45257.2
45299.2
45443.6
45509.3
45674.8
45715.6
45745.9
45848.6
45953.1
46017.8
46293.5
46587.9
46587.8
46774.1
46930
47246.7
47433
47582.9
47962
48112.4
48399.4
48490.2
48714.4
48747.4
48797.5
48931.4
49204.2
49303.4
49494.5
49510.3
49573.2
49641.7
49668.2
49746.3
49987.1
50161.3
50314.9
50397.7
50498.2
50550.8
50763.9
51093.3
51390.3
51449.9
51642
51779.4
51804.8
51960.6
52007.4
52287.6
52511.3
52551.9
52839
52854.6
53171.3
53318.9
53328.4
53488.4
53533.6
53588.6
53771
53792.1
53857.8
53920.8
54247.2
54261.2
54670.5
54727.8
54827
55028.2
55188.9
55371.4
55523.2
55852.6
55995.9
56095.8
56415.1
56745.1
56768.7
57905.5
58343.5
58459
58940.3
59729.9
59743.8
60789.9
61118.7
61271.9
61330.7
61960.5
62065.1
62171.9
62465.7
62809.3
62990.1
63027.1
63183.2
64047.1
64814.6
64825.9
64900.8
65441.5
65523.5
65533.9
65542.1
65966.4
66223.8
66429.4
66610.4
66631.5
66696.7
66926.5
67007
67166.7
67366.7
67462.6
67664.6
67974.3
68164.3
68304.2
68652.5
69112
69363.5
69431.2
69791.1
70151.7
70538.1
70961
71056.1
71382.5
71432.9
71460.9
71529.6
71562.6
71564.5
71861.7
72529.3
72664
72687.9
72732.1
72863.5
72946
73141.3
73234.5
73289
73568.3
73920.7
73985.3
74725.4
74820
74862.4
75364.9
75576.4
75683.9
75803.5
75832.1
76155.8
76272.7
76506.7
76515.8
76560.4
76569.9
76824.8
77392.2
77862.9
78140.6
78193
78427.1
78466.3
78710.4
78870.5
78906.3
79385.3
79592.1
79735.1
79798.5
79958.4
80131.2
80280.8
80339.8
80375.9
80405.6
80531.9
80642.3
80864.3
81074.3
81377.8
81799.2
82147.4
82360.1
82535.1
82862.7
83470.8
83639.9
83675.4
84016.9
84116.2
84168.3
84375.1
84685.8
84691.5
84698.8
85097
85188.5
85406.3
85534.6
85673.7
85780.8
85910.6
85955.3
86033
86303.4
86314.6
86346.5
86590.5
86606.6
86969.9
87147.7
87251.9
87331.2
88234.4
88682.2
88924.7
89032.1
89184.4
89222.9
89278.6
89390.8
89606.3
89620.4
90028.4
90059.7
90269.7
90442.5
91480.6
91679.4
91710.2
91744.9
92149.4
92342.2
92395.6
92588.3
92833.7
93157.5
93302.7
93722.1
93778.9
93772.4
94108.7
94318
94437.3
94468.5
94610.5
95223.4
95311.2
95591.9
95819.6
95829.1
96131.3
96290.8
96355.5
96681.3
96725.3
96810.2
97046.3
97454.4
97459
97782.1
98138.3
98417.8
98503.4
98584.1
98691.7
98709.8
98966.4
98979.8
99182.6
99186.4
99389.7
99498.9
99510.1
99845.4
99850.1
99951.4
100163
100228
100239
100319
100371
100713
100915
101089
101150
101192
101283
101602
101606
102094
102133
102158
102226
102323
102379
102452
102493
102638
102712
102738
102910
103203
103206
103264
103517
103783
104592
104747
104791
104813
105199
105202
105380
106230
106347
106688
106770
107017
107082
107234
107289
107443
107608
107680
108026
108840
108866
109764
110199
110559
110563
110764
111539
111740
112023
112207
112377
112522
112527
113094
113104
113268
113556
113622
113758
113800
114365
114509
114519
115047
115121
115522
115625
115751
116055
116059
116087
116334
116697
116765
117270
117377
117495
117686
117951
118324
118605
118712
118878
119089
119253
119416
119452
119472
119784
120025
120087
120685
120745
121076
121646
121944
121995
122190
122247
122377
122469
122580
122625
122842
122910
123087
123578
123627
123658
124113
124122
124162
124399
124485
124488
124568
124576
124947
124997
125337
125629
125658
125902
126295
126391
126424
126852
127222
127488
127526
127866
128147
128542
128599
128741
128844
128997
129024
129362
129504
129869
130364
130699
130888
131024
131243
131473
131592
131633
131672
131695
132019
132150
132262
132613
132705
132792
132798
133039
133052
134134
134210
134393
134410
134483
135534
136650
136748
136914
137266
137409
137601
137613
137706
137907
137940
138080
138091
138520
138543
138673
138803
139231
139241
139250
139372
139550
139666
139831
139855
139956
139962
140182
140285
140544
140720
140859
140914
141206
141321
141518
141612
141999
142043
142140
142202
142242
142455
142725
142884
143029
143037
143458
143498
143645
143998
144161
144252
144371
144551
144785
144865
145527
145626
145718
145921
146839
147346
147619
148014
148380
148571
148862
148986
149221
149323
149710
149712
149726
149873
149985
150274
150363
150976
151428
151583
152024
152356
152591
153037
153057
153400
153414
153736
153830
153849
154620
155145
155322
155627
155640
155886
156070
156373
156445
156496
156846
157093
157332
157591
157783
158365
158368
158549
158919
159003
159416
159521
159633
159660
159808
160150
160159
160235
160443
160488
160732
160844
161250
161350
161785
161923
162044
162091
162096
162205
162284
162441
162482
162536
162590
162640
162695
162737
162797
162864
162922
163768
163831
164032
164245
164374
164577
164743
165567
165714
165774
166116
166194
166246
166428
166560
166676
166813
166849
166886
167318
167497
167586
167670
167691
168234
168368
168377
168423
168635
168758
169156
169369
169794
169811
170030
170796
171031
171089
171361
171498
171578
171815
171858
171927
172003
172114
172231
172283
172371
172494
172721
173086
173087
173254
173437
173507
173667
173680
173825
173827
173992
174250
174360
174361
174455
175051
175332
176268
176415
176869
177108
177330
177607
178440
178833
178900
179723
180544
180983
181119
181324
181361
181382
181486
181576
181934
181948
182059
182508
182636
182934
183075
183640
183759
184412
184446
184467
184569
184671
184792
185178
185395
185517
185699
185757
185822
185862
185917
185951
186108
186123
186464
186806
186864
186901
187066
187252
187265
187308
187361
187394
187495
187564
187573
187684
187757
187855
187899
188052
188160
188319
188620
188734
188738
188849
188976
189015
189258
189558
189654
190760
191116
191281
192282
192292
192654
192967
193862
193980
194251
194548
194681
194696
194947
195133
195207
195436
195468
197053
197095
197607
197801
197798
197891
198027
198097
198148
198181
198244
198371
198849
199147
199823
199835
199887
199911
