140.57
259
812.92
825.04
899.85
1097
1114.56
1387.23
1537.37
1784.83
2078.8
2266.74
2709.23
3051.64
3222.89
5062.72
5625.49
5960.72
6230.41
6324.3
6687.89
6820.84
7120.8
7242.66
7434.84
7615.74
7876.87
7940.34
8198.78
8397.79
8479.94
8712.16
8962.77
8975.44
9454.96
9761.29
10483.9
10776.6
10786.1
10803.8
10986.8
11029.8
11527
11820.1
11894
11957.8
12033.6
12190.4
12457.1
12475.2
12804.7
12855.9
13003.1
13098.7
13401.6
13842.1
13972.2
14216.8
14676.7
14738.5
15068
15410.7
15412.1
15544.5
15606
15676.6
15839.5
16026.8
16073.2
16139
16192.3
16456.2
16479
16647.7
16768
16891.4
16897.6
17019.2
17051.7
17173
17225
17644.7
18487.4
18518.9
18963.6
19170.4
19233.5
19405.6
19761.1
19907.9
20202.6
20467.6
20670.8
20765.3
20937.1
20967.7
21020.6
22502.9
23012
23310.2
23415.5
23515.8
23552.4
23617.6
23886.5
23905.4
24076.9
24161.9
24472.9
24943.2
25284.3
25497.1
25738.8
25892.2
26136.7
27450.4
27538.5
27631.6
28234.1
28591.6
29259.8
29484.6
29510.9
31532.9
31756
32038.8
33171.6
33409.8
33412.4
33763.9
34960.9
35130.6
35551.1
36275.1
36453.3
36663.2
36858.5
36933.3
37874.4
38193.3
38303.2
38584.2
38892.6
39436.8
39694.2
39793.7
39798.2
39949.7
40099.1
40413.3
40441.1
40568.7
40712.7
40937
41208.8
41315.8
41723.9
41726.9
42228.4
42345.5
42403.1
42574.7
43152.5
43380.6
43464.2
44129.4
44220.1
45605
45902
46163.6
46270.2
46277.6
46528.6
46553.7
46758.2
46870.5
47235.5
47451.5
47466.7
47638.6
47715.8
47776.9
48079
49302.1
49437.9
50138.4
51172.2
51265.8
51354.4
51408.3
51743.9
51938.7
52323.3
52523.6
52546.7
52924.4
53090.1
53662.9
54007.9
54144.9
54480.5
54764.1
55364.9
55503.9
55624.4
55822.3
56445.5
56469.9
56487.6
57083.8
57184.3
57426.8
57556.5
57972.2
58039
58408.4
58471.7
58550.4
58587
59334.3
59528
59716.3
59727.1
60425.5
60635.9
61142.8
62461.9
63016.8
63499
63540.8
63791.6
64009.3
64171.2
64769
65039.2
65639.6
65851.1
66140.8
66260.6
66426.4
66448
66520.3
66604.9
66740
67332.6
67858.8
67916.3
68021.2
68070.6
68168.7
68372.3
68740.1
69623.1
69833.8
70220.7
70495.1
70534
71276.9
71324.1
72038.1
72904.3
73232
73315
73346.6
73894.9
73990.6
74701.4
74948.9
75130.6
75233.7
75267.9
75917.1
75948.2
76103.2
76608.2
76845.1
76955.3
77034.1
77143.6
77821.7
78084.8
78261.9
78834.5
78844.3
79158.1
79629
80275.5
80454.8
80610.6
81202.3
81972.7
82305
82568.1
83710.5
83746
83836.7
83952.9
84474.5
84541.5
84836.3
85189.5
85289.3
85423.4
85549
85604.1
85848.2
85938.9
86132.6
86361.9
86488.3
87061.4
87225.7
87579.4
87845.7
87955
88306
88479.3
88683.5
88903.8
89245.2
89263
89608.1
89845.3
90008.9
90076.1
90286
90302
90787.3
91219.5
91595.5
91755
92387.3
92723.1
93354
93471
93489.7
93683.6
93760.5
94199.9
94609.5
94783.5
94835.1
95143.6
95175.1
95284
95368.3
95684.8
96317.9
96920.2
97105.3
97373.5
97473.7
97730.5
97969.4
97981.5
98092.5
98191.2
98255.3
98848.7
98908.7
99272.8
99380.1
99788.8
100024
100463
100471
100710
101218
101354
102554
102670
102896
103184
103634
103970
104780
104871
105099
105687
105953
106080
106152
106214
106793
106825
106863
106888
107378
107495
107604
107785
107867
107872
107985
108178
108231
108501
108783
108926
108935
108980
109114
110030
110173
110317
111084
111310
111629
112916
113449
113525
113743
113987
114066
114074
114490
114626
114672
114934
115112
115450
115902
116224
116675
117475
117520
117725
118455
118772
118798
118976
119079
119170
119581
119645
119776
119769
120191
120327
120588
121084
121125
121531
121671
121727
121805
122043
122604
122840
122918
123092
123389
123562
123566
123623
123648
124059
124144
124200
124487
124663
124870
125084
125213
125489
125588
125794
125873
125898
125955
126025
126300
126428
126637
126756
126861
127040
127077
127137
127167
127547
128011
128263
128525
128829
128996
129625
129898
129896
129977
129990
130427
130574
130617
130768
131164
131407
131603
131844
131871
131994
132254
132389
132612
132702
132898
133238
133667
133766
133771
133818
134126
134281
134473
135051
135208
135343
135520
135936
136141
136351
136651
136692
137196
137266
137467
137548
137761
137751
137855
138037
138266
138404
138617
138704
138882
138950
139006
139062
139097
139354
139357
139642
139939
140081
140188
140302
140395
140506
140551
140715
141375
141929
142230
142281
142419
142610
142682
143012
143266
143340
143396
143633
143736
143845
144111
144593
144867
145040
145063
145271
145373
145559
145603
145659
145788
146626
146674
146675
146805
146860
147306
147669
147783
148024
148353
148658
148864
149232
149310
149481
149489
149691
149880
149866
150008
150063
150214
150214
150225
150336
150592
150651
150755
150988
151103
151284
151297
151857
151913
152037
152368
152677
152802
153094
153436
154131
154202
154596
154921
154926
154951
155184
156412
156491
157258
157952
158107
158625
159317
159329
159520
159613
160317
160719
162080
162516
162707
162998
163242
163357
163905
163922
164258
164336
164629
164794
164844
164900
165063
165156
165392
165812
165918
166047
166115
166200
166361
166466
167743
167997
168569
168833
169587
169784
170073
170097
170277
170486
172146
172408
172521
172812
173349
173554
173820
174878
174875
175203
175266
175546
175779
175869
175932
176030
176319
176548
176612
176618
176827
177291
177470
177846
177857
178107
178249
178281
178613
179025
179996
180120
180178
180309
180370
180581
181270
181341
181446
181490
181590
181811
182332
182429
182476
182546
182590
182752
183013
183072
183081
183426
183483
183591
183624
183699
184385
184842
184863
184965
185191
185533
185597
185943
186115
186310
186332
186388
186488
186552
186751
186872
187210
187222
187255
187260
188051
188055
188213
188412
188438
188609
188633
188822
189096
189095
189495
189973
190376
190896
190956
191065
191349
191412
191622
191644
191695
192056
192141
192258
192257
192301
192300
192592
192581
192600
193308
193329
193961
194141
194342
194554
194718
194724
195090
195666
195956
195977
196114
196170
196187
197476
197687
197909
198173
198287
198374
198510
198551
198694
198955
199155
199190
199226
199561
199641
199924
