126.2
163.54
432.61
839.98
1546.8
1681.19
1793.54
1890.69
2426.12
2506.46
2605.29
2647.1
2790.34
2985.73
3129.83
3148.64
3345
4218.12
4329.95
4450.99
4527.13
4926.7
5021.08
5192.83
5519.97
5576.15
6007.02
6293.29
6295.19
6855.65
6878.37
7206.72
7518.25
7680.84
7753.65
7833.04
8123.59
8427.97
8599.05
9229.86
9365.57
9914.8
10347.6
10535.3
10784.5
10854
10917.5
11130.4
11334.6
11579.8
12099.1
12103.6
12303.1
12555.6
12673.4
13021.7
13209.4
13339
13477.3
13584.7
13693
14030.2
14035.8
14369.4
14528.8
14840.1
15104.2
15306.2
15399.1
15629.4
15647.2
15792.9
15976.9
16271.6
16471.1
16788.8
17014.4
17211.1
17463.9
17607.6
17612.4
18147.4
18236.7
18285.5
18426.7
18472.2
18615.7
18697.8
18925.7
18949.7
19033.1
19173.3
19377.1
19587
20466.3
20645.6
21026.8
21077
21359.7
21813.7
22168.6
22490.5
22507.5
23306.6
23434.2
23460.1
23519.6
23558.8
23696.5
23953.1
24049
24614.6
24912.4
25093.2
25242.8
25398
25438.3
25470.6
25900.5
26022.7
26067.9
26557.8
26657.6
26690.9
26832
26995.4
27318.3
27941.7
28188
28427.3
28522.4
28608.2
28831
28913.8
29013.6
29032.5
29256.3
29568.2
29645.6
29894.9
30096.6
30403.3
30680.2
30791.9
30811.5
31151.8
31216.3
31273.3
31508
31709.1
31755.3
31975.2
32132.3
32321.6
32627.2
32789.6
32955
33013.1
33020.4
33482.1
33866
34006.9
34445.8
34448.1
34542.9
34915.2
35569.9
35680.6
35864.5
36460.1
36969.7
37153.2
37175.1
37366.7
37393.8
37542.1
37970
37971.2
38072.2
38542.9
38776.1
38879.5
39264
39355.2
39682.1
40030.1
40330.5
40726.5
40878.9
40946.8
41402.3
42016.2
42211.9
42318.2
42780.9
42931.5
43355.7
43396
44023
44050.6
44425.5
44507.7
44547.7
44876.8
45261.8
45573.4
45604.1
45625.5
45961.3
46430.7
46825.3
46889.8
47053.5
47088.3
47106.9
47314.5
47631.9
48100.4
48333.7
48555.7
48729.8
48784
48904.1
49667.7
50324.9
50544.4
50754.8
50993.5
51905.8
52082.6
52303.5
52345.4
52602
52708.1
52780.6
52982.4
53183.3
53207.8
53603.5
53663.8
53750.2
53846.3
53899.9
54058
54410.1
54787.3
54820.6
54860.9
54902.6
55003.5
55176.6
55525.6
55971.5
56039.7
56147.1
56192.6
56267.3
56576.9
56882.7
56944
56994.7
57026.6
57059.8
57179.7
57603.3
57795.6
58346.9
58452.6
58497
58685.9
58895.3
58949.1
59144.3
59357.6
59616.8
59930.6
60018.3
60051.6
60472.7
60732.9
60941.9
61035.7
61554.8
61635.2
61872.2
61883.1
61926.7
62107.2
62216.5
62222.9
62336.3
62634.2
63301.1
63314.6
63503
63554.8
63912.4
64121.7
64339.7
64407.2
64514.1
64631.4
64673.4
65008.3
65321.5
65416.7
65428.1
65585.3
65608.3
65898.5
66192.7
66231.2
66396.4
66503.4
66914.6
67187.5
67209.1
67503.6
67688.3
67829.5
67937.8
68006.5
69143.1
69207.1
69283.3
69353.7
69379.8
69643.2
69800.2
69855.4
69984.8
70077.6
70521.2
70534.5
70582.1
70592
70888.4
71478.2
71522.5
71883.7
72181.4
72438.5
72438.8
72653.6
72837.7
72990.1
73263.4
73393.2
73529
73576.6
73613.4
73768.3
73990.9
74462.1
75102.1
75152.4
75269.4
75792.7
76101.1
76157.9
76309.4
76554.3
76824.5
76887.6
77115.6
77180.6
77184.1
77300.5
77434.5
77716
77858.4
77863.6
77980.6
78443.1
78617.5
78948.6
79300
79308.9
79549.1
79569.5
79918.9
80524.7
80545.5
80813.6
80954.5
81065.6
81277.3
81343.2
81346.8
81509.2
81960.9
82053.2
82365.7
82831.5
82990.6
83176.6
83405.2
83578.5
83635.5
84033.2
84574.1
84715.1
85324.3
85975.4
86089.3
86204.5
86276.8
86476.8
86488.1
86637.5
86712.8
86931.4
87158.5
87387.4
88199.2
88246.6
88389.5
88433.6
88645.4
88887.2
89488.5
89537.8
89767.9
90182.6
90321.5
90421.4
90465.3
90625.1
90676.4
91795.8
92183.4
92291.6
92392.1
92811.2
92930.9
93094.1
93146.4
93457
93798.3
93807.7
93844.1
93938.6
94378.4
94590.6
94806.1
94905.5
94906
95140.8
95665.7
95751.1
95897.2
96206.4
96249.6
96257
96427.8
96734.5
96788
96897.8
97370.1
97489.2
97514.4
97708.3
97732.8
97896.3
97909.1
98920.2
99029.2
99720.2
99817.5
99979.2
99989.4
100566
100945
100998
101036
101128
101925
101975
102154
102199
102356
102444
102661
102783
102928
103399
103476
103498
103741
103939
103940
104107
104414
104654
104748
104925
105093
105368
105540
105781
105874
105895
106671
106878
106994
107089
107170
107295
107509
107971
108548
109168
109277
109359
109830
109837
109855
110017
110246
110254
110475
110502
110676
110683
110741
110773
110825
110979
111054
111149
111174
111429
111676
111703
111723
112180
112249
112659
112689
112721
112904
113045
113685
113920
113939
114283
114553
114666
114832
114878
114989
115486
116120
116139
116337
116384
116988
117001
117147
117247
117521
117801
117988
118408
118479
118675
118743
118809
118926
118954
119109
119280
119610
119989
120242
120468
120604
120795
120842
120856
121147
121704
121697
122004
122071
122272
122377
122379
122653
122667
122849
123117
123209
123198
123234
123428
123535
123555
123783
123818
123833
124961
125021
125091
125207
125242
126288
126431
126621
126792
127083
127374
127866
127870
128079
128221
128373
128424
128917
128918
128994
129134
129298
129419
129427
129763
129814
130205
130342
130620
130741
130811
131392
131498
131638
131662
131902
132004
132030
132080
132505
132538
132708
132706
132828
132876
133548
133602
133659
133861
133949
134082
134240
134987
134996
135354
135426
135552
135718
135785
136018
136145
136158
136563
136836
137216
137331
137795
137903
138106
138117
138303
138514
138560
138637
138827
138987
139057
139213
139343
139815
139878
140009
140437
140676
140857
140959
141370
141570
141636
141673
141767
141868
142092
142291
142315
142355
142946
143025
143647
143698
143787
143997
144390
145030
145065
145200
145404
145456
145911
146117
146140
146178
146183
146385
146422
146553
147345
147513
147529
147576
147649
148141
148197
148371
148391
148709
148724
149454
149478
149957
150030
150436
150502
150722
150784
150844
151600
151672
151918
152012
152079
152220
152282
152296
152571
152585
152677
152706
152959
153205
153605
153683
153974
154100
154769
155038
155189
155551
155840
155999
156019
156197
156307
156472
156524
156623
156970
156976
157149
157246
157381
157401
157636
157701
158125
158173
158543
158626
158649
158997
159353
159399
159423
159569
159641
159780
159933
160171
160316
160955
161041
161205
161339
161771
161929
162003
162179
162375
162559
162699
162924
163643
163769
163824
163859
164213
164365
164441
164461
164831
165081
165284
165372
165593
165706
165983
166143
166244
166292
166417
166485
166943
166976
167024
167226
167514
167573
167910
168042
168242
168300
169425
169459
169769
169917
169930
170359
170430
170585
170660
170731
170928
170998
171117
171367
171726
172169
172182
172242
172774
173160
173522
173837
174176
174504
174779
175281
175521
175594
175735
175951
175978
176540
176583
176708
176962
177267
177444
177587
177703
177785
177939
178006
178239
178660
178658
178951
179115
179454
179575
179850
179955
180070
180191
180338
180790
180810
181270
181308
181490
181602
181752
182382
182433
182904
182889
183752
183873
184047
184097
184438
184449
184947
185169
185598
185709
186342
186452
186582
187070
187156
187215
187320
187712
188258
188634
188893
189057
189164
189217
189260
189268
189418
189487
189771
189945
190219
190426
190807
191031
191444
191744
191807
191950
192113
192363
192429
193033
193094
193248
193314
193352
193431
193756
193872
194020
194081
194076
194294
195167
195172
195301
195465
195494
195942
195979
196275
196716
196954
197126
197517
197613
197809
198157
198332
198393
198626
198706
198762
198898
199182
199580
199882
199935
