158.62
2226.02
2365.11
2513.39
6133.83
7536.01
9005.84
12108.9
12501.7
12745.2
14264
14957.1
15755
17101.3
17993
19173.7
19864.6
20959.4
21718
24426.9
26245.7
27046.2
28218.6
28707.1
30428.5
30941.6
31040.9
32323.1
32421.4
32748.6
33125
34595.4
34965.8
35271.4
36221
37104.1
37504
37730.4
39646.6
40037.8
40738.8
40858.2
41381
41434.5
41909.9
43256.5
43481.2
44643.2
45738.2
46363.4
47488.4
47917
48221.3
48673.3
48775.1
51395.3
52584.2
53261.2
53265.2
53756.4
54789
54815.8
55227
55428.4
55529
55637.2
56248.1
56357.5
58653.3
60774.3
61149.2
61192.9
62729.5
62926.5
64519.2
64854.4
65281.7
65373.2
66031.8
66299.3
66815.3
66833.7
67082
67151.2
67186.7
68635.6
68812.8
69705.1
70038
70480.7
70669.7
71093.4
71437.2
71828.4
72271.7
72982.6
73431.9
73427.3
74183.1
79555.9
80055.6
80169.7
80688
80929
81247.1
82851.1
84082.8
85650.8
86779
87444.9
89464.5
90054.8
91192.5
91402.1
91590.4
91770.1
91781.6
91781.2
93313.7
93960.2
97271.4
97755.5
99894.6
