100.4
282.95
315.96
479.25
560.1
676.31
866.08
1094.44
1238.74
1754.6
1938.82
2122.42
2374.64
2706.48
2992.89
3000.24
3016.72
3097.4
3442.66
3955.06
4150.08
4254.37
4355.79
5170.43
5269.8
5325.43
5431.85
5530.92
5694.49
5706.61
5748.29
6081.47
8251.84
8795.92
9719.02
9806.37
10330.9
10637.8
10781.4
10784.5
10850
11055.3
11183.2
11202.6
11542.3
11627.4
11744
12640
12883.6
13734.3
14159.4
14405.5
14842.3
15169.4
16635
17064.3
17149.1
17618.7
17980.4
18997.4
19450.4
20687
20786.2
20873.9
20888.5
20997.9
21527.1
21615.5
21704.3
22067.3
22122.2
22195.8
22405.4
23466.1
23517.9
24192.2
24328.3
24426.5
24911.6
25099.5
25239.4
25414.7
26123
26261.9
26678
26778.7
26786.6
27099.6
27187.6
27314.2
27338.9
27611.6
27738.2
27769.4
27987.7
28138.1
28246.7
28332
28427.4
28501.8
28855.4
28987.6
29665.3
29688.9
29991.4
30344.9
30547.2
30576.2
30719.2
30877.4
30945.3
31256
31343.8
31350.1
31663.1
31896.4
32056.9
32683
33624.5
33885.2
34133.3
34354.7
34607.2
35014.9
35134
35385.8
35592.7
35847.7
36072.4
36142.8
36275.5
36290.3
36442.7
36751.8
37069.3
37212.1
37347.8
37428.9
37503
37626.6
37635.3
37755.1
38032
38057.6
38676.4
38946.9
39188.4
39575
40571.6
40684.5
40766.5
40817.3
40973.6
41165.1
41537.2
41708.7
41741.8
41919.3
42057.8
42093.4
42651.4
43146.7
43679.6
43773.1
43914.7
44135.4
44246.4
44598.6
44634.1
44677.3
44967.2
45119.6
45287.6
45642.3
45998.9
46323.9
46497.4
47105.9
47551.8
47708.5
47825.5
47860.6
47979.7
48026.6
48338.8
48416.7
48564.2
49290.2
49335.8
49465
49919.2
49958.6
50056.6
50277.3
50867.4
51333.8
51375
51949.2
52389.6
52544.3
52955.4
53542.7
54247.7
54343.9
54402.9
54674.6
55096.7
55135.9
55193.7
55247.2
55293.5
55479.9
55634.8
55927.5
56304.4
56450.3
57190.7
57369
58715.2
58956.5
59464
59703.7
59934
60083.8
60513.8
60632.9
60852.4
60861.7
61149.3
61255.2
61271.7
61367.1
61446.4
61548.8
61746.3
61832.1
62413.4
62463.8
62658.5
62932.7
63259.7
63409.8
63430.3
63652.8
63710.1
64117.7
64155.8
64493.1
64511.1
64778.6
65176.3
65188.1
65266.7
65332.6
65419.7
65430.4
65585
65734
65850.1
65999.2
66035.9
66045.1
66071.8
66124
66324.6
66447.5
66473.2
67295.7
67512.9
67640
67904.9
68082.2
68204.1
68763.4
68859.5
68924.8
69024.2
69479.2
69587.8
69593.6
69683.3
69798.2
69961.8
70207.4
70461.2
70593.2
70754.9
70859.4
70895.9
70968.9
71058.4
71064.1
71265.2
71543.6
71614.5
71757.9
71929.7
72231.8
72356.8
72571.8
72674.3
72828.3
72840.3
72961.2
73425.9
74185.2
74930.7
75199.8
76080.3
76474.9
76487.8
76636.7
76677.3
76855
76873.7
77377.9
77591.7
77802.8
78247.3
78385.2
78459.7
78799.6
78842.3
79571
79860.6
80049.2
80054.1
80077.6
80207.3
80677.9
80800.5
81391.8
81394.8
81405
81653.5
81852
83071
83428.4
83672.6
84075.5
84705
85267.2
85272.9
86703
87298.6
87462.2
87575
87942.4
88042
88172.9
88731.2
88797.2
89177.3
89450.6
90052.3
90140.6
90450.6
90832.8
91005.1
91437.8
91473.5
91771.8
92113.1
92213
92291.1
92553.2
92556.2
93563.7
93836.1
94030.4
94245.1
94496.4
94621.6
95384
95528.2
95998
96018.6
96133.9
96426.5
96749.4
97379.5
97780.2
97800.6
98090.6
98747.5
98802
99091.6
99441.2
99719.1
99906.9
99928.3
99981.7
100300
100445
100451
100530
100564
100684
100700
100706
101093
101189
101590
101607
101618
101637
101665
101871
101996
102064
102153
102315
102436
102519
102944
103131
103280
103833
103848
103995
104192
104643
104701
104830
105143
105846
105883
106088
106087
106135
106659
106716
106880
106996
107219
107747
108057
108067
108798
108831
109114
109368
109547
109751
110060
110650
110697
110816
110913
111105
111525
112420
112690
112866
113321
113584
113840
114015
114243
114274
114309
114598
114709
114910
114989
115036
115044
115156
115246
115361
116033
116402
116628
116775
116934
117257
117280
117328
117364
117924
118047
118128
118177
118663
118694
118875
118989
119477
119508
119736
120473
120802
120869
120910
121062
121066
121169
121325
121651
121690
121937
122077
122247
122304
122351
122459
122870
122930
123098
123129
123259
123399
123564
123738
123823
124088
124686
125099
125501
126227
127269
127563
128528
128996
129113
129292
129519
130059
131040
131523
131626
131772
132195
132213
132647
132909
133156
133245
133407
133744
133985
135961
136468
136622
137100
137118
137775
138083
138161
138228
138317
138478
138655
138856
139105
139445
140269
140327
140359
140444
140600
140668
140906
140990
141154
141199
141925
142070
142187
142681
143628
143723
143736
144461
145315
145447
145465
145546
146030
146157
146332
146874
147534
147585
147850
148137
148148
148533
148573
148837
148851
149402
149470
150192
151011
151337
152172
152204
152269
152403
152493
152677
152702
152953
153146
153157
153219
153318
154055
154628
154868
154894
155471
155836
156021
156338
156381
156678
156686
156926
157376
157836
158175
158345
158425
158523
158555
159420
159457
159920
160115
160385
160595
160616
160755
160779
160823
160851
161257
161439
161490
161574
162595
162604
163196
163299
163414
163610
163814
164049
165387
165642
165986
166796
167366
167419
167426
168081
168094
168327
168726
169134
169501
169709
170443
170481
170741
170958
171441
171894
171932
172182
172477
172539
172795
173389
173896
174279
174587
175056
175217
175664
175903
176270
176831
176926
177026
177156
177317
177415
177871
178442
178477
178596
178806
178907
178926
178969
179113
179367
179380
179543
179567
179571
179762
180081
180439
180542
181082
181207
181479
182561
183199
183391
184050
184335
184757
184896
185292
185811
186067
186239
186437
186669
186662
187446
188061
188463
188571
189371
189971
190147
190229
190391
190456
190827
190826
191148
192120
192749
193153
193468
193585
194063
195548
195605
195704
195850
195901
196179
196305
196525
196579
196603
196836
197020
197243
197292
197482
197709
197744
197857
197975
198163
198386
199069
199386
199848
