384.95
433
1249.04
1512.08
1513.71
2159.43
2221.3
2647.11
3015.03
3039.18
3189.47
3439.9
3503.43
4468.46
4906.81
5120.21
5655.54
6277.79
6780.96
6882.46
7473.15
7679.97
7690.47
7884.39
8008.2
8026.98
8595.63
8633.48
8715.12
9550.5
9859.27
9875.83
10189.3
11200.1
11228.8
11559.4
11598.7
11776.3
12072.7
12236.2
12417.8
12495
13022.9
13140.9
13399
13837.8
14336.2
14780.2
14831.8
15026.2
15075.4
15125.4
16753
16836
18039.9
18062.2
18245.6
18457.9
19845.5
20026.8
20069.2
20343.9
20550.7
21170
21246.3
21529.6
21797.7
23033.9
23110.3
23280.9
23392.4
23895.8
24285.3
24342
24712.8
25112
25223.8
25271
25531.5
25577.2
25885.6
26467.8
26952.9
27215.8
28103.5
28711.2
29335.7
29597
29736.6
30214.5
30616.3
31461.2
31689.7
32880.4
32969.1
33144.9
33224.9
33248.3
33561.8
34251.1
34422.6
34617.6
35264.6
35282.5
35389.5
35423.7
35852
35858.9
35926.3
37087.7
37453.1
37513.2
38546.9
38950.2
39025.5
39228.9
39338.6
39483
39609.9
39901.5
39932.4
40010
40382.5
40755.2
41183.5
41308.1
41321.4
42302.1
42381.1
42719.7
42793.1
42831.2
43102.8
43415.6
43753
44037.7
44846.4
45059.7
45240.9
45523.9
46183.4
46347.3
46623.7
46621
47197.9
47217.4
47248.9
47482.7
47521.1
47697.1
47751.2
48180.5
49280.1
49276
49744.3
50215
50472.7
51216.7
51715.1
51717.4
52570
53148.3
53200.4
53279.7
53688.8
53852.1
54092.3
54143.2
54844.5
55200.5
55353
55455.6
55491.1
55776.2
56262.3
57057.2
57452.7
57755.8
58003.1
58149.5
58258.9
58904.8
58943.1
58946.6
59366.9
59377.6
59781.6
60106.3
60311.6
60333.3
60721.6
61156.1
61363
61505.9
61885.6
61973.6
62165.1
62251.1
62617.9
63289.7
63414
63737.3
63927
64558.8
64607
64833.5
65224.9
65279.2
65435.5
65492.3
65684.2
65889.5
66184.8
66368.3
66455.7
66468.3
66895.3
67000.1
67931.1
68260.5
68536.1
68522.6
68725.8
69486.6
70054.4
70441.7
71672.9
71886.8
72348.7
73072.1
73599.6
74343
74353.6
74682.1
74698.4
74706
75709.1
76254.2
77380.5
77473.1
77509.8
77730.9
78121.3
78192.6
78793.3
78848.6
79183.7
79993.1
80017.4
80095.3
80235.6
80405.6
80538.1
81124.8
81418.7
81508.3
82471.3
82468.5
82647.6
82834.3
82884.5
83296.1
83516.7
83673.9
84104.7
84858.3
85152.8
85507.4
85693.4
85780.3
86145.1
86341.2
86973.5
87055.5
87146.1
87304
87620.9
88077.8
88541.6
88681.9
88740.9
88941.7
89196.8
89370.1
89624
89905.3
90058.6
90147.7
90180.1
90620.4
90637.9
91148.2
91363.1
91672.7
92263.8
92629
93143.8
93153.6
93285.3
93828.9
94046.2
94225.3
94461.8
94696.3
94751.3
94792.3
96140
96852.8
97220.3
97498.3
98230.8
98429.4
98610.3
98967.4
99622.3
100452
101087
101983
102057
102117
102921
103066
103072
103804
104002
104035
104384
104406
104432
105957
106116
106205
106544
106735
106804
106856
107077
107107
107297
107415
107743
108198
108333
108423
108723
109413
109637
110000
110001
110016
110700
110882
111431
112120
112126
112287
112314
112584
112900
112968
113206
113425
113519
113611
114005
114569
114893
115262
115298
115857
115980
116090
116224
116300
116542
116549
117023
117031
117266
117865
118638
118733
119048
119098
119187
119465
119576
120916
121095
121155
121593
122232
122705
122733
122804
123305
123528
123685
123956
124018
124396
125067
125226
125239
125385
125437
126012
126593
127442
128375
128510
129028
129272
129675
130178
130248
130619
130627
131298
131382
131684
131971
132313
132517
132844
133084
133603
133639
133954
134026
134206
134232
134534
134877
135257
135301
136104
136312
136533
136616
136656
136815
137463
137549
137900
138065
138097
138718
139035
139075
139266
139347
139861
140439
141566
141717
142633
142641
142808
142963
143004
143345
143730
144030
144287
144574
144689
144870
144936
145484
145590
145583
145619
145825
146152
146212
146441
146737
147494
147822
147876
147944
148296
148443
148934
149014
149575
149633
150092
150127
150548
150905
152013
152237
152400
152513
152534
153529
153832
153982
153991
154203
154358
154477
154614
155148
156027
156068
156273
156480
157434
158261
158310
158511
158644
158774
158915
159209
159638
160234
160279
160324
160616
160632
160960
161047
161974
162672
162883
163057
163307
163668
163858
163990
164049
164076
164554
165808
165824
166546
166614
166679
166789
166845
166852
166987
167353
167836
167993
168493
168759
168898
169733
170490
170515
171636
171849
172047
172193
172495
172548
172657
172781
172936
173111
173800
173968
174422
174553
174585
174799
175518
175547
175906
176231
178060
179106
179411
179567
179889
179985
179975
180058
180693
181687
181906
183744
183859
184023
184184
185270
185509
185589
185962
186327
186484
186589
187012
187621
187877
187982
188258
188556
188641
188797
188787
188875
189122
189324
189756
189997
190155
190393
191021
191509
191704
192205
192700
192945
192963
193002
193978
194506
194556
194914
195035
195164
195381
195609
195903
196132
196399
196725
196870
197044
197089
197318
197669
197754
197984
198515
198516
198969
199090
199261
199447
199735
199903
