1499.9
1947.31
2435
4127.69
6275.75
6573.35
7650.98
8491.54
8537.26
8990.74
10127.6
10849.6
14739.3
15890.4
16174.8
17099.9
17508.3
17696.3
17905.8
17927.1
18100.2
19155.2
19487.5
20310.6
20361.5
21450
24197.8
25112.6
25879
26307.9
26749.5
27192.5
27201.3
27499.2
27779
27822.2
27875.7
28352.8
28360.4
29196.1
29296.1
29876
33033.4
35030.4
35774.1
36155.5
38786.4
39763
40376.1
40692.1
40846.8
41375.7
45323.7
45334
45606.5
46988
47860
48453.2
48723.4
48964.6
54855.6
56224.2
58805.7
59205.6
60292.9
61657.9
65465.5
66983.6
74439.3
77376.1
80238
81114.9
82913.9
83740.2
84364.1
84872.7
86492
86839
87222.7
88206.1
94514.4
109999
110177
110303
111065
111113
111583
114507
114659
114889
115165
116528
121188
125841
133115
133885
133983
135334
136266
136629
137541
137807
138122
138204
138580
139157
139201
139644
140532
140702
140954
141323
142055
143942
146714
148464
150521
152289
153996
154729
156945
158120
160830
161309
163474
166501
169336
173492
174225
175413
175460
175949
176433
177036
177638
179933
180066
181879
183664
186229
186615
188438
188435
189194
189366
189863
190464
190746
191952
192227
195058
196301
196557
196666
197541
198720
199285
199345
199697
199851
