1770.51
2560.37
9349.59
32701.5
43685.7
45410.7
46553.2
51449.6
68298.8
68682.5
68945.9
69966.5
70159.2
71949.8
72646
76686.7
80043
81527.9
86906
88271.2
90075.9
90654.1
90806.8
91057.7
92636.2
96846.9
97919.8
98784.5
101404
101790
103044
104194
105119
107250
107475
107754
111499
115917
116330
116507
117154
117598
119324
120631
121808
125196
127537
128226
128949
130233
134972
137739
140445
146333
146928
147933
148164
148559
150226
150950
151957
152614
153051
153710
154527
154634
155042
155865
160649
164256
165289
167254
168118
168944
173497
176188
176592
177317
177622
193824
199187
