1214.05
1767.69
2537.95
3190.98
4460.58
5350.71
6194.56
11122.8
13603.2
15895.8
17927.9
18836.7
19060.2
19307.1
21523.3
22198.1
22866.8
23116.6
23494.4
24166.7
25794.5
28413.9
28831
30883.9
35212.3
35513.5
36045.7
36943.9
39268.9
39531.5
39547.2
40601.6
41866.6
41944
42892.1
43167.9
46527.6
47632
48573.7
57528.3
60719.5
62243.9
66018.4
67583.9
68130
73900.6
74501.1
79480
81413.3
86746.6
89090.8
89752.2
95262.3
95561.3
96736.2
97610.8
99483.5
100299
103304
104109
104723
107680
108095
109162
109353
109528
110782
111025
111088
112110
113642
113732
113985
114224
114339
114709
115056
115508
122054
123164
124026
124659
126132
127937
128267
128611
129735
131791
138836
140652
140735
141674
142839
144605
147506
149058
149860
150621
152533
154297
154928
154963
156224
158420
158819
159246
159913
160074
160700
162361
165049
170844
171276
173010
175070
175961
176218
177908
178295
180179
180783
182333
183365
184428
185874
187537
188256
189097
193098
193777
194699
194980
195322
195381
195667
195705
196401
196490
196551
196661
196781
196949
198365
199656
