139.81
298.68
1474.54
1852.18
1876.8
3294.7
4627.82
4752.14
5039.2
5204.54
5538.72
5713.45
6012.94
6122.54
6140.42
6217.43
6324.13
6626.56
7228.06
8002.76
8144.32
8478.24
8920.22
9038.07
9049.17
9244.45
9292.13
9430.15
10008.3
10026.5
10221.5
10460.4
10590.1
11093.1
11654.4
11669.2
11939.3
11941.5
12125.2
12509
13164
13219.3
13663.3
14172.9
14384.3
14658.9
14666.9
14941.9
15074.4
15187.4
15569.9
15945
15967.3
16536.8
17382.8
17860.1
18215.9
18336.3
18411
18754.9
18921.8
19183.4
19188.7
19333.3
19548.6
20593.3
20704.4
21111.1
21205.9
21372.7
21709
21849.3
22563.8
22737.9
22782.6
23082.1
23402.5
23579.5
24056.8
24388.3
24556.8
24832.4
25491.8
25490.9
25546.9
25730.8
25900
26042.5
26587.3
27134.8
27564.4
27764.8
27917.2
27952.9
28049.4
28220.2
28252.8
28469.9
28604.4
28792.5
29121.3
29177.2
29181.3
29223.2
29665.2
29824.2
30099
30358.2
30448
30451.5
31012.8
31138.4
31399.8
32352.4
32570.1
32622.6
32764.8
32858.8
33125.3
33161.7
33456.9
33485.3
33502.9
33603.5
33969.6
34819.8
35381.5
35911
36293.9
36447.8
37616.7
37676.8
37951.4
37975.1
38122.9
38439.4
39116.2
39176.8
39769.3
39898.9
40095.7
40278
40401.5
41092.4
41314.9
42768.5
43288.2
43482.8
45043.1
45148.8
45770.8
45868.7
46953.3
47902.1
48049.7
48230.8
48273.9
48275.5
48664.7
48753.1
48937.5
49015.4
49874.4
51161.2
51541.9
51806.8
52140.6
52381.6
52387.5
52707.5
52724.9
53263.2
53378.2
53719.1
53730.7
53794.3
53955.4
54235.1
54829
55768.1
55902.7
56791.4
56892.7
57012
57156.5
57328.6
57580.6
57799.6
58251.1
58291
58457.6
58616.6
58946.1
58972.6
59338.8
60319.4
60988.3
61021.9
61597.5
62007.1
62042.2
62228.3
62367.6
62543.4
62882.1
62968.3
63316.9
63388.2
63609.3
63705.6
64044.3
64829.2
65313.9
65847.1
66843.4
67261.1
67360
67534.9
67910.9
67967.1
68080.6
68240
68824.3
69168.5
69164
69981
70119.4
70366.1
70452
70807.6
71501
71792.7
71821.1
72107.9
72348.5
72380.1
72561.7
72591.7
72622.5
72933.2
73471.9
73710.5
73791.9
73888.7
74043.6
74376.6
74425.6
75091.2
75279.4
75578.8
75709.3
75929.5
76064.7
76320
77004.8
77101.3
77500.6
77732.5
78097.7
78334.6
78618.1
78801.4
79896.3
79917.1
79958.7
80065.6
80716.5
81110.7
81408
81457.4
81704.1
82027.6
82029.8
82300.5
82492.6
82624.6
82940.9
83402.6
83572.7
84460.5
84470.8
84530.7
84687.6
84814.5
85201.7
85709.1
86011
86381.1
86607.7
87030.7
87223.3
87259.8
87532.5
87897.6
88279.8
88328.1
88705.9
88771.1
88939.6
89059
90618.7
90771.2
91101.4
91450.6
92023
92194.7
92581.4
92897.8
93083.9
93473.9
93514.3
93976.1
94368.6
94687.9
94854.1
95220.6
95454.2
95685.7
95955.3
96277.7
96871.4
96894.1
97250.7
97702.7
98023.5
98346.1
98508.5
98687.9
99031
99532.4
99724.9
99758.1
100280
100390
100615
101024
101074
101089
101253
101734
102168
102206
102483
102622
102910
102965
103429
103524
103605
103735
103821
104472
105135
105232
105309
105735
106114
106198
106408
106498
106518
107058
107255
107387
107761
108235
108428
108590
109272
109828
109978
110284
110631
110892
111185
111321
111350
111539
112002
112618
113771
114704
115005
115123
115673
115916
116050
116155
116397
116475
116536
117583
117624
117699
117794
118492
118853
119153
119669
119727
119901
119931
120365
120585
120580
121931
121988
123013
123451
123786
123934
124013
124151
124709
125157
125363
125383
125610
125679
125985
126424
126569
126837
126845
126950
127093
127642
128164
128265
128480
130373
130449
130724
130817
131239
131614
131788
132278
132512
132625
132998
133359
134330
135007
135008
135063
135296
135472
135561
135840
135967
136827
136875
137707
138483
138499
139003
139684
139798
139846
140680
141219
141437
142375
142699
144151
144499
144773
145157
145400
145935
146280
146987
147157
147416
148303
148772
148990
149168
149221
149307
149393
149518
149867
150655
150674
150922
151017
151222
151316
152051
152426
152583
152956
153076
153212
153329
153614
154656
154811
155204
155402
155689
155816
156167
156663
156999
157052
157251
157536
158365
158438
158661
158714
158871
159748
159859
160230
160980
161438
162008
162408
163003
163403
163484
163809
163808
164765
165081
165474
165665
166499
166781
166864
167107
167481
167645
167746
168408
168662
168727
168932
169004
169404
170422
170776
171401
171587
171618
171750
171850
172315
173116
173784
174204
174991
175410
175719
176128
176166
176544
177370
177473
177645
177793
178145
178191
178371
178485
178975
179123
179120
179170
179216
179692
179856
180328
180558
180803
180849
180884
180997
181632
181974
183113
184091
184470
184798
184841
185556
186016
186180
186373
187007
187106
187326
187843
187926
188189
188540
189065
189243
189411
189520
189688
189807
190614
191126
191280
191548
191759
191844
192098
193272
193391
193597
193737
193891
193978
193998
194146
194299
195258
195278
195297
195416
195601
196438
196629
197097
197215
197451
198168
198356
198929
199386
199491
199508
199581
199726
199796
