575.8
1902.66
2048.68
3615.11
4398.78
4602.36
5645.62
6055.83
9862.14
9902.22
10452.5
11421.2
15531.2
20161
21314
22738.2
23775
24461.6
27466.5
30193.4
30397.4
31626.9
32194.3
32793.4
36226.6
36385.2
37344.3
37696.1
38853.4
40911.5
42118.5
42328.5
45803.8
46926.9
47947.9
48214.8
48268.8
48638.4
51490.9
53577.9
53824.1
54690.6
56234.2
58956.4
60950.1
61826.4
64995.5
66992.3
67605.5
67786.8
69259.5
69849.9
71981
72741.4
73322.1
73543.5
77009
77302.4
77513.4
78593.5
78822.8
79031.1
79237.2
81068
82293
86925.2
88995
89162.5
90957.3
91785.5
92534.4
92785.4
96327.6
97864.6
99030.1
100958
105759
106034
106906
107383
108344
109002
113072
113670
114669
114877
114976
118329
121371
121587
122015
123784
124390
124903
128333
128656
129456
129661
131729
133227
137227
137892
141506
143797
143882
144354
145707
145741
148464
148637
152821
155023
155053
155821
156673
158663
160407
161059
161671
162352
163485
163755
172037
173534
176011
177085
179131
180141
184487
185053
189558
191089
191572
192409
199547
199960
