310.15
1299.17
1683.25
1859.62
2623.27
2900.98
3592.2
3794.92
4644.9
5547.1
6017.19
6520.39
6843.61
7180.07
8845.65
9037.89
9189.16
9774.11
11114.5
11769.6
11986.5
12837.1
13246.5
13376.3
14675.4
14971.5
15269.6
16941
17657
19763.2
20060.1
20361.2
21034.4
21689.9
21910.1
22452.9
23086.5
23885.7
23899.1
23977.6
24472.2
26047.2
27126.7
27373.6
27768.5
28202.9
28273
28669.8
28901.4
28947.9
29156.9
29732.7
30416.7
30772.5
30848.5
31844.6
32105.9
32454.5
33668.6
34225.2
34479.6
34830.8
35425.9
35720.6
36261.7
37108.4
37378.2
37625.5
38574
38721.9
38855.3
39671.3
40105.1
40356.1
40409.4
42775
43939.9
44345.8
45161.1
45831.8
46361.7
46619
47391.1
47726.2
49253.9
49798.6
49949.5
50076.7
50361.6
50747.3
50788.2
50942.7
51105.1
51400.1
51418.2
51714.8
51818
52891.9
53069.4
53963.4
54370.2
54457.9
54773.9
55199.9
56917.3
57060.7
57581.5
58048.1
59914.8
61042
61418.7
62050.8
62551.7
62894.8
63031.5
64543.1
64848.7
65232.3
65249.3
65444
65915.7
66189.4
66580.2
66957.2
67313.1
68096
68802.5
68819.5
69741
70080.5
70125.4
70296.9
70841.9
71103.3
71241
71975.3
72282.8
72358.2
72600.6
72870.1
73800.4
74134.2
74385.9
75095
75588.2
76832
76848.4
76920
77836.8
78532.1
82144.5
84116.9
84695.6
85208.1
85222.3
86187.7
86214.7
86725.5
86986.2
87611.5
88340.3
89691.3
90205.2
91110.7
91446.5
91859.4
92181.5
92192.7
92583.8
93526.7
93992.7
94454.8
94698.8
94773
94979.7
96311.4
96942
98656.5
99959.2
100143
100396
101091
101641
102159
103065
103614
104220
104813
104868
105003
105157
105852
106614
106765
107061
108000
108585
108944
109156
109274
110299
110368
111148
111274
112008
112044
112469
112717
112912
114709
115344
116057
117234
117310
117828
119054
119379
121042
121788
123631
125175
125373
125391
125396
126176
126579
126857
127101
127589
127645
128557
128993
131253
131803
133105
134746
135687
136615
137521
138852
139162
140057
140434
140645
140783
141228
141915
141929
142017
143783
144280
145696
146185
148585
148750
149877
150563
151928
151922
153206
153206
153621
154008
154672
155210
155826
155872
156100
156229
156729
157374
157473
157975
158878
159266
160422
160614
161302
161451
162420
162434
162666
163120
163334
163352
164309
165434
167412
167651
167973
168636
169246
169824
169849
169927
170891
170975
172157
172837
173343
173465
173659
173899
174672
174994
175084
175415
175852
176005
176137
176468
176890
176933
177479
178979
179677
179860
182086
182952
183195
184101
184410
184808
185507
185566
185855
185968
186111
187108
187216
187887
188343
189491
189526
190515
190761
191792
191961
193988
194148
195425
195606
197200
197554
197835
197939
198149
199114
199516
