685.4
808.1
940.41
1027.08
1067.04
1228.14
1286.18
1831.37
1936.06
1949.26
3016.79
3103.61
3396.25
3674.46
4081.53
4121.49
4198.03
4235.41
4386.47
5144.74
5312.57
5394.69
5737.35
5742.95
5833.86
5966.91
6086.57
6490.84
6624.95
7057.68
7275.23
7314.42
7406.33
7533.43
7539.47
7696.47
7994.47
8104.12
8338.71
8572.84
8787.9
8874.3
9123.86
9486
9544.89
9573.71
9718.29
9931.65
10109.6
10154
10265.2
10440.4
10478.2
10661.1
10893.2
11055.4
11261.3
11967.8
12426.3
12532.2
12782.6
13071.7
13648.2
13684.2
13805.5
13839.2
14157.5
14399.9
14435.3
14809.9
15441.2
15476.7
15575.6
16239.2
16279.8
16394.3
16435.6
16626.9
16639.5
16761.9
17389.6
17645.7
17816.2
18162.3
18313.7
18466.3
18506.2
18550.3
19336.2
19509.4
19755.7
19934.6
19968.7
19986.4
20156.4
20303.6
20434.4
20696.6
20828.4
21207
21534.1
21993.8
22081.5
22253.1
22410.7
22779.3
22971
22980.8
23077.4
23496.7
23571.9
23649.2
23653.3
23879.6
24176.5
24249.1
24807.9
25082.1
25153.1
25159.1
25252.6
25502.6
25509.4
25862.5
26178.5
26241.6
26662.2
26755.9
26807.4
26840
26911.7
27254.6
27270
27608.5
27649.6
27805.2
27957.1
28132.1
28350.1
28553.8
28841
28880
29078.1
30038.6
30079.3
30157.8
30200.8
30899.1
30990.8
31352.1
31383.7
31537.4
31543.9
31553.6
32155.2
32821.5
32842.9
32936.8
33795.4
33896.1
33978.2
33999.4
34747.9
35400.6
35435.1
35480.3
35715.8
35726
36616.4
36738.4
37070.4
37188
37301.4
37496.2
37749.3
38067.8
38124.8
38359.9
38458.5
38520.8
39242.8
39607.3
39699.4
39740.4
39959.1
39954.4
40339.2
40794.8
40842.8
41073.8
41111.5
41234.1
41243.8
41288.1
41800.2
41921.5
42298.9
42376.8
42575.3
42637.5
42676.3
43050.4
43127.6
43169.8
43238
43246
43522.8
43553.4
43587.6
44156.4
44464.7
44741
44902.8
45207.3
45453.9
45573
45968.9
46185.4
46360.7
46742.8
46822.5
47370.4
47550.6
47958.7
48047.4
48227.9
48573.8
48570
48604.4
48864.2
48899.3
48977.7
48991.7
49219.1
49568.2
49661.2
49868
49968.9
50347.9
50381.4
50449.9
51032.8
51420.4
51441.6
51682.9
51765.8
51813.7
51950.6
52146
52162.6
52229.4
52300.8
52372.2
52392
52467.1
52888.3
52931.9
53298.7
53917.7
54052.4
54305.8
54384.4
54703.8
54722.7
54760.2
54866
55247
55908.6
56441.2
56481.6
56791.2
56882.9
57144.2
57554.4
57717.8
57791.4
58070.4
58227.2
58636.6
58640.7
58848.2
59054.4
59198.9
59386.2
59883.2
59896.5
60112.6
60128.1
60502.5
60527.8
60602.6
60633.2
61007.6
61216.8
61282.8
61628.4
61807.7
61864.1
62036.3
62245.7
62242.1
62727.2
63465
63830.2
64124.4
64375.5
64909.6
64936
64981.2
65316.8
65495
65557.1
65623.2
65844.4
65898.2
65934.9
66057.7
66128.2
66388.1
66585.3
66716.6
66747.9
67075
67103.4
67267.7
67291.1
67653.2
68065.3
68077
68131.3
68155.2
68174.2
68191.4
68803.2
68950.8
68993.8
69031.8
69267.4
69439.5
69731.5
69764.4
69975.1
70161
70245.7
70316.9
70657.6
70709.4
70893.7
70960.6
71271.2
71319.1
71384.8
71860.8
72019.7
72147.8
72343.6
72703.3
73351.2
74387.7
74562.6
74761.7
74779
75028.1
75064.9
75119
75481.7
75560.8
75734.6
75971.5
76054.1
76429.6
76444.3
76549.9
76693.2
76734.9
77146.6
77608.6
77606.7
77632.8
78033.5
78201.3
78664.4
78674.5
78905.7
78968.9
79072.4
79169
79771.4
79967.6
80035.7
80174.5
80328.4
80508.5
80619.1
80860.2
81115.3
81464.4
81548.4
81699.2
81836.9
81900.1
82595.1
82678.9
82880
83197.8
83309.2
83372
83373.8
83403.5
83417.3
83461.1
83769.9
84051.8
84165.1
84468.9
84809.3
84926.4
84939.9
85316.1
85611.6
85724.4
85999.4
86212.3
86261
86390.2
86914.7
86941.1
87010.8
87089.9
87129.2
87151.3
87654.4
88192.3
88403.3
88621
88703.6
88981.9
89075.6
89289.7
89495.9
89711.5
89854.9
89864.4
89874.9
90429.1
90624.9
91811.8
91880.2
91884.3
92601.8
92762.5
92802.7
92843.8
93472.3
93506.7
94204.4
94442.7
94618.9
94947.6
95011.2
95150.7
95627.6
95834.3
96359.8
96922.1
97481.6
97631.3
97632.4
97684
97818.3
98048.3
98134.2
98712.7
99115.2
99418
99436.3
99720.2
99745.3
100172
100319
100410
100592
100744
100775
101130
101165
102113
102156
102314
102496
102957
103364
103375
103381
103560
103827
104112
104208
104736
104970
105156
105287
105774
105916
105937
106368
106398
106410
106479
106701
106795
106983
107332
107552
107804
108094
108249
108279
108451
109450
109445
110017
110245
110776
111082
111252
111318
111668
112053
112109
112179
112197
112370
112406
112970
113040
113061
113148
113254
113350
114018
114236
114453
114640
114862
115760
115994
116297
116764
116798
117466
117581
117661
117765
117826
117875
118412
118617
118723
119489
119651
119873
119910
120186
120205
120270
120340
120421
120614
120814
120964
121102
121453
121506
121739
121852
122110
122121
122244
122450
122794
122884
123014
123094
123294
123458
123496
123560
123971
124004
124076
124510
124719
124750
124834
125127
125440
125956
126094
126158
126223
126260
126627
126738
126922
126995
127032
127055
127401
127877
127924
127948
128144
128456
128797
128857
129071
129173
129350
129442
129730
130076
130330
130417
130447
130544
130777
131231
131453
131718
131781
132002
132154
132178
132200
132525
132787
132920
133134
133358
133419
133522
133912
133910
134014
134105
134237
134522
134850
134871
135084
135290
135304
135586
135947
136025
136359
136517
136628
136938
136987
137127
137587
138677
138780
138923
139646
139947
140238
140231
140617
140634
140939
141022
141214
141253
141420
141524
141622
141652
141753
141753
142013
142104
142327
142339
142364
142578
142753
143061
143120
143151
143185
143667
143860
143955
143987
144165
144518
144532
144810
144859
144955
145227
145561
145872
146221
146259
146467
146678
146870
147041
147177
147248
147297
147409
147643
148104
148197
148310
148552
148895
148986
149453
149982
150347
150738
150829
150952
151187
151189
151402
151507
151761
152307
152333
152481
152609
152754
152775
152980
153491
153781
153860
153914
154348
154501
154554
154561
154778
154807
154983
155185
155331
155508
156008
156136
156715
156945
157136
157480
157664
157923
158116
158366
158497
158573
159173
159548
159787
159843
160370
160581
160776
160839
160852
160889
161102
161111
161371
161406
161934
162088
162141
162402
162783
162824
162847
162869
163189
163285
163330
163720
163827
164135
164193
164368
164744
164856
165480
165604
166315
166355
166557
166675
166806
166832
167151
167205
167407
167655
167719
167791
168199
168356
168479
168506
168637
168676
168889
168966
168983
169646
169685
169980
170153
170368
170579
170699
170770
171328
171525
171560
171826
172037
172119
172189
172232
172490
172769
172942
173061
173286
173366
173618
173845
173945
173990
174157
174249
174476
174513
174814
174921
175222
175585
175697
175942
176067
176223
176240
176376
176631
176883
177440
177843
177951
177989
178092
178222
178312
178434
178456
178861
178961
179260
179412
179519
179600
179668
179716
180015
180088
180210
180608
180714
180914
181180
181218
181568
181575
181734
181978
182197
182360
182420
182439
182524
182833
183283
183415
183988
184061
184318
184518
184737
184844
184998
185442
186679
186690
186908
186966
186993
187032
187414
187644
187680
187804
187876
187994
188413
188422
188634
188921
188992
189191
189319
189368
189715
190350
190734
190799
191144
191373
191645
192184
192211
192655
193228
193245
193317
193364
193419
193421
193621
193639
193860
194032
194181
194572
194592
195780
195790
195809
195913
196105
196446
196715
197082
197400
197472
197689
197930
198030
198106
198349
198383
198397
198690
198770
199078
199461
199745
199823
