718.61
1327.41
1557.02
1752.36
1836.91
2005.05
2130
2375.79
2501.63
2748.78
2758.82
3085.69
3438.92
3576.76
3656.31
3732.56
3816.55
3833.43
4036.47
4072.32
4467.95
4613.85
4827.07
4881.14
4920.96
5033.8
5203.71
5210.55
5685.86
5776.39
6047.99
6315.84
6560.8
6627.14
6782.02
7418.96
7490.87
7577.91
7666.14
8372.94
8531
8664.36
8746.53
9075.71
9703.63
9792.78
9860.43
10077.3
10134.7
10242.6
10623.8
10662.7
10697.1
10988.8
11074.6
11179
11358.8
11553.6
11890.1
12368.6
12466.3
12488.4
12995.4
13032.6
13332
13360
13381.5
13749.4
13899.2
13940.9
14308
14628.7
14643.7
14919.1
15107.4
15139.3
15324.4
15932
16182.6
16425.4
16522.4
16521.8
16894.3
17425.1
17591.6
17661.9
17952.7
18485.4
18808.4
18898.6
19023.1
19232.6
19333
19518.2
19793.1
19818.9
19853.3
19929.4
20174.3
20330.4
20955
21000.1
21005.2
21072.5
21178.2
21258.5
21559.1
21692.7
22041.8
22609.2
22699.7
23101.6
23199.8
23295.4
24009.8
24210.7
24442.4
25010.2
25112.3
25543.4
25636.7
25677.2
26137.2
26277
26725.1
26950.7
27133.3
27443.3
27449.2
27748.3
28204.7
29431.5
29507.7
29713.3
29876.9
30574.2
30770.5
31848.5
32058.2
32401
32626.4
33044.9
33272.7
33346.3
34524.8
34657.4
34941.7
34974.5
34991.1
35101
35350.5
36079.2
36143.3
36166
37162.2
37214
37285.1
37363.5
37924.5
38144.6
38297.5
38457.9
38690.8
38952.3
39249.2
39552.5
39650.2
39761
39800.7
40949.7
41142.7
41237.8
42089.6
42193.2
42774.6
42833
42862.1
43239
43498.8
43536.9
43987.9
44213.5
44371.6
44497.5
44781.6
45570.4
45950.5
45995.2
46017.6
46148.8
46300.6
46489.2
46877.5
46876.3
46887.5
47188.6
47289.8
47684.4
48001.8
48409.2
48418.6
48450.8
48689.8
48814.1
48878.5
48884.1
49333.4
49355.4
49375.9
49665.3
50123.5
50193.4
50308.3
50637
50883.3
50879.1
51391.9
51610
51932.4
52339.9
52543.6
52700.1
52873.1
52935.1
53195
53300.3
53386.1
53546.8
53603
54230.8
54294.8
54421.4
54538.1
54800.7
55241.9
55283.9
55396.9
55461.6
55626.7
55767.9
56093
56155.5
56269.5
56850
57476
57577.3
57664.9
58098.7
58419.3
58734
58766.5
59046.8
59239.9
59272.6
59622.7
59834.5
59862.2
59917.4
59962.7
60472.9
60906.2
61112.8
61131.6
62429.5
62513.4
62537.2
62603.9
62728
63177.6
63334.9
63445.3
64020.9
64091.4
64600.2
64868.7
65113.5
65321.7
66468
66486.4
67153.8
67901.7
68715.6
68851.4
69058.7
69451.7
69519
69961.1
70089.5
70260.3
70315.8
70688.9
70751.9
71129.4
71208.5
71367.1
71393.6
71412.3
71436.3
71719.4
72745.3
72767.3
72914.8
72966.4
73012.3
73477
74119.7
74232
74489.6
74546.1
74601.3
74688.1
74791.7
74883.8
74963.3
75006.6
75144.3
75752
75873
76220.9
76338.4
76541.7
76549.3
76545.6
76998.7
77751.4
77807.2
77806.9
78039.3
78602.2
79016.1
79233.9
79331.6
79548
79757.7
79914.4
80588.1
80614.5
80643.9
80746.7
80806.6
80826.7
80879.6
81104.9
81290.4
81304.8
81519.3
81675.2
81739.4
82303.1
82338.7
82596.8
82655.3
82875.9
82945.7
83308
83583.8
83666.3
84218.2
84228
84278.9
84345.7
84504.7
84545.2
84564.8
84857.5
84893.6
84921
84932.9
85431.7
85691.6
85929.3
86075
86234.4
86355.7
86362.9
86667.2
87018.4
87183.3
87201.8
87488.2
87561
87568.6
87560.6
87651.3
87699.4
87880
88074.6
88398.6
88612.5
88763.9
88831.1
88854.7
89119.5
89145.5
89267.7
89457.2
89815.7
89842.6
90235.5
90272.2
90305.3
90331
90988.3
91111.5
91211.7
91247.7
91827.4
91867.7
92361.3
92393.6
92524.1
92520.5
92863.3
92968.1
93823.8
93883.6
93897.6
94183.4
95176.3
95301.4
95861.1
96075.4
96265
96905.1
97595.5
97792.7
98452
98499.3
98643.9
98698
98866.2
98973.9
99109.3
99105.4
99311.8
99710.8
99922.9
100313
100762
101578
101774
101765
102155
102482
102773
104038
104256
104296
104726
104885
105447
105922
106098
106469
106756
106997
107163
107567
107641
108367
108764
108992
109068
109074
109203
109720
109745
109782
110244
110560
110596
110615
110692
110775
110834
111076
111185
111224
111294
111680
112045
112069
112898
112983
113726
113810
113842
114267
114674
115185
115401
115741
115781
116028
116141
116351
116350
116487
116849
117269
117364
117553
117576
117583
118436
118542
118753
118823
119027
119421
119646
119880
120096
120201
120381
120637
120747
121067
121163
121320
121383
121496
121699
121773
122154
122752
123384
124599
124861
125068
125089
125231
125403
125478
125527
125791
126088
126220
126372
127623
127884
127987
128156
128311
128586
128824
128918
129011
129058
129589
129644
129773
129892
130135
130248
130617
130874
130869
130918
131215
131535
131620
131868
132083
132336
132581
132638
132776
133525
133621
133831
133882
134103
134176
134416
134669
134918
135097
135547
135799
135866
135919
136268
136329
136456
136769
136777
136956
137148
137443
137938
137955
138146
138967
139025
139223
139249
139586
139588
139870
139953
140162
140237
140385
140432
141091
141101
141320
141378
141973
142877
142977
143248
143722
143789
143815
144519
144586
144674
145036
145431
145620
145693
145873
145915
146350
146720
146846
146938
147164
147379
147367
147624
147767
147885
148180
148251
148456
148620
148652
149136
149154
149253
149365
149748
149799
149847
149979
149977
150097
150267
150353
150468
150505
150580
152160
152260
152516
152569
152597
152637
152859
153027
153239
153308
153856
154089
154180
154353
154680
154847
154914
155236
155283
155396
155838
156351
156372
156630
157095
157266
157423
157559
157949
157972
158145
158413
158534
158760
159173
159389
159412
159473
159562
159884
159986
160215
160414
160520
160750
161526
161667
161733
161729
161856
161873
162419
162570
163491
163569
163606
163859
164143
164260
164477
164690
165173
165339
165859
166150
166152
166390
166413
166993
167329
167372
167390
167716
167883
168705
169290
169857
169863
170015
170168
170757
170848
171036
171198
171201
171301
171380
171374
171725
172557
172646
172873
173060
173473
173556
173586
173756
173846
173965
174421
174618
174834
175161
175465
175725
175946
176245
176521
176665
177040
177122
177320
177476
177719
177772
178313
178452
178578
178658
178794
179170
179203
179473
179751
180020
180034
180040
180064
180418
180434
180463
180647
180823
181060
181358
181421
181827
182267
182380
182467
183037
183551
183870
183929
184013
184102
185446
186001
186372
186397
186638
186705
186845
186925
186956
187487
187659
187945
188179
188366
188417
188608
188660
188725
188764
189093
189148
189207
189213
189242
189257
189661
189751
190071
190121
190136
190704
191133
191716
191726
192032
192325
192391
192459
192765
192952
193405
193627
193924
194177
194345
194641
194660
195125
195222
195302
195286
195358
195507
196133
196206
196308
196721
196795
197034
197074
197104
197402
198074
198121
198249
199088
199205
199386
199433
199559
199692
199718
199937
199955
