454.36
484.46
545.42
1417.44
1695.29
1777.62
2170.75
2793.94
3275.14
3632.16
4011.96
4012.18
4407.85
4641.58
4689.8
4736.27
4852.98
4926.75
4972.7
5234.48
5721.8
5757.38
5828.22
6486.43
6637.9
6774.14
7198.77
7310.51
7365.3
7413.12
7615.41
7871.99
8064.31
8199.53
8402.73
8482.81
8551.26
8761.85
8871.06
8969.54
9440.65
9585.05
9804.5
10002
10310
10325.3
10517.8
10665
10714.2
11559.9
12059.3
12173.4
12380.4
12436.7
12499.5
12717.4
13066.1
13075.1
13144.1
13216.9
13637.4
13670.7
14304.7
14376.3
15571.8
15635.6
16659.5
17307.9
17810.7
17903.6
18292.4
18376
18560.3
18762.2
18882
19309
19558.1
19951.4
20199
20648.1
21080.1
21632.5
21710.9
21870.1
22075.4
22205
22267.9
22781.6
22939.9
23014.2
23222.1
23605.3
24000.4
24123.2
24412.1
24527.6
24565.4
24876.8
25234.3
25234.4
25276
25424.5
25787.2
25993.4
26132.6
26877
27010.3
27326.7
28175.9
28183.3
28182.8
28973.4
29032
29296.7
30080.2
30229.5
30839
31111.2
31287.2
31381.9
31759.7
31877.3
31936.9
32148.6
32404.2
32806.8
32808.6
33254.2
33359.7
34145.5
34206
34846.2
35118.1
35729
35858.9
35924
36185.8
36377.4
36429.9
36584.2
36713
37045.6
37050.5
37205.8
37430.3
37832.5
37925.4
38025
38439.9
39016.2
39357.2
39373.4
39375.6
40547.4
40778.8
41899.5
42223.8
42959.9
43749.5
44116.4
44465.5
44813.5
45104.4
45160.3
45314.2
45394.7
45495.2
46513.8
46675
46691.8
46950.5
46969.4
47219.9
47317.2
47896.8
47960.5
48044.2
48036.8
48331
48575.5
48589
48797.8
49207.6
50086.7
50636.4
50774.7
51141.1
51260.4
51407.6
52021.7
52282.3
52366.8
52645.2
52920.9
53413
53946.8
54011.6
54577.9
54793
55072.7
55087.7
55182.5
55199.9
55329.9
56569.3
56870
57048.1
57337.3
57941.3
58417.6
58492.1
58862.6
59384.8
59538.4
59799
59879.9
60343.7
60703.2
60714.2
60831.5
60890.1
60996.4
61611.4
62289.1
62379.8
62424.1
62465.8
63715.9
63753.1
64298.8
64388.1
64742.5
64976.1
65194.8
65199.4
66131.6
66140.5
66772.2
66830.9
66876.5
67759.7
68000.4
68609.2
69181.7
69404.7
69589.9
69838.2
70121
70181.3
70202.4
71078.4
71149.7
71317.1
71560.3
72292.7
72621.5
72854
73287.3
73412.1
73484.9
73726.4
73887
74365.3
74388.8
74607.7
74778.7
74789.2
75723
76193.7
76281.9
76671.5
76894.9
77262.3
77330.1
77597.9
77639.2
77666.9
77683
77925.2
78475.7
78703.7
79021.3
79508.1
79619.6
79901.9
79915.2
80270.4
80288.9
80372.2
80500.7
80661
81427.3
81937.8
82296.4
82622.9
82794.3
83214.9
83336
83827.4
83849.1
84270.8
84609.9
84726.4
84842.7
85235.9
85306.6
85697.6
85767.2
85864.1
86083.8
86165.7
86311.3
86405.6
86799
86922.1
87349.6
87917.5
88564.9
88918.6
89085.1
89170.9
89322
89388.6
89636.2
89848.6
90082
90202.4
90215.3
90460.1
90877.7
90956.3
91057.8
91106.3
91285.8
91297.9
91676.5
91817.2
91875.1
91966.3
92220.3
92344
92580.1
92852.2
93010.7
93329.4
93598.4
94420.2
94967.5
95124.1
95415.6
95954.4
96468.3
96855.6
96965.8
97446
97759.5
98264.8
98379.9
98768.3
98882.6
99503.2
99804.9
99956.1
100487
100558
100753
101040
101118
102096
102868
103179
103754
104271
104339
104346
104878
105193
105278
105534
105816
105917
106509
107037
107142
107202
107358
107722
108333
108740
108823
108912
108934
109267
109342
109424
109423
109449
109603
110875
110924
110931
111525
111553
111811
112433
112541
112671
112739
112924
113101
113126
113223
113477
113497
113676
113885
113996
115064
115106
115126
115529
115544
115635
115897
116151
116670
117294
117804
117810
118197
118256
119161
119537
119685
119921
120038
120236
120289
120328
120340
120363
120513
120602
121451
121678
121774
121902
122079
122271
122324
122609
123117
124559
124875
124903
124945
124947
125473
125888
125984
126202
127078
127369
127664
127847
127894
128273
128351
128583
128627
128724
128816
128903
129141
129297
129936
130472
131013
131300
132146
132496
132645
132685
133124
133204
133259
133345
133671
134255
134525
134609
134916
135501
135529
135630
135946
136445
136550
136878
136956
137212
137483
137757
137758
137976
138520
138625
139016
139476
139619
139986
140154
140979
141063
141304
141421
142123
142963
143666
143945
143974
144003
144155
144428
145252
145439
145517
145700
145749
146013
146169
146277
146333
146346
146940
147053
147550
147676
147876
147989
148104
148290
148681
148806
149271
149713
150271
150423
150429
150441
150636
150819
150834
151087
151229
151276
151683
153114
153411
153452
153489
153865
154163
154299
154423
154637
154661
155422
155418
155647
156121
156475
156513
156903
157216
157239
157436
157646
157849
157871
158120
158432
158550
158908
159032
159740
160473
161262
161474
161585
161789
162099
162328
162977
163320
163443
163865
164075
164285
165564
165681
165707
165911
166110
166143
166211
166589
167054
167223
167270
167373
167699
167779
168283
169234
169626
170017
170562
170622
170656
171021
171166
171568
172656
173027
173048
173221
173382
173425
173426
174891
175221
176072
176527
176595
176847
177251
177338
177559
178199
178208
178285
178345
178447
178561
178668
178703
179026
179496
179528
179753
179763
179891
180189
180201
180334
181678
181918
182131
182536
182534
182852
182892
182930
183160
183336
183582
183645
183844
185705
185957
186181
187424
187454
187801
188085
188174
188433
188784
188969
189032
189034
189143
189769
190020
190774
191001
191256
191349
191634
192064
192517
192687
193636
193965
194383
194609
194656
194674
194701
194822
194993
195329
195437
195646
195655
196645
196689
196829
196926
197148
197396
197968
198009
198537
198572
199066
199904
