143.79
1570.86
1709.41
2464.39
2810.77
3184.93
4246.45
4954.67
5600.11
6316.22
7224.24
7773.27
9925.82
10863.3
12123.8
12127.3
13052
13499
13615.7
13698.2
14037.9
14862.7
15123
15327.5
15423.6
15671.3
16027.3
16298.8
16798.9
17616.6
18243.8
18454.9
18493.5
18732.1
18935.5
19178.5
19398.6
20501.2
21086.4
22177.9
23457
23707.4
25265
25495.5
25703
26676.7
26837.7
28213.6
28541.4
28614.3
28938.5
30688
30797.7
31180.8
31223
31999.2
32633.3
32810.9
33019.1
33027.6
34014.3
36496
37395
37552.6
38569.7
39689.8
40899.9
40964.9
41407.7
42025.5
42807.1
43375.6
44513.8
44899.6
45594.5
45966.8
46436.6
47654.8
48109.3
48791.7
49687.4
50570.8
50774.1
51013.8
52106.9
52335.5
52799.3
53217.7
53854.5
54087.7
55009.9
55549.6
55977.7
57022.4
57048.4
57096.7
57197.9
57802
58970.9
59151.5
59365.4
59493.1
59642.1
60741.6
61763
61931.9
62358.7
63320.9
63343.2
63574
64131
64636.6
64697.3
65014.4
65431.7
65614.9
66211.2
66262.5
66405
66512.7
66921.3
67229.5
67524.9
68011.3
69383.2
69808.4
69863.4
70332.7
70527
72277.6
72447.1
72447.2
72859
73551.8
75107.2
76121.9
76582
77306.4
77739.5
77888
79309.1
79585.8
80551.5
80837.9
80960.3
81072.4
81283.7
81976.6
83583.7
85995.9
86097.8
86228.7
86299
86493.8
86742.6
86937.1
88270.8
88893.8
89512.3
89562.8
90446.2
90474.2
90683.5
91812
92328.6
92411.5
92831.8
92940.3
93832
93947.8
94928.3
95688.9
96213.3
96266.2
96924.5
97523.1
97740.2
97919.7
99061.7
99730
99989.9
100003
100591
101063
102172
102226
102376
102466
102961
103519
103858
103967
105399
106696
107529
107999
108556
109368
109844
110521
110706
110762
110824
110831
111176
111711
111754
112225
112255
112666
113053
113714
113926
114558
114691
114899
114994
116145
116345
117163
117806
118495
118751
118814
118943
118959
120610
120848
121164
122102
122409
122661
123230
123465
123555
123802
123824
123846
124971
125028
125254
126306
126645
126809
129443
129768
129844
130235
130750
131397
131669
132088
132894
133667
133897
135003
135794
136042
136858
137909
138125
138533
139362
140016
141596
141718
142966
143035
143654
145034
145075
145464
146141
146185
147523
147594
148219
148419
148733
148740
149465
149982
150071
150456
150731
151692
151927
152305
152579
152732
153215
153623
154127
154774
156015
156029
156316
156516
156632
156977
157253
157402
157421
158149
159025
159396
159416
159595
159965
160196
160335
161048
161780
161978
163653
163793
163844
163866
164457
164469
165306
166003
166151
166442
166509
166983
167030
167251
168255
169433
169774
169922
169936
170669
170736
170948
171031
172793
173166
173873
174200
174508
174799
175304
175528
175630
176870
178256
178675
180079
181291
181341
184119
184465
184975
185619
185736
187175
187221
187337
188639
188934
189170
189273
191455
192374
193053
193256
193781
194094
194106
195175
195323
195485
195500
195950
196974
197135
197522
197636
197825
198163
198338
198717
198923
199587
199942
