723.65
744.17
820.97
896.54
3004.45
3020.28
3281.24
3315.07
3332.98
3691.85
4001.28
4721.38
4799.5
5013.64
5239.45
5471.37
5745.44
6029.12
6620.73
6620.99
6677.05
9121.37
9341.26
9593.5
10281.3
10340
10672.7
11104.2
11254.3
11872.9
12329.4
12746
13193.3
13389
13393.6
13683.9
13793.6
14014.8
14066.3
14324.7
14522
15027
15437.8
16583.3
21397.3
21539.4
23197.4
23829.1
23947.1
24383.1
25248.9
26944.1
27222.9
29082.8
29418.9
29479.8
29493.7
29588.3
31139.7
32693
34473.6
38751.5
38913.5
39085.7
39182.2
40373.6
40774.9
41019.7
41068.2
41084.3
41207.7
43248.8
43352.7
43821.7
43882.3
44111
44272.7
46944.4
47012.9
47297.6
47466.9
48233.9
48430.3
48612.1
49856.5
50743.2
50942.3
52072.7
53602.7
55050.8
55292.1
55526.5
56089
58022.5
58049.7
59161.7
59256.4
59883.9
60322.7
60660
62607.8
62959.9
63089.8
63599.6
63921.1
64804.4
66379.5
66455.4
67626.1
70980
72123.9
72306.9
74005.8
74025.1
75086
75834.4
76695.8
77416.4
78371.7
78636.1
79063.1
79347.9
80689.7
80701.2
81294.6
81468.4
81884.3
82065.5
82241.6
82683.7
82874.2
83338
83446
83736
83945
83950.6
84222.6
84430.1
84772.9
86970.8
87037.2
88571.5
88692.6
89298
90563.6
92319.3
93521.1
94192.6
95658.4
95792.5
95930
96208.8
96778.7
98347.6
98483.3
98629.3
99813.3
