302.17
826.99
1283.55
3624.46
4449.4
8551.32
8736.98
9147.86
10472.8
11235.2
12115
12927.3
13787.4
14457.8
14509.4
17610.7
17678.6
17698.7
18015.9
19772.7
20228.5
20564.1
21357.3
21560
22208.6
23818.5
24219.1
25209.5
25934.5
26399
26609.2
26676
27011
27329.6
27530.1
27704.4
28084.5
28303.9
28405.2
29434
29945.8
33873.6
34689.4
34888.7
35369
37172.8
40974.3
43299
43464.5
44567.4
45429.3
46743.7
46952.5
48048.9
48838.7
49144.6
49765.4
50288.6
52796.4
52950.1
53255.5
55738.5
57846.7
58382.2
59823.1
60943.6
62988.1
63438.6
63680.2
64640.7
66311.4
66763.6
66956.3
67321.6
67467.2
67898.8
69006.3
69789
70405
72722.2
75119.6
75936.9
76083.2
78228.8
78606
78973.1
79342.6
80289.5
81474.1
84800.8
85305.8
85555.6
86884.4
87136.8
88513.4
89516.5
90733.4
93826.9
94522.6
94734.1
95767.7
96862.9
97356.8
97514.1
98383
98684.3
99581.2
99842.1
100141
100170
100318
100757
101536
102832
104878
113820
114167
115074
115680
117813
119630
120822
122136
122966
124014
125134
126986
127547
129073
129180
129452
130639
133781
133861
134008
134024
134272
135232
136299
136995
137965
138546
138840
138973
139304
140253
141568
142273
142603
145860
146746
146794
147205
149509
151587
152366
155093
156472
157661
158358
159687
159813
161958
164226
164625
164664
169973
170686
171278
172683
175959
177181
178000
178407
180432
181654
183353
183418
183633
184638
186206
186846
189147
189413
190426
191980
193010
195227
196023
196449
198537
199361
