149.09
312.83
685.59
726.08
984.5
1615.74
1947.75
2149.94
3093.43
3229.91
4133.28
4231.19
4375.95
4394.63
4767.83
4954.82
5401.7
5574.94
5608.11
5858.01
6220
7926.73
8247.72
8723.03
8860
9317.56
9633.39
9869.53
9999.02
10021.7
10256.8
10458
11411.4
11565.8
11720.7
11896.2
11910.1
12155.9
12278.6
12312.7
12704.9
12961.1
13131.9
13387.2
13609.7
14016.2
14112.7
14560
15035.4
15210.9
15669
16602.7
17075.1
17168.1
17365.4
17590.4
17763.8
17822.5
17921.2
18047.6
18153.9
18410.6
18613.4
18697.4
18741.3
19248.8
20313.2
21142.2
21269.4
21433.5
21794.4
22076.7
22322.6
22673
23457.9
23532.5
23959.3
24046.4
24291.1
24671.5
24981.3
25788.6
25833.4
25923.3
26428.5
26555.2
26926.3
26979.2
27066.3
27196.6
27226.5
27926.6
28078.6
28122.3
28249.9
28389.5
28862.2
29109.5
29336.3
29405.8
29631.3
29717.5
30074
30336.1
30775.3
31131.6
31978.2
32370.6
32641
32669.4
32783.5
33657.9
33958.9
34014
34327.9
34491.1
34646.7
35081.1
35337.2
35570.1
35709.2
35902.1
36165.7
36479.7
36503.6
36860.4
36872.1
37818.3
38031.6
38936.1
39537.6
40419.5
40530.3
41067.6
41096.5
42096.7
43334.9
43684
44365.7
45118.3
45188.2
45447.6
45462.3
46020
46567.1
46630.5
46682.5
47063
47134.6
47496.5
47684.7
47696.6
47788.8
48034.8
48112
48957.2
49810.8
49954.9
51458
51529.9
52018.7
52432
52474.4
52531.2
52719.7
52855.3
53696.7
54304.5
54611.1
54820.6
55172.9
55180.7
55447.1
57229.5
58118.4
58128.6
58556.4
59105
59532.3
60096.6
60647.1
61169.9
61555.8
61857.3
62165.1
62600.2
62813.1
63155.2
63413.1
63656.4
63908.3
64284.5
64526.9
64757.4
65001.6
65445.3
65475
65552.9
66356.1
66561.4
66684.2
67100.4
67200.2
67269.2
67744.2
68027.5
68762.1
69650.9
69664.5
70035.1
72478.5
73870.7
75419.9
75917.8
77221.8
77575.7
77868.1
78043.9
78358.1
78410.6
78771.9
79060.9
79429.2
80115.9
82155.4
82968.6
83692.5
84611.1
84824.4
85337
85356.4
85480.9
86050.2
86064.5
86633.2
86833
86903.5
87321.3
87627.7
87651.2
87834.2
88308
89460
89895.1
90496.5
90529.5
90574.9
90663.6
90851.8
90884.2
91409.7
91875.9
92460.8
92667
93199
93666.6
94209.5
94525.6
94537.9
95586.8
96096.1
96560.2
96700.9
98451.1
98655.4
99196.8
99464.6
99622.4
99767.7
100014
100154
100574
101152
101306
101845
102308
102590
102616
102767
103030
103535
104105
105186
105648
105934
107119
107480
108126
108203
108431
108979
109233
109824
110404
110874
111560
111597
111720
111785
112180
113209
113516
113695
113737
113766
113921
114197
114640
114954
115411
115823
115948
116257
116839
116851
116869
117127
117631
118061
118439
119320
119496
119932
120201
120577
121708
121768
121866
122290
122373
123841
124220
124491
127127
127254
127699
127813
128303
128325
128868
129516
130496
131619
131828
132937
134995
135246
135457
135918
135992
136090
136465
136809
137731
137755
138308
138418
138541
138735
139089
139314
139452
140312
140408
140762
141851
141923
142421
143227
143948
144281
144917
145071
145618
145636
146222
146491
146499
147058
149153
149197
149435
149853
150732
150971
151299
152173
152769
153113
153293
154006
154526
154653
154891
154979
155144
156151
156300
156315
156540
157474
157489
157713
158160
158544
158748
159662
161104
161656
162713
163339
163650
163686
163739
164165
164350
165011
165544
165580
165647
166174
167111
167605
167627
167857
168172
169040
169061
169427
169887
170118
170838
172150
172642
173128
173322
173667
173913
174334
174672
175294
175741
176938
177396
178103
178266
179763
180243
180936
181505
182467
182653
182733
182782
182821
183135
183194
183289
183404
183443
183724
184319
184463
184600
185040
185998
186669
187389
187824
188947
189230
190150
190633
190925
191529
191746
192217
193836
194137
194276
194465
194485
194522
195579
195830
195827
197487
197690
198145
198679
199165
199753
