2234.48
2848.66
2874
3029.05
3506.74
5638.1
6186.11
6831.76
8604.77
9172.19
9686.61
9710.43
10110.9
10250.9
10955.8
11518.9
12277
15170.4
16601.2
16758.7
17336.3
19212.2
19553.2
21573.6
22813.2
23257
23833.9
24312.6
24372.2
24392.1
24716.3
26131.7
26929.7
27064.9
27324.2
27973.2
28381.2
29545.2
30025.8
31368.7
31829.8
34178.4
35530
36503.8
39811.8
40421.7
40467.6
40961.5
42080.1
42320.2
43354.6
44403.7
46544.1
48590.4
49298.3
49663.7
52301.8
52994.9
53527.9
55090.3
55139.5
56122.1
56820.6
56893.4
57094.7
59203.5
62936.3
63023.4
63278.7
63570.5
63795.5
66350.5
73391.1
74616.1
76098.6
76281.2
77567.8
77574.4
78029.8
78383.9
80290.6
82135.4
82941.6
83327.1
85256.5
85726.9
85991.5
88007.3
89417.5
90340.9
90747.2
91244.5
108654
109208
111663
112057
112367
114579
114830
116461
119502
120074
120554
120744
121001
123260
127658
131852
135251
135261
135904
136930
137016
137639
138448
142595
143979
144156
144922
145634
146031
146161
152079
153157
155031
155660
158083
158310
162684
163994
165704
167224
167430
168056
168752
169296
170045
171534
172498
173608
173696
173954
175329
176606
177316
182485
183046
183745
185145
186145
186382
196835
197123
197488
197790
199160
199666
