162.88
166.77
169.46
312.39
346.96
382.5
386.94
628.84
803.85
896.19
1010.51
1042.01
1208.51
1208.09
1272.23
1429.16
1474.07
1482.37
1509.86
1537.42
1735.37
1797.15
2010.11
2036.29
2105.6
2189.27
2359.46
2377.74
2427.92
2473.4
2500.36
2581.59
2590.38
2669.89
2782.82
2952.38
2960.72
2966.76
2987.18
2999.86
3148.38
3226.31
3281.45
3407.89
3431.9
3442.32
3464.91
3535.12
3557.01
3978.83
4000.19
4034.59
4069.25
4355.88
4369.52
4388.95
4413.63
4437.24
4656.36
4809.02
4813.76
5086.4
5203.98
5216.82
5378.54
5391.18
5520.15
5619.76
5645.13
5651.84
5674.73
5695.87
5848.82
5950.59
5974.81
5980.65
6040.47
6210.66
6235.75
6345.66
6351.76
6613.72
6655.47
6684.44
6687.8
6750.99
6849.02
6964.21
7079.3
7359.85
7410.53
7420.4
7520.6
7645.23
7662.87
7844.37
7970.28
7999.02
8350.68
8421.81
8560.08
8592.88
8667.4
8861.18
8889.82
8946.75
9020.52
9168.15
9197.05
9215.97
9306.26
9418.5
9418.8
9522.7
9522.07
9693.23
9803.56
9816.75
9827.51
9831.42
9903.43
10136.4
10388.7
10412.3
10679.7
10756.7
10968.1
11052.6
11160.2
11180.7
11319.1
11454.6
11523
11562.4
11708
11715.9
11740.4
11768.5
11845.6
11950.1
12038.9
12065.4
12119.7
12166.8
12384.9
12467.2
12535
12626.4
12818.6
12983.2
13016.2
13098.9
13278.1
13321.6
13359.5
13389.6
13410.9
13452.1
13558.4
13769.6
13810.2
13815.5
13890.1
13973.6
14047.9
14055.7
14070.3
14130.2
14192.9
14299.6
14490.3
14669.4
14674.8
14749.5
14796.6
14807.9
14821.3
14949.1
14990.4
15014.9
15043.9
15086.3
15093.6
15110.7
15275.7
15431.6
15599.7
15734.9
15770.3
15834.3
15921.3
15943.6
16197.8
16370.3
16549.6
16626.5
16712
16720.8
16799.4
16952
17021.2
17094.4
17369
17382.9
17385.8
17444
17511.1
17648.1
17698
18002.5
18012.1
18022.7
18150.7
18171.7
18269.8
18403
18446.3
18551.8
18613.1
18798.4
18849.4
18858.8
18919.8
19111.1
19296.3
19391
19425.3
19493.9
19675
19798.1
19888.7
19974.7
19997.1
20013.2
20138.9
20167.1
20188.1
20313.5
20308.2
20376.4
20381.6
20512.8
20604.3
20667.4
20842.6
20957.8
20988.4
21039.7
21132.1
21198.8
21214.6
21277.8
21490.1
21499.6
21619.5
21638.7
21744.8
21877.5
22145.8
22154.5
22272.4
22509.6
22581.3
22662.5
22693.6
22769
22981.3
22999.1
23078.8
23251.3
23327.7
23350.3
23390.2
23462.6
23716.2
23733.2
23847.7
23967.8
23998.5
24077.4
24086.8
24247.8
24310.2
24355
24639.3
24669.8
24682.5
24837.3
24971.9
25066.5
25150.3
25181.9
25284.2
25333.9
25371.9
25425.3
25475
25496.6
25539.2
25546.5
25594.6
25752.4
25848.8
25892.9
25903.6
25956.8
25977.2
26066.2
26111.4
26118.9
26174.6
26407.1
26429.9
26446.8
26563.1
26868.5
26908.6
26944.1
27012.3
27180.5
27343.7
27528.9
27576.4
27826.5
27899.6
28043.1
28074.4
28127.2
28140.6
28195.8
28410.7
28506.8
28603
28681.1
28873.6
28968
28988.6
29043.6
29119.5
29239.1
29272.4
29310.2
29467.8
29560.5
29580.6
29668.2
29854.4
30173
30194.1
30287.5
30329
30570.3
30580.8
30770.1
30877
31233.6
31253.5
31291.8
31377.3
31386.5
31390
31421
31568.6
31651.9
31709.4
31759.4
31827.6
32010
32033.8
32064.6
32401.5
32479.5
32507.2
32822.3
32841.2
32936.8
33107.3
33182.7
33209.1
33313.5
33372.3
33458.9
33531.5
33574
33831.9
33845.4
33955.5
34040.3
34130
34178.5
34195.2
34316.3
34387.8
34587.3
34650.8
34780.2
34977.7
34988.4
34990.4
34992.6
35201.6
35209.4
35225.5
35238.4
35316.4
35362.8
35388
35405
35423.1
35452.6
35551.2
35660.3
35793.6
35796.4
35888.4
35943.8
36682.9
36940.8
36945.1
36950
37050.2
37092.8
37304.3
37353.3
37413.8
37479.8
37575.4
37841.8
37968.6
38166.3
38171.4
38196.9
38272.6
38306.8
38449.7
38468.5
38517
38626
38666.2
38688
38719.3
38917.1
38996.1
39149.3
39189.4
39267.5
39337.9
39375.6
39429.3
39457.1
39457.5
39508.1
39572.4
39587.2
39848.5
39852.4
39885.2
39959.8
40011.5
40122.6
40289.8
40334.2
40347.4
40436.6
40692.9
40835.9
40843.9
40923.1
41143.5
41210
41274.2
41282.3
41565
41576.8
41637.8
41866
41880.7
41982.3
42056.5
42258.7
42331.9
42347.3
42408.1
42435
42680.9
42687.5
42736.7
42795.5
43017.2
43073.5
43090.6
43319.6
43333.1
43384.9
43697.3
43710.4
43719.1
43727.2
43848.6
43952.2
43980.1
44009.2
44082
44262.6
44397.2
44559.3
44623.8
44711.7
44752.9
44799.6
44802.1
44904.4
45017.5
45016.2
45201.6
45223.9
45472.1
45517.9
45585.5
45601.4
45677.4
45808
45858.7
45916.3
45922.5
45948
46090.5
46137.8
46142.4
46153
46318.6
46402.7
46439.2
46578.2
46590.5
46587.2
46882.2
46935.6
46956.6
47144.1
47169.3
47180.1
47217.5
47323.8
47431.1
47480.8
47501.8
47661.7
47722
47877.4
47933.8
48035.8
48058
48140.5
48357.9
48498.3
48535.5
48551.2
48662.6
48751.7
48787.7
48850.6
48955.5
48963.1
49048
49248.6
49248.4
49525.5
49576.8
49703.9
49725.7
49844.9
49976.1
50089.8
50170
50200.6
50228.8
50248.5
50291.7
50421.5
50643.3
50842.3
50928.1
50948.3
51172.7
51288.8
51337.4
51404
51669.4
51671
51748.3
51773.5
51920.2
52234
52336
52359.5
52383.4
52435.1
52469.4
52500.2
52599.9
52614.1
52613.3
52669.3
52671.2
52817.9
52865.2
53009.1
53120.4
53135.1
53226.6
53340.1
53480.4
53652.1
53800.7
53820.5
53905.3
54058.3
54115.7
54210.3
54345.5
54385.9
54496
54526.9
54752.2
54819
55027.6
55033.3
55136.6
55170.7
55206.2
55213.8
55278.2
55300
55409.4
55448.1
55519.8
55609.2
55610.8
55739.8
55943
55968.7
55990.7
56101.7
56175.5
56226.8
56876.5
57002.9
57015.1
57034.8
57203.7
57227.7
57318.5
57408.1
57615.9
57623.9
57727.9
57836.1
57969.8
58017.8
58052.9
58111.9
58214.1
58215.3
58278.2
58430.1
58541.7
58552.8
58559.1
58625.1
58677.3
58815.2
58864.2
58896.2
58904.5
59117
59297.6
59325.2
59348.4
59470.9
59522.6
59526.3
59532.3
59631.7
59637.7
59752.2
59961.2
59957.2
59980.6
60039.1
60042.8
60076.8
60124.1
60153.7
60196.1
60270.8
60298.1
60591.1
60654.1
60686.3
60774.3
60881.1
61070.8
61112.8
61125.4
61328.3
61355
61397.1
61412.4
61428.5
61656.3
61729.1
61801.6
61841.8
61932
61958.5
62068.7
62133.8
62223.6
62239.1
62328.9
62554
62566.7
62568.7
62597.3
62640.3
62679.7
62988.5
63030.5
63060.9
63194.1
63248.9
63303.2
63376
63448.8
63477.5
63555
63647
63648.4
63692.1
63896.3
63980.9
64165.8
64283
64366.3
64460.1
64523.4
64576.3
64603.6
64691.4
64769.6
64784.5
64993.5
65172.3
65245.6
65264.1
65301
65404.2
65462.3
65644.1
65742.4
65850.5
66071.7
66127.2
66159.9
66214.1
66315.7
66412.2
66431
66601.5
66813.6
66856.6
66963.3
66985.2
67114.2
67132.8
67208.3
67229.3
67546.3
67674
67754.1
67890.8
67965.6
68062.1
68133.2
68185.9
68204.2
68225.4
68306.2
68330.5
68436.3
68496.4
68583.6
68689.1
68723.6
68790.7
68883.4
68903.2
68936.1
68999
69022.2
69189
69456.2
69771
69809.5
69993.8
70021.2
70036.5
70059.2
70189.5
70210.8
70376.1
70413.6
70483.8
70853.5
71046.8
71069.1
71179.8
71216.8
71262.6
71307.5
71370.9
71436.8
71494.7
71563.8
71643.5
71728.2
71836.6
71850.3
71908.6
71982.2
72086.4
72261.4
72269.8
72309.6
72320.5
72525.7
72591.8
72604.2
72602.9
72691.7
72814.1
72830.4
72927.6
72990.2
73036.4
73056.1
73153.6
73282.2
73405
73556.4
73909.5
74109.3
74275.4
74309.6
74319.8
74484.6
74602.8
74636.8
74660.9
74662.9
74687.7
74844
74890.9
75142
75246.1
75645.7
75668.4
75666.8
75848
75904.6
75976.8
76221.3
76219.8
76233.4
76273.3
76457.5
76577.1
76697.7
76880
77051.7
77188.1
77247.2
77300.3
77347.9
77385.6
77439.1
77465.7
77489.6
77653.1
77675.9
77684.1
77695.3
77852.6
77961.9
78084.6
78083.9
78148.7
78174.5
78262.6
78406.7
78419.3
78548
78695.5
78748.1
78756.3
78766.5
78813
78878.4
79002.4
79151.5
79588.9
79605.6
79642.1
79714
79938.6
79963.5
79990
80060.3
80070.7
80192.1
80376.8
80488.9
80701.4
80759.7
80882.3
80919.8
80989.8
81091
81083.8
81250.4
81269.4
81377.3
81390.8
81392.3
81448.9
81481.9
81644.2
81708.3
81872.4
81934.3
82127.1
82239.8
82309.6
82430.5
82430.9
82587
82615.4
82790.2
82853.5
82854.5
82918.2
82999.8
83022.8
83124.8
83240.4
83250.5
83283.8
83438
83439.8
83577.7
83641.5
83661
83760.4
83882.6
83909.3
83931.1
83927.3
83992.2
84021.9
84061.5
84160.7
84197.2
84270.9
84401.1
84581.2
84693.1
84717
84791.4
84791.8
84821.7
84836.5
85001.2
85113.4
85198.1
85371.8
85378.4
85388.1
85442.6
85464.7
85474.2
85620.4
85735.2
85779.8
86002
86077.9
86112.8
86102.9
86287.3
86307
86563.1
86680.3
86737.3
86843.2
86915.7
86940
86977
86998.1
87035.5
87118.3
87117.6
87269.9
87496
87555.1
87590.7
87719.4
87794.1
87878.8
87979.7
88025.2
88087.1
88213.2
88337.7
88487.1
88511.5
88549.9
88617.9
88630.6
88666.4
88691.5
88776.3
88889.2
88907.4
88955.7
89051.2
89153.1
89192.6
89280.7
89340.4
89405.1
89570.6
89862.8
89871.6
89878.3
89956.5
90117.7
90148.9
90380.2
90379.7
90449.8
90565.8
90591.6
90693.6
90880.5
90876.7
91022.2
91124
91118.9
91262.5
91328.1
91429.2
91444.8
91628.6
91788.8
91815.5
91868
91995
92185.9
92228.2
92240.1
92287.1
92296.8
92378.3
92365.8
92453.1
92472.7
92574.8
92749.7
92917
93107.2
93120.4
93253.8
93284.7
93296.1
93311.8
93311.1
93378.6
93560.2
93601.8
93679.7
93704.6
93788.3
93877.7
93985.2
93990.8
94196.6
94255.6
94391.1
94418.5
94417.5
94430.2
94447
94657.4
94722.5
94742
94761.2
94939.5
94987.3
95086.4
95244.7
95322.7
95422.8
95632.4
95809.5
95832.5
95834.9
95941.4
95957.4
96087.4
96080.8
96228.7
96273
96295.3
96527.3
96541.1
96665.1
96731.5
96871.9
97104.1
97194.8
97196.5
97396.9
97460.8
97742.3
97773.4
97912.9
97917.6
98034.9
98145.4
98166.5
98168.6
98200.8
98401.8
98404.1
98582.6
98603.3
98633.5
98637.3
98811.8
98864
98927.9
98930.6
99160.2
99307.7
99448
99526.9
99571
99564.8
99566.6
99579.1
99776.7
99865.9
99939.5
99977
99980.1
100254
100403
100423
100539
100621
100734
100739
100807
100845
100920
100980
101016
101195
101359
101374
101743
101897
101921
101940
101955
102002
102024
102065
102271
102415
102584
102625
102754
102892
102950
103011
103033
103041
103194
103292
103376
103584
103640
103752
103815
103948
103992
104172
104260
104348
104378
104379
104556
104648
104754
104931
104969
105034
105095
105121
105340
105494
105742
105784
105845
105931
106087
106100
106170
106206
106275
106393
106422
106501
106576
106675
106686
106756
106823
106946
107036
107063
107264
107267
107294
107354
107432
107452
107622
107624
107643
107701
107813
108130
108168
108232
108291
108393
108463
108470
108639
108678
108750
109107
109167
109168
109183
109307
109382
109401
109602
109618
109747
109843
109971
109975
110061
110371
110374
110526
110598
110665
110828
110918
110948
111364
111394
111401
111626
111703
111809
112005
112070
112080
112086
112151
112246
112277
112468
112544
112599
112836
112858
112934
113143
113173
113286
113391
113457
113528
113580
113621
113631
113660
113785
113853
113923
113977
114192
114221
114245
114293
114342
114516
114735
114736
114863
114887
114954
114989
115078
115221
115268
115324
115351
115488
115605
115733
115817
115947
116032
116054
116085
116132
116174
116192
116232
116264
116268
116278
116366
116498
116509
116600
116668
116713
116878
116871
116971
116983
116988
117113
117104
117210
117232
117370
117703
117708
117765
117765
117796
117849
117863
117927
117954
118025
118118
118132
118489
118582
118612
118689
118749
118945
118968
118994
119005
119070
119086
119155
119432
119543
119572
119795
119950
119985
120056
120335
120380
120396
120648
120682
120791
120872
120972
121042
121121
121384
121436
121527
121645
121675
122168
122198
122261
122341
122371
122378
122498
122516
122664
122694
122736
122759
122924
123102
123172
123268
123296
123407
123490
123527
123625
123642
123678
123808
123902
123976
124038
124168
124275
124331
124484
124512
124845
124952
125024
125140
125163
125185
125199
125227
125326
125368
125392
125492
125555
125954
125961
126084
126189
126233
126364
126547
126540
126842
127099
127102
127259
127358
127379
127619
127642
128093
128218
128294
128358
128469
128474
128622
128613
128728
128824
128838
128868
128978
129148
129173
129239
129243
129332
129526
129618
129629
129922
130025
130114
130150
130196
130313
130539
130543
130599
130675
130794
130819
131156
131170
131242
131297
131347
131487
131524
131658
131755
131928
132034
132058
132146
132206
132285
132309
132467
132478
132489
132521
132523
132629
132778
132776
132795
133063
133058
133078
133249
133263
133492
133565
133599
133673
133665
133750
133914
133971
133996
134041
134158
134185
134215
134463
134507
134565
134688
134738
134784
134809
134825
135023
135104
135186
135217
135273
135320
135375
135377
135740
135739
135941
135964
135980
136073
136213
136269
136323
136348
136422
136491
136586
136625
136657
136780
136888
136909
136987
137429
137516
137632
137683
137740
137752
137827
137871
137954
138020
138070
138096
138108
138205
138347
138384
138521
138672
138693
138875
139005
139045
139090
139208
139228
139305
139396
139586
139609
139691
139788
139820
139870
139872
139909
140125
140199
140348
140556
140618
140846
140987
141014
141091
141235
141238
141371
141529
141577
141689
141731
141900
141927
141948
142117
142231
142476
142484
142540
142551
142608
142778
142867
142930
142972
143031
143171
143191
143313
143379
143377
143463
143602
143668
143693
143977
144014
144169
144257
144485
144488
144548
144662
144833
144910
145036
145328
145455
145502
145547
145553
145578
145725
145771
145991
146090
146098
146176
146388
146488
146651
146671
146683
146781
146802
146966
147207
147415
147458
147462
147607
147612
147627
147777
147785
147840
147899
148256
148251
148404
148392
148887
148955
148984
149053
149187
149351
149390
149444
149541
149598
149620
149635
149920
149993
150061
150096
150206
150227
150244
150348
150461
150482
150512
150724
150730
150757
150776
150868
151067
151070
151161
151213
151298
151297
151846
151980
152135
152203
152250
152282
152373
152450
152496
152719
152819
153220
153255
153322
153393
153491
153504
153687
153797
153822
153821
153888
153918
153960
154136
154169
154262
154326
154454
154449
154509
154569
154620
154671
154683
154740
154791
154938
155077
155114
155140
155236
155237
155428
155491
155607
155628
155985
156034
156185
156220
156298
156357
156445
156479
156484
156564
156616
157001
157078
157169
157252
157353
157374
157439
157554
157660
157935
158206
158240
158243
158379
158441
158458
158456
158480
158606
158626
158717
158884
158956
158987
159181
159250
159582
159649
159649
159846
160052
160165
160194
160245
160285
160481
160564
160602
160701
160930
160956
160973
160986
161085
161085
161118
161745
161947
161939
162102
162135
162335
162321
162395
162553
162652
162642
162829
162841
162859
162861
162932
163027
163108
163159
163212
163251
163258
163336
163618
163818
163953
163999
164012
164032
164040
164241
164327
164455
164510
164524
164759
164845
165057
165084
165263
165273
165303
165335
165472
165470
165464
165499
165517
165737
165734
165777
165779
166044
166090
166112
166152
166312
166396
166478
166505
166588
166630
166749
166810
166816
166946
166991
167007
167027
167153
167213
167236
167281
167298
167404
167751
167774
167946
168192
168452
168663
168694
168845
168858
168903
168979
169229
169398
169535
169704
169733
170100
170111
170385
170409
170448
170462
170476
170635
170642
170736
170844
170911
170992
171273
171286
171367
171372
171400
171607
171640
171812
171960
172014
172120
172149
172142
172279
172446
172450
172502
172597
172622
172749
172903
172976
173081
173150
173309
173358
173412
173518
173522
173758
173872
173929
174241
174327
174383
174381
174524
174549
174591
174762
174775
174777
175226
175276
175277
175416
175471
175516
175565
175698
175828
175971
175983
176195
176192
176278
176444
176470
176819
176872
176980
177022
177091
177330
177357
177382
177489
177513
177551
177806
177828
178013
178027
178030
178208
178296
178483
178603
178852
178883
179034
179053
179067
179096
179314
179361
179352
179458
179531
179603
179623
179859
179923
179941
179955
180019
180017
180055
180123
180219
180273
180344
180657
180656
180746
180776
180799
180854
180903
181053
181045
181264
181654
181692
181726
181777
181856
181915
181935
182220
182426
182468
182790
183026
183234
183281
183490
183581
183715
183816
183824
183937
183991
183989
184102
184098
184112
184233
184508
184618
184710
184861
184926
185024
185171
185191
185238
185474
185463
185550
185674
185771
185774
185928
185949
186053
186094
186293
186371
186439
186477
186559
186700
186820
186820
186942
186980
187032
187139
187165
187251
187250
187301
187335
187455
187444
187491
187559
187587
187680
187700
187840
187838
187946
187984
188212
188221
188296
188305
188341
188370
188525
188615
188743
188752
188847
188853
188936
189091
189159
189288
189341
189411
189523
189539
189531
189649
189696
189724
189946
189938
189961
190022
190054
190085
190112
190295
190333
190361
190379
190404
190619
190655
190785
190820
190895
190978
191078
191375
191410
191474
191556
191675
191667
191854
191975
192057
192055
192162
192157
192387
192370
192474
192522
192654
192693
192693
192793
192881
192917
192925
192966
193146
193183
193419
193551
193556
193844
193938
193961
194157
194346
194476
194466
194519
194721
194769
194801
194873
194993
195134
195351
195427
195457
195578
195621
195813
195852
196083
196295
196314
196336
196362
196385
196414
196605
196610
196670
196685
196725
196804
196799
196837
197010
197010
197052
197292
197371
197587
197634
197648
197723
197799
197840
197941
197965
198237
198224
198379
198486
198477
198498
198514
198849
198933
199056
199167
199231
199267
199354
199406
199433
199533
199533
199700
199833
199864
199958
