115.71
388.57
473.64
793.66
844.67
931.82
968.45
1145.01
1275.72
1457.08
1542.96
1553.24
1715.94
1759.59
2005.08
2079.35
2198.46
2251.5
2339.72
2422.09
2480.98
2608.44
2652.83
2667.44
2678.57
3017.11
3070.45
3100.46
3135.33
3305.41
3369.84
3396.36
3415.3
3426.9
3539.19
3596.11
3782.15
3837.49
4050.04
4068.76
4080.86
4104.81
4105.1
4256.24
4305.16
4452.98
4695.26
4942.99
4956.51
5016.42
5020.17
5249.07
5269.53
5432.12
5454.64
5536.44
5625.07
5710.41
5791.68
5900.98
5932.53
6202.87
6262.86
6461.51
6481.94
6534.05
6545.92
6624.71
6947.82
7105.2
7153.95
7295.19
7469.87
7544.09
7759.32
8027.74
8325.81
8461.06
8552.72
8638.36
8775.17
8826.95
9129.29
9290.51
9295.21
9435.09
9665.01
9687.41
9778.52
9812.91
9954.29
10129
10386.4
10460.5
10651.3
10720.5
10732.2
10734.6
10866.1
10927.6
10947
11066.1
11099
11230.6
11278
11599.5
11887.1
11978.2
12074.4
12183.1
12289.7
12347.4
12354.1
12474.8
12501.4
12583.6
12605.2
12637.9
12915.1
13038.6
13258.8
13277.7
13304.2
13362.7
13388.4
13681.4
13686.7
13715.7
13724.6
13736.1
13741.4
13795.2
13849.9
13880.9
13992.7
14075.1
14200.9
14275.9
14392.5
14447.7
14654.8
14678.3
14709.1
14882.9
14900.9
15051.6
15066
15064.5
15102.4
15423.8
15605.8
15821.2
15898.4
15996.4
16200.1
16225.6
16230.3
16344.1
16490.8
16672.3
16888.7
16932.4
17065.2
17081.4
17095.4
17505.5
17533.6
17605.2
17662.5
17781.7
17812.8
17915.4
17946.2
18022.3
18063.7
18323.5
18413.6
18591.1
18945.9
18999
19065.8
19323.3
19581.7
19601.1
19704.3
19856.4
19925.3
19933.7
19939.4
20010.6
20118.6
20261.7
20387.5
20405.2
20477.4
20477.9
20576.5
20650.9
20928.8
21025.8
21095.6
21435.4
21563.4
21613.8
21618.4
21895.3
21911.7
21991
22118.9
22306.5
22318
22416.4
22573.5
22989.6
23062
23063
23231.6
23298.1
23392.9
23498.7
23660.9
23704.1
23770.6
23822
24077
24161.3
24246
24476.1
24491.9
24712.3
24891.2
25073.9
25416.5
25626.5
25630.7
25653.9
25660.1
25937.5
26062.3
26236.2
26240
26310.2
26484.7
26538.8
26538.3
26564.2
26660.1
26665
26721.7
27365.3
27393.7
27430.3
27740.7
27773.1
27901.8
28086.8
28091.4
28332.5
28353.6
28748.1
28851.6
28886.8
29123.5
29156.7
29169.9
29176.6
29181.1
29226.9
29233.8
29358.5
29357.9
29531
29570.7
29661.9
29716.9
29885.1
30016.4
30100.4
30317.9
30361.4
30396.1
30505.3
30514.4
30601.9
30612.8
30949
30991.1
31050.5
31058.7
31322.7
31641.4
31828.2
31929
31990.9
32060
32277.4
32315.5
32540.2
32691.7
32720.6
32939
33326.6
33508.2
33543
33554.8
33807
33848.2
33970.3
34011.8
34182.4
34485.9
34509.6
34621.8
34662.8
34663.3
34710.2
35036.5
35160.3
35227.8
35344.2
35399.3
35449.7
35526.8
35691.4
35738
35944.1
35978.9
36121.8
36151.6
36164.9
36187.2
36252.8
36404.5
36430.9
36448.9
36504.8
36631.2
36666.9
36915.8
36987.7
36995.9
37002.9
37196.7
37240.2
37367.5
37405.9
37433.4
37473.4
37523.2
37559.7
37717
37828.4
38076.5
38279.4
38301.6
38376.3
38493.4
38501.4
38774.1
38787.9
38897.1
38953.5
38983.2
39094.4
39204.1
39270.6
39343.5
39429.7
39473.7
39610.4
39675.4
39681.4
39810.9
39906.1
39932.2
40014.9
40183.1
40194
40372.3
40394.2
40499
40546
40572.8
40736.9
40788.2
40875.6
41185.5
41203.2
41308.4
41387.4
41535.9
41624.6
41706.8
41851.6
41998.3
42022.3
42049.6
42165.8
42185.2
42200.2
42289.3
42376.8
42600
42658
42758.8
42954.3
42977.2
43021.3
43125.1
43345.7
43346.3
43417.3
43502.1
43657.1
43749.9
43892.6
44036.2
44186
44256.7
44283.7
44297.6
44571.1
44680.3
44939.5
45255.2
45261.8
45366.3
45686.2
45827.3
45857.6
45960.2
46015.6
46070.2
46272
46329.6
46391.1
46595.3
46775.3
46875.9
46997.7
47073.8
47150
47270.2
47342.7
47573.1
47636.1
47673.5
47782.4
47816.7
48130.9
48250.1
48473.1
48739.9
48881.1
49050.1
49117.5
49163.8
49221.5
49308.7
49337.9
49365.4
49404
49501.6
49534.8
49744.6
49770.1
50032.5
50120.6
50124
50156
50334.8
50375.6
50416.8
50435.3
50770.1
50788
51035
51036.7
51270
51335.7
51350.3
51360.8
51434.8
51484.8
51487.4
51583.3
51655.9
51795.7
51951.3
52013.5
52201.2
52248.7
52369.3
52415.5
52421.5
52593.5
52643.1
52715.6
52740.7
52857
52862.3
52937.3
53097.6
53106.7
53197.1
53204
53221.5
53419.2
53430.1
53499.3
53669.7
54001.1
54089
54179.7
54253.5
54471.5
54533.4
54627.8
54769.1
55011.8
55050.9
55370.7
55520.6
55666.1
55699.6
55922.8
56201
56357.4
56382.4
56503.6
56568.3
56814.3
56840
56941.2
57075.2
57193.9
57254.9
57394.8
57397.4
57435.3
57519.5
57514.7
57940.5
57954.5
57969.9
57992.4
58338.8
58421.8
58455.5
58533.5
58620.3
58660.6
59061.7
59304.2
59638.6
59697.1
59868.5
59888.3
59891.7
59943.8
60138.4
60160.9
60544.1
60601.6
60677.4
60824.5
60989.1
61099.5
61126.3
61173.8
61335
61365.2
61520.6
61662.1
61665.4
61740.3
62039.4
62046.8
62044.6
62055.5
62047.9
62134.9
62168
62409
62444.9
62590.6
62640.9
62834.8
62893.3
62929.9
62930.3
63221.7
63369.9
63385.7
63404.3
63493.8
63550.4
64026.5
64136.7
64164.5
64215.2
64249.3
64260
64266.7
64364.1
64492.2
64521.5
64537.8
64578.3
64599.5
64632.4
64624.3
64839
64900.9
64992
65116.6
65167.1
65173.1
65563.2
65701.3
65707
65798.8
65879.3
65944.2
65991.2
66045.3
66102.3
66162.8
66318.3
66458.4
66488
66527.4
66670.6
66821.5
66998.4
67036
67210
67310
67331.5
67340.7
67521.9
67533.3
67576.7
67882.7
67908.8
67928.2
67971.4
68175
68522.3
68531.9
68635.3
68693.7
68833
68901.6
68927.3
69263.7
69300.3
69308.3
69463.9
69462.4
69717
69718.8
69746.1
69758.8
69794.4
69816.6
70027.6
70150.5
70307.7
70379.3
70409.6
70427.9
70528.3
70737.5
70847.7
71165.2
71240.3
71354.9
71372.9
71426.5
71462
71475.8
71561.8
71591.4
71746.7
71861.2
72076.1
72078.3
72167.2
72301
72512.3
72685.3
72704.5
72869
73052.6
73056.3
73204.9
73558.5
73587.3
73584.9
73606.1
73681.4
73974.2
74153.5
74260.2
74479
74706.8
74719.9
74753.8
75200.4
75501.2
75636.9
75719.5
75978
76064.7
76275.8
76314.2
76403
76528.7
76645
76766.3
76991.6
77006.9
77086.4
77240.7
77244.2
77252.8
77329.9
77494.9
77582.1
77948.6
78280
78277.3
78590.2
78879.3
78951.2
78975.3
79023.4
79102.7
79277.2
79577.7
79613.4
79678.1
79718.7
79859.6
79903.9
80063
80273.2
80686.1
80786.1
80997.4
81076.5
81139.4
81328
81502.7
81532.6
81546.9
81542.6
81642.3
81820.8
81908.5
82289.3
82343.3
82416.4
82520.8
82512.5
82612.7
82641.6
82662.9
82831.7
82924.4
83014
83097.8
83304.8
83407.1
83491.3
83588.2
83693.8
83793.1
83843
83915.2
84232.1
84295
84304.5
84486
84566.9
84664.6
84752.8
84860.6
84907.6
85079
85387.2
85578.7
85625.2
85787
86029
86089.8
86171.3
86199.1
86240
86796.8
86868.2
87039.8
87158.1
87206.8
87222
87338.1
87355.8
87540.1
87680.9
87697.1
87933.9
87937.1
88389.2
88552.8
88561.2
88712.1
88736
88846.6
88975.4
89154.1
89221.9
89406.5
89465.5
89533.4
89639.2
89781.4
89828.7
89951.5
90005.9
90381.4
90563
90735
90782.2
90783.8
90895.5
91034.9
91053.2
91077.6
91217.7
91570.2
91638
91652.4
91706.6
91863.3
91873.2
92058.1
92150.5
92160.1
92247.1
92386.8
92468
92674.2
92705.8
92770.3
92895
92923.2
92928.7
92928.8
93142.4
93255.8
93269.5
93291.2
93372.3
93569.5
93630.5
93960.2
93984.3
93992.8
94011.4
94051.8
94062.5
94253.7
94265.9
94284.2
94546.9
94597
94641.4
94787.2
94908.5
95017.1
95026.5
95188.2
95299.9
95380.2
95491.1
95520.3
95550.7
95882.7
95952.1
96065.1
96199.9
96360.6
96400.4
96595.4
96608.7
96869.4
96911.2
97242.4
97292
97550.8
97620.8
97658.6
97684.8
97790
98101.2
98192.7
98265.8
98291.9
98297.8
98314.2
98334
98456.8
98660.4
98790
98815.9
98856
99062.6
99263.9
99538.1
99602.1
99650.1
99833.2
99884.1
99883.6
100091
100162
100189
100205
100319
100581
100604
100717
100881
100967
101094
101103
101213
101218
101333
101385
101436
101428
101447
101506
101571
101636
101728
102317
102361
102436
102555
102629
102933
103022
103213
103390
103464
103663
103767
103781
104140
104186
104315
104436
104747
104921
104932
105140
105178
105190
105347
105355
105468
105485
105525
105937
106049
106161
106445
106502
106511
106655
106679
106840
106959
106962
107023
107024
107110
107280
107403
107452
107584
107903
107928
107965
108008
108055
108110
108241
108290
108502
108517
108584
108775
108945
109144
109161
109188
109490
109495
109527
109540
109667
109729
109890
109938
110105
110128
110159
110422
110730
110837
110980
111150
111298
111386
111711
111713
111831
111839
111912
111953
111964
111989
112078
112165
112267
112294
112426
112526
112762
112979
113008
113071
113174
113184
113425
113460
113565
113617
113635
114123
114313
114336
114421
114484
114504
114559
114832
114936
115158
115329
115456
115555
115614
115746
115884
115915
116213
116231
116538
116575
116775
116935
117006
117360
117487
117504
117606
117703
117730
117734
118082
118318
118663
118691
118705
119054
119081
119140
119354
119351
119558
119575
119600
119818
119970
120021
120179
120222
120249
120333
120409
120402
120492
120544
120639
120754
120893
120945
120953
121000
121068
121102
121243
121318
121317
121371
121406
121510
121516
121542
121554
121647
121784
121805
121852
121853
122084
122107
122199
122403
122421
122615
122721
122971
123144
123197
123582
123792
123856
123948
124177
124197
124454
124603
124706
124753
124821
124947
125106
125130
125216
125318
125456
125680
125737
125802
125843
125873
125960
126367
126536
126630
126724
126891
127142
127300
127588
127639
127926
128279
128516
128595
128648
128932
128935
128973
129120
129314
129362
129365
129602
129675
129700
129827
130002
130026
130194
130391
130484
130496
130696
130738
130787
130883
130899
131031
131168
131171
131304
131578
131615
132013
132098
132135
132206
132261
132269
132304
132428
132448
132699
132740
132884
132879
132953
133024
133057
133083
133132
133295
133311
133369
133384
133441
133566
133580
133939
134102
134256
134314
134335
134420
134537
134630
134845
135108
135174
135439
135576
135680
135941
135988
136360
136519
136546
136593
137109
137477
137569
137609
137735
137736
138317
138333
138455
138725
138785
138838
139043
139077
139343
139388
139441
139588
139674
139736
139864
139992
140124
140380
140648
140689
140700
140899
140908
141060
141073
141184
141296
141328
141371
141460
141480
141612
141831
141928
141931
142006
142192
142299
142305
142466
142522
142805
142989
143075
143175
143421
143506
143528
143879
143885
143920
143938
144096
144161
144234
144272
144285
144499
144580
144752
144890
145087
145081
145454
145550
145680
145748
145838
145844
145889
146088
146130
146135
146135
146226
146231
146374
146441
146664
147008
147067
147107
147447
147571
147804
147950
147987
148028
148122
148212
148372
148445
148841
148849
148860
148854
149118
149201
149309
149379
149515
149578
149738
149853
149904
150022
150100
150233
150279
150330
150327
150353
150412
150463
150488
150649
150726
150793
151146
151165
151300
151349
151410
151481
151510
151670
151801
151916
152093
152119
152254
152262
152359
152545
152548
152893
153026
153073
153142
153340
153590
153698
154103
154137
154144
154188
154209
154294
154341
154350
154422
154448
154564
154669
154812
154896
155000
155054
155308
155488
155519
155618
155906
155924
155933
155929
155999
156137
156166
156298
156365
156528
156606
156632
156694
156941
157241
157293
157332
157358
157661
157686
157746
157840
157974
158072
158245
158290
158367
158375
158420
158506
158511
158711
158729
158891
159013
159098
159358
159453
159488
159620
159664
159742
159922
160081
160161
160174
160529
160579
160646
160888
160897
161038
161056
161119
161195
161444
161744
161804
161821
161992
162091
162204
162277
162373
162487
162576
162699
162773
162899
163077
163107
163136
163228
163238
163315
163427
163474
163516
163628
163737
163776
163828
164010
164200
164430
164433
164515
164593
164739
164753
164902
165194
165300
165354
165505
165594
165626
165781
165907
165967
166123
166223
166306
166495
167001
167067
167062
167067
167307
167314
167424
167486
167704
167740
167979
168133
168425
168440
168471
168619
168670
168845
169032
169313
169361
169487
169472
169766
169918
169922
169950
170154
170143
170413
170467
170556
170583
170746
170748
170796
170868
171120
171167
171364
171479
172029
172152
172284
172405
172766
172792
172982
173043
173219
173231
173359
173488
173706
173727
173846
174071
174341
174359
174401
174579
174805
174974
175038
175062
175169
175183
175192
175227
175391
175425
175429
175588
175743
175887
175934
176247
176365
176468
176576
176719
177163
177189
177253
177345
177366
177570
177734
178054
178069
178347
178490
178570
178609
178612
178655
178710
178707
178824
178881
179367
179495
179581
179789
179930
180105
180121
180121
180142
180154
180522
180568
180603
180619
180847
180846
181109
181102
181249
181432
181580
181578
181728
181758
181789
182249
182274
182714
182774
182955
182967
182981
183036
183351
183351
183512
183544
183585
183656
183782
183839
183884
183910
183928
184053
184294
184399
184536
184553
184653
184706
184793
184822
185018
185160
185281
185312
185594
185787
185801
185905
186130
186159
186275
186297
186497
186607
186768
186905
186991
187088
187177
187173
187276
187290
187559
187895
187893
188416
188445
188469
188859
188905
188908
188928
189112
189135
189262
189457
189559
189622
189741
190134
190173
190212
190293
190302
190316
190328
190488
190549
190653
190687
190687
191057
191313
191391
191616
191681
191726
191907
191926
191974
192006
192149
192341
192376
192614
192631
192837
192902
192995
193005
193019
193162
193226
193339
193365
193435
193601
193622
193744
193911
193934
194197
194376
194424
194454
194670
194775
194798
194884
195112
195148
195290
195380
195416
195418
195476
195521
195781
195805
195987
196255
196353
196477
196494
196608
196704
196987
197042
197173
197228
197669
197670
197735
197834
198008
198229
198332
198511
198554
198572
198668
198806
199075
199124
199153
199361
199679
199682
199765
