1661.67
5260.66
7104.57
10334.6
11191.6
11529.1
14284.1
15269.9
19804.4
22469
23523.7
24807.3
27604.7
34452.5
37763.1
44904.3
46928.3
47629.4
50366.3
56344.6
57240.2
67293.7
67577.7
69264.6
71120.5
74406.8
76781.6
78640.8
81193.1
84445.4
88832.2
90281.3
97077.8
100035
102550
103597
108741
109776
110396
112652
113188
114095
124244
126056
126151
140513
143683
146777
150869
153044
156689
158812
162538
163661
165433
165933
166587
168237
170583
172260
172405
172693
177380
177713
177995
181663
188754
189671
190019
191827
193765
199849
