8481.75
10733.1
12419.5
12735
13329.9
19153.4
19571
20118.3
20148.6
20941.7
21758.5
22480.9
22685.9
23053.7
23326
23767.1
24746.7
25506.6
25772.9
26704.4
27243.6
28550.3
31115.7
31331.5
34119.9
34543.8
35437.6
36007.7
36421.3
40061.9
42000.1
42618.6
44176.9
46045.9
47166.8
47625.9
47916.1
48451.1
51305.2
52155.9
52502.2
52999.8
53103.7
53442
53884.7
54047.8
54843.9
62201.4
67285.3
67882.2
69085.8
72013.4
75089.4
75602.7
78670.5
78951.8
79278.5
80512.5
80767.2
80817.5
81866
82216.8
84612.2
85150.6
85325.7
85837.7
87370.1
89516
89891.3
92161
92658.3
93015.9
94507.9
96817.9
98413.3
98904.2
98988.6
99688.6
100361
101214
101831
101878
102142
102278
102640
106099
106922
107149
107217
109426
110773
111659
112479
113381
113422
118341
119540
120078
120823
121690
122033
122468
123213
126529
128128
129949
134599
135451
135651
136196
136841
139006
139070
141356
141771
141831
142310
142831
144710
146662
147569
148123
148756
149037
149698
150489
150754
151060
151151
151668
153215
153487
155567
162016
163325
171629
175095
178160
178858
179114
180299
193124
194903
195342
195649
196327
