564.24
1093.75
1613.1
1989.62
2880.76
3009.25
3326.5
3460.97
6003.04
6023.3
6742.11
7182.03
7234.46
7601.34
7947.03
8454.59
8882.74
10138.6
12873.5
14053.1
14196.1
15530.8
15575.5
16658.1
16696.8
16864
17546
18753
20091.8
20180.7
20235.7
20691.3
20849.5
20891.7
21313.4
22188.2
22550.5
24719.9
24821.5
24837.7
26101.4
26598.5
26829.1
27179.7
27583
27830.6
28096.7
28814.6
29416.1
29698.6
29813
29827.6
30061.8
30067.6
30388.8
32226.7
32261.7
32634.2
33830.4
34255.4
34610.6
34862.3
35592.6
37128.3
37272.2
37907.1
38188.8
39450.4
40345.9
40363.8
40582.9
41652
42018.3
42206.8
42502
42861.9
42870
43139.6
43293.2
43715.9
44616.5
45658.7
45766.7
46070.5
46119.2
46301.3
47325.5
48549.8
49348.8
49372.6
50094.1
50635
50991.2
53204.9
56028
56104.6
56520.2
56570.7
57035.2
57292.5
58114.7
58187.6
59844.9
60304.6
60574.3
60764.4
61126
61247.3
61280.5
61478.8
61787.7
61928.3
62072
63186.2
63491.7
63666.3
63724.7
64545.5
64710.9
64952.5
65077.8
65399.5
66071.5
67237.7
67519.2
68236.9
68357.4
68385.2
68448.4
68886.1
69014.3
70121.8
70495.2
70968.7
71639.6
71783.1
71959.5
72419.1
72478.9
73159.8
73158.6
73322.2
73558.8
74501.6
74513.4
74792
74900.3
74991.8
75006.4
75341.5
75618.7
75984.5
76519
77736.1
77962.7
78999.7
79002.1
79414.4
79634.5
79994.8
80400.9
81051.7
82155.7
82709.2
85654.5
85870.2
86532
86924.6
87260.3
87611.4
88017.4
88710.6
88876.2
89579
89689.8
90015.5
90248.7
95557.5
96626.9
97657.6
98367.7
98542.8
98715.6
99623
99902.7
100944
101252
101672
102156
102365
102702
103253
104008
104353
104678
105065
105247
105756
105855
106413
106560
106928
107710
107786
108147
108278
108619
108726
109321
109379
109373
109715
110012
110160
111121
111150
111313
112029
112321
113813
114761
114801
115001
115034
115202
115523
115856
116488
116541
117362
117744
117777
118434
119453
119555
120959
123334
123595
123693
124112
124089
124410
124745
124989
125013
125154
125656
125896
125945
126351
126585
126778
127000
127914
128346
128482
129911
130792
131474
131566
132531
132913
133185
133731
134506
134994
135074
136773
137743
139437
139878
140439
141391
141931
142158
142372
142391
142569
142616
143362
144458
145128
145151
146199
146315
146824
147083
148575
149362
149732
150099
150930
151214
151428
151774
152124
152730
153379
153484
153778
153788
153868
154475
154997
155262
155246
156192
156295
156334
156836
157464
157605
157789
157991
158373
158910
159116
159189
160693
161028
161553
162239
162513
162853
163541
163861
163884
164194
164753
165104
165657
166517
166698
166758
166855
167241
167245
169286
169945
169948
170212
170790
170837
171057
171123
171299
171788
172001
172252
172289
172820
173146
173573
173651
174253
174719
175495
176218
176286
176705
177494
177590
178045
179662
179654
180052
180306
180730
181447
181605
182219
182745
183661
183821
183973
184286
184343
184361
184672
185133
185760
186028
186506
186647
186986
189865
189919
191538
191593
192166
192937
194927
195044
195893
195930
196399
196453
196476
196759
196916
197165
197261
197713
198519
199050
199913
