4382.35
12618.6
16183.4
18310.2
21785.6
25204.8
27622.9
28938.1
29119.5
29464.4
40595
49479.6
51301.4
52352.4
55371.8
62632.3
79925.9
82831.3
86011.5
87705
89909.9
90641.8
91891.1
97627.3
99049.3
99409.8
107532
110533
110730
112168
114959
118481
119093
120748
121081
125210
126483
128403
129941
131561
133372
134493
134700
134969
136937
137298
137607
138776
141112
145373
151520
159186
163217
164604
166030
173486
181417
183251
183531
184722
184886
185005
185645
186799
188433
191031
192906
193647
196221
196371
197959
198180
