1241.71
1973.13
2053.35
2244.77
6457.83
6699.98
8386.49
9460.15
10643.1
11160.7
11730.6
12684.6
12915.7
12989.3
13598.3
16431.9
17157.1
19285
19304.7
20113.4
20823.9
20936.8
20961.2
21528.1
21824.5
22592.2
23263.8
23741.6
25264.6
26021.4
26513
26674.9
27023.1
27572.2
27580.3
27690
27848.2
30258.4
31730.1
32723.9
33452.4
34277
34962.3
35527.3
35642.6
36811.2
38377.6
38665.8
39000.6
39353.8
39770.6
39819.6
40276.7
40714.5
40891
40964.4
41216.8
41644.7
42911.5
43156.5
43461.8
49275.8
49546.9
49615.9
49709.2
49750.3
50696.9
51257.1
53431.7
53688.3
54787.6
54921.3
55237.3
55319.5
55841.3
55962.5
56933.2
56984.6
57760.3
58037.4
58065.1
58352.7
58839.8
58864.4
59159.8
60249.6
60265.7
60302.9
60363.1
60684.6
60799.3
61948.8
61994.8
62622.3
62725.2
63324.4
63475.8
63569.2
64096.9
64132.4
64360.5
65439.8
66045
68297.7
68533.6
68544
69097.7
69493.4
69823.6
69926.4
71433.1
72534.1
73470.4
74698.6
74997.8
75998.8
76305.5
76876
77304.3
77994.3
78044.5
79177.4
79423.4
79785.8
80104.9
80423.4
81311
81504.6
82087.7
82652.3
83947.7
84620.1
85745.7
85841.8
86038.7
87071.9
87327.4
87874.8
88368.8
88531.2
89155.5
89874.6
90172.6
90218.5
90309.7
90854.2
91179.5
91210.1
91230.8
91734.6
91957.1
91990.2
92210.1
92482.2
92768.5
93102.4
93165.2
93386.2
93544.9
93812.3
94183.3
96265.5
96829
99392.7
