196.31
372.84
418.41
921.98
1236.97
1501.04
1502.78
1592.93
2063.26
2141.3
2211.08
2382.93
2582.76
2631.34
2988.05
2988.97
3015.66
3027.14
3176.72
3429.57
3491.11
4417.02
4458.51
4894.33
5109.64
5423.76
5643.69
5873.5
5977.46
6014.15
6028.22
6264.57
6658.79
6771.37
6871.59
7458.54
7668.02
7681.7
7871.96
7996.2
8018.07
8584.43
8620.85
8705.95
8979.26
9231.33
9263.51
9541.63
9850.39
9853.34
10171
10440.7
10994.2
11188.9
11212.3
11348.5
11547.3
11587.2
11733.2
11745.4
11982.1
12062.2
12220.1
12407.5
12486.2
13010.6
13127.9
13347.7
13385.7
13829.1
13913
14080.5
14325.1
14714.5
14770.4
14820.7
14859.5
15014.8
15065.5
15114
15151.5
15307.3
15794.3
16390.4
16580
16824.9
17469
18031.1
18049.5
18212.3
18214.6
18438.4
18827.9
19335.5
19454.2
19829.3
20017.1
20052.2
20332.5
20410.9
20417.9
20539.1
20645.6
20702.8
21157.3
21232.3
21236.4
21313.2
21517.7
21670.7
21782.5
22169.9
23022.6
23100.6
23271.4
23378.9
23878.7
24273.2
24331.5
24701.3
25095.3
25208.8
25225.8
25449
25520.5
25564.6
25873.5
25931.3
26455
26938.4
27204.9
28093.8
28223
28701.1
29020.1
29074.3
29327
29585.9
29714.6
30201.6
30604.6
30796.6
30905.6
31448.3
31677.5
31736.2
32529.7
32867.9
32958.8
33133.2
33211
33235.8
33421.2
33552
34239.3
34410.5
34607.9
34675
35239.8
35264.6
35380.4
35411.5
35430.4
35477.9
35836
35841.3
35915.6
36708.3
37075.7
37440
37502.6
37601.5
37874.5
38010.7
38536.2
38658.6
38720.9
38939.1
39015.2
39216.4
39317.8
39406.7
39474.1
39596.4
39617.9
39885.9
39918.1
39993.1
40036.6
40148.3
40370.3
40734.2
41170
41230.6
41297.5
41307.4
42287
42369.8
42435.7
42474
42709.4
42775
42819.9
43093.3
43178.5
43405.2
43739.6
43979.2
44028.2
44106.3
44662.7
44781.8
44832.1
44870.8
44944.4
45038.4
45228.7
45505.1
45622.4
45708.1
45943
46172.6
46176.3
46337.6
46613.2
46607.5
46965
47188.7
47203.9
47238.5
47367.3
47464.5
47506.7
47685
47741.8
48166.3
48773.1
48992.3
49268.7
49266.5
49729.6
50202.8
50273.8
50454.7
50669
50952.8
50973.5
51200
51698.6
51699.7
51782.9
52543.9
52637.3
53139.5
53157.8
53186
53260.4
53509.3
53676.1
53841.2
53865.8
54081.5
54133.8
54231.8
54835.8
55190.9
55337.3
55443
55474.5
55565.4
55763.6
56206.1
56249.9
57043.1
57056.4
57221.4
57248.6
57433.8
57652.6
57746.3
57991.8
58058.9
58136.8
58893.1
58927.9
58932.7
59353.2
59367.9
59551.5
59772.4
60063
60077.9
60097.1
60296.3
60322.1
60709.2
60794.2
61145.6
61352.3
61477
61679.8
61772.5
61872
61959.2
62154.5
62242.3
62601.3
63083.7
63276.4
63334.4
63399.9
63511.9
63917.1
64547.9
64596.4
64807.3
65209.9
65268.2
65424.9
65482
65671.9
65771.7
65877
66163.6
66349
66441.4
66456.5
66882.8
66987.9
67006.2
67702.8
67782.8
67917.3
68017.8
68170
68209
68248.5
68356.5
68499.2
68522.1
68709.6
69476.3
69835.5
70043.4
70431.1
71073.7
71224
71459.5
71516.8
71662.7
71860.5
71874.4
71939.2
72006.9
72336.8
72625.9
72629
72840.6
72950.4
73039.9
73059
73442.7
73586.1
74332.6
74343.2
74666.5
74682.8
74691.5
74727.1
75683.6
75694.9
75749.8
76005
76243.8
76296.5
77369.9
77461.5
77495.3
77677.7
77711.9
77997.8
78109.6
78179
78296.5
78449.6
78780.6
78836.8
78904.3
79173
79634.4
79983.1
80008.2
80084.5
80095.8
80222.4
80395.5
80523.5
80908
81114.2
81110.2
81409.3
81489.6
81668.4
81991.8
82163.8
82265.1
82458
82455.2
82637.4
82819.9
82873.4
83033
83281.3
83492.2
83662.8
83939.2
84089.9
84307.4
84431.7
84844.8
84866.4
85140.1
85227.2
85434.5
85497
85669.9
85766.5
85836.9
86133.9
86132.1
86315.9
86329.3
86704.8
86962.4
87005
87035.4
87136.1
87291.6
87610.8
88060.6
88237.6
88531.2
88641.4
88663.5
88722.3
88815.6
88929.2
89081.5
89180.2
89359.8
89604.6
89887.6
89977
90045.1
90137.6
90169.3
90412.9
90611.3
90616.9
90717.9
91138.1
91352.5
91658.6
92251.6
92613.1
93131.3
93143
93274.1
93342.8
93815.2
94026.6
94215.6
94278.3
94447.1
94681.6
94741.5
94766.3
94781.9
95131.2
95461.2
96106.5
96123.3
96318.8
96569.7
96814
97126.2
97211.6
97485.7
97935
98195.9
98220.5
98420
98600.9
98954.3
99360
99594.1
99604.9
99966.9
100442
100876
101056
101974
102047
102100
102607
102786
102912
102978
103040
103054
103062
103222
103786
103981
104020
104371
104396
104414
105148
105363
105948
106106
106121
106192
106229
106330
106418
106531
106717
106787
106845
106974
107064
107092
107286
107366
107458
107728
108188
108319
108412
108707
109402
109625
109974
109990
110002
110689
111419
112109
112108
112274
112303
112571
112873
112882
112956
113195
113414
113498
113601
113648
113809
113996
114252
114267
114554
114884
115104
115250
115289
115513
115844
115969
116053
116078
116214
116286
116294
116529
116536
117011
117016
117127
117255
117749
117803
117837
117950
117979
118523
118629
118717
119035
119089
119176
119455
119565
119602
119855
120420
120901
121076
121144
121444
121567
122205
122692
122720
122790
123293
123515
123671
123720
123941
124003
124296
124373
124543
125054
125218
125221
125363
125425
125592
125982
125997
126102
126223
126571
127423
127672
128340
128385
128665
128777
129013
129261
129642
129648
130052
130154
130169
130235
130571
130595
130617
131282
131371
131675
131957
132304
132363
132504
132525
132800
132828
133075
133291
133594
133625
133777
133941
133997
134015
134215
134511
134596
134859
135057
135244
135291
136034
136093
136297
136463
136517
136606
136645
136804
136960
137028
137452
137538
137764
137776
137858
137890
138050
138088
138569
138704
139026
139065
139253
139334
139629
139847
139935
140419
140605
140650
140916
141017
141554
141707
141949
142603
142630
142798
142951
142994
143208
143334
143718
144012
144045
144190
144276
144565
144680
144856
144927
145474
145575
145574
145606
145808
146133
146200
146424
146709
146707
146811
147238
147478
147483
147805
147809
147864
147929
148283
148426
148423
148919
149003
149083
149466
149564
149622
150020
150082
150117
150292
150373
150536
150756
150784
150893
151337
152001
152227
152391
152489
152521
152744
153347
153517
153529
153820
153860
153927
153958
153981
154192
154347
154539
154598
154760
154816
154996
155106
155137
156013
156056
156217
156257
156324
156468
157277
157380
157416
157972
158245
158283
158272
158500
158631
158752
158905
159200
159616
159680
160193
160221
160268
160310
160510
160597
160623
160949
161025
161965
162662
162697
162869
163048
163237
163289
163371
163977
164025
164037
164064
164273
164544
164869
165493
165496
165496
165798
166430
166532
166605
166654
166775
166832
166840
166972
167029
167175
167331
167776
167811
167977
168477
168732
168883
169254
169723
170463
170498
170669
171302
171625
171837
172036
172178
172478
172521
172531
172645
172769
172925
173101
173176
173784
173934
174409
174543
174572
174786
175500
175536
175887
176001
176004
176218
176851
176901
177008
177056
177383
177515
177835
178042
178082
179094
179398
179555
179630
179646
179879
179966
179964
179977
180043
180241
180680
180887
180921
181675
181725
181755
181800
181888
182827
183514
183734
183843
183846
184012
184165
185259
185575
185794
185950
186073
186315
186469
186501
186580
186870
187001
187322
187359
187515
187610
187708
187862
187863
187969
188245
188328
188544
188632
188778
188775
188865
189111
189181
189312
189745
189729
189983
190140
190381
191006
191497
191694
192195
192409
192542
192726
192920
192950
192990
193185
193964
194495
194491
194544
194898
195019
195154
195370
195598
195886
196107
196386
196706
196823
196859
197033
197076
197309
197657
197743
197967
198245
198504
198503
198957
199078
199208
199251
199433
199724
199856
199888
