1499.9
1947.31
2435
4127.69
6275.75
6573.35
7650.98
8491.54
8537.26
8990.74
10127.6
10849.6
14739.3
15890.4
16174.8
17099.9
17508.3
17696.3
17905.8
17927.1
18100.2
19155.2
19487.5
20310.6
20361.5
21450
24183.3
25076
25846.5
26307.9
26749.5
27192.5
27201.3
27499.2
27779
27792.1
27875.7
28352.8
28349.7
29154.7
29281.1
29501.6
29845
32679.3
32798.8
33033.4
35012.3
35761.6
36146.1
38786.4
39450.1
39763
40355.7
40692.1
40846.8
41360.9
45312.4
45314.7
45591.4
45785.2
46178.6
46960.6
47834.2
48432.5
48691.7
48964.6
54855.6
56224.2
58805.7
59205.6
60278.9
60865.8
61642.5
65465.5
66983.6
74428.8
77376.1
80200.3
81114.9
82901.4
83740.2
84364.1
84872.7
85955.8
86492
86828.3
87222.7
87896
88195
93972.4
94514.4
109982
110117
110166
110303
110380
111065
111113
111583
114495
114554
114869
115165
116528
116821
121188
125841
133115
133885
133983
135319
136236
136599
137541
137775
138105
138204
138580
139157
139189
139644
140532
140702
140916
141323
142055
143942
146714
148450
150482
152289
153996
154729
156945
158100
158360
160830
161291
163474
166483
166729
169336
173463
174225
175394
175460
175907
176433
177036
177638
178318
178372
179398
179904
180052
181879
182185
183651
184311
186229
186584
188438
188435
189194
189353
189854
190464
190746
191926
192213
195058
196301
196557
196666
197541
198675
199274
199319
199697
199851
