1799.39
2930.48
3275.47
4357
4674.65
4961.41
5746.28
8026.93
8376.87
8583.84
9833.23
10371.2
10719.3
11441.5
12214.1
12809.8
15512.7
16758
17188.4
17591.8
18071.2
18139.2
19879.7
20245.6
20714
20751.9
21001.3
21437
21755.4
24663.2
24742.5
25035.1
25529
25562.8
26878.8
27510
27607.1
28258.5
28980.4
29167.2
29605.8
30246.7
33540.8
35934.8
36383.9
39639.3
41087.2
42145.5
42629
43937.3
57585.9
58324.3
58968.1
58969.3
63471.4
63885.5
64082.9
64352.8
67110.4
67527.8
68111.1
69429.7
82178.8
82915.1
86738.2
86743
88600.6
89222.1
94797
95335.5
95516.8
96470.7
96816
97198.7
97942.3
98074
98339.6
98514.3
99247
99622.9
99665.9
99995.6
100199
101852
102729
102732
102952
103083
103115
104582
106413
106973
107122
111632
112611
113229
114502
115660
116201
117164
119060
121856
122921
123015
143784
147692
148068
148690
149237
153196
153246
155049
157503
158120
158823
158874
159520
160049
160217
162944
163768
163963
164537
165487
165501
165932
166544
169373
169738
170452
170927
171037
171133
171398
171401
171767
172409
172746
173131
173378
173793
174661
176875
179313
179350
179887
180338
180438
180757
180809
182507
182866
184101
185314
193977
194257
195592
196466
196736
197307
197659
