3197.6
5659.32
5899.97
11890.9
17828.1
18391.6
19911
19932.1
26649.5
27476
28106.1
28889.9
29233
30457.1
30847
31083.2
31699.6
31860.2
32444.3
33782.1
39173.4
40217.5
40805.8
47695.4
51034.7
53208.3
54320.9
54636
55561.8
56590.5
59467.8
60612.2
60940.6
62058.8
63192
64109.1
64351.6
66031.2
67418
70499
74537.5
75294.1
75766.9
77335.6
82638.6
85680.3
86350.7
86978.8
87384.3
87959.4
88279
92258.4
98721.5
99168.5
99517.1
103718
103896
104309
104688
105553
105553
106978
109019
110005
110598
111984
113244
115182
116962
118761
119404
121170
121391
122472
122719
125991
126683
126756
128721
129134
129183
129447
129788
129975
130923
131527
132319
132500
133842
134219
134546
135396
135511
137971
138028
138853
139310
140539
140905
141208
141272
141666
142006
142375
142861
143344
144561
147458
147954
149058
150102
151347
151628
151799
152505
156601
157174
158501
160465
160616
161239
161455
162035
162228
162577
163235
163430
164017
164104
164497
164630
165025
165121
165424
165452
166115
167435
167899
168269
168458
169086
169575
170359
170809
173066
174945
175490
175526
176284
176869
178099
178363
178621
178844
179641
181510
188224
188729
