471.64
672.04
707.3
739.89
799.02
857.75
949.82
1246.37
1334.63
1354.19
1843.85
2169.3
2285.95
2609.86
2831.44
2972.17
3010.07
3157.1
3209.82
3337.66
3399.13
3576.65
3634.52
3814.02
4818.66
4832.27
4996.65
5063.21
5081.4
5683.46
5899.8
5946.43
6062.71
6288.58
7224.41
7367.72
7623.07
8099.92
8453.55
8544.59
8633.1
8764.75
9261.62
9299.9
9447.77
9823.15
10819.6
10982.5
11125
11391
11739.1
11906.5
11919.8
12253.8
12384.7
12441.6
12826.5
12850.1
13040.3
13237
13943.1
14300.3
14500.4
14541.1
14676.2
14953.9
15242
15244.7
15343.3
15473.2
15616.3
16130.2
16326.5
16658.5
17475.3
17775.8
17848.9
18081
18256.6
18351.1
18508.7
18668
18892.3
19092
19917.5
20201.9
21027.1
21089
21621.6
22150.2
22312
22608.8
22611.6
23015.2
23091
23593.5
23869.5
24146.9
24486.5
24538.4
24539.7
24882.3
25162.2
25274.8
25455.1
25704.6
25894
26159
26331.9
26408.4
26681
26851.9
26999.9
27210.8
27300
27384.5
27680.9
28063.5
28220
28240.9
29074.3
29255.6
29267.1
29466
29581.8
30213.5
30531.5
30864.4
31047.5
31078.3
31320.6
32114.7
32533.8
32778.2
32963.5
33227.4
33595.9
34168
34216.3
34476.5
34631.2
34655.9
34737.5
34796.5
35228.8
35504.1
35545.7
36395.5
36916.2
37731
38179
38324.9
38424.3
38666.5
39697.7
39979.5
40029
40112.9
40351.7
40367
40609.4
40675.5
40705.5
41011.8
41063.5
41232.7
41339.8
41412.5
41449.6
41725
41862.2
41973.7
42071.7
42334.9
42358.7
42659.6
43301.3
43639.8
43681.7
44499.2
44626.3
44641.2
44990.5
45382
45535.6
45627
46286.9
46380.1
46792.2
47330.1
47444.5
47517.4
47744.8
47839.6
47891.7
47982.2
48010.1
48225
48810.9
48855
48986.3
49155
49782.9
50143.6
50352.8
50647.8
50864.2
52088.5
52384.3
52620.5
52820.3
53443.6
53670.3
53843.2
53924.3
55420.5
55443.1
55570.3
55620.5
56182.8
56477.1
56699.7
57190.7
57363.6
57466
57635.1
57682.4
57953.3
58065.5
58362.9
58924.3
58934.5
60141.5
60402
60532.2
60660.6
60742.5
60888.8
61110.2
61139.9
61420.2
61786.1
61829.7
62181.6
62617
62965.2
63002.5
63243.4
63695
63772.2
64235.4
64685.3
64681.6
64825.2
64835.2
64930.1
65480.2
65687.5
65920.6
66322.8
66822.3
67056.3
67065.5
67245
67607.4
67631.1
67813.9
68130.1
68140.8
68219.2
68262.2
68555.8
69043
69154.3
69553.8
69725.3
69781
69867
70227.1
70578.7
70695.5
70707.7
71121.1
71636.5
71784.2
71956.9
72338.1
72610.6
74295.6
74435.9
75050.8
75067.9
75478.4
75795.7
76097.1
76191.1
76198.6
76360.8
76403.4
76518.1
76881.2
76983
77061.7
77364.2
77433.4
77528.9
77582.8
77979
78142.1
78344.3
78692.1
78739.5
78906.6
78935.5
78949.4
79620.3
79750.3
79763.5
80041.5
80701.8
81454.4
81537.3
81586.3
81795.8
81899.2
82086.4
82225.4
82219.2
82238.3
82787.5
83014.2
83279.1
83401.7
83813.3
83826.3
83876.6
84000.3
84233.3
84430.8
84609.9
84629.5
85505.6
86188.8
86843.4
87282.9
87438.9
87525.7
87684.3
88042.3
88043.7
88058.1
88165.4
88197
88216.3
88398.1
88447.5
88467.8
88511.2
88714.2
88821.5
89345
89546.2
89766.5
89777.5
89794.3
90022.1
90450.1
91057.5
91709.6
91834.7
92238.6
92610.1
92694.7
92798.7
92859.7
92967.1
92974.1
93168.7
93337.6
93560.5
94022.8
94296.5
94314.7
94353.3
94448.9
94611.5
94880
95255.8
95407.7
96010.4
96008.7
96075
96098.2
96118.1
96201.2
96261.6
96788.8
96945.4
96965.2
97280.4
97327.8
97639.5
97935.2
98364.2
98424.5
98608.5
99862.9
