143.67
1437.07
1961.27
3130.94
3715.48
6342.68
6414.43
6427.62
9109.29
9249.97
9581.97
11464.9
11872.4
12602.9
13108.7
13424
13787.5
13837.7
13843.7
14506.2
14704.6
14999.2
15013.9
15564.7
16444
16541.2
17286
19106.8
19250.7
19992.3
20482.7
20622.6
22409.8
23667.1
24108.9
24719.2
25057.5
27748.5
28265.6
29203.3
29419.2
29641.4
30156.6
30584
31566.6
33042.3
33718.1
34327.2
34600.7
34909.2
35133.9
35762.8
36495.1
37022.4
38118.1
38212.1
39031
39313.7
39977.2
41123.1
41916.3
42926.4
43843.4
44382.5
45188.6
45842.7
49712.2
52996.8
53712.8
54601.4
55816.9
56017.4
56750.2
57295
58904.5
59732.5
59819.7
59948.6
60253.9
60306
62540.7
62618.1
63141.3
63257.7
66286.2
66927.9
68265.7
68702.4
69344.3
69627.8
70216.1
70722.1
70875.4
71538.1
72166.5
73742.2
74049.6
74607.9
74645.6
74991.2
75081.5
75100.6
75329.5
75743.5
76444.7
76525.5
77835.3
78053
78087.4
78379.2
78468.5
78515.2
79258.2
80465.9
80733.8
81490.7
81978.3
82883
83320.8
83421.4
86398.4
87657.7
87949.3
88388.2
89260
90403.5
93087.5
93878.9
94195.3
94651.4
95687.2
95923
97177.7
97292.8
98086.1
99212.3
100072
100737
102756
103242
103701
103710
103742
104393
104670
105051
105775
105914
105931
106572
108070
108125
109931
110354
110900
111250
111299
112319
112511
112632
114956
118106
121297
122663
122770
123395
125286
126692
127168
127194
127513
128667
129140
130500
130860
131130
131432
131836
132345
133473
136002
136585
137213
138883
139395
139966
141018
141597
141655
141947
142304
142390
143864
144652
144869
145216
146209
146843
147149
148028
148370
149168
150020
150865
151210
151245
151918
153054
158133
158308
158346
160122
161837
162326
163133
163869
164398
164551
164933
165017
165222
165987
166200
166764
168522
168552
168909
168904
170993
171625
171776
171938
173070
173723
174325
175541
175560
175748
176146
176429
177447
177514
179275
179506
179685
180083
180528
180754
181208
181631
181857
182091
182277
184092
185314
186346
186448
186819
187845
188269
191639
191860
192386
192586
192610
193093
194069
195604
196821
197179
197617
197810
198757
