131.47
398.38
719.05
752.15
1018.95
1361.29
1543.64
2086.95
2177.73
2197.83
2242.96
2407.25
2656.37
3133.24
3253.91
3270.61
3658.91
3692.76
3941.52
4050.81
4104.3
4530.74
4783.51
5018.2
5039.38
5309.63
5928.96
5960.14
6037.99
6169.92
6417.46
6427.5
6450.08
6745.09
6766.17
6815.78
6877.52
6911.73
7100.03
7108.69
7110.38
7144.28
7193.18
7396.89
7774.72
8542.81
8748.81
8909.84
9326.59
9603.61
9791.43
10117.6
10228.7
10298.3
10769
10919.5
11347.7
12015.6
12075.5
12263.5
12578.6
12832.6
12897.6
13062.4
13139.2
13331.8
13429.3
13756.2
13861.9
14152.2
14229.1
14379.6
14460.9
15358.4
15642.3
16009
16271.3
16298.8
16769.8
16941.8
17351.8
18052.2
18103.5
18313.2
18387.8
18444.5
18851
19099.5
19138.9
19303.3
19534.8
19581
19721.1
19737.1
19792.2
19978.3
20014.7
20115.7
20312.3
20882.1
20998.2
21304.6
21654.6
21928.5
22315.4
22388
22588.3
22683.1
22838.3
22949.7
23545.4
23714.9
23764.8
23806.5
24081.7
24081.6
24526.6
24533.2
24548.2
24603.5
24896.9
24917.8
24914.7
24976.3
25197.3
25253.3
25276.5
25403.7
25446.5
25452
25738.2
25739
25777.6
26400.2
27413.2
27629.5
28935.7
29229.2
29420.3
29589.4
29873.4
29911.4
30478.3
30583.7
30869.6
30968.7
30979
31076.6
31084.1
31237.7
31304.5
31391.7
31546.9
31561.4
31585.2
31861.3
31939.9
32532.8
33647.6
34048.1
34052
34157
34426.4
34648.2
34851.8
34880.3
35057.1
35097.1
35229.9
35593.4
35628.8
35641.5
35679.6
35742.9
35750.7
35926.9
36039.2
36116.1
36155.9
36455.3
36473.2
36578.6
36939.8
37421.2
38317.2
38744
39335.1
39473.4
39798.2
40622.4
40680.3
41001.7
41452.3
41513.6
41521.8
41691.8
42021.1
42122
42502.9
42708.9
42738.1
43495.3
43742.3
43986.3
44035.7
44233.6
44451.6
44800.6
44916.4
45029.9
45099.7
45778.2
46121.9
46743.3
46909.1
46936.8
47117.3
47330.1
47440.9
47575.8
47962.3
48402.6
48444.6
48802.5
49494.4
49664.3
50073.4
50127.2
50161.6
50346.4
51177.6
51178.3
52131
52368.8
52464.7
52481.5
52527.2
53961.2
54118.2
54248.2
54448.9
56354.4
57360.8
57421.9
57732.9
57995.9
58037.8
58067.5
58126.5
58277.8
58703.9
58879.1
59075.7
59163.7
59311.2
59425.2
60938
61479.8
61596.1
61792.9
61867.8
62032.4
62050.4
62445.3
62445
62670.3
62944.3
62963.1
63164.6
63335.2
63640.9
64088.8
64354.7
64583.2
64696.4
64726.5
65354.7
65393.5
65543.1
65863.4
65872.7
65981.7
66003.8
66202
66525.7
66783.6
67014.9
67266.7
67364.1
67434.2
67616.6
68289.7
68506.6
68570.3
68734.6
69131.8
69425.5
69463.9
69691.7
69716.7
70086.9
70289.1
70298.4
70384.7
70747.2
70820.4
70971.9
71186.1
71687.4
71704.6
71759.7
71792.3
71814.8
72105.2
72300.9
72518
72610.8
73701.7
73746.2
73913.4
74095.2
74229.5
74434.1
75404.5
75586
75937.8
76151.2
76341.2
76649.6
76948.7
77050.2
77413.5
77480
77945.8
78474.7
78779.9
78884.7
79476.5
79502.2
79833.3
80209.1
80237.9
80497.1
80840.4
81257
81281.4
81574.5
82016.3
82322
82686.7
82806.6
82832.2
83011.3
83148.7
83434.5
83875.9
84030.9
84117.4
84378.2
85102.9
85229
85354.5
85409
85648.6
85960.4
86165.6
86412.4
86433.8
86817.7
86857.6
86966.8
87132.8
87219.1
87306.1
87388.1
87483.4
87528.7
87764.5
87777.7
87802.4
88199
88338.1
88555.9
88576.2
88981.9
89109.2
89121.3
89400.9
89523.4
89541.2
89691
89737.4
89864.1
90252.8
90427.3
90773.8
91015.6
91225.3
91379.7
91696.9
91820.9
91821.6
91906.6
92104.5
92270.4
92291.3
92527.8
92573.4
92688.9
92702.4
92903.5
93500.7
93701.7
93703.9
94226.1
94343.5
94570.1
94895.8
94938.4
95064
95287.1
95369.3
95462.5
95854.9
95857
95896.8
96274.5
96388.3
97787
98139.4
98274
98328.4
99047.2
99381.1
99402.3
99833.9
99859.4
99910.9
100044
100242
100747
101056
101186
101453
101634
101689
101741
102057
102098
102128
102376
102614
102843
102849
102966
102984
103109
103146
103347
103402
103572
103901
104988
105199
105842
106830
107196
107530
107578
107901
108091
108230
108291
108521
108779
108890
109007
110092
110430
111930
112252
112572
112708
112895
113324
113376
113714
114002
114056
114304
114483
114521
114798
114893
114998
115413
115731
116008
116873
116924
117961
118084
118274
118602
118626
118924
119600
119723
119895
120119
120243
120419
120750
120967
121156
121305
121313
121557
121692
122056
122310
123320
123590
123758
123856
125164
125386
125608
126054
126344
126384
126752
127431
127492
127582
128084
128235
128420
128440
128486
128603
128995
129336
129453
129778
129963
129997
130368
130727
130802
130868
131008
131190
131274
131598
131936
131945
132271
132398
132544
132864
132969
133296
133302
133325
133880
134148
134509
134621
134729
134943
135184
135443
136299
136654
136760
137377
137683
137760
138443
138501
138689
138820
139159
139440
139590
140011
140020
140911
141283
141302
141769
141815
142379
142943
143365
143359
143436
143661
143792
144158
144354
144623
145320
145709
145725
145947
145954
146019
146097
146374
146869
147852
148307
148397
148412
148478
148569
149202
149206
149514
149801
150959
151228
151657
151807
152039
152645
153129
153330
153409
153852
154219
154293
154702
154998
155023
155114
155336
155526
155534
155721
155750
155984
156041
156235
156464
156542
156536
156941
156949
157079
157517
157684
157781
157889
158070
158267
158396
158489
158580
158650
158711
158921
158931
158939
158947
159318
159498
159672
159708
159760
160206
160239
160915
161044
161480
161616
161818
161980
162185
162345
162469
162601
162729
162999
163333
164780
165013
165722
165890
166010
166154
166607
166736
167222
167714
167747
167865
168026
168034
168446
168544
168617
169086
169353
169455
169718
169872
169948
169990
170079
170238
170631
170774
170765
171015
171144
171417
171579
171625
171623
172031
172133
172359
172454
172494
172517
172633
172752
172793
172805
172973
173038
173048
173126
173146
173353
173378
173432
173689
173874
174206
174437
174457
174920
175069
175086
175191
175351
175618
175721
175796
176078
176923
176977
177162
177196
177235
177551
177590
177670
177688
177732
177840
177908
178272
178605
179331
179515
180013
180695
180702
180848
180959
180998
181037
181220
181462
181720
181778
181840
181995
182074
182084
182445
182621
182761
183070
183106
183345
183410
183550
183741
183869
183979
184049
184189
184475
184939
185324
185589
185656
185751
185981
186593
186696
187412
187631
187666
187717
187754
187838
188292
188534
188530
188768
189020
189294
189419
189980
190014
190157
190329
190400
190694
190771
190816
191029
191389
191474
191546
191574
191648
191716
191932
191940
191940
192117
192861
192931
192970
193202
193220
193383
193878
194023
194307
194380
194715
194797
194925
194943
195081
195535
195745
196140
196154
196404
196744
196998
197067
197499
198050
198130
198354
198546
198845
199093
199328
199383
199654
199773
199947
