878.41
1237.84
2170.46
4425.44
5162.02
7763.24
8833.96
10358.6
10465
10891.2
11725.7
11740.5
12145.2
12680.2
13458.1
14141.6
14518.9
15780.4
16221.1
18664.6
23558.7
24287
25336
26029.1
29127.3
29772.7
30168.8
33559.7
35293.4
35677.9
37084.7
38306.2
41330.1
44495.2
44779.9
49587.2
50018.2
50320.7
52269.1
53633.1
54726.9
55229.7
55761
57018.3
58295.2
59835.6
63647.1
64041.6
65533.9
65560.7
65862.2
69277.7
70715.2
71485.6
72163.6
73608.9
75592.4
76126.1
77766.2
78027.3
78115.1
80242.3
80415.7
81103.1
81501.4
84318
85930.7
88565.5
88584.8
89060
89209.1
89958.9
90112.5
90208.7
90497
91302
91897
92040.7
92717.7
92733.4
93172.4
93330
93457.1
93692.9
94037.2
94267.8
94348.7
95118.7
95547.7
96757.1
100460
101071
102186
107365
107450
107732
111720
112108
113000
113654
113837
115276
118863
119074
119257
119678
120164
120194
121144
121994
122015
123814
124132
128039
128320
128354
128657
128699
128795
134432
136705
136950
137311
137524
138161
141188
144231
144559
144778
145009
145167
147132
148187
149005
150858
151336
151663
154135
154474
155648
157549
157689
159195
163407
166078
167680
168199
169346
169809
171981
173202
175655
176089
179911
180104
182567
182881
183806
184226
185107
185161
185646
185980
188423
189272
190212
190924
191035
191564
191739
192710
192756
192869
193474
195020
195095
196466
199178
199497
