604.19
967.9
1118.99
1152.81
3066.49
3436.59
3478.62
3914.28
4155.96
4862.07
5585.8
5587.33
6038.05
6877.48
7102.01
7323.35
7975.82
9824.06
9860.67
10723.6
10947.3
11065.2
11579.5
11839.7
12064
12545.5
13319.9
13571.2
13768.5
14100
14372.4
15115.9
15724.3
15749.3
17563.2
18250
18348.1
19226.6
20864.2
22159.9
23028.4
23160.2
23663.8
24659.8
24889.1
24976.5
25642.7
25893.7
27348.7
28815.4
29001.7
29250.4
29647.8
29777.8
31082.7
31524.4
31733.5
32832.5
32907.6
33361.4
34742.7
34915.1
34956.5
35566.1
35851.1
36184.3
36260.7
36805.4
37823.8
38615.9
39256.7
40884.9
42496.8
43861.8
44131
44765
46403.7
46611.1
47529.8
48219.9
49101.2
49222.9
49476.4
49789.7
49976.8
50710.2
51193.6
51294.8
51607.9
51745.7
52113.8
52649.1
52960.5
53376.1
53648.5
53945.8
54165.1
54221.4
54377.4
54472.9
54766.4
54843.5
55269.7
55344.7
55613.5
55654.4
55857.6
55991.9
56765.3
57356.2
58185
58233.1
58679.1
59707.9
60063.7
60367.7
61155.2
61792.5
61806.5
62406.4
62564.4
62926.7
63148.4
63935
64528.2
65427
65736.4
66551.7
66882.4
67452.5
67580.3
69171.3
69462.6
69599.6
69751
69868.1
70255.4
70450.7
71040.1
71305.8
71336.9
71901.3
72423.7
73316.4
73474.6
73675.7
73844.5
75331.6
76633
76648.9
77139.8
77460.8
77924.9
79246.2
79968.3
79982.6
80905.9
80984.6
83350.3
83702.5
84683.6
85382.3
86147.7
87146.2
87689.6
88193.2
88386.2
88416.7
88882.1
88949.1
90772.9
90930.5
91390.8
91618.6
91878.3
92210.6
92350.9
92574.7
92791.8
93406.8
93561
93589.8
94102.7
94251.4
94314.4
94592.7
94679.4
94806.9
94947.8
95111.3
95424.6
95737.9
96709.8
96832.8
97583.9
98472.2
99598.6
100002
100097
100308
100336
100431
100920
101553
101582
101850
101934
102097
102912
103618
105054
106357
107321
109692
110504
110743
110761
111641
112011
112171
112700
112894
112927
113212
113594
113773
114265
114861
115661
116159
117976
118505
118609
118909
119096
119274
119311
119699
119837
119982
120766
120824
121035
121491
121528
121570
121672
121693
121829
122193
122599
123301
123560
123556
123670
125990
127177
127253
127296
127587
127617
127850
128369
129345
129663
130329
132121
132305
132877
133223
133427
134102
134167
134821
135236
135479
135621
135942
136306
136487
136905
138637
139104
140258
140320
140923
143343
143789
144001
144032
144128
144630
144772
144831
145081
146185
146833
146840
147199
147386
147432
147486
147692
147778
148014
148505
148511
148710
149152
149663
149811
150212
150477
150987
151455
152075
153956
154567
154832
155174
155388
156438
158427
159090
160461
163318
163649
165071
165095
165832
166053
167242
168006
168579
168685
169215
169257
169498
169878
171147
171669
171937
172064
172336
172540
174225
174589
175367
176224
176772
177190
177249
177826
178267
178939
178961
179219
179246
179516
179778
180381
180862
181645
181783
182255
183791
184678
184940
185250
185313
185324
185448
185448
186023
187033
187488
187716
187973
188058
188664
189033
189731
189862
190032
190153
190588
190656
191349
192326
192464
192751
193036
193221
193268
193436
193540
193649
194071
194439
194685
194692
195123
195847
196105
196190
197327
197674
197695
197950
199118
199786
