571.01
990.89
997.06
1164.67
1200.85
1295.48
1585.3
1621.79
1622.67
1879.5
2158.66
2172.39
3160.74
3421.15
3691.25
3800.52
3827.05
3972.37
4576.98
4602.76
4847
4897.43
5615.51
5777.8
5904.71
6475.33
6692.17
7082.83
7946.38
8115.21
8841.04
9251.47
9421.02
9587.68
9840.6
10099.1
10576.2
11162
11445.1
11537.9
11725.1
12221.1
12311.5
13632.6
13718.7
13782.8
13989.7
14483
14605.6
14628.1
14631.2
15462.7
15935.4
16315.4
16331
16682.9
16982.7
17184.3
17324
17495.6
17613.9
18252.1
18324.7
18649.1
19112.7
19331.2
20094.7
21682.2
21727.4
22682
22711.4
23080.5
23561.8
23900.8
23929
24669.5
24726.8
25638.6
26284.3
27219.1
27397.2
27576.2
28356.5
28362.2
28384
28545.8
29752.8
30142.2
30217
30400
30477
30514.2
30517.4
30845.7
31155.4
31264.8
31329.3
31575.1
31777.9
31966.9
32282.8
32318.6
32449.4
32721.5
32850.3
33851.4
34129
34328.5
34406.9
34730.7
35236.4
35653.2
35772.1
35888.5
36001.2
36405.2
36654.7
36671.5
36773.6
36797.8
36859.7
37105.9
37574.1
37597.7
37870.1
38259.8
38969.6
39186.9
39187
39332.7
39883
39962.7
40345.2
40533.8
40805.3
41022.3
41042.5
41069
41347.8
42019.5
42427.1
42659
42696.4
42852
42977.5
43015.6
43537.3
43901.5
44649.3
45116.9
45232.1
45332.9
45499.2
48224.4
48682
49906.1
50136.1
50355.6
50578.4
50671
51523
51537.7
52037
52454.3
52921.9
53755.9
56739
57013.6
57457.6
58187.4
58388.1
58810.5
59318
59404.2
60297.1
60432
60572.3
61122.5
61232.6
61946.8
62604.9
62616.3
62620.9
63131.1
63291.5
63430
63700.7
63961.7
64149.1
64243.4
64308.1
64666.6
65032.4
65103.5
65128.7
65148
65437.2
65763.5
65766.9
66014.5
66314.4
66643.5
67273.3
67463.6
67894.3
69887.8
69958.1
71171.1
71397
71603.7
71827.5
72020.4
72415.1
74207.7
74301.5
74918.3
75118.9
75207.7
75413.6
75936.9
76597.6
78164.3
81711
83111.4
83184.3
83476.3
83490.7
84474.6
85285.5
85656.2
85673.2
85765.4
86288.3
86418.5
86541.8
87192.6
87447.8
87771.8
87956.1
88183.9
88234.7
88289
88565
88585.1
89094.6
89125.4
89226.8
89854.1
90195.7
90203.2
90722.2
90762.1
91431.4
92008.1
92157.5
92515.3
92687
93038.5
93316.5
93934.3
94221.4
94294.7
94729.4
94878.8
94890.6
94926.1
94941.2
95456.8
95773.5
95967.8
96236.1
96278.7
97008.1
97039.7
97270.1
97295.4
97344.1
97463.1
98045.9
98293.8
98315
98447.1
99090.1
99347
