609.61
833.41
879.98
956.14
1467.12
1469.41
1609.65
2181.8
2522.85
2772.16
3342.69
3483.37
3605.48
3889.28
3955.58
3995.07
4356.05
4415.36
5652.14
5691.92
6427.26
6865.87
7173.77
8668.35
8700.59
9019.69
9276.36
9560.1
9924.03
11165.1
11372.1
11676.4
11943.2
12536.1
13125.3
13403.6
13936.3
13984.9
14492.2
15642.4
16552.7
16791.3
17509.2
17592.3
18305.6
18806
18823.1
20183.7
20431.7
20845.8
21200.2
21468.6
21806.1
21976.6
22608.7
22744.5
23382.7
24291.8
27682.6
28165.2
28257.9
28582.4
28761.1
28911.9
29216.1
29519.5
30969.1
31172.2
31444.4
31674.1
31990.4
32039.1
32390.9
32621.2
32669
33491
33970
34462.8
35362.7
35409.9
35955.1
36106.5
36373.7
36939.9
37118.3
37327.6
37341.7
37405.7
37744.4
37895
38377
38792.9
39070.3
39480.2
39594.6
40562
40667.2
40937.5
41149
41660.8
42201.5
42219.9
42224.6
42323.7
42749.5
42870.2
43003.5
43439.7
44186.6
44514.3
44977.1
48254.9
48508.8
50365.5
50732.8
50982.8
55499
55753.6
57576.6
59330.4
59653.6
60284.8
60325.4
60500
60807.4
61000.7
61428
61508.1
62117.6
62857.3
63275.4
63645.4
63987.9
64386.8
65437.9
65808.7
65846.6
66244
66270.1
66814.3
66894
67215.3
67392
67605.5
67752
67814.1
69146.2
69764.3
69785.3
70847.2
71008.5
71249.4
71579.1
71952.8
72024.7
73592.5
73875.4
74496.6
74689.6
75186.9
75460.3
77196.5
77473.8
78008.3
78399.5
79452.2
79653.9
80321
81122.9
81196.3
81537.4
81554.6
81826
83875.2
85488.2
85590.1
85809.7
86070
86243.9
86678.9
86987.7
87112.5
87142.2
87644.1
88079.8
88346.4
88765.9
88832.5
89171.8
89398.7
90027.6
90113.9
90309.1
90907.6
91434.8
91733.5
92071
93180.3
93240.9
93536.1
94279.6
94379.8
94688.3
94973.5
95288.2
95529.2
95733.6
95899.6
96644.1
97351.1
97634.1
98061.3
98386.8
99153.5
