1519.19
2037.25
6924.55
9922.48
10268
10567.4
10909.5
14002.4
14540.2
14646.7
14798
17092
17506.3
24207.7
24334.5
25086.4
25289.3
25519.7
29227.6
29835
31962.7
32524
33358.6
33771.5
33932.8
34430.8
36708.1
44294.2
44907.2
44992.8
45576.2
46396.7
46990.3
47689
47985.5
48032.1
50456.3
51017.8
52518
53060.3
59457.9
60057.9
65174
65393.2
73027.3
73573.9
74093.6
74171.3
74447.4
74774
75429.8
76471.7
76554.6
77126.2
79575.8
84820.7
85197.3
87011.1
87525.3
90866.2
91137.9
99703.4
100450
101432
101630
102072
102131
102630
102689
103214
103601
103856
104031
104209
104925
107193
108691
111609
111606
112112
112292
113924
114073
114571
114791
114848
115061
115332
115361
115470
116477
117452
117682
118199
118457
118568
120588
120727
120899
121084
123665
125006
125125
125255
125473
125551
126704
129596
130760
131223
133452
133765
134170
134517
136645
138620
138711
139771
140538
140715
146602
147468
148067
148131
148798
148922
149479
149966
150337
152086
159104
159481
160050
164845
164866
165565
165669
166322
168438
169815
170301
170507
170863
172060
174587
174772
175108
177337
177458
185560
186096
186350
186874
187796
187914
188193
189543
193494
193735
194210
194913
197697
198336
198330
199670
