462.03
831.63
891.86
1062.09
1219.52
1405.75
1522.42
1773.87
2219.36
2411.67
2443.95
3138.63
3196.49
3536.4
3908.69
3959.99
4350.99
4499.54
4760.03
4761.15
5035.84
5793.02
5803.35
6065.5
6712.59
6718.51
6822.68
7135.97
7417.24
7555.11
7685.3
7991.78
8337.44
8391.19
8421.29
8528.81
8639.29
8709.55
8733.67
10067.8
10349.6
10353.8
10471.7
10743.2
10759.5
10968.1
10981.9
11161.8
11173.9
11285.5
11320.6
11349.6
11496.4
11537.1
11794.6
11897.8
11938.7
11961
12037.1
12544.7
12551.8
12669.7
12712.4
12889.9
12934.6
13212.3
13220.9
13478
13683.4
13724.3
13767.1
13798.8
14135
14154.9
14453.8
14456.5
14742.5
15326.8
15868.5
15990.5
16219.5
16291
16390.3
16454.2
16493.3
16616.2
16955.3
17048.1
17370
17547
17643.9
17830.6
18420.5
18566
18685
18837.7
19145.5
19188.3
19272.3
19650.3
20065.7
20358.7
20850.9
21099.2
21476.9
21732.1
21994.7
22092.9
22144.8
22451.5
22458.2
22795
22979.2
23086.9
23282.9
23316.7
23547.2
23823.6
23870
24031.1
24130.4
24204.5
24274
24385.9
24428.2
24552.5
25300.5
25664.9
25906.6
25962.8
26153
26189.8
26247.5
26357.2
26552.1
26896.4
26961.2
27123.3
27258.8
27409.9
27522.6
27561.2
27937.2
28223.7
28321
28382.5
28516.7
28527.6
28552.1
28743.9
29260.9
29302
29392.4
29702.9
29763.4
29798.2
29956.5
30095.8
30365
30743.5
30877.3
31195
31280.8
31567.2
31593
31728.6
32938.4
33131
33520
33838.1
34211.4
34333.6
34349.4
34410
34452
34757.1
34792.5
34812.6
34854.4
34953.3
34996.9
35053.3
35117.4
35342.1
35488.7
35567.9
35703.9
35796.5
36126.5
36147.3
36145
36244.3
36428.7
36783.2
36956.3
37071.1
37598.9
37792.5
38364.5
38738.2
39065.6
39281.2
39583.5
39804.6
40216.5
40450.2
40494.1
40657.7
40704.4
41305.5
41367.5
41386.9
41520.4
41570.6
41590.1
41834.8
42011.4
42062.3
42103.6
42144.3
42366
42375.3
42454.9
42451
42548.7
42806.8
42909.8
43158.3
43713.5
43798.7
43856.7
43866.7
44011.6
44149.5
44269.7
44431.2
44447.2
44458.2
44576.6
44644.3
44868.8
44875.5
44896.6
45135
45287
45348.3
45692.9
45829.6
46329.7
46353.5
46501.1
46639.7
46688.3
46778.7
47155.6
47611.1
47647.2
47806.8
47919.1
48017.4
48098.4
48474.6
48592
48679.9
49033.8
49094.7
49158
49518
50084
50272.8
50314.1
50673.9
51126.4
51224.9
51352.6
51477.6
51540.4
51676.3
51697.1
51736.9
51816.1
51950.4
52086.3
52562.2
52718.4
52985.1
53007.8
53004.1
53138.7
53213.5
53431.4
53621.9
53740.7
53840.1
54020.6
54222.5
54528.8
54538.5
54675.7
54746.5
55275.5
55385.3
55539.9
55622.2
55776.3
55787.3
55830.6
55875.2
56213.6
56314.6
56581.7
56877.3
57029.7
57173.6
57326.1
57492.9
58177.6
58431.3
58522.1
58612.2
58633.8
58691.5
58939.5
59165.3
59240.2
59338.4
59526.2
59623.8
59831.9
60515
60583.3
60738.5
60873.5
61176
61434.9
61552.8
61660.7
61715.4
62039.1
62215.9
62218.2
62301.7
62355.8
62701.8
63007.9
63115.7
63495.3
63680.6
63777.1
64443.9
64695.4
64849.2
65046.9
65079.2
65135.8
65317.9
65318
65537.7
65566.2
66028.1
66184.2
66702.1
66938.2
66948.2
67034.3
67941
68584.7
68632.5
68657.6
68918.6
69227.9
69464.1
69671.8
69748.3
69753.9
69783.3
69906.3
69919
70092.4
70100.5
70128
70406.3
70436.5
70609.8
70845.4
71305.5
71502.8
71594.6
71772.4
72231.1
72379.6
72432.6
72701
72811.9
73163.3
73431.8
73700.7
73787.4
74526.2
75392.3
75525.9
75927.6
76055.8
76320.8
76451.8
76589.9
76969.4
77225.1
77323.4
77361.4
77733.9
78232.4
78339.1
78408.6
78423.8
78446.2
78709.3
78762.9
78813.9
79021.9
79054.6
79430.1
79903.7
79920.1
80080.7
80410
80826.8
81224
81277.4
81424
81595.8
81893.7
81962.1
82044.1
82135.3
82317.5
82704.6
82926.3
83075.1
83160.1
83237.3
83400.8
83688.6
83705.9
84037
84215.1
84410.3
84535.9
84608
84674.4
84779.1
84876.4
85203.6
85226
85285.3
85536.6
85560
85589.1
85778.3
85861.7
85859.1
85963.6
86308.9
86398.3
86486.8
86611.3
86654
86901.9
87103.9
87143.5
87353.7
87376.7
87396.5
87526.1
87766.7
87945.5
87956.2
87978
88094.7
88501.8
88546.1
88924.7
89023.8
89037
89292.1
89322
89728.1
90096.6
90108.1
90257.7
90481.3
90648.7
90718.7
90971
91050.5
92088.5
92093.5
92450.4
92683.8
92749.1
93179.4
93986
94501.1
94687.4
94695
95179.8
95285.1
95510.9
95810.1
95878.9
95890.2
96017.5
96178.7
96195.2
96291.8
96456.6
96486.5
96675.3
96968.1
97063.7
97082.1
97462.4
97558.6
97737.4
97866.2
98001.6
98025.8
98052.4
98047.2
98107.6
98182.6
98486.3
98609.4
98932.6
99245
99258.1
99333.6
99414.8
99607.3
99637.6
99782.4
100206
100446
100570
100708
101160
101344
101397
101474
101567
101597
101934
101963
102226
102457
102849
102885
102898
103011
103211
103273
103324
103407
103510
103694
103856
104069
104076
104270
104340
104678
104704
104745
104838
104967
105518
105545
106145
106426
106812
106912
107234
107294
107319
107555
107777
108103
108162
108323
108425
108700
108911
109045
109097
109444
109471
109573
109618
110156
110224
110792
111029
111641
111723
112031
112117
114093
114192
114299
114507
114709
114927
115210
115315
115360
115360
115518
115542
115560
115674
115864
116117
116455
116891
117000
117810
117840
118155
118389
118414
118926
118985
119342
119406
119504
119887
119944
120330
121043
121747
121852
121976
122016
122125
122260
122443
122463
122498
122693
122769
122771
122813
122951
122966
123047
123512
123605
123619
123638
123848
123870
124075
124172
124234
124339
124412
124505
124614
124630
124701
124790
125059
125223
125249
125336
125377
125450
125777
126150
126277
126567
126631
126719
126876
127087
127102
127217
127390
127382
127689
127689
128105
128127
128330
128471
128784
129064
129269
129453
130083
130348
130770
131053
131092
131158
131342
131495
131536
131616
131890
132080
132498
132840
133101
133170
133289
133682
134741
134865
135329
135699
136059
136237
136598
137185
137268
137381
137410
137693
137781
137948
138244
138356
138511
138808
138913
139027
139387
139631
139669
139761
139916
139952
140276
140279
140610
140629
140676
141034
141145
141175
141322
141418
141611
141862
142330
142512
142759
142861
143309
143393
143404
143415
143526
143647
144024
144067
144216
144526
144618
144715
144822
144945
145266
145263
145287
145365
145444
145568
145690
145768
145899
146110
146288
146578
146803
147501
147506
147692
147998
148135
148271
148297
148404
148659
148767
149010
149123
149194
149271
149440
149816
150356
150355
150602
150770
150893
151392
151435
151631
151774
152166
152560
152648
152635
152938
153145
153257
153654
154099
154581
154604
154654
154725
154790
155008
155238
155749
155945
156253
156526
156578
156612
156662
156811
157390
157410
158332
158406
158414
158801
158829
159136
159126
159254
159391
159451
159586
159653
159677
159928
160040
160074
160627
161034
161070
161301
161360
161482
161773
161934
162030
162036
162198
162393
162528
163017
163027
163252
163274
163672
163785
163804
163947
163976
164062
164295
164420
164782
164863
164947
165339
165355
165463
165524
165661
165734
165734
165889
165994
166200
166215
166295
166306
166491
166497
166501
166498
166614
166650
166691
166798
166899
166981
167396
167398
167499
168349
168594
168756
168890
169486
170152
170612
170644
170762
171042
171194
171206
171593
171964
172047
172390
172465
172504
172571
172582
172679
172687
172895
172899
172982
173553
173598
173855
174298
174640
174687
174982
175169
175633
175660
175843
175945
176182
176659
176807
176908
176935
177251
177399
177423
177909
178131
178437
178439
178603
178672
178712
178787
179475
179521
179825
179831
180089
180254
180428
180431
180670
180725
180798
180891
180891
181530
181774
181817
182321
182503
182753
182905
183121
183133
183170
183169
183203
183479
183905
184022
184099
184347
184442
184464
184485
184697
185202
185541
185744
185799
185988
186041
186051
186179
186356
186687
186709
186731
186983
187173
187234
187630
187792
187849
187911
188114
188194
188249
188446
188494
188636
188871
188886
188953
189039
189312
189386
189671
189750
189913
190173
190402
190973
191115
191149
191997
192040
192312
192362
192831
193222
193871
193890
193992
194050
194072
194118
194272
194405
194496
194581
194578
194780
194784
195465
195475
195515
195552
195582
195618
195672
195763
195916
196127
196251
196393
196564
196813
197091
197253
197389
197397
197454
197585
197621
198047
198107
198140
198415
198551
198543
198608
198756
198833
199096
199273
199264
199833
