1487.06
2158.42
2518.68
2599.99
3419.07
3580.61
5907.57
6521.56
6575.82
7531.68
9129.23
11047.1
11141.9
12313.3
12994.9
13352.4
14651.2
14937.5
15012.9
16050.9
16258
16590.8
18067.4
18106.9
18501.5
19097.8
19591.7
20301.8
21006.8
21307.3
22261.9
22447.4
23010.7
23303.2
23919.6
24191.3
25220.7
26999.6
27057.6
27628
28914
30993.8
32761.2
33023.8
35155.5
35483.2
35948.6
36959.1
38202.9
38917
40017.6
40311.3
40478.9
44026.7
45661.9
45775
46617.6
46722.8
47364.2
47558.9
48751
50248.7
50371.1
51087.2
51100.4
51536.3
51759.1
52007.4
52019.8
52530.3
53192.1
53244.4
53557
54676.9
55831.9
56804
57356.8
57848.5
58168.8
58574.3
58778.4
59700.2
59940.9
60887.3
62392.4
62961.4
63038.1
63686.5
64118.7
65384.6
66147.6
67076.9
67368.6
67559.4
67791.4
68078
68812.4
70229.3
70246.8
70569.9
70839.3
71221.4
71941.9
72295.9
72361.7
72671.1
72991.3
73500.8
74180.6
74187.7
74260
74839
74986.6
75009.7
75210.2
75273.5
75605.3
75726
76269.9
76357.1
76396.5
76646.6
76867.6
78773.9
78854.7
79158.1
79530.8
80028.3
82266.2
83339.8
83751.5
84939.2
84956.7
85573.5
86567.6
87080.3
87187.6
87873.3
88116.5
89541.8
89704.2
91980.8
92378.9
93273.4
93354.5
93634
93761.3
94314.4
94913
95565.1
95651.6
96081.1
96548.7
96695.4
102496
103173
103501
104521
104592
104604
105188
105235
105925
106674
106707
109163
109701
109722
110223
111521
111775
112160
113125
113778
113925
114863
115194
115654
115656
115952
115970
116678
116861
117269
117379
117683
118131
118491
118923
119269
119296
119873
120580
120707
122540
123079
126488
127707
127740
127876
127999
128640
129152
129580
131177
131248
131659
131643
131908
132461
132528
132624
135000
135430
135524
135697
136825
138837
141214
141689
142201
142628
144790
144804
144947
145293
146810
147301
147560
148001
148339
149669
152097
152437
152485
152584
153467
153842
154854
155091
155468
155469
157729
158299
159806
160363
161443
162226
165320
167257
167534
167608
167826
168049
168474
169038
169254
169390
169974
170734
171433
172502
173126
173300
173575
173733
176059
176943
177016
177187
177718
178282
178422
178978
179318
180074
180766
181234
181455
182287
182630
183515
184033
185257
186580
186782
186933
187465
187506
188055
188065
188390
188425
189433
190460
191652
192429
192706
193040
193288
193658
194620
194910
197006
197692
197775
198175
198192
199592
