174.99
216.85
590.11
1242.35
1404.55
1475.71
1751.81
1846.5
2008.44
2468.5
2681.05
2710.86
2825.88
3474.87
3584.79
4129.3
4335.19
4544.13
4743.42
4967.81
5133.05
5356.88
5564.75
6331.83
6789.87
6836.07
7165.09
7505.33
7532.24
7653.65
7927.35
7940.86
8007.46
8393.25
8422.27
8479.06
8701.76
8743.96
8793.34
8858.08
8864.65
9577.18
10516.7
10589.4
10703.7
10764.6
10986.3
11003.8
11532.6
11576.5
11754.7
11891.6
12207.6
12382.2
12786.8
12982.7
13113.6
13474.9
13505.4
14267
14540.9
14645.9
14717.6
15205
15205.9
15249.5
15321.1
15377.7
15510.8
15527
15880.2
15941.3
16186.1
16205.8
16372.6
16810.3
17181.6
17392.1
17450.9
17648.5
17869.7
18353.7
19063.9
19521.6
19540.8
19714.9
19758.8
19785.7
19823.9
19906.3
20101.3
20256.7
20330.5
20648.3
20928.9
21014.1
21289.8
21383.6
21456.1
21516.9
21665.1
21686.5
21784.5
22159
22270.6
22302.2
22322
22670.4
22771.5
22968.7
22974.3
23101.1
23107.8
23251.2
23393.9
23638
23702.6
23894.2
23900.6
23981.6
24107.1
24134.4
24216.5
24343.2
24692.6
24845.7
24905.4
25359.2
25378.5
25453.7
25740.3
26377.7
26478.9
26652.1
27135.9
27160.9
27504.3
27541.2
27582
28131.9
28264.5
28401.5
28615.5
28721.9
28866.5
29040.8
29088.4
29256.5
29424.7
29461.9
29565.1
29668.8
29804.7
30073.9
30120.7
30261.8
30507.9
31006.5
31214.1
31874.1
31880.5
31894.9
32102.6
32340
32414.4
32845.4
33029.7
33086.1
33153.2
33273.5
33551.2
33575.9
33591.8
33814.4
33861.5
33961.8
34296.8
34654.8
34712.7
34925.7
34935.5
35227.1
35635.6
35901.5
36074.6
36650.8
36668.4
36836.6
36931.6
37391
37706.7
37722.5
37951.1
38031.3
38036.8
38154.9
38193.3
38310.8
38408.7
38456.3
38544.9
38625.8
38652.8
38781.7
38816.9
38900.2
39058.4
39118.5
39254.2
39631
39653.1
39699.1
39749.1
39756.8
39886.3
39987.3
40099.8
40130.7
40186.6
40580.7
40613.7
40733
40819.2
41109.5
41253.1
41298.2
41628.4
42051
42121.3
42142.3
42231.3
42238
42447.6
42715.6
42761.5
42931.8
43252.1
44526.8
44713.3
44850.5
44882
44979.2
45310.4
45428.4
45798.3
45836.2
46035.1
46232.1
46279.6
46366.8
46444.3
46480.5
46554.7
46616.1
47120.3
47302.3
47340.9
47382.1
47374.7
47712.9
48169.2
49099.1
49321.6
50398.4
51040.9
51195.3
51269.2
51570.8
51681.9
51817.3
51844.7
52156.7
52654.9
52714.1
53060.9
53084.8
53353.7
53359.3
53345.3
53619.7
53687.4
53785.6
53903.8
54327.5
54643.1
54776.7
54930.6
55233.7
55293.3
55908.6
55943.9
56147.1
56261
56445.1
56571.6
56731.9
56991.9
57444.3
57545.9
58033.9
58126.8
58526
58710.9
58910
58981.9
59004.8
59198.9
59262.6
59708.7
59854.7
59892.4
59968.7
60054.4
60152.6
60170.4
60248.5
60410.6
60428.4
60883.2
60999.8
61175.8
61303.2
61518.2
61676.4
61771.6
61921.7
62001.4
62429.6
62427.5
62579.8
62737
63233
63455.2
63508.7
63732.8
63800.8
63826.4
63868.4
64039.2
64178.8
64341
64413.1
64454
64488
64556.1
64773.9
64887.3
64909.3
65047.6
65103.7
65119.1
65531.5
65612.9
65933.3
65942.9
65963.2
66065.7
66156.4
66190.2
66253.4
66274.4
66482.2
66875.9
67238.2
67252.7
67611.4
68079.1
68141.5
68418.8
68544.3
68585.3
68699.9
68717.4
68978.4
69469.6
69850.4
70773.7
70776.4
70825.8
71080.4
71269.5
71450.5
71880.4
72215.8
72255.9
72509
72712.6
73343.9
73548.7
74013.4
74135.5
74169.6
74229.7
74310.6
74536.1
74858.2
74949.2
75608.9
75654.8
75912.6
76146.7
76675.7
76772.4
77193
77201
77539.6
77557.1
77616.5
77895.3
77942.2
78047.8
78200.5
78216.1
78275.4
78303.4
78334.6
78745
78988.2
79010.7
79040.4
79311.8
79351
79459.9
80074
80255.2
80290.3
80334
80760.6
80890.1
81021.3
81107
81247.8
81500.3
81720.4
82670.4
82768.7
83406
83698.1
83825.2
83963
84841.6
84983.2
85773.4
85981.9
86342.6
86346.5
86429.3
86499.9
86733.6
86757.7
86794.4
86962.6
87085.8
87174
87208.4
87279.2
87284.4
87513.1
87513.1
87734.6
87754.2
87896.2
87910.7
87922.1
88169.4
88567.1
88871.6
89162.9
89417.9
90003.5
90850.1
91661.5
91889.4
92025.2
92411.2
92713.5
92802.3
93410.4
93483.6
93586.5
94283.9
94546.2
94870.6
94919.8
95216.2
95391.8
95487.4
95488.1
95648.5
95705.7
95719.7
95732.8
96037.1
96132.9
96267.9
96279.3
96485.3
96586.5
96693
96735.4
97074.2
97085.8
97092.7
97171.2
97481
97489.8
97948.9
98190.1
98491.2
98495.7
98647
98740.4
99174.8
99354.5
99439.9
99449.2
99452.7
99499
99610.3
99678.6
99787.1
99989
100105
100438
100667
101346
101413
101463
101480
101526
101691
101769
102034
102177
102326
102699
102760
102793
103038
103210
103291
103537
103549
103667
103692
103712
103841
104071
105095
105174
105301
105405
105404
105740
105736
105779
106212
106580
106861
107215
107971
108014
108029
108091
108146
108169
108457
108472
108560
108588
108675
108720
108758
108920
109047
109088
109259
109257
109337
109445
109487
109643
109749
109927
109974
110084
110090
110195
110488
110552
110610
110640
110916
111743
111951
112081
112121
112494
113252
113500
113592
113603
113716
113773
114042
114279
114441
114731
114939
115129
115418
115551
115897
115942
117010
117167
117604
117635
117768
117924
118274
118733
118925
119087
119157
119201
119341
119478
119940
120212
120497
121116
121225
121387
121648
121683
121764
122031
122534
122980
123163
123425
123475
123819
123822
124043
124373
124602
124602
124866
125305
125488
125612
125722
126661
126714
127127
127420
127994
128000
128226
128230
128444
128562
128807
128970
129015
129022
129187
129242
129261
129469
129559
129668
129865
129926
130175
130332
130542
130824
130948
131029
131181
131714
131821
131918
131987
132238
132319
132628
132678
133020
133093
133374
133499
133552
133641
133691
133881
134032
134286
134536
134885
134908
135536
135662
135804
135965
135981
136052
136120
136338
136430
136505
136693
137006
137137
137438
137462
137479
137748
137876
137917
137958
138054
138087
138154
138607
138772
138906
139192
139215
139423
139532
139712
139941
139980
140595
140900
141191
141391
141589
141673
141798
141810
142331
142507
142556
142946
143080
143135
143246
143653
143733
143831
143871
144234
144654
144901
144940
145342
145418
145476
145561
145697
146254
146304
146479
146527
146620
146853
146945
147203
147380
148177
148175
148296
148566
149136
149440
149460
149958
150200
150242
150862
151066
151406
151447
151740
151969
151982
152001
152130
152284
152391
152387
152464
152547
152876
152922
153282
153561
153790
153831
154000
154022
154255
154379
155004
155400
155739
156017
156179
156786
156853
156957
157139
157546
157667
157858
158053
158628
158879
158971
159112
159229
159247
159439
159844
160345
160677
160908
161081
161388
161544
161651
161766
161773
161904
162265
162360
162593
162678
162718
162913
163013
163821
164071
164194
164229
164247
164554
165014
165131
165504
165530
166260
166723
166787
167057
167080
167258
167401
167429
167598
167897
168033
168804
169089
169100
169177
169208
169373
169464
169716
169736
169830
170023
170258
170534
170566
170828
171185
171461
171513
171767
171792
172027
172064
172151
172298
172546
172557
172924
173118
173179
173289
173481
173506
173600
173609
173659
173727
173892
173970
174096
174191
174323
174458
174547
174769
174938
175083
175306
175461
175531
175718
175910
176005
176364
176464
176528
176594
176633
177166
177256
177267
177607
177600
177637
177887
177983
178200
178421
178752
178778
179257
179753
179999
180053
180087
180106
180409
180453
180559
180769
181002
181309
181389
181476
181546
181646
181716
181919
182095
182140
182162
182195
182275
182329
182581
182600
182784
182826
183147
183282
183459
183471
183841
184026
184092
184416
184530
184806
184813
184896
185346
185672
185685
185868
185891
186150
186221
186472
186619
186844
187293
187329
187376
187504
187592
187716
188007
188197
188217
188456
188526
189359
189407
189449
189574
189790
189826
189829
189933
190101
190110
190186
190266
190325
190966
192688
192933
193003
193127
193600
193694
193913
194167
194481
194663
194803
194800
194919
195192
195564
195628
195881
195909
195938
196059
196053
196209
196355
196707
197033
197216
197399
197549
197728
197924
197947
198195
198435
198460
198931
199001
199046
199189
199256
199281
199648
199692
199791
