107.72
132.12
820.14
993.08
1015.19
1893.28
2019.16
2074.52
2567.13
3063.03
3467.59
3840.4
4214.28
4442.99
4449.39
4856.36
5111.1
5588.81
7728.97
7833.62
7995.76
8024.11
8454.31
8801.89
8981.99
9422.72
9966.03
10552.8
10917
11135.7
11341
11737.4
11950.6
12380.6
12606.4
12709.3
13092.5
13348.4
14503.2
14646.3
15516.6
16111.1
16143.7
17473.1
17575
17641.9
18081.1
18731.3
19229.4
19742.3
20017.7
20153.5
20368.3
20484.9
20539.8
20779.7
21154.3
21617.7
21639.9
21751.8
21871.7
22203.3
22320.6
22659.8
22854.5
23156.7
23271.6
23311.3
23610.2
23923.2
24112.3
24333
24989.7
25617.6
25626.9
25720.3
25965.2
26131.1
26389.3
26723
26886.5
27222.4
27363.8
27360.3
27558.1
27706.3
28006.5
28064.3
28148.8
28213
28470.2
28620.8
28984.9
29145.8
29501
29680.6
29883.8
30112.1
30324.1
30725.6
30912.9
31205
31360.4
31573.2
31881.9
31902.9
32111.1
32131.1
32529.9
32618.7
32628.2
32766.8
32816.2
33248.4
33417.8
33447
33656.3
33822.8
34073.9
34880.5
35077.8
35675.8
36408.6
36519
37286.1
37420.7
37637.3
37656.4
37738.3
38078.9
38202.4
38312.7
38418
39002.7
39096.1
39100.4
39660.9
39755.2
39852.8
40408.7
40414.9
40603.6
40827.9
40956
41389.7
41886.9
42004.3
42145.7
42703.2
43438.5
43433.6
43821.9
44227.5
45134.1
45582.9
45588.1
45748.1
45884
45931
45993.5
46102.3
46247.7
46870.3
47219.3
47310
47481.5
47528.8
47639.6
48341.6
48450.7
49131.8
49533.6
49612.4
49811.7
50019.3
50909.1
51237.4
51676.4
53220.8
53260.2
53397.1
53864.2
54319.5
55166.7
55465.6
55522.4
55738.5
56055
56620.1
56645.1
57114.9
57472.7
57566.3
58024.2
58150.4
58477.9
59235.5
59366.8
59699.6
59794.9
59905.7
60322.9
60404.9
60713.9
60951.9
61362.9
61441.2
61502.5
61798.4
61804.2
62199.8
62431.9
62440.8
62576.9
62879.4
63056
63274.9
63389
63407.7
63514
63568.8
63964.1
64234.6
64627.3
64668.2
64946.7
65046.4
65060.9
65141.7
65306.6
65439.3
65623.3
65726.5
65911.4
65997
66175.1
66175.6
66214.2
66365.6
66638.2
66969.3
67568.3
67974.6
68216.6
68872
69171.9
69492.2
69974.6
70037.9
70424
70814.7
70899.2
70936.8
71015.9
71030.7
71522.4
71714.7
72157.9
72358.4
72859.1
73429
73525.2
73580
73638.1
74257.2
74465.2
74534.7
74552.9
74574.1
75041.1
75596.5
75848
76474.5
76569.4
76825.6
76962.4
77037.5
77120
77144.4
77424.2
77695.6
77713
77738.7
77875.6
77889.4
78051.9
78166.8
78465.3
78599.2
78626.7
79149.7
79520.2
79568.5
79674.1
79726
79961.4
80011.2
80050.6
80089.9
80196.8
80262.5
80273.5
80358.7
80451.8
80476
80723.7
80783.7
81124.5
81274.9
81288.9
81628
81642.6
81739.2
81848.6
82061.2
84095.5
84301.7
84503.1
84958.8
85376.3
86644
86761.7
87038.9
87267.5
87558
87911.1
87965.9
88149.3
88239.6
88353.4
88574.1
88785.1
88845.1
89295.3
89326.5
89444.6
89606.1
89666.3
90568.5
90729.2
91599
91618.2
91665.3
93014.5
93474.3
94484.9
94560.7
94777.3
95012.4
95233.3
95304.6
95890.6
96198.5
96277.7
96540.3
97304.6
97353.6
97566
98281.7
98391.1
98763.4
99154.2
99187.5
99420.1
99806.8
99893.9
99939.7
100220
100378
100442
102032
102044
102340
102891
103472
103460
103532
103651
103744
104220
104636
104690
104788
105299
105334
105373
105444
105691
105691
105812
105838
105847
106041
106088
107060
107211
107410
107515
107697
107762
107904
108066
108177
108183
108245
108290
108369
108760
108767
108860
109151
109211
109423
109546
109550
110202
110316
110386
110877
111741
111907
111937
112012
112180
112449
112526
112730
112757
112769
113037
113288
113486
113520
113583
114097
114497
114638
115180
115642
115771
115935
116141
116592
116973
117020
117117
117174
117293
117750
117854
118484
118625
118676
118807
118971
118974
119149
119236
119852
120087
120087
120343
120489
120553
120630
120819
120829
120983
121188
121615
122013
122206
123048
123421
123537
124022
124185
124323
124418
124764
125567
126789
127016
127033
127148
127591
127950
128216
128641
128724
129439
129514
129576
129603
129745
129871
130017
130194
130372
130385
130395
131102
131166
131598
131771
131894
132285
132519
132659
133003
133102
133116
133257
133656
134376
134580
134746
134816
134925
135102
135471
135736
135745
135798
135938
136103
136353
136483
136561
136907
137078
137072
137084
137121
137971
138453
138834
138855
139088
139385
139606
139644
139778
140242
140742
140908
141070
141369
141447
141797
141939
142076
142465
142994
143314
143379
143462
143760
144069
144448
144749
144969
145132
145282
145332
145375
145492
145550
145823
145865
145904
146159
146155
146381
146694
146806
147076
147357
147520
147751
147818
149374
149957
150045
150308
151008
151278
151402
151665
151680
151722
152183
152208
152272
152425
152554
152671
152846
152887
153220
153499
154059
154094
154241
154620
154641
154842
155655
155738
156035
156438
156566
156633
156744
156887
156967
157141
157334
157359
157453
157661
157846
157852
158032
158121
158212
158351
158574
158721
158797
158884
158901
159209
159820
159993
160715
160924
161282
161629
161691
161786
162013
162382
162566
162765
163420
164763
164863
165008
165082
165104
165706
165902
166197
166912
167185
167247
167662
167687
168161
168208
168700
169236
169478
169538
169594
170012
170924
171467
171464
171694
171713
171734
171853
172309
172797
173433
173790
173879
174064
174163
174211
174309
174498
174633
174632
174916
175174
175408
175414
175678
176034
176191
176291
176556
176914
176947
176987
177092
177315
177420
177523
177848
177918
178035
178216
178372
178383
178606
178708
179308
179590
179816
179986
180204
180276
180419
180573
181035
181097
181143
181262
181744
181904
181971
182059
182167
182181
182230
182386
182453
183118
183124
183396
183620
184241
184313
184939
187338
187969
188296
188900
189050
189162
189659
191166
191935
192786
193066
194110
194516
195444
195457
195515
195822
196253
196264
196380
196407
196493
197173
197443
197680
197809
198447
198603
198694
198784
199147
199261
199446
199743
