758.7
1824.17
2629.67
2930.57
3550.13
9671.06
10733.7
11354.8
11702.6
12474.7
13791.4
16001.6
17945
18915.5
20596.5
22508.4
22870.8
23677.2
25436.1
26464.7
27963.9
30501.8
30996.7
32073.5
32669.6
37149.2
38579
41644.9
41901.6
42039.9
43453.4
44119.5
44700.4
44990.6
45943.8
46481.7
46601.7
46881.5
47709.7
47924.5
49100.3
50154.5
50369
54104.7
54378.4
58748.8
59045.7
60694.3
61100.2
62832
64024.2
67386
68232
69741.9
73365.3
74389.2
75114.7
75649.9
75785.8
76187.1
76896
77688.1
78012.3
80095.8
81479.5
82149.6
85044.5
85509.1
85803.3
86152.9
87495.4
90269.1
90471.2
91640.8
93636.3
94228.6
95351.2
97846
98358.9
