228.26
234.63
382.73
1054.84
1101.08
1431.46
1545.34
1903.58
1909.07
2545.05
2630.5
2737.16
3585.31
3932.04
4041.81
4639.23
4828.89
4984.77
4999.18
5066.01
5336.45
5515.05
5904.94
6121.9
6313.13
6561.81
6612.65
7028.15
7151.56
7191.11
7267.08
7745.97
7948.86
8108.38
8295.67
8708.43
8758.5
8898.39
9021.62
9073.22
9485.75
9602.62
10062.3
10228.6
10252.1
10316.9
10416.2
10456.8
10469.7
10472
11072.3
11162
11212.1
11364.2
11473.2
12115.6
12149.1
12376.1
12579.6
12738.3
12766.3
12927.3
13249.9
13350.9
13362.3
13416.2
13871.4
14247.1
14270.1
14621.4
14630.5
14660.1
14934
15246.7
15301.1
15371.1
15945.7
16370.9
16533.3
16572.3
16884
17017
17144.5
17153.2
17184.5
17261.2
17412.8
17664.6
18251.1
18310.2
18386.7
18548.5
18833.6
18859.3
18864
19119.3
19225.9
19402.7
19808.7
19983.2
20092
20145.3
20387.2
20992.3
21133.7
21324.4
21455
21475.2
21613
21958.2
22499.6
22554.4
22769.8
22945.3
22987.5
23011.6
23045.1
23581.7
23938.6
24029.4
24782.5
24939.7
25148.3
25353.2
25672.9
26044.1
26210.4
26298.2
26328
26739.8
26860.7
27103
27450.1
27498.1
27593.4
27890.2
28049.4
28323.9
28363.8
28494.1
28693.5
28819.9
28891.9
29099.9
29417.7
30223.7
30349.8
30366.5
30381.5
30389.7
30512.3
30747.1
31040.8
31200.4
31283.8
31515.8
31786.5
32031.8
32149.9
32317.7
32321
32696.9
33059.7
33183
33654
33730.5
33840.9
34170.3
34220.2
34440.3
34666.4
34950.8
35059.1
35080.8
35248.6
35311.7
35668.1
35910.8
36119
36483.9
36517
36590.9
36651
36855.5
36866.7
36919.5
37007.3
37012.4
37602.8
37630.5
37849.7
38002
38378.5
38411.9
38445.7
38543.4
38666.4
38869.5
39304.7
39603.4
39692.9
39871.8
40212.7
40348.7
40740.7
40774.1
40895.8
40922.6
41012.3
41413.3
41670.4
41820.2
41919.8
42565.6
42948.6
43010.4
43265
43345.6
43683
43797.1
44084
44165.5
44415.2
44443.5
44817.9
44988.9
45149.7
45298.1
45759.4
45826.6
45842.5
45897
45915.6
46001.5
46175.7
46178.5
46505.9
46566.3
46920.9
47111.4
47185.4
47310.9
47738.5
47761.2
47844.7
48094.8
48371.2
48472.9
48474.6
48720.4
48800.3
49241.6
49647.3
49907.8
50116
50221.3
50246.7
50421
50539.1
50790.1
50821.2
50888.5
50951.5
51296.2
51573.2
51576.8
51909.9
51935.3
52040.9
52384.1
52413.9
52689.5
52805.4
52877
52956.4
53129.4
53191.5
53250.8
53557.6
53770.4
53873.7
53874.3
54039.1
54503.1
54557.5
54620.9
54885.9
54965.1
55476.7
55811.8
55953.6
56133
56143.8
56187.7
56188.4
56522.5
56836.5
56939.9
57318.1
57502.4
57894.5
57903.3
57968.3
58432.4
58597.7
58679.2
58836.5
58913.4
58916.2
59457.3
59457
59580.3
59804
60054
60114.9
60329.7
60689.1
60732.4
60957.8
61184.1
61273.5
61513.2
61594.3
61649.7
61932.5
62146.3
62196.8
62199.6
62310.3
62326.9
62993.5
63006.4
63037
63072.6
63238.2
63354.6
63629.2
63650.1
63878.2
63982
64160.8
64586.7
64702.6
64845
64916.8
65411.7
65507.9
65526.5
65656.1
66007.2
66273.1
66840.5
67087.1
67349.1
67584.6
67728.3
68945.4
69264.4
69423.6
69752.9
69832.4
69963.4
70119.6
70329.1
70361.9
70458.6
70773.8
70877.5
70882.6
71038.6
71199
71304.7
71529.6
71639.8
71786.5
71862.6
71952.9
72155.8
72169.2
72401.7
72576.6
72581.8
72681.8
73045.9
73108
73433.1
73604.9
73755.3
74140.6
74239.4
74327.7
74366.8
74926.6
75012.5
75363.7
75527.9
75720.3
76017.6
76182.7
76302.5
76801.8
77205.6
77259.9
77632
77715.5
77739.5
77972
78014.7
78267.2
78480.6
78612.4
78781.8
78809.5
79041.7
80013.7
80164.4
80210
80252.2
80613.1
80675.8
80746.2
80839.2
81019.5
81197.4
81230.4
81325.6
81455.8
81909.5
82027.6
82153.7
82299.5
82364.5
82442.7
82662.1
82716.4
82916.7
83462
83497.4
83637.3
84066.7
84137.2
84222.5
84434.7
84516.5
84914.8
85077.6
85124.4
85393.2
85615.1
85752.5
85908
86032
86264.5
86270
86633.9
86874.2
86979.3
87318.8
87366.8
87410.8
87668.8
87701.6
87721.7
88138.3
88498.1
88614.9
88644
88896.2
89001.9
89260.4
89368.7
89666.6
89940.5
90021.8
90279.9
90535.9
90767.1
90915.4
90998.9
91333.7
91566.9
91970.5
92133.1
92131.1
92524.2
92919.6
93063.2
93861.2
94058.7
94131.2
94194.1
94207.7
94621.2
94807.8
94882.5
95168.1
95571.3
95602.6
95918.6
96078.9
96144.2
96368.3
96574.7
96635.7
96702.9
96750.1
97509.5
97674.8
97813.6
98083.2
98232.9
98270.4
98469
98523.7
99022.9
99399.2
99559.3
99890.2
