116.52
255.81
284.1
478.28
674.26
749.01
749.65
821.94
937.53
1020.24
1208.23
1257.52
1327.06
1337.69
1429.02
1446.93
1545.39
1614.94
1714.19
1730.43
1773.39
1804.23
1871.74
1925.89
2054.27
2246.52
2361.22
2557.13
2597.93
2669.38
2672.95
2823.97
2826.45
2844.24
2887.76
2926.08
3164.58
3204.59
3269.83
3324.6
3382.93
3543.02
3687.26
3772.65
3792.29
3901.09
3954.09
3991.25
4127.38
4239.62
4369.61
4578.59
4614.94
4661.75
4666.92
4904.33
5031.27
5085.72
5288.8
5293.87
5366.83
5511.93
5649.6
5657.86
5940.32
6137.25
6235.09
6236.34
6248.52
6384.52
6618.13
6758.48
6854.94
6875.94
6975.12
7104.51
7119.05
7125.31
7275.05
7326.51
7381.55
7487.88
7560.08
7755.88
7795.75
7806.31
7819.55
7821.99
8087.79
8125.97
8194.84
8497.2
8540.15
8725.85
8730
8847.57
8869.39
9006.95
9171.27
9267.5
9285.31
9410.56
9577.66
9713.48
9721.94
9813.76
9932.36
9978.59
10013.2
10074.7
10138.7
10195.7
10312.4
10373.5
10394.8
10502.6
10520.1
10520.7
10581
10701.5
10768.6
10771
10837.6
10848.3
10869.9
10907.2
10949
11192.5
11252.7
11300.1
11356.5
11368.1
11401.1
11449.6
11542.7
11605
11625.6
11650.8
11733.6
11848.3
12072.6
12110.3
12115.2
12157.7
12562.6
12601.7
12919.2
12940.2
12994.7
13027.6
13184.5
13383.5
13464.2
13480
13592.4
13664.8
13721.3
13778.6
13957.4
14182.5
14257.9
14263.2
14530.9
14602.8
14643.5
14724.5
14774.2
14897
15072.7
15194.1
15223.9
15246
15262.8
15307.1
15408.3
15487.6
15550.9
15648.8
15757.4
15806.5
15897.1
15970.2
15989.1
16085.6
16134.2
16312.4
16362.8
16713.6
16756
16795
16909.4
16998.2
17112.9
17180.5
17303.3
17413.7
17768.4
17812
17961.5
18077.8
18089.2
18115.6
18458.1
18495.7
18588.1
18666.9
18722.9
18776.7
18884.9
18974
19018.8
19082
19128.3
19271
19409.3
19463.3
19547.3
19751
19902.3
19970.5
19971.1
20073.6
20114.4
20275.8
20289.5
20564.3
20592.8
20628.7
20648.7
20653.8
20710.7
20759.7
20973.4
21263.7
21377.3
21469.6
21558.7
21597.2
21699.8
21794.9
21908.9
21943.6
21946
22102.8
22124.3
22141.5
22187.8
22289.4
22493
22527.3
22530.6
22669.5
22734.2
22789
23051.9
23210.9
23228.5
23346.1
23474.9
23542.1
23597.6
23604
23907.2
23982.9
24214.6
24308.9
24438.5
24482.4
24519.9
24579
24717.5
24773.3
24799.4
24829.3
25095.4
25281.3
25325.6
25450.3
25628.9
25668.9
25699.8
25747.3
25868.9
26010
26121.4
26194.7
26222.1
26252.7
26275.6
26336.4
26399.8
26396.9
26562.2
26578.7
26671.4
26751.9
26811.8
26989.8
27079.1
27117
27149
27238.6
27342.5
27417.3
27472.8
27599
27607.9
27789.3
28114.5
28119.6
28124.4
28220.7
28339.6
28468.1
28709.8
28898.2
28938.1
29048.5
29089.6
29131.1
29151.5
29175.1
29332
29519.4
29536.2
29592.9
29682.8
29706.1
29821.9
29857.5
29880.1
29945.7
29951
30032.6
30189.5
30320.1
30376
30483.6
30585.8
30594.2
30598.5
30610.4
30709.2
30763.2
31135.5
31361.4
31356.2
31442.9
31486.7
31529.9
31555.4
31925.4
31948.1
32084.2
32109.1
32128.2
32184.8
32224.6
32466.4
32785.8
32837.3
32944.5
32950.7
32960.6
33166.9
33258.5
33459.1
33524.7
33587.4
33630.9
33810
33834.8
33847.3
33947.1
34042.1
34098
34133.3
34207.3
34316.7
34483.3
34502.7
34653.6
34688.4
35000.6
35074.6
35267.9
35338.9
35425.6
35499.2
35733.1
35807.6
35949
36097.5
36115.5
36120.1
36124.7
36241.6
36409.8
36475.1
36481.4
36550.4
36556.6
36613.3
36647.2
36666
36686.5
36855.6
36933.6
37011.9
37120
37117
37330.5
37346.7
37529.1
37703.4
37705.7
37814.7
37864.4
37892.4
37922.7
38011.2
38080.5
38306.3
38454.5
38468.8
38485.5
38620.8
38792.8
38817.6
38834.1
38855.9
39118.5
39151.7
39153.4
39187.2
39384
39434.2
39442.4
39583.7
39706.5
39737.1
39795.2
39934
39934.4
40072.5
40203.4
40199.7
40260.1
40483.3
40506.4
40498.6
40553.7
40744.2
40750.3
41025.3
41067.2
41082.4
41214.5
41406
41413.4
41420.5
41572.7
41672.7
41755.8
41818.8
41841.8
41844.6
42158.3
42284.6
42652.1
42702.1
42714.7
42742.5
42774.9
42924.2
43022.9
43042.9
43074.9
43147.7
43272
43348.7
43358.6
43421.7
43599
43735.9
43768.1
43821.9
43902.5
43968.8
44116.4
44211
44297.7
44369.5
44369.8
44481.7
44552.6
44697.7
44913.2
44964
44978.8
44986.5
45046.4
45066.2
45130.9
45184.7
45270.9
45344.3
45450.7
45656.9
45741.1
45742.1
45996.7
46028.4
46113
46184.3
46274.2
46298.6
46483.7
46831
46839
46909.4
46912.1
47066.1
47134.6
47313.3
47433
47446
47466.4
47465.9
47680.1
47777.9
47793.8
47889.5
47952.5
47994.8
48083.7
48269.1
48356.2
48488.2
48542.4
48587.7
48668.2
48686.1
48747
48804.8
49036.4
49126
49203.6
49230.6
49333.7
49356.9
49498.6
49580.6
49641.1
49661
49918
49963.1
50018
50056.3
50190.1
50202.7
50206.3
50439.8
50572.5
50593.5
50636.5
50699.4
50861.3
50955.2
51033
51062.9
51295.5
51428.3
51464.7
51470.3
51570.1
51681.6
51779.7
51797.1
51831.7
51850.9
51913.7
52243.7
52259.8
52306.5
52320.9
52509.3
52586.2
52748.2
52754.9
52784.1
52861.4
52867.5
52917.4
53072.5
53174.8
53223.8
53222
53554.7
53596.4
53704.1
54098.3
54110.3
54166.4
54213.2
54218.4
54244.9
54371.3
54526
54544.8
54547
54685.4
54787.2
54844.8
55011.3
55024.3
55120.7
55144.4
55273.8
55370.1
55570.4
55574.2
55579.1
55795.8
55882.8
55930.3
56157.8
56220.1
56264.4
56342.3
56580.9
56609.1
56617.7
56820.7
56882.8
56894.8
56928.4
57098.9
57143.3
57171.7
57178.6
57220.1
57333.4
57552.8
57566.8
57578.3
57615.3
57693.7
57865.3
57921.7
58147.8
58170.6
58176.2
58207.4
58274.5
58318.2
58356.8
58384.9
58582.2
58715.7
58713.8
58707.6
58853.5
59054.7
59265.2
59266.7
59383.9
59455.1
59471.2
59496.2
59662.2
59692.7
59748.9
59860
59932.5
59951.1
59968.2
60159.7
60252.1
60273.7
60285.8
60301.6
60392.7
60485.6
60503.3
60518.9
60864.6
60882.2
60882.8
61294.5
61306.2
61763.1
61883.6
61906.8
61968.7
62058.6
62091.9
62134.7
62150.5
62220.4
62226.6
62327
62596.7
62697.4
62701.8
62831.2
62906.1
62996.5
63053.2
63072
63111
63253.9
63336.3
63551.1
63554.7
63585.6
63866.5
64038.2
64105.9
64124.9
64209
64230.8
64264.2
64378.4
64794.6
64850.9
64855.6
64865.9
65099
65120.5
65200.1
65321.1
65427.4
65455.2
65485.5
65653.2
65660.3
65651.9
65712
65838.5
65890.3
65895
65927
66070.2
66133.1
66196
66204.4
66225
66430.5
66496.7
66656
66658.6
66680.1
66763.7
66773.5
66914.4
67112.1
67248.3
67252.4
67356.7
67422.4
67571.8
67601.5
67798.3
67920.4
68034.7
68063.3
68165.1
68317.6
68352.5
68391
68585.9
68661.6
68677.6
68741.7
68778
68805.8
68941
68965.3
68979
69132.8
69205.4
69389.3
69455.5
69501.2
69577.2
69593
69608.5
69747
69767.4
69814.6
69881.6
69897.7
70004.9
70370.8
70419.8
70605.2
70740.4
70807.6
70827.2
70827.1
70958.1
70982.4
71063.1
71116.8
71161.7
71173.4
71239.6
71272.3
71387.3
71476.2
71646
71667.5
71704.7
71750.5
71906.7
71922.3
71985.3
72051.5
72077.4
72184.6
72245.8
72408.5
72403.2
72426.8
72546.6
72557.9
72665.6
72790.8
72853.9
72986.5
73072.3
73212.8
73238.9
73282.3
73305
73489
73562.8
73690.3
73719.3
73848.2
73883.7
73932.2
74081.2
74089.5
74294
74303.5
74339.4
74477.2
74540.6
74668.7
74690.4
74819.6
74822.7
74957.2
75055
75198.9
75225.1
75312.6
75503.8
75511.8
75711.7
75762.2
75805.7
75848.2
75881
76001.9
76116.5
76213.6
76539.7
76553.3
76637.6
76734.7
76772.6
76844.4
76919.8
76983.1
77033.9
77264.3
77317.1
77327.9
77475.3
77598.9
77616.5
77665.1
77751.4
77813.9
77821.2
77976.2
78029.8
78087.8
78149.8
78338
78461.7
78488.2
78520.7
78529.9
78691.7
78757.2
78763.7
78905.1
78965.6
79019.2
79117.6
79312.1
79505.9
79527.3
79574
79668.9
79668.5
79752.4
79965.8
80218.3
80248
80288.4
80306
80440.1
80452.4
80491.9
80531.9
80621.6
80687.1
80742.8
80823.1
81123.4
81244.2
81331.9
81583.8
81619.6
81675.8
81842.3
81872.8
81883.9
81925.2
82013.9
82035.4
82117.5
82321.8
82358.7
82374.2
82491.6
82779.1
82874.2
82919.3
82921
83019.6
83057.8
83117.4
83265
83290.3
83449.6
83500.5
83580.5
83590.3
83722.7
83941.5
84060.2
84246.3
84247.9
84258.3
84268.5
84318.5
84569.5
84604.6
84669.1
84740.6
84794.5
84828.5
85117.2
85126.2
85152
85359.5
85396.6
85399.5
85414.2
85531.8
85675.6
85696.9
85707
85749.7
85777.8
85940.9
86021.6
86141.2
86233.6
86238.1
86426.4
86447.6
86452.7
86501.3
86595
86776.4
86819.3
86838.9
86997.2
87226.3
87259.1
87279.8
87347.3
87442.6
87466.5
87522.1
87536
87673.8
87777.8
87812.1
87870.1
87955.9
88044.2
88122.4
88191.4
88365
88460.7
88516.2
88593.1
88598.7
88608.9
88879
88904.4
88911.1
89069.2
89071.5
89229.7
89260.1
89375.1
89382.9
89394.3
89478.7
89506
89603.3
89665.2
89821.3
89827.8
89820.5
89834.7
89859.2
89938.9
90038.3
90059
90176.5
90335.1
90563.4
90632.6
90789.4
90868.7
90961.3
91013
91130.7
91243.7
91256.1
91407.3
91488.8
91766.5
91810.8
91855.8
91865.2
91882
92002.9
92042.5
92166.5
92251
92321
92471.9
92506.7
92538
92591.2
92605.5
92789.7
92817.7
92853.5
92918.3
92940.9
93052.3
93396.1
93428.2
93483.6
93513.8
93523.3
93584.4
93849.5
93903.9
94131.9
94183
94211.5
94326
94358
94430.2
94451.9
94483.5
94570.5
94623.6
94728.3
94888.5
94892.4
94947.7
94976.1
95089.7
95119.4
95418.1
95417.4
95822.8
95875.5
95919.4
95991.7
96079.3
96074.2
96106.2
96141.3
96241
96312.4
96371.2
96461.6
96561.2
96720.3
96814.2
96830.3
96840.7
96979
97106.8
97154.8
97285.4
97287.8
97470.5
97505.3
97515.9
97554.1
97597.3
97610.4
97856.1
97898.6
97937.3
98023
98086.1
98258.3
98385.4
98538.7
98578.6
98644.7
98648.1
98862.9
98945.7
99002.1
99103.6
99130.2
99334.1
99385.6
99482.9
99520.6
99534.3
99556.6
99598.7
99835.4
99857.9
99914.8
100073
100111
100125
100139
100254
100388
100635
100812
100865
101007
101044
101125
101209
101246
101305
101325
101506
101600
101620
101675
101736
101768
101778
101892
101936
102005
102020
102068
102169
102198
102437
102767
102781
102864
102859
103103
103161
103329
103345
103351
103397
103472
103498
103583
103589
103749
103777
103831
103867
103954
104055
104088
104149
104326
104338
104486
104633
104832
104899
104909
104945
104967
105082
105087
105141
105234
105384
105519
105637
105652
105727
105743
105836
105918
106069
106091
106297
106361
106396
106433
106457
106497
106555
106612
106725
106768
106844
106968
106982
107110
107127
107146
107216
107366
107440
107485
107625
107670
107780
108021
108365
108386
108393
108543
108686
108781
108791
108874
108894
108981
109073
109085
109369
109374
109557
109568
109653
109663
109664
109745
109849
110010
110116
110156
110356
110535
110575
110622
110654
110754
110851
111049
111227
111240
111262
111329
111442
111511
111580
111707
111809
111862
111927
111976
112031
112060
112148
112188
112489
112542
112572
112591
112617
112790
113027
113098
113270
113311
113348
113377
113399
113433
113485
113571
113614
113644
113844
113928
113960
114103
114124
114319
114370
114372
114376
114394
114400
114417
114629
114710
114850
114956
114991
115143
115304
115433
115643
115703
115845
115901
116007
116041
116094
116099
116190
116227
116240
116253
116525
116530
116537
116536
116703
116770
116792
116812
116979
117270
117374
117946
118005
118056
118234
118229
118247
118251
118528
118614
118673
118737
118855
118874
118889
118908
118970
119086
119201
119254
119274
119281
119365
119582
119625
119673
119680
120036
120041
120051
120156
120365
120615
120828
120856
120931
121135
121174
121191
121271
121320
121364
121407
121600
121639
121688
121909
121991
122011
122324
122331
122370
122492
122523
122530
122594
122731
122884
122902
123222
123253
123323
123422
123642
123727
123795
124149
124242
124409
124490
124549
124601
124618
124701
124695
124796
124862
125142
125178
125391
125494
125636
125656
125708
125766
125886
126003
126073
126136
126250
126260
126289
126362
126431
126497
126507
126639
126754
126811
126962
126967
127011
127101
127136
127187
127230
127260
127302
127356
127407
127434
127620
127768
127932
127958
128293
128297
128407
128595
128644
128742
128826
128870
129008
129082
129196
129211
129268
129353
129658
129683
129691
129895
129911
130025
130036
130213
130406
130480
130539
130539
130788
131094
131084
131179
131312
131302
131379
131415
131611
131623
131831
131877
131890
131954
131979
132195
132251
132537
132648
132755
132859
132917
132935
132989
132999
133059
133108
133123
133193
133217
133386
133532
133670
133718
133782
133789
133829
133924
133922
133960
134214
134239
134335
134345
134547
134579
134715
134825
134829
134912
135042
135089
135153
135208
135275
135336
135387
135534
135552
135963
135988
136034
136148
136204
136232
136337
136345
136537
136576
136606
136688
136813
136867
137088
137100
137308
137382
137387
137414
137427
137603
137729
137770
137941
138017
138121
138179
138369
138404
138405
138425
138456
138512
138517
138554
138589
138665
138717
138901
138954
139017
139095
139236
139377
139406
139643
139662
139685
139733
139750
139938
140055
140102
140273
140399
140441
140468
140583
140622
140642
140733
140791
140829
140957
141166
141203
141293
141331
141420
141436
141914
141983
142007
142094
142213
142304
142341
142543
142614
142627
142688
142694
142756
142906
143109
143128
143374
143694
143756
143985
144047
144089
144111
144154
144160
144189
144269
144395
144416
144427
144535
144556
144609
144670
144735
144831
144971
144990
145016
145074
145108
145236
145338
145393
145430
145469
145535
145594
145712
145723
145790
145800
145893
145909
145951
146095
146118
146277
146359
146458
146569
146682
146866
146901
146972
147130
147148
147256
147314
147481
147481
147590
147617
147712
147919
147978
148182
148209
148350
148496
148529
148549
148570
148609
148623
148681
148894
148969
149006
149035
149133
149233
149278
149435
149505
149581
149689
149766
149853
149927
150061
150315
150404
150515
150670
150665
150684
150814
150900
150977
150998
151002
151213
151251
151373
151382
151402
151422
151546
151579
151597
151917
152014
152029
152119
152266
152496
152650
152678
152701
152709
152895
153054
153049
153213
153211
153324
153323
153380
153535
153647
153683
153706
153866
153879
154178
154187
154844
154882
154888
154917
155354
155527
155734
155815
155817
155850
155877
156037
156254
156285
156381
156398
156458
156621
156623
156636
156679
156778
156867
156907
156969
157011
157060
157227
157320
157495
157772
157812
157941
158053
158075
158099
158113
158199
158240
158408
158416
158445
158700
158705
158715
158757
158792
158813
158936
159018
159193
159230
159287
159406
159444
159478
159536
159562
159768
159856
159890
159948
159958
160086
160085
160257
160310
160354
160467
160498
160612
160656
160650
160715
160716
160913
161030
161135
161126
161162
161175
161379
161404
161478
161488
161775
161790
161873
161910
161983
162173
162222
162246
162292
162340
162362
162382
162538
162581
162598
162635
162670
162675
162729
162736
162739
162900
162927
162983
162987
163113
163325
163345
163604
163629
163669
163781
163837
164040
164131
164130
164136
164258
164406
164443
164533
164658
164790
164976
165030
165144
165159
165264
165469
165523
165822
165935
165940
165940
166034
166175
166206
166284
166294
166326
166349
166377
166393
166490
166664
166670
166678
166791
166821
166824
166900
166911
166946
167272
167324
167320
167342
167379
167550
167613
167825
167894
167946
168114
168282
168355
168413
168451
168612
168833
168834
168945
169125
169174
169204
169593
169656
169830
170085
170136
170160
170214
170553
170646
170791
170858
170926
170995
171172
171247
171337
171403
171527
171615
171619
171638
171675
171756
172007
172047
172132
172132
172203
172269
172413
172461
172523
172569
172646
172707
172806
172889
173048
173363
173375
173631
173660
173784
173911
173976
174177
174290
174310
174439
174514
174543
174575
174580
174604
174756
174765
175039
175159
175169
175300
175494
175526
175888
175901
175947
175968
176055
176210
176278
176289
176326
176372
176624
176703
176767
176910
176954
177005
177348
177585
177649
177641
177776
177981
177970
178186
178250
178347
178390
178517
178590
178665
178752
178955
178965
178976
179045
179118
179184
179393
179390
179603
179886
179931
180048
180198
180220
180271
180503
180532
180615
180690
180895
180918
180963
180985
181021
181094
181123
181177
181234
181246
181263
181510
181689
181791
181846
181938
181948
182065
182402
182432
182636
182639
182667
182700
182725
182768
182899
182900
183042
183224
183358
183847
183851
183859
183936
183944
184173
184259
184428
184504
184573
184775
184863
184919
185104
185110
185279
185324
185392
185534
185601
185679
185709
185890
186001
186076
186076
186187
186195
186278
186350
186445
186455
186492
186506
186726
186757
186775
186872
186899
187176
187230
187345
187412
187600
187742
187799
187838
187834
188060
188090
188207
188227
188316
188362
188361
188438
188427
188496
188719
188828
188917
189044
189146
189229
189252
189253
189388
189414
189530
189675
189753
189766
190055
190051
190064
190227
190371
190424
190459
190607
190794
190930
191058
191279
191328
191374
191605
191628
191781
191842
191889
192000
192196
192222
192238
192412
192505
192573
192860
193051
193128
193212
193497
193874
194065
194081
194141
194220
194262
194284
194276
194305
194372
194402
194414
194598
194626
194811
194883
195090
195197
195419
195425
195573
195635
195626
195725
195936
196206
196327
196385
196615
196674
196706
196823
196846
197042
197055
197079
197101
197230
197343
197372
197484
197563
197710
197725
197834
197827
197857
197869
197915
198156
198219
198284
198325
198521
198572
198563
198597
198748
198830
198838
198988
199053
199142
199174
199233
199312
199568
199704
199718
199852
199966
