99.92
468.83
491.66
558.43
1493.78
1614.18
1831.09
2065.21
2372.88
2426.15
2663.49
3192.95
3195.83
3392.34
3427.87
3800.94
3831.03
3933.76
3965.94
4044.69
4185.86
4377.11
5139.82
5500.27
6091.07
6130.37
6376.21
6724.99
7004.92
7492.4
8012.8
8332.53
8966.91
9186.3
9797.74
9956.5
10707.3
11088.2
11145.8
11401.8
11424.5
11549.6
11722
11792.2
11817.1
11930.2
12014.1
12042.8
12286.2
12550.1
12629.8
12655.3
13045.1
13216.3
13813.6
14136.5
14720.1
14890.1
15128.7
15244.9
15591.2
15832.5
16180.5
16272
16325.5
16921.1
16948.5
16969.9
17075.3
17077.2
17118
17261.1
17323.2
17584.4
17867.7
17957.6
18052.7
18300.7
18890.2
19433.9
19477.4
19832.6
19971.6
20040.9
20040
20432.8
21129.2
22089.8
22106.2
22267.2
22407
22645
22876.5
23076.2
23180.4
23426
23467.1
23577.4
23744.9
23748
23871.3
23943.8
24088.4
24330
24335.7
24692.6
25804.9
25892.5
25946.4
26188.3
26219
26239.5
26550.2
26583.7
26635
26665.8
26813
26968.2
27024.3
27158.7
27213.2
27304.3
27538
27566.5
27573.6
27664.5
27795.8
27836.9
27957.7
27986.2
28042
28066.4
28133.3
28311.6
28342.3
28596
28592.3
28902.5
28914.2
29064.8
29092.2
29313.9
29837.3
30083.1
30188.6
30399.1
30536.9
30695.8
30759.2
31605.5
31673.7
32194
32387.2
32609
32759.3
32765.7
33000.8
33016.7
33236.5
33433.1
33608.6
33631.9
34040.2
34076.3
34357.1
34989
35038.5
35111.4
35674.5
36022.8
36105.7
36382.4
36500.2
36661.2
36764.7
37149.5
37407.3
37448.1
37615.6
37627.1
37821.4
38523.3
38753.8
39236.8
39527.2
39826.8
39974.9
40027.8
40215.1
40367.3
40710.4
40847.6
40996.9
41071.9
41361.8
41452
41463.3
41543.3
41661.9
41711.4
42051.6
42283.1
42431.3
42661
42863.9
42967.4
42970.2
43259.6
43347
43469.3
43627.2
43631.4
44126.2
44477
44648.5
44964.8
45006.7
45024.6
45171.2
45348.7
45345.4
45523.4
45676.6
45704.1
45840.9
45915.6
46113.8
46235.4
46267
46274.4
46462.5
46578.5
46577.9
46741.5
46873.4
47179.7
47446.6
47547.2
47900.1
48043.5
48075.1
48196.7
48461
48563.2
48710.8
48832.7
48955.1
49020.4
49179.6
49533.8
49572.2
49574.2
49582.9
49925.3
50330.6
50485
50568.1
50900.7
50917.4
51212.7
51349.1
51965.4
52187.5
52411.3
52493.5
52651.2
52672.5
53038.2
53153.3
53312.9
53728.3
54082.3
54649.3
55126.1
55166.4
55238.1
55273.6
55348.4
55415.1
55617.4
55723.1
55885.5
55951.5
55989.5
56188.2
56319.2
56530.5
56652.1
57024.2
57046.4
57103.5
57280
57588.8
57689
58055.3
58599
58648.4
58781.2
59613.4
59786.4
60062.3
60118.8
60460.9
60506.1
60506.8
60728
60791.6
60922.3
61035.3
61039.5
61247.3
61280.7
61580
61695.5
62205.2
62471.7
63119.5
63296.4
63399.6
63762.6
63821.9
63889.8
64046.3
64093.8
64343.6
64620.8
64767.4
64986.9
65078.7
65161.6
65206.5
65691.4
65746.1
65792.3
65842.7
66280.1
66390
66388.8
66685.6
67250.2
67337.9
67517.4
67684.5
67835.1
67851.4
67880.4
68067.9
68422.4
68698.8
68919.9
68992
69398
69450.4
69780.7
69943.8
70288.7
70921
71158.8
71198.6
71581
71917.7
72427.7
72570
72874.5
73361.1
73460.7
73648.5
74059.4
74111.8
74345.5
74469.7
74498.5
74570.8
74706.7
74770.8
74804.9
74867.2
74912.1
74948.1
74996.2
75099.8
75131.9
75347.3
75416.1
75427.8
75448.6
75530.7
76129.2
76520.1
76617.9
76751.4
77170.7
77235.7
77437.6
77778.1
78006.7
78337.7
78534.5
78636
79214.9
79976.7
80109.2
80483.6
80496.9
80966.8
81347
81763.7
82110.1
82337
82699.8
82861.4
82957.1
83052.3
83136.1
83395.4
83736.9
84046.4
84412
84716.1
84977
85065.2
85124.6
85245.3
85274.1
85441.9
85774.3
86155.1
86224
86784.1
87197.4
87255.2
87551.9
87688.5
87824.5
88205.3
88346.3
89048.1
89314.2
89383.4
90147.5
90360.8
91124.2
91184.3
91198.4
91335.6
91522.2
91700.3
91933.5
92143
92223.9
92494.4
92656.7
93187.3
93370.1
93766
93771.1
93936.7
93969
94399.2
94693.8
94992.1
95352.5
95482.6
95576.4
95796.6
96027.9
96183.7
96270.9
96304.7
96582
96606.2
96622.5
96693.4
96737
96787.9
96985.6
97169.2
97324.3
97335.2
97348.3
97406.2
97451.7
97560.5
97809.9
97871.5
97874.6
98427.3
98459.6
99160.5
99206.4
99299.5
99835.8
100613
100632
100973
101414
101456
101811
101985
102140
102158
102283
103184
103243
103478
103491
103579
103937
104086
104104
104317
104572
105022
105281
105322
105405
105505
105671
105672
105683
105995
106028
106049
106358
106493
106558
106670
106743
106820
106828
107019
107097
107238
107489
107920
108181
108320
108453
109436
109516
109559
109588
109802
110217
110297
110402
110461
110469
110496
110631
110999
111112
111119
111131
111210
111292
111324
111505
111741
111819
111859
112151
112282
112428
112833
113183
113519
114293
114314
114841
115020
116121
116475
116683
117158
117222
117228
117248
117369
117407
117487
117509
117707
117716
117805
117908
118216
118583
118661
118770
119119
119221
119242
119471
119579
119776
119821
119842
120051
120097
120227
120231
120310
120455
120548
120579
120978
122162
122514
122612
122833
122941
123128
123152
123588
123600
123733
123741
123880
123961
123986
124086
124135
124260
124580
124858
124938
124987
125015
125157
125233
125408
125427
125445
125482
125578
125705
125822
125883
125931
126349
126546
126662
126760
127024
127081
127092
127110
127209
127256
127511
127653
127723
128176
128208
128225
128444
128461
128549
128576
128935
129219
129825
129970
130018
130371
130431
130485
130540
131857
132051
132164
132286
132479
132661
133196
133359
133489
133689
133735
133755
133923
134202
134315
134371
134661
135025
135103
135164
135698
135997
136561
136677
136828
137246
137438
137496
137654
138232
138336
138502
138635
138757
139056
139188
139208
139234
139487
139748
139758
139788
140023
140181
140327
140366
140533
140564
140634
140885
140976
141197
141225
141283
141416
141535
141573
141798
142061
142097
142155
142511
142635
142742
142915
142966
143071
143230
143899
143915
143932
143966
144333
144460
144816
144901
144972
145143
145569
145635
145851
145878
146234
146258
146755
147301
147570
147953
148165
148746
149116
149165
149185
149360
149422
149557
149699
149785
149966
150036
150396
150568
150659
150874
150941
150951
151040
151084
151126
151181
151233
151466
151850
151993
152106
152173
152340
152768
153399
153585
153656
154266
154305
154557
155751
156138
156135
156426
156626
156740
156771
157162
157209
157583
157823
159273
159376
159499
159917
160250
160278
160304
160473
160593
161116
161752
161830
162532
162949
163001
163297
163686
163829
163856
163920
164068
164072
164083
164255
164349
164623
165108
165138
165241
165433
165600
166330
166398
166675
167103
167378
168040
168115
168159
168386
168471
168499
168717
168760
168752
168893
168967
168981
169116
169447
169591
169635
169658
169901
169919
170233
170703
170819
170996
170994
171350
172062
172067
172375
172546
173533
173622
174030
174220
174398
174626
175840
176062
176156
176410
176593
176865
177105
177811
178251
178943
179205
179434
179538
179593
179661
179764
180123
180208
180222
180339
180627
180670
181141
181155
181383
181475
181725
181819
182060
182232
182319
182391
182431
182519
182799
183080
183495
184451
184666
184720
184989
185036
185141
185211
185262
185501
185762
186227
186604
187112
187266
188128
188695
189054
189120
189215
189582
189791
190138
190588
190941
191233
191406
191547
191862
192109
192238
192512
192764
192988
193153
193225
193508
193521
193593
193846
193949
194000
194053
194210
194363
194535
194893
195064
195272
195337
195425
195432
196776
196927
197290
197425
197536
197599
197894
198137
198472
198942
199913
