212.49
801.4
878.97
1309.53
2888.69
3516.43
3616.82
4286.16
4598.1
5310.02
6314.49
6793.91
7722.42
8444.31
8580.98
9607.35
9954.8
11177.2
11885.1
12537
12556.1
12782.9
13555.1
13861.2
14236.2
14355.1
15102.8
15331.5
15908.2
16757.4
17752.7
18148.5
19237.8
20137.8
21385
21734
22116.3
24142.2
24455.6
24545
24618.3
24890
25769.9
26374.2
26825.3
27142.4
29029.7
29045.1
29146.1
29460.2
29607.6
30112.7
30299.6
30488.6
30694.1
31503.3
32485
34275.2
34993.2
35376.7
35397.9
35600.4
35828.2
35946.1
36523.7
37959.5
38081.6
38655.7
39675.1
40453.5
42852
42965.1
44854.7
45103.8
45727.1
45869.7
46109.3
46340
46390.2
47642.4
48030.5
48986.8
50572.7
51777.5
51883.4
51977.8
52575.6
53418.3
54225.1
55067.6
56405
57571.6
58021.5
58037.6
59930.9
60451.4
60607.2
60814
61867.4
62922.5
63745
64558.3
66673.3
68325.8
68511.7
68689.1
68873.1
69196.6
71500.8
73208.2
74173.8
74862.3
76084.1
76788.8
77413.6
77706.1
77866.1
78191.5
78200.3
78983.5
79570
79953.6
80300.1
80334.4
81655.7
81786.1
82754.5
82797.3
83467.6
83756.2
84585.7
87336.3
87758.8
87907.9
88442.7
88942.6
90069.7
90234.3
91111.7
91662.4
91831
91829.8
92436.7
92503.5
94012.7
95172.4
95970.6
97620.3
98426.3
98576.3
98938
99435.3
101150
101196
101419
101499
101922
102086
104840
104950
105951
106371
106561
107023
107408
107573
108109
108301
109398
110085
110624
111710
112294
112522
112956
113717
114195
114708
115944
116186
116429
116994
117317
117359
117379
117942
118060
119131
119934
120660
120902
121030
121088
121329
123924
124640
125607
125632
126831
128482
129482
129785
130354
130943
132355
134382
135054
135907
137799
138176
139154
141308
142410
142922
143392
143449
144500
145112
146890
146995
149978
150114
150979
151601
152958
153181
153249
154555
158534
160182
160447
163785
163806
164739
165374
165485
166520
167727
168355
170065
170359
170657
171470
171626
171799
174106
175394
176584
176834
177705
180739
180975
181878
184266
184304
184653
184973
185080
185362
187125
187710
188614
188637
189589
190029
191839
192416
192787
193597
193676
197255
197947
198792
