3383.35
4156.97
5174.2
5466.21
6993.95
8421.24
14999.2
16897.2
17755.7
18683.9
18932.7
19768.3
27212.8
48518
49219.6
52203.5
59213.2
59657.6
61479.3
61656.7
62591.9
65648.2
66062.6
66926
66958.8
68143.6
68170
68951.7
70298.9
70871.2
71209.1
75151.8
75362.4
88919.1
90304.8
90898.9
95771.2
96368.5
96803.2
96821
97049.6
105510
112852
114749
115598
119892
120150
121059
121191
123102
124489
124894
125478
128735
130326
132906
133385
133694
139232
139819
141587
142781
147273
149732
150259
151332
151839
152414
152675
153652
155873
157400
159764
161002
162903
163781
164258
165347
166389
168736
171482
172866
176172
177835
181252
181616
184719
185137
186254
187455
187647
188021
188221
188502
189558
189774
190130
191042
191490
192830
192850
193287
193815
194224
194409
195996
198895
199830
