1219.49
1962.48
8125.04
8589.58
8776.83
8845.1
10487.3
10653.3
10820.3
11936.9
12721.9
15609.4
16110.1
16287.2
16509.9
17356.5
17819.3
18434.7
18637.7
20254.8
20667.5
22397.4
22564.9
23077.7
24481.7
28514.8
30211.1
30426.6
30644.5
31475.5
32013.6
32115.4
32666
33941.1
34194.9
34237.4
35184.9
35227.7
35657.2
36405.1
36934.7
37288.6
40032.9
41314.1
42593.2
43599.7
43896.7
44343.4
44783.7
47029.4
47571.7
48024.9
48201.3
49421.3
50183.3
59762.4
60861.4
61464
61671
64350.1
64932.4
65797.7
72650.9
73052.4
73840.5
74080.6
76038
76478.1
76845.5
77596.2
80487.8
88275.6
88591.7
90323.9
92278.5
96111.2
96444.1
100857
108560
112999
114674
116101
118343
124735
128735
131038
133733
133916
134699
135047
137467
137739
137879
138651
148536
149394
152465
153681
154888
156176
160234
161125
167404
168312
170643
171280
172211
172792
174215
175542
176752
177351
178085
178468
180465
180680
181028
181726
181864
183246
183955
184183
184276
184514
185169
186442
186667
187451
188008
188182
188729
189272
189465
190883
191705
191718
194201
194434
197013
198091
199010
