229.32
550.69
697.83
1926.99
3037.67
3091.19
4818.12
5299.36
5532.03
5596.84
6503.95
6730.7
7031.89
7705.72
8025.22
8167.1
8240.12
8464.98
9129.99
9148.17
9279.25
9978.55
10184.1
11089.8
11467.8
12590.4
12987.2
13130.4
13725.8
13871
14707.3
14826.7
15359.2
15485.6
16010
16027.8
18749.4
19492.3
19597.6
21396.1
21527.9
22079
22499.2
24194.1
24333.2
24528.7
24914.9
24977.2
25042.9
25208.9
25893
27199.1
28551.9
28593.5
29747.9
30539.4
31524.4
31863.4
32300
32953.6
33583.3
33950.8
34236.8
35002.1
35658.1
36402.7
36613.7
37743.9
37911.2
38008.7
38076.5
38462.6
38518
38696.6
39211.2
39533.5
39663.2
39881.9
40297.3
40404
40512.6
40620.1
40728.1
40875
41394.5
42067.9
42461.5
42867.1
42945.4
43306.9
43798.2
43814.1
44077.6
45377.7
45482.1
45648.5
46098.1
46105.3
46110.1
46887.8
47178.1
47564.7
47624.2
48223.9
49145.2
49613.2
49851
50034.5
50568
50743.3
51016.7
51895.3
52011.5
53115.3
53548.8
53603.6
53694.7
54309.6
54630.4
54683.8
55664.7
55719.4
56081.3
56311.5
56799.9
56864
57048.2
57442.7
57461.4
57619.5
57915.9
58669.2
59275.2
59768.1
60170.3
60566
61027.6
61356.4
61393.9
62429.6
62458.6
62602.5
62932
63315.3
63887
64230.3
64720
65240.1
65331
65496.1
66637.1
66740.7
66938.7
67074
67425.4
67796.8
68014.6
68288.6
68468.2
69337
69472.4
69598.1
69657.9
70201.5
70253.8
70370.1
70446.6
70571.1
70687
70748.3
71144.3
71431.3
71846.5
72160.7
73075.2
73513.2
74603.3
75186.2
76418.7
76443.8
77125
78253.3
78781.8
78865.9
79419.3
79824.7
80103.3
80410.5
80660.1
80684.2
81337.3
81917.3
81969.9
82114.2
82637.1
82809.4
83166.5
83288.6
83519.8
84271.5
84275.3
84305.1
84595.5
85740.2
85936.7
86096.2
86464.6
86537.7
86749.1
86801.5
87191.1
87232.1
87245.3
87404.5
91008
91277
91523.8
91723.1
92560.6
94087.2
94508.3
95214.3
95454.3
95840.9
96952.3
96980.1
97183.1
97690.7
98017.7
99312.1
100284
100393
101552
101649
101875
102417
102513
102766
102859
103386
104289
104946
104993
105024
105198
105928
105951
106488
106802
107120
107541
107636
107986
108103
108435
108799
108853
108905
108962
109478
109624
109725
109834
109890
110019
110239
110726
110984
111990
112293
112747
114719
115383
118535
119072
119479
120044
121100
121643
122756
123492
123546
123593
123813
124051
124055
124189
125024
125381
126205
126287
127022
127658
127887
128716
129250
129788
129816
130018
131100
131444
131598
132077
132242
132334
132418
132678
132722
132958
133326
133755
134582
134854
135153
135629
137082
137427
137443
137772
138022
138256
138651
139989
140455
141038
142235
142387
142860
143048
143569
144626
144871
145240
145290
146095
146432
147023
147369
147599
147802
148165
149070
149387
150105
150209
151418
151451
152268
152426
152688
152690
152861
153026
153358
153652
154968
155483
155505
155831
155889
156857
157661
157716
158003
158010
159555
159827
159902
159990
160867
161125
161515
161621
162726
162952
163814
163910
164246
165207
165422
166122
166494
166487
166838
167812
168957
169219
169582
169788
170437
170694
170794
171194
171516
171930
172196
172357
172415
172633
172955
173469
173735
174490
174875
175022
175096
175615
175757
175909
176009
176283
176676
177950
179220
179938
180264
180794
182607
182747
184855
185032
185232
185589
185876
186289
186346
186986
187602
188175
188323
188589
188702
189103
189310
189364
189451
189594
189837
189864
190002
190150
190258
190996
191352
191554
191570
191870
192813
192936
193661
194924
195504
195624
195743
196009
196620
197666
197821
198040
198110
198997
199051
199095
199243
199586
199652
199700
199945
