208.41
744.29
772.53
896.78
905.5
1053.35
1176.74
1283.97
1541.55
1573.46
1864.34
1881.95
1934.5
2052.5
2116.45
2195.64
2361.55
2596.24
2656.44
2669.75
3278.05
3485.09
3919.98
3956.51
4592.06
4680.67
4918.36
5048.04
5135.83
5254.98
5281.63
5352.2
5423.38
5574.58
5578.79
5753.47
5841.52
6167.59
6378.38
6876.2
6924.97
7486.08
7546.25
7622.92
8015.41
8535.95
8587.55
8879.5
9173.43
9181.45
9247.37
9281.17
9366.26
9537.22
10039.4
10120.3
10311.6
10599.7
10616.7
10781
10834.2
10832.4
10988.3
11196.3
11202.3
11426
11521.5
11743.3
12283.6
12376.4
12623.4
13042.6
13164.1
13192.5
13404.5
13453.4
13662
13733.4
13983.1
14177
14208.9
14530.6
14598.6
14866.6
14920.1
15126.1
15168.9
15342.1
15401.7
15509.3
15734
15890.5
16109
16259.1
16432.2
16508.1
16544.2
17287.5
17307.6
17523.7
17551.6
17549.5
17830.2
17863.9
17980.4
18099.1
18214.6
18366.1
18428.8
18538.5
18601.5
18775.4
18958.6
19263.3
19456.5
19839
20207.1
20468
20818.8
20899.4
21185
21243.5
21481.8
21650.4
21664.2
21933.5
21986.6
22318.2
22374.4
22402.7
23036.5
23068.6
23113.7
23619.4
23781.5
23789.7
23941
24116
24172.8
24206.2
24388.1
24653.5
24769
24997.7
25064.6
25293.4
25449.2
25672.4
25989
26213.7
26300
26309
26526.4
26936.1
27306.8
27313
27513.5
27755.2
27760.2
27825.4
27937
28099.2
28118.8
28550
28748.3
28862.4
29156.8
29293.6
29389.2
29788.1
29794.9
30014.3
30160
30297.5
30356.7
30380.1
30418.4
30612.4
30728.1
30887.4
30924.8
31023.3
31088.8
31317.8
31353.4
31646.9
31942.1
31963
32496.7
32863.5
33334.6
34093.6
34110.4
34236.8
34384.2
34465.5
34635.2
34656.3
34772.2
34785.7
34954.5
35079.8
35236.1
35390.1
35979.3
36050.3
36098.7
36214.1
36663.9
37042.8
37214.7
37245
37249
37658.2
37746.5
38120
38187.3
38190.9
38328.1
38488.9
38744.7
38810.9
39056.1
39309.3
39379.6
39736.8
39747.4
40038.3
40269.4
40332.8
40415.5
41103.3
41330.8
41623.6
42092.5
42259.5
42305.9
42473.4
42542.6
42654.5
42660.9
42676.5
42727.6
43091.7
43300.3
43398.7
44169.8
44427.3
44476.4
44536.8
44820.2
44880.5
44943
45241.5
45320.4
45334.8
45488.5
45578.1
45788.6
45916.1
45926.3
45979.3
46027.9
46126.1
46342.5
46400.1
46526.7
46595.5
46616.4
46630
47078
47200.8
47355.3
47393.5
47417.7
47746.7
47913.2
48070.3
48162.3
49101.4
49149.9
49260.7
49301.8
49461.9
49793
49999.1
50223.8
50340.8
50617.4
50783.9
51468.8
51504.3
51668.8
51841
52378.9
52415.7
54014.7
54262
54307.6
54543
54761.7
54918.1
55260
55339.3
55393.2
55640.3
55914.2
56000
56863.6
56970.9
57191.8
58223
59312.2
59384.3
59394.8
59585.5
59799.5
59946
60214.8
60802
61130.4
61156.8
61587.7
61590.4
61857
61987.2
61989
62207.4
62430.7
62712.9
63390.2
63433.6
63448
63475.5
63727.8
63825.5
63835.2
63855.3
63927
63975.8
64142.9
64243.4
64270.6
64387.3
64505.7
64573.1
64790.6
64821.4
65306.4
65438.5
65486.1
65758.3
65934
65986.8
66216.7
66336.3
66777.9
66859.4
66879.7
66925.5
67116.1
67159.5
67237.8
67230.9
67236.8
67241
67335.2
67397
67739.7
67897.3
68125.9
68155.5
68186.3
68362.5
68383.8
68453.7
68495.4
68652.9
69018.9
69024.6
69163.8
69189.4
69452.9
69790.6
69989.3
70256.5
70348.9
70413
70602.8
70756.2
70777.5
70790.3
71202.7
71205.8
71232.3
71252.5
71374.5
71787.1
71946.2
71979.5
72421.4
72749.8
72968.5
73092.7
73101
73323
73332.5
73336.3
73543.3
73649.1
73688.2
74341.5
74381.8
74895.8
74965.4
75152.1
75234.5
75591.3
75607.5
75662.4
75709.2
75848.3
75958
76086.6
76536.1
76643.3
76918.7
77024.1
77252.7
77470.4
77625.2
77688.9
77742
77831.1
77856.1
77891
77977.4
77979.8
78068.2
78402.5
78496.2
78701.3
78710.3
78781
78783.6
79228.1
79262.5
79421.5
79424.5
79564.2
79668.9
79715.6
79801.2
80048
80139.6
80151.5
80245.4
80479.9
80759.4
81022.5
81056.8
81155.1
81562.7
81758.2
81877.3
81877.2
81889.3
82094.1
82438.3
82486.9
82504.4
83025
83347.9
83359.2
83391
83465
83465.6
83962.1
84197.8
84459.2
84715.8
84765.4
84786.2
84965.2
85023.7
85038.8
85652.7
85820.5
86103.8
86325.1
86411.8
86649.6
86727.6
86946.8
87253.8
87524.3
87560.9
88086.4
88157.6
88715.9
88719.8
88795.5
89024
89068.7
89186.7
89229.3
89467.8
89574.7
89641.8
89685.3
89833.5
89930.3
90070.5
90491.5
90649
90769.4
90858.2
90988.4
90987.9
91468.5
91497.2
91711.2
92089
92316
92364.7
92683.2
92707
93155.3
93294.6
93499.2
93627.9
93651.8
94059.7
94067.8
94102.2
94276.9
94565.2
94734
94737.1
95441.3
95792.6
95851.5
96424.8
96673.9
97095.6
97377.3
97468.5
97723.7
98143.9
98165.3
98314.3
98388.6
98534.1
98540.8
98630.6
98651.6
98713
98833.1
98995.7
99203
99231
99291.9
99462.1
99545.3
99557.4
99567.3
99937.8
100013
100083
100249
100267
100359
100445
100512
100580
100894
100893
101115
101402
101404
101695
101744
101956
102057
102142
102272
102720
103095
103164
103404
103525
103682
103750
104315
104510
104524
104677
104680
104764
105086
105201
105214
105260
105415
105564
105692
105798
105796
105904
106085
106363
106689
106712
106736
106750
107076
107326
107856
107890
107944
108438
108826
108878
109180
109691
109823
109968
110082
110356
110400
110761
110915
111012
111309
111450
111525
111729
111963
112016
112106
112174
112354
112423
112536
112933
112929
113431
113529
113592
113617
113987
114383
114432
114449
114565
114562
114763
114846
115112
115192
115511
115550
115848
115875
116069
116147
116295
116637
116730
117065
117276
117321
117393
117769
118496
118619
118964
119296
119392
119722
119931
119940
120796
120852
121023
121083
121305
121379
121389
121400
121718
121919
122114
122191
122686
122754
122830
122975
123004
123193
123313
123400
123401
123743
123772
123973
125730
125892
126038
126096
126207
126417
126471
126537
126545
127025
127077
127499
127560
128235
128482
128603
128809
129145
129198
129642
129802
130011
130050
130073
130251
130494
130928
131022
131574
131589
131858
131911
132237
132340
132346
132803
134090
134476
134517
134719
134794
135216
135299
135575
135680
136174
136495
136878
137093
137300
137586
137896
137970
138042
138211
138780
138799
138844
139008
139226
139250
139268
139472
140582
140621
140814
140892
140929
141585
141842
141912
141961
142214
142245
143309
143805
144056
144074
144094
144140
144330
144407
144894
145229
145364
145737
145888
146274
146412
146734
146750
147277
147405
147424
147962
148097
149229
149380
149511
149514
149794
150234
150262
150258
150440
150684
151027
151233
151364
151844
152220
152369
152759
152791
152968
153058
153355
153365
153500
153748
153991
154089
154126
154223
154332
154393
154469
154505
154784
155010
155227
155261
155306
155730
156145
156252
156245
156260
156442
156592
156714
156914
156943
157001
157211
157268
157425
157549
157617
157665
157776
157950
158001
158134
158275
158357
158351
158489
158784
159213
159229
159480
159504
159578
159842
159858
159982
160037
160096
160148
160384
160535
160887
161379
161406
161568
161576
161602
161674
161852
162151
162237
162266
162395
162413
162470
162832
162872
163015
163225
163253
163264
163394
163409
163589
163950
164221
165258
165602
165739
165761
165794
165818
165829
165960
166145
166398
166589
166895
166960
167256
167339
167491
167928
168264
168308
168552
168744
168837
169056
169088
169121
169575
169573
169849
169910
170078
170134
170311
170299
170804
170888
171126
171399
171785
171925
172232
172324
172323
172474
172494
172606
172862
172990
173433
173464
173490
173554
173970
174125
174215
174319
174610
174930
175037
175072
175405
175799
175954
176419
176764
176950
177170
177500
178369
178539
178605
178622
178711
178921
179341
179401
179826
179952
180160
180567
180871
180861
181075
181217
181271
181494
181556
181563
181627
181710
181944
182090
182280
182316
182568
182713
182902
182908
183263
183329
183942
184591
184723
184740
184850
185027
185050
185085
185293
185512
185530
185768
185831
186176
186282
186304
186502
186643
186679
186899
186951
187213
187346
187602
187846
188395
188822
189125
189245
189256
189272
189437
189548
189572
189709
189958
189982
190240
190959
191911
191964
192014
192027
192343
192651
192703
193161
193241
193246
193377
193630
193839
194027
194111
194268
194332
194773
194805
195153
196404
196599
196832
196898
196953
197482
197522
197931
198122
198356
198635
198685
198843
199003
199486
199932
