411.89
743.92
777.39
875.33
1367.31
1382.18
1490.43
2217.5
2502.81
4691.69
5009.93
5213.24
5685.99
8014.99
8302.72
8754.15
8894.14
10439
11257.7
11678.5
11886.5
12078.9
13208.6
13661.4
14341.4
15257.2
15663.5
15705.2
17300.7
18628.1
19062.7
20003.3
20176.7
20650.3
21788
22124.5
23735.5
24539.8
25357
25678.7
26035.5
26112.6
26560.6
26818.8
27178.2
28361.2
28437.3
30334.6
30642.9
31162.4
31518.2
32206
32774
34113.8
34712.7
35358.7
36693.9
37350
37450.6
37996.1
38398
38510.8
38804.2
39744.9
41084
41389.2
43299.2
44617.5
44981.2
45016.3
45815.9
46949.4
47156.2
47340.2
47821.4
48649.2
48962.4
50087.5
50832
51379.5
52274.6
52350.2
52831.3
53778.7
56120.9
57168.4
59481.7
59492.2
60722.7
61903.6
62459.6
62843.4
62838
63259.5
64157
65111.4
65483.3
66218.6
66630.9
66708.5
67307.8
68008.1
68980
69572.2
70853.6
73095.8
74785.6
74979.3
75718.3
77265.9
78037.5
79622.4
80319.3
80516.5
80600.3
81313.7
81750.5
81872.6
82752.5
83044.5
83407.1
84232.6
84343.7
85144.3
85729.5
85774.9
86449.7
86786.7
86830.6
87160.1
87468
87529.9
88627.2
88903.7
89543.2
89870.1
89880.7
90096.4
91272.2
92613.6
92687.2
93581
94374.2
95919.4
96067.7
96831.9
97406.6
97448.2
97518.6
97826.1
98567.2
98672.2
98969.3
100820
102053
102481
102694
102805
103246
103929
105865
106428
106538
108891
109564
109764
110832
111261
111354
111534
113050
113301
113711
115892
116208
116707
116835
117394
118232
119435
119716
120279
121667
121864
122039
122038
122491
122748
123247
124683
124729
124885
127155
127198
128602
129216
129326
131919
133410
134960
135775
137385
137794
138925
139435
139767
140178
141210
141334
142523
143468
143490
143775
144116
145064
145811
146131
146122
146708
147840
148556
148570
149036
149446
150716
151349
151393
152703
153015
153866
154869
154938
155821
156077
156965
159171
160515
161190
162298
163482
163798
164104
164984
165059
165959
167980
168380
170070
170107
172470
173051
173419
174628
174810
175196
176211
176905
177605
177681
177803
182687
182805
183790
183804
183828
183860
184204
185127
186999
190395
190942
192605
192857
193949
194159
194654
195474
195916
197818
197819
198161
199978
