134.88
562.55
888.71
1222.99
2512.7
5025.26
5035.01
5504.93
5964.52
6254.01
6271.44
7117.97
7593.72
8100.59
8225.59
8460.26
8477.6
9554.42
11401.5
11920.4
12621
12658.2
13311
13816.1
14250.5
14870.1
15075.1
15239.6
15356.8
15533.6
16350.6
16744
17259.4
17410.1
18364.1
18480.2
18831
19945.3
20252.9
20339.1
20520.6
20800.2
21375.4
21567.3
21954.3
23023.9
24171.5
24415.3
24738.2
25158.4
25223.2
26727.7
26998.5
27661.4
28044.1
28330.3
29290.1
29782.4
30030.3
30186.9
30202.3
30618.7
30805.9
31202.4
31533.2
33671.6
33864.5
34450.2
34454.1
36414.5
37103.5
37136.5
37195.7
37834.3
37982.8
38535.6
38726.6
40519.8
41044.3
41431.5
44454.7
44730.1
44796.9
46099.7
46194.8
46518.1
46786.5
46931.5
47188.6
48040.7
49287.7
49510.4
50285.4
50628.9
51092
51231.7
51995.3
52185.1
53314.8
53899.1
53922.9
53920
55326.7
55670.7
57017.9
57835
59009.8
59161.4
59258.7
61187.8
61394.4
61978.6
62587.8
63100.9
66073.8
66951.3
67725.1
68488.3
69127.9
69454.6
69597
70093.9
70339.7
70390.4
70406.3
74026
74763.2
75226.7
75461.2
77081.1
77339.8
78604.1
79387
79729.8
80616.6
80963.1
81007.2
81297.4
82006.4
82731
82965.3
83595.8
83627.5
85566.3
85651.4
85926.9
86153.5
86457.5
86622.9
86685.6
86980
88028.5
88152.1
89563.6
89700.1
89971.8
90068.7
90908.5
92835.8
93381.4
93390
94162.5
94279.6
94871.4
95745.7
96583.7
96929.8
97176.3
97308.8
97915.7
98760
99113.1
100979
101257
101436
102293
102730
103029
103676
105034
105493
106109
108058
109124
109388
110239
110932
111000
111768
112604
112886
113738
113799
113905
115117
116021
116053
116230
116484
117402
117659
118898
119972
120007
120077
120469
121477
121845
121937
121985
122040
122059
122062
122750
123093
123127
123703
123957
124394
124849
125130
125572
126830
126947
127072
128312
128405
128638
128942
130115
130348
130855
133165
133892
137183
137992
138008
138300
140034
140835
141157
141564
141637
141814
142430
143279
143357
145281
146024
146390
146971
147702
148110
148303
148933
149778
150387
151045
152742
153009
153993
154022
154437
154466
155149
155337
155915
156293
157549
158448
160414
160441
160869
161301
161593
162031
162990
163492
163914
164326
164374
164863
164936
165409
166005
168529
168808
169402
169535
170271
172684
174202
174777
175115
175850
177278
177329
177628
177837
178365
179499
181607
182132
183051
183045
183069
183525
183533
184319
185235
185956
186167
187282
187560
190340
190527
190783
190873
191843
192283
192639
192697
193101
193378
194649
195673
195919
196118
196157
196782
197038
197707
197850
199054
199395
199965
