467.31
920.36
1345.27
1915.57
2241.85
2699.67
3805.99
4227.82
4359.71
4600.24
4906.6
5556.99
5701.09
6298.09
6821.56
7294.4
7948.92
8154.58
8380.33
8569.19
8742.84
8976.84
9211.05
9245.55
9254.61
9479.51
9702.36
9909.86
10025.7
10176.8
10294.3
10444.7
10462.3
10968.9
11073.4
11558.4
11875.7
11896.4
12255
12275.9
12537.7
12861.6
13071.6
13280.8
13345.8
13488.6
13711.1
13726.6
13901
13925.6
13969.7
14201.8
14491.4
14898
15591.3
16304.2
16506.8
17119.5
17944
17996.1
18117
18376.2
18709.2
18924.9
19150.6
19309.2
19562.4
19887.8
20136.4
21053.8
21441.9
21956.9
22600.4
22811.9
23026.2
23105.5
23389.6
23715.3
24160.7
24291.5
24403.8
24483.3
24659.9
24891.6
25103.7
25319.4
25341.8
25668.5
25712
25878.6
26030.7
26210.1
26313.2
26328.8
26339.6
26783.7
26875.7
26970.1
27290.7
28000.2
28161.7
28174.4
28673
28758.3
28853.8
28966.4
29554.5
29699
29779.8
29842.4
29845.6
30815.4
31662.8
32046.1
33167.1
33640.8
33907.2
34159.3
34221.6
34353.6
34468.6
34859.8
34984.4
35156.8
35443
35663.5
36270.2
36335.5
36488.5
37296.1
37595.9
37890.4
38892.3
39343.8
39924.4
40034.9
40203.1
40227.7
40260
40764.7
40900.2
41011.3
41502.5
41713
41805.8
41839.5
42633.3
42706.1
43433.4
43719.2
43828
44052.5
44090.8
44104.7
44497.8
44559.9
44844
45307.4
46708.3
46762.6
47282.4
47286.7
48021
49317.5
49933.6
50022.5
50179.3
50241
50300.2
50515.9
50757
51145.5
51353.5
52008
52005
52570
52708.9
52953.9
53292
53836
54452.9
56033
56067.3
56358.2
56575.7
56850.8
57066.3
57178.6
57755.6
57767.5
57969
58006.2
58055.6
58318.1
58561.4
58589
60031
60589.3
60637
61358.9
61439.9
61865.8
62549
63104.9
63452.3
63802.3
64804.3
65611.7
65791.3
66217.3
66624.9
67147.4
67152
67602
67698.4
67756.4
67794.2
67904.6
68338
69109.2
69184.7
69540.9
69823.9
69944.8
70201.7
70226.1
70488.3
70639.3
71057.3
71854.1
71945
72899.7
73338.6
73530.9
73592.5
73619.9
73757.7
73906.7
74056.1
75630.7
76004.3
76422.2
76688.4
76774.5
77154.2
77353.7
77796
77834.8
77939.6
78074.9
78277
78358.8
78615.6
78994.3
79018.9
79217
79675.1
80128.6
80452.3
80597.3
81404.6
81760
81911.7
82889.1
82900.2
82951
83888.6
83957.7
85513.8
86198.6
86659.5
86829.5
87151.8
87286.9
87329.9
87637.2
87848.8
88514.1
88922.7
89129.9
89336.2
89586.3
90045.2
90122.8
90526.7
90573.5
90907.3
90928.7
91335.1
91579.2
92308.4
92882
93347.4
93539.9
93680.9
93771
93872
94341
94540
94625.6
94766.4
95004.9
95326.3
95925.6
96525.6
96711.2
96989.9
97276.3
97894.5
98182.3
98799.4
99262.3
99610.7
100250
100314
100574
100860
101253
102537
103225
103385
103626
103770
103991
104467
104712
104870
104881
105977
106173
106457
107337
107927
108034
108416
108662
108678
108691
108733
108863
109091
109424
109668
109681
109874
110299
110453
110680
111199
111423
111433
111549
111720
112580
112637
113012
113792
114383
114550
114836
114879
116603
116838
116974
117797
117894
118085
118417
118545
118842
118972
119219
119343
119459
119704
119945
120030
120658
120761
120798
121031
121305
121704
121774
121948
122176
122208
123808
123834
123990
124436
124613
124962
125378
125415
125476
125555
125744
126078
126248
126282
126316
126485
126620
126956
127643
127858
127904
128102
128267
128549
128879
128888
129000
129106
129135
129594
129826
130436
130732
130952
131059
131651
131808
131831
132327
132407
132649
133077
133458
133647
133758
134716
134835
134959
135086
135320
135364
135475
136095
136467
136500
136560
136750
136963
136981
137071
137392
137452
137653
137920
138145
138521
138794
140204
140406
140536
140784
140992
141111
141161
141250
141362
141601
141754
142166
142321
142368
142378
142992
143196
143376
143640
143760
144445
144895
147132
147563
147776
148895
148998
149213
150226
151276
151455
151450
151572
151664
152007
152032
152406
152423
152527
153472
153829
154170
154649
154832
155543
155732
155987
156142
156848
157699
158169
158478
158599
158698
159573
159881
160360
160673
161414
161509
161714
162127
162180
162327
162433
162457
162617
162861
163266
163572
163976
164009
164021
164250
164495
164836
164919
164920
165516
165769
165854
166163
166224
166344
166818
167050
167703
167778
167914
168216
168828
170170
170467
170524
170973
171871
172650
173495
175036
175794
177352
177816
178049
178366
178871
179539
181874
183866
184224
186219
187316
187712
188125
188142
188405
188652
188714
189084
189112
189620
189642
189830
190510
190613
191042
191529
191955
192467
192736
192834
192916
195280
195490
195982
196425
196870
196858
197187
197613
198501
199582
