5006.14
7250.16
8540.88
8792.5
12284.4
14408
15320.3
17265.2
25849.6
27161.9
27649.8
28035.6
28182.4
29533.5
29690.4
34145.9
38439.6
38913.7
49149.2
52875.2
60111.7
65748.6
66726.8
67920.9
68372.3
69058.9
72750.7
73391.5
75181.9
84557.1
86362.2
89921.8
96396.7
96743.1
97542.3
98619
98876.1
101675
102514
102869
104556
107990
108288
109835
113337
114900
115216
123945
124735
124959
126478
133804
133928
134047
134168
135120
137025
137045
137479
137784
138350
139891
141482
141754
145253
145985
158973
159038
159380
160951
162012
163495
164479
168671
172874
175346
175415
177189
179076
186203
186461
192140
193082
195082
196202
196595
196951
198125
199215
