549.31
576.93
784.76
1068.98
1743.77
1817.34
1922.46
2196.54
2432.45
2483.22
2931.57
3366.1
3555.21
3717.1
4123.67
4497.43
4853.52
5369.63
5448.35
5742.09
5839.13
5839.63
6167.84
6816.77
6898.6
6917.22
7361.47
7721.87
7784.59
7841.2
8135.21
8399.77
8480.18
8720.37
8828.61
8844.09
9409.51
9628.23
9636.06
9798.82
9969.97
10082.5
10467.9
10620.2
10655
10901.2
11143.4
11174.2
11548.8
12052.4
12504.6
12680.4
12833.4
13694.5
13880.1
14276.2
14364.7
14703.9
14731.9
14931.5
14996.2
15054.5
15385.3
15470
15634.8
15676.8
15983
16171.2
16191.7
16940.7
17806.9
18236.7
18290.5
18688.3
19564.6
19876.1
20121.7
20130.5
20567.4
20822.2
22487
24485.8
24672.2
25515.5
25842.6
26022.3
27080.8
27702.1
28218.7
28655.9
28972.2
29000.8
29011.6
29369.6
29622.3
29932
30026.2
30270.6
30443
31065.6
31367.2
31588.7
32146
32388.7
32527.8
32738
33103.9
33159.3
33864.4
34147.7
34186.6
34428
34503.8
34574.6
34767.2
34774.6
34817
34855.3
34867.8
35534.3
35757.5
35859.6
36017.4
36148.3
37000
38127.4
38617.7
39396.3
39622.9
39725.5
40503.3
41198.5
42034.8
42785.4
44054.7
44295
44384.6
44537.4
45508.7
45800.1
45995.8
46546.8
46633.8
46807.4
46903
47016.3
47068.1
47766.9
47821.7
48298.6
48835.7
49206.9
49409.9
49480.9
49727.3
50031.1
50206.1
50621.1
50809.2
50870.6
51082.3
51306
51545.8
51837.4
52065.5
52288.3
52668
52929.2
53254.8
53365.9
53418.5
53424.9
53491.8
53675.5
53971.8
54001.6
54156.1
54322.8
54470.3
54642.4
54878.9
54953.4
55117.6
55227.5
55404.9
55476.2
55641.4
55999.8
56136.6
56332.1
56358.7
56694.8
57542.4
57994.4
58497.8
59332.6
59721.7
59875.7
60017.5
60534.6
60563.2
60731
61081.4
61349.1
61409.4
61435.7
61557.5
61775
62076.1
62709.5
63541.5
63898.9
64207.3
64249.6
64572.9
64630.5
64789.3
64825.4
65155
65238.4
65510.4
65667.6
66358
66622.7
66626.9
66679.7
67255.2
67412.8
67477.6
67569.2
67688.2
67755.7
67852
68607.8
68614.9
69369.3
69574.1
70422.9
70639.2
70670
70902.6
71243.7
71347.4
71496
71506.4
71670
72185
72225.5
72563.7
72609.2
72632.2
72651.6
73266.4
73376.9
73484.1
73558.7
73701.4
73818
73849.3
74142.1
74352.6
74461.4
74668.9
75023.9
75301.8
75664
77523.2
77671.9
78597.5
79248.5
79252
79414.6
79739.6
79741.9
80524.3
80734.9
80853.2
82009.6
82334.3
82425.2
83123.4
83269.9
83444.4
83442
83554.5
83986.5
84036.3
84237.2
84779.2
84802.8
84882.1
84898.3
85011.7
85084.6
85584.8
85647.2
85936.6
86021.4
86030
86058.5
86342.7
86524.2
86695.1
87084
87246.1
87369.2
87590.1
87722.2
88091.9
89861.6
90286.3
90663.6
90750.5
91584.2
91769.7
92070.4
92943.5
93696
95740.3
95804.3
95891.5
96288.8
96536
97143.3
97174.2
97892.2
98286.3
98713.3
98734.3
98847.9
99144.8
99281.2
99416.9
99519.7
99760.4
99942.2
