1211.5
1271.12
1619.17
2163.93
3442.94
3566
4870.2
5414.92
6471.99
7080.12
7700.98
8034.99
8231.92
8925.47
9005.06
9133.51
9569.28
9813.74
10597
11540.8
12200.4
12341.8
14496.8
14704.4
14852.9
14878.2
15246.8
15721.6
16300.6
16363.5
17060.7
17076.7
17150.8
17472.7
17712
18069.8
18632.2
20203.6
20449.8
21266.3
22065.7
23096.8
23358.5
23780.3
24700.3
25323.5
25336.7
25620.1
25955
26104.4
26534.2
27418.9
29033.3
29513.4
30533.7
30982.1
33949.7
34592.4
35642
36388.1
36885.7
39475.1
39905.2
40079.5
40215.2
40589
40793.4
41277.9
41354.3
42127.7
42164.9
44991.3
46095.2
46292.1
46784.5
47017.4
47379.5
48460.3
49809.8
49930.9
49974.1
50882
51229.7
51948.7
52898.1
53337.8
53512.9
56043.9
56271.7
57470.8
58142.2
58162.1
58918.6
59199.9
59363.4
59548.5
60718.9
61090.1
61621.2
63385.5
64629.3
64685.5
65155.3
65274.1
66803.7
67757
68798.4
68939.8
70673.7
71583.3
72206.4
72484.6
73286.8
73776.1
75004.2
75862.1
76684
76754.9
77618.1
78364.2
78675.4
81866.5
81991.1
82116.6
82917.8
83411.2
84872.2
85540.8
85990.8
86435.3
87206.9
87959.7
88470.5
88558.3
89084
89142.9
89847.2
90244.1
90586.4
91604
91680.4
91799.1
92505.5
92633.9
93728.7
94080.6
94571.3
95412
95613.7
96565.6
97748.2
97768.3
98454.7
98753.4
99595.7
101834
104335
106393
107028
107580
108030
108695
109068
109624
112203
113135
113191
113260
113374
114878
115620
116597
120775
121461
121552
123696
123759
124268
124575
124591
124748
125478
126174
126973
128328
128625
129458
130591
130917
131020
131310
131944
132274
134208
134556
134655
135627
137400
137599
138908
140256
142090
142160
142287
144393
144427
144792
145571
145963
146736
147064
147552
147946
148424
149153
150036
150416
150608
150751
151440
152152
152526
152624
152997
154346
155317
156012
156245
156898
157023
158227
158939
159471
160046
160531
161389
162194
163764
165045
166516
167021
167360
167549
168341
168390
168687
169119
169369
172983
173272
173859
174499
174973
175146
175443
175449
175566
175595
176442
178389
178833
180139
180416
180468
180797
181149
181287
181677
182203
182650
183114
184538
184636
185626
186239
186432
187833
188079
188104
189820
189923
190727
191412
191858
192907
194043
194507
195522
197675
198938
