1510.24
7957.65
8214.15
8355.16
9637.56
10975.9
13240.6
13477
13729.7
18714.1
19153.4
19557.1
19720
20010.4
20706.1
20974
21391.2
22788.3
23101.4
25939.9
26056
28024.7
29984.9
30829.5
31294
31669.7
31788
32343.1
32512.2
33254
34105.4
34922.2
36005.6
36333.6
37817.2
37904
39361.2
40854
41930.8
41971.5
42323.8
42407.5
42571.6
43431.1
45898.1
46406.1
48601.9
51724.1
52664.6
53062.2
54465
55298
56129.6
57411.5
57792.2
57994.7
58629.4
59289.9
59942.1
60001.2
60505.1
62540.1
62928
64785.6
65516.6
67238.3
68398.7
68519.3
68643.5
69251.8
70052.3
71033.2
78774
79469.3
80411.9
81260.7
82995.7
84176.6
85848.2
88806.9
92065.1
92696.5
109492
110199
110568
111592
124361
124495
125555
126456
126975
127570
127608
132083
134499
140099
140872
150854
157598
157674
158849
159207
163238
163702
164011
164836
166563
169523
171440
173850
174096
