942.78
1244.1
1853.84
2163.82
2553.63
3372.19
3898.07
3969.37
4367.64
6447.87
6830.73
7294.3
7778.4
8206.19
8499.4
9008.49
9918.06
10407.6
11895.8
12087.8
12594.8
13210.8
13361.8
13621.9
14222.9
14611.4
14714.7
14904.3
15844.3
15923
15990.2
16766
16785
16998.2
17072.1
17850.9
18287
18969.1
20278.3
20421.8
20536.4
21176.4
21815.7
22470
25165.2
25189.7
25676.5
26315.3
26865.4
27145.9
27458.8
28109.2
28397.6
28835.9
28836.6
30022.2
30911.3
31601.1
32060.8
32107.5
32810.1
32818.9
32920.5
33124.9
34352
34553.4
35343.1
35909.8
35946.4
36408.6
37224.5
37369.5
37606.3
38665.2
39147.4
39223.7
39994
40472
40515.4
43001.6
43193.2
43334.1
43638.6
44156.6
44238.3
44932.8
45571.6
45824.5
45856.3
46042.3
46183
46775.4
46871.1
47182.1
47229.5
47235.1
47361.2
47540.5
48111.9
48197.3
48209.3
48321.6
48980.4
49216.4
50120.8
50917.3
51092.3
51237.2
51344.9
51450.6
53242
53273.1
53433.6
53818.3
55792.4
56226.3
56294.1
56645.1
56702.1
56966.3
57624.5
57631.4
58637.5
60305.3
60541.2
61323
61708
62084.8
62373.6
62736.5
63333.3
63333.2
63668
63833.9
63874
63986.4
64100.5
65047.3
65087.8
65203.9
66018.8
66351.2
67490.1
67734.8
68089.6
68535.3
70268.9
71792.2
72082.5
72143.5
72833.4
73730.1
74124.2
75010.2
75512.1
76389
76814.7
78132.2
78581.3
78664
79313.9
79459.6
79656
80820.8
80835.6
81080.5
81594.3
82345.8
83739.9
83776.4
84438.5
84676.1
85149.3
85177.4
85404.4
85577
85686.1
85853.7
86009.7
87173.5
87343.8
87538.9
88995.2
89791.2
89831.5
90028.7
90180
90602.7
91013.7
91304.4
91838.6
92500.5
93006.5
93285.6
95172.7
95445.1
97078
97936.9
98089.8
98764.9
99587.8
99856.6
100108
101982
102381
103151
103528
104767
105286
105644
106034
106880
107331
107401
107802
108058
108432
108834
109003
109350
109492
109597
109878
110489
111350
111487
112284
112741
112915
113964
115024
115262
115343
115398
115823
116142
116156
116778
116803
117124
117579
117664
118182
118626
121645
122601
123204
123538
123819
124316
124413
124839
125004
125082
125291
125427
126307
126550
126869
127057
127147
127589
127736
128531
128939
130015
130087
130322
131182
131196
131572
132189
132444
132834
133372
133916
134456
134880
135147
135610
140323
141055
141075
141551
142042
142415
142510
142802
143622
144973
145248
145339
145412
145438
146410
147047
149038
149200
149896
150066
150324
150952
151139
151619
152288
152690
153339
153393
153891
154818
155559
155829
156521
156621
156862
157107
157428
157938
158163
158534
158704
158981
159846
161349
161833
161880
161957
164381
164947
165240
166538
166893
166954
167513
167514
168367
168952
169569
170183
171016
171137
171307
172128
172168
172629
172696
172950
173127
173744
173742
174037
174115
175002
175375
175552
175712
176432
177424
177571
177620
177856
178111
178271
178420
178424
178974
179691
179826
181145
181691
182585
183231
184059
184392
184520
184542
184603
184838
186752
187159
190036
190133
190199
191801
191835
192313
193121
193404
195335
195329
195639
195755
196137
196194
196700
196867
197144
197342
197682
197851
197941
198179
198907
199418
