564.24
1096.31
1616.95
2884.61
3332.76
3469.69
6007.65
6036.59
7191.46
7247.58
7627.96
8465.7
12417.6
12887.9
14072.3
15588
15706.3
16707.7
16876.3
17555.7
20103.5
20193
20244.8
20903.8
21326.6
22200.6
26610.3
27194
27595.6
27842.9
28107.2
28826.7
29432.4
29714.2
29838.7
29846
30078.6
32272.8
33845.3
34276
34627.8
37139.1
37919.7
39465
40362.5
40367.7
40595.4
41655.9
42027.1
43309.2
43727.2
44630
45668.1
45776.8
46128.9
46312.6
47335.9
48559.2
49386.8
50105.8
50654.1
51007.3
53216.9
56038.6
56118.3
56530.6
56584.7
57046.2
57303.9
58212
59859.7
60315.8
60586
61800.8
61939
62084.4
63201.1
63504.3
63682.3
64549.3
64724.1
64984.5
66082.8
67241.5
67530.1
68239.5
68360
68396.3
69025.1
70101.6
70507
70984.3
71655.8
71793.9
73170.5
73339.1
73574.1
74512.5
74524.7
74805.9
75011.2
75025.3
75356.8
75995.5
76528.9
77749.3
79015.2
79430.7
80412.8
81063.5
82721.4
85667.3
85883.8
86542.1
86934.6
87272.3
87623.9
88884.6
89590
90032.8
91143
97703.9
98379.1
98554.7
99638
99916.9
100965
101265
101683
102377
102704
103264
104023
104364
104688
105083
105769
105866
106416
106572
106947
107723
108160
108294
108632
109384
109738
110023
110163
111132
111162
111323
112041
112333
113832
114771
114818
115015
115046
116500
116558
117374
117755
117789
118452
119465
123344
123610
124128
124748
125000
125024
125168
125671
125908
125956
126589
126789
127012
127926
128360
128499
129921
130800
131487
131579
132917
133197
133751
134517
135006
135084
139447
139890
140452
141406
142168
142406
142583
142630
145162
146210
146835
148587
149375
149743
150112
150948
151383
151446
151800
152140
152740
153497
153884
155249
155273
156194
156348
156847
157479
157618
157792
158012
158376
158925
159119
159202
160704
161051
161563
162252
162866
163897
164207
165671
166520
166716
166887
167260
169949
169970
170224
170849
171137
171802
172004
172268
172292
173160
173584
173663
174266
174734
175508
176228
176296
176725
177603
178058
179665
179689
180054
180316
180742
181462
182228
183674
183835
183989
184361
184375
184686
186031
186661
189869
189930
191602
192961
194941
195058
195906
195943
196420
196480
196778
196945
197273
197717
199062
199926
