243.5
561.14
690.64
729.81
734.68
1552.02
1885.95
2194.21
2605.94
2830.08
2991.4
3526.97
4434.34
4727.71
4801.99
5081.89
5461.52
5546.65
5688.21
6557.3
6583.64
6651.06
6785.78
7475.35
7891.97
8714.93
9292.31
9327.72
9419.71
9827.9
11203.4
11341.1
12030.3
12241.5
12682.8
13402.8
14159.6
14633.1
14687.9
15186.9
15379
15553.6
15587
15867.6
15887.3
16280.1
16491.4
16797.5
16803.5
16820.7
16864.2
18143.2
18694.6
19048.3
19331.6
19767.9
20374.3
20880.7
21202
21285.9
21560.8
22453.5
23296.5
23523.5
23710.4
23752.3
24771
25019.2
25359.3
25410.3
26273.6
26445.8
27754.4
27989.7
28370.7
28533.2
28767.2
29117.6
29873.3
29985.6
30027.3
30051.6
33726.4
34093.1
34593.1
35174.6
36116.6
36637.6
36887.5
38110.5
39082.6
39598.8
39674.6
40377.8
41188.6
41675.7
41851.6
42246.2
42924.2
43453.3
43564.1
43572.8
44015.4
45112.3
45395.1
45663.1
46291.7
47154.4
47453
48036.5
48108.3
48687.1
49051.8
49224.4
49610.7
50935.6
51136.7
51293
52379.8
52468
52643.5
53784.7
53885.3
54871.4
55354.7
55577.4
56638.4
57345.7
57465.8
58451.9
58452.3
58788.1
59135.7
59540.3
59668.6
59844.7
60220.8
60444.2
61180.1
61622.2
62614.9
62923.5
63504.1
63903.6
64008.2
64981.7
65870.6
66187
67197.5
68171.2
68351.6
68616.4
68987.6
69580.1
69658.5
70055.8
71882
72590.7
73253.7
74044
74912.7
75921.8
76030.8
76276
77728.7
77780.4
78036.3
78120.4
78762.8
79300
79777.7
80524.7
80590.5
81364
82127
82451.3
84309.6
84743.3
84898.7
85361.5
85447.1
85673.9
86130.1
86241.3
86547.6
86779.8
88030.9
88080
88572.4
88869.8
89562.1
90576.5
90813.7
91014.7
92439.3
92447.3
93365.6
93582.6
93694.6
93769.6
94503.9
94789.8
94861.6
96155.8
96276.6
98887.9
99914
100328
100390
100534
100831
101288
101298
101457
101781
102227
103917
104405
105030
105332
105361
105649
105828
106704
107319
107400
109580
109707
109856
110222
110442
112065
112713
112771
113218
113681
113820
113958
114004
114171
114509
114530
114616
114882
114991
115611
116691
116871
118366
118395
120116
120608
121975
122880
123390
123604
123825
124941
125231
126312
126460
126932
127353
127664
128498
128857
128859
129118
129156
129256
129735
131164
131953
132730
133184
133332
133486
134232
134475
135758
137018
137806
137908
138500
138603
138645
139878
140466
140588
140957
141327
142470
142517
143757
144104
144636
144884
145298
146224
147038
147299
148245
148549
149398
149947
150144
150825
150854
151474
152404
153198
154078
154184
155377
156506
156715
156737
156805
157741
158407
158636
159378
159913
160111
160389
161082
161465
162448
163161
163252
163371
163665
163682
163755
164885
165343
165683
166148
167058
167085
167204
167663
167817
168447
168759
168952
169780
169792
169818
170636
172484
172667
172920
173337
173532
173649
173877
174476
175762
176131
176141
176400
176882
176966
177080
177098
177113
177198
179158
179425
179940
180209
180347
181014
181392
181624
182659
183117
183323
183803
183889
184166
184398
184753
185586
185622
185951
186072
186332
186416
186640
186730
186866
187265
187309
187459
187811
188101
188272
188306
188693
188924
189161
189239
189270
190530
190685
190972
191606
192171
192436
193674
193881
194026
194115
194644
195045
196218
196315
196378
197844
197871
198093
198219
198237
198385
