346.95
550.91
3164.79
3241.87
3605.53
3745.97
4070.53
4973.39
5273.46
5346.71
5804.8
6346.22
6440.3
6610.71
7008.86
7944.96
9202.53
9228.03
9265.86
9614.3
9927.61
10884
11207.2
13387.3
13889.7
14277.9
14290
15007.8
15054.5
15180.5
15710.2
16213.6
16518.5
16640.1
17407.9
17494.5
17937.9
18730.6
18896.4
19520.5
21829.8
22238.3
23227.3
24413.1
26162
27185.9
27429.3
27578
27857.8
28357.1
28600.6
29058.1
29736.3
29782.8
30454.9
30814.5
33328.4
33923.6
34605.7
34862.3
35757.1
36141.3
36389.6
37580.1
39375.1
43010.8
43493.8
43646.7
43734.5
44775.7
45408.6
45539.2
45840.6
47328.2
47732.1
48189.8
48466.4
49402.9
50182.4
50261.2
50280.4
50762.1
51201.3
52190.1
53397.6
53551.4
54282.6
54359.3
54925.8
55025
55887.7
57805.7
58026.1
58065.6
58635.4
59307.3
59419.5
60755
61954.8
63439.3
69005.3
69295.1
69399.2
69850.6
70342.9
73667.2
73910.8
74557.6
75705.3
76545.6
77290.3
77319.7
77545.8
78503.4
81104.1
81996.7
82229
82753.7
83087.8
84427.9
84515.7
84542.3
84733.3
84944.2
85253.8
86082.7
86137.8
87104.2
87450.2
88425.4
89045.1
90321
90479.8
90832.6
91943.7
92210.2
92270.1
93087.7
93506.2
94618.2
99632.8
99775.7
100104
101024
102067
102983
104191
104756
104948
105048
105469
106097
107167
107493
109561
110373
111828
112336
112548
112970
113058
113679
114172
114595
115343
116634
120164
121761
121773
122667
123256
124014
124715
125757
126249
126311
127607
130300
131844
132214
133054
133062
133820
134100
134583
138291
138460
138513
140186
140201
141471
142147
143378
143381
144411
147061
147618
149581
150678
153386
153553
153572
155748
156547
157054
158008
158373
159747
160551
160938
162811
163129
163246
163305
163744
165069
165979
166843
167048
167571
168341
168744
169600
169927
170045
171473
171477
171806
172050
173435
175937
175967
176874
177008
178109
178637
178857
182277
182832
184279
184582
185266
186170
186231
186590
186962
187042
188155
188523
188814
188916
191069
191860
193392
193768
193905
195075
195288
196282
197605
197755
197876
198076
