352.81
2056.47
3467.26
5253.23
5720.65
5971.97
6922.43
7516.69
10653.1
10966.9
11479.5
11873.5
12473.8
12693.6
13872
14975.1
15039.9
15738.8
16463.8
16671.5
16743
16796.4
17881.7
17956.3
18151.1
18938.3
19209.9
19429.5
19522.6
20461
21900.1
22329.7
22531.7
22845.2
23059.7
23284.3
26121.2
26204.1
26425.1
26877.4
27367.2
27918.3
28152
28448.8
28894.4
30233.2
30579.8
31354.8
31779.1
32108.2
32424.9
32427.8
32783.3
32882.1
33350.8
33493.3
33875.1
34148.3
34177.9
36087.8
36140.4
36968.7
37026.5
37434
38714.2
39383.6
39603.8
39633.9
40313.2
40862.1
41761.8
41891.1
43399.6
44497.3
44785.8
45160.5
46551.6
48686.4
50113.7
50357.8
50508.6
52641.5
52865.7
52922.2
53167.1
55064
55176.7
55406.4
56899.7
57645.5
58679.1
59657.1
61311.7
61437.6
61843.4
62576.8
62718.5
63164.5
63487.9
63803.6
64003.7
64283.1
64386.4
64570.2
64567.3
64711.3
65157.6
65274
66235
66607.2
68227.3
68744
68842.9
69782
69805.1
70014.9
70384.4
72181.4
72676.5
73932.9
74117
75274.7
75576.1
75624.4
75703.8
75813.5
77268.5
79609.8
80786.5
81273.7
81427.3
82012.6
83238.4
83269.9
83603.9
83936.8
84019.2
84719
84995.5
85468.6
86617.5
86689.7
86935.8
87297.4
87551.1
88441.2
89884.7
91042.2
92393.5
93298
93919.1
94180.2
95053.4
95786.7
96258.5
97074.2
97135.7
98346.5
98832.9
100424
100943
101375
101378
101916
101995
102048
103604
103673
103956
104277
104361
104668
104774
104992
105555
106401
106498
107669
108470
109204
110967
111341
111851
112060
113101
113179
113426
113881
114419
115750
116103
116879
116967
117250
117740
117885
118045
119430
119976
121170
122344
122599
124090
124160
124527
125017
125168
125181
125254
126081
126566
127101
127400
127573
127661
128492
129555
130391
130816
131169
131231
133514
134713
134958
135188
135236
135350
135959
136349
136372
142166
142640
144445
145064
145424
145532
146024
147223
147453
147573
147623
147634
148980
149211
150803
150895
152185
152319
153633
153840
154627
154855
155186
155259
155454
155511
156319
156775
156957
157036
158163
159758
159876
162415
162876
163658
164517
165449
165539
166153
167381
167520
168871
170392
172923
173016
174346
174459
174797
174802
175302
176492
177953
178630
180052
180772
181073
182216
183026
183315
185047
185199
186018
186405
186726
187283
188352
190677
191414
191659
193212
193921
194156
194501
194871
195440
195838
197029
197395
198860
199966
