130.47
131.19
1138.15
1726.5
3054.33
4026.14
4536.75
5461.01
7178.04
7624.28
10925.1
11140.9
13813.1
14506.8
14618.9
16133.2
16326
16553.6
17414.7
17559.6
18528.9
18532.9
18765.7
19109.4
21631.2
22287.8
22434.7
22611.3
22675.5
25829.3
26598.8
27137.5
27279.8
27535.9
27624.5
27828.6
28131.6
28675.5
29772.6
30351.1
30429.5
31224.4
31749.7
32190.4
32571.2
33587.4
33914.5
36364
36403.2
36506.3
39061.9
39116.8
40182.8
41590
41841.8
42700.3
43088
44260.5
44806.1
48590
49156.9
49904.1
50044
51486.3
52653.4
54007.3
54700.7
54891.7
56198
56688.3
56731.3
57303.5
58159.2
58996.7
60581.8
60625
60928.4
61261
61704.7
62176.5
63262.5
64113.7
64473.9
64519.4
64762.8
65715.5
65928.5
66003.1
67597.6
69347.7
69453.3
69528.4
69697
70241.6
70313.8
71039.1
71882.2
73246.7
73392.1
73811.3
75914.1
76875.3
76977.5
79409.8
80363.8
80822.5
81457.2
81799.6
82959.2
83210.5
84106.4
85624.5
86062.2
86769.6
87104.3
87309.9
88011.8
89941.3
91601.7
92026.3
93798
94473.3
94558.7
95341.3
95463
95548
97752.4
97955.8
99911.3
100128
100655
100960
101185
101630
101691
101818
103468
104115
104237
104448
106006
107291
108170
109586
110681
111347
111737
112309
113263
115247
115465
115576
115851
115994
116596
116779
117656
119135
119588
120932
121851
122017
122489
123771
123823
125573
126710
126822
126958
127325
127361
130542
130853
131370
133898
134428
135443
135971
137240
137490
142276
143770
145274
145353
145874
145952
146100
146247
146652
147072
147157
147952
148409
148574
151285
151773
152994
153295
153875
154259
154807
155249
155253
155516
155619
156294
156719
159234
161396
162101
163569
165157
165892
166714
168237
170194
171727
171879
173962
174041
174306
174561
175765
176154
177149
177403
178396
178811
178815
179248
180458
181970
182563
182914
184181
184459
184572
185599
185763
186127
187968
189364
190971
193335
193439
194198
194544
194773
195119
195602
196215
197453
198640
198846
