7304.71
19587.4
20278
22987.3
30262.1
32265.8
32511.4
34808.7
47848.7
51259
53188.4
53608.2
55691.4
56751.9
59780.8
59917.8
63710
70157.4
72158.9
74295.4
87531.4
94112.6
95043.4
99490.5
101588
104373
110795
110958
114358
115320
117722
121464
123922
124048
125535
126032
127256
127301
130042
130667
132201
132410
132484
134311
135196
136376
137534
141191
142938
142998
143564
146146
147376
148095
150680
153014
153096
154190
154726
157673
159109
161071
163332
172195
174763
177665
182407
183838
196380
199609
