10540.5
10757.2
11128.6
12027
12657.2
15733.2
19364.9
20260.1
21132.3
21765.9
24762.5
25112
26653.2
28289.3
28773.7
32710.7
33846.2
33987.8
34141.1
34787.2
36400.1
37969
38693.9
39180.6
39334.2
42601.5
44050.3
45089.4
45731.2
47054.1
47487.3
48005.3
51928.8
57881
60673.7
62870
63206.6
64975.1
65087.1
65211.7
65328.3
65515.9
67607.7
71511.4
71816
73387.7
74297.1
77331.2
79769
84387.1
84709.8
90409.7
90715.4
90999.4
92011.6
95476.5
95855.8
99763.6
101663
101704
102926
103374
104012
104178
106786
115492
115740
123760
125278
127242
128088
134581
146415
147123
148166
148336
149435
155651
156446
156969
157314
159453
160256
165362
166057
180437
180889
