196.31
372.84
418.41
919.48
1236.56
1236.97
1498.42
1504.72
1592.83
1758.4
1818.45
2063.16
2141.3
2211.08
2382.93
2582.66
2631.34
2988.05
2988.97
3015.56
3027.04
3173.91
3308.96
3429.44
3491.11
4419.59
4438.6
4458.57
4894.23
5107.31
5420.21
5645.98
5870.94
5974.84
6018.61
6254.36
6261.81
6378.12
6655.81
6682.96
6773.6
6871.59
7389.95
7454.5
7668.4
7682.08
7872.34
7996.2
8016.12
8447.9
8581.97
8623.84
8703.95
8895.87
8912.26
8975.87
9231.33
9258.23
9539.65
9848.41
9857.34
10174.5
10415.2
10434.6
10997.7
11188.8
11213
11342.7
11479.2
11542.4
11589.6
11733.2
11741.5
11975.9
12057.6
12216.5
12405.3
12488
13013.9
13130.5
13344.6
13383.1
13433.9
13829
13913.7
14077.3
14110.5
14325.2
14526.6
14709.7
14770.4
14818.4
14833
14860.2
14974
15014.7
15063.3
15111.5
15151.5
15307.3
15792
15976.7
16390.4
16580.8
16824.7
17468.8
18033.7
18049.5
18212.2
18215.4
18438.3
18872.9
19336.5
19454.2
19522.1
19822.8
19911
20017.1
20048.7
20330.1
20413.6
20410.9
20539
20646.4
20706.7
21159.8
21228.8
21238.5
21316.9
21512.5
21664.4
21785.7
22164.9
23020.2
23103.4
23274.2
23379.7
23425.9
23875.4
24001.7
24270.7
24333.6
24676
24703.8
25091.9
25205.7
25225.8
25446.2
25522.8
25567.1
25870.9
25931.3
25999.8
26455
26942.1
27204.8
27552.1
27917.3
28091.6
28150.8
28225.7
28696.7
29022.9
29074.3
29325.2
29585.8
29714.6
30201.6
30599.6
30799.2
30905.6
31452
31677.5
31727.6
32529.6
32870.3
32959.8
33128
33211
33235.8
33415.2
33554.8
33874.6
34148
34239.2
34337.7
34407.9
34607.8
34672.2
35036
35239.8
35269.4
35380.3
35408.8
35431.5
35477.9
35840.2
35839
35915.5
36708.1
37079.2
37113.7
37442.5
37505.8
37604.2
37874.5
38536.2
38658.5
38716.8
38939.1
39015.2
39185.6
39213.6
39317.7
39406.7
39474.1
39596.3
39621.7
39889.1
39921
39986.3
40142.3
40365.3
40734.1
41172.3
41228.4
41299.6
41304.5
41586.1
41660
41889.7
42289.9
42367.5
42474
42707.1
42779.4
42819.7
43093.3
43150.5
43403
43737.3
43981.9
44024.2
44108.7
44282.9
44662.5
44775.2
44835
44878.8
44944.5
45038.4
45231.2
45505.1
45622.4
45708.1
45942.9
46170.3
46172.8
46335.5
46615.3
46611.1
46961.7
47190.5
47201.1
47238.5
47361.4
47460.9
47503.7
47684.9
47743.6
48168.9
48378.3
48685.1
48770.6
48981.3
48992.2
49266.3
49264.6
49729.6
50205.3
50279
50454.6
50666
50953.8
50973.5
51193.1
51366.6
51698.5
51699.7
51782.8
51940
52538.9
52641.1
52637.2
53140.3
53155.4
53186.8
53261.2
53367.2
53506
53676
53838.8
53865.8
54081.4
54131.7
54231.8
54834
55191
55338.1
55442.9
55474.5
55565.3
55761
56130.1
56202.5
56247.3
57040.2
57053.8
57219.5
57246.1
57436.4
57742.1
57987
58134
58231.3
58244.1
58895.6
58931
58932.5
59355.9
59367.8
59544.8
59655.5
59774.3
60060.8
60072.2
60098.8
60293.4
60319.7
60709.2
60794.1
61143.5
61355.3
61470.6
61679.8
61779.3
61874.8
61960.2
62154.5
62243.4
62597.9
62601.3
63083.7
63277.2
63338
63402.2
63512.7
63917.1
64550.2
64594.1
64711.1
64808.1
65210
65268.2
65332.2
65424.8
65479.8
65671.9
65771.7
65876.8
66159.4
66349
66441.4
66458.9
66882.8
66988.9
67006
67699.4
67782.7
67911.4
68011.4
68161.1
68203.6
68245.9
68353.7
68516.4
68504
68707.3
69020.2
69474.1
69832.4
70044.2
70429.1
71074.7
71223.9
71459.5
71516.8
71662.7
71861.5
71874.4
71939.2
72006.8
72116.5
72337.8
72345.1
72625.9
72628.9
72841.6
72950.4
73039.8
73058.9
73442.6
73583
74333.4
74343.2
74669.5
74686
74694.4
74727.1
75164.2
75688.9
75691.8
75753
76001.8
76243.8
76250.9
76293.8
77268.5
77365.2
77463.7
77492.1
77680.1
77708.2
77716.1
78109.5
78178.9
78296.5
78450.4
78778
78834.1
78906.8
79170.6
79608.7
79637.3
79980.9
80006.1
80086.7
80092.9
80219.4
80393.3
80526.6
80784.8
80905.1
80975.2
81116.3
81113.4
81405.3
81422.2
81493.4
81663.1
81908.4
82156.6
82260
82460.5
82452.5
82639.5
82821
82868.8
83029.5
83047.2
83282
83497.8
83660.4
83706.1
83903.6
83939.2
84086.7
84307.4
84428.1
84718.3
84810.6
84839.3
84863
85140.9
85227.2
85428.3
85496.9
85669.8
85766.4
85847.5
86133.8
86125.2
86320.3
86324.4
86705.8
86757.4
86866.4
86957.7
87001.9
87031.8
87131.9
87294
87614
88053.3
88237.6
88359
88534.1
88641.4
88667.8
88722.3
88929.2
89081.6
89180.2
89357.7
89425.3
89597
89891.3
89974.7
90039
90133.2
90171.5
90409.2
90480.5
90613.2
90622.8
90713.8
91138.1
91354.8
91461.7
91652.2
92246.4
92281.5
92617.2
93126
93145.1
93274.1
93342.8
93815.1
94031.4
94218.7
94275.6
94450.2
94681.5
94743.5
94779.6
95132.3
95461.2
96106.4
96123.2
96257.5
96321.4
96566.5
96821.2
97121.7
97213.4
97488
97935
98056
98192.4
98205.3
98218.3
98420.8
98427.2
98600.9
98956.9
99369.6
99588.2
99602
99966.8
100008
100440
100872
101055
101975
102048
102100
102313
102607
102782
102914
102974
103043
103052
103064
103219
103789
103986
104024
104371
104394
104419
104667
104987
105151
105363
105766
105946
106104
106121
106189
106229
106330
106415
106532
106717
106790
106845
106971
107064
107095
107286
107300
107374
107458
107728
108186
108319
108412
108707
109326
109400
109622
109967
109986
110003
110079
110420
110691
110966
111422
111649
112112
112110
112171
112274
112305
112574
112869
112879
112956
113195
113411
113498
113601
113649
113675
113809
113879
113997
114249
114265
114558
114886
115107
115253
115289
115510
115844
115970
116050
116079
116214
116284
116294
116529
116537
117011
117016
117134
117125
117252
117754
117803
117837
117947
117982
118044
118524
118627
118714
119035
119089
119174
119455
119565
119602
119855
120417
120414
120898
121076
121146
121440
121571
122205
122295
122693
122724
122765
122789
123293
123431
123515
123548
123657
123671
123720
123940
124000
124294
124369
124544
125057
125219
125224
125367
125423
125596
125984
126001
126100
126564
126867
127424
127668
128340
128388
128491
128497
128777
129013
129200
129261
129642
129648
130052
130170
130238
130575
130600
130615
131282
131320
131373
131671
131954
132167
132307
132357
132502
132508
132517
132797
132824
133075
133288
133594
133622
133777
133942
133994
134015
134215
134516
134527
134596
134862
135062
135248
135291
135986
136033
136093
136291
136463
136514
136606
136647
136806
136968
137018
137447
137535
137767
137771
137861
137888
137977
138043
138086
138398
138569
138707
138899
139028
139061
139257
139337
139625
139847
140414
140593
140653
140915
141020
141044
141548
141707
141936
141949
142496
142525
142603
142630
142798
142948
142994
143200
143329
143423
143720
144012
144045
144190
144276
144517
144563
144681
144854
144925
145066
145352
145472
145579
145577
145609
145808
146133
146197
146421
146704
146709
146808
146823
146989
147242
147478
147484
147806
147806
147861
147932
148282
148283
148424
148419
148922
149001
149088
149413
149469
149622
149947
150019
150084
150117
150292
150372
150533
150756
150784
150802
150896
151242
151332
151336
151999
152227
152391
152485
152518
152745
153344
153517
153529
153820
153839
153860
153928
153958
153981
154192
154285
154347
154539
154598
154756
154816
155106
155140
155452
156016
156057
156216
156261
156321
156466
157281
157381
157416
157483
157970
158245
158284
158268
158500
158631
158668
158748
158907
159200
159616
159670
159681
160193
160221
160268
160310
160509
160597
160624
160947
160976
161025
161963
161962
162664
162691
162849
162872
163050
163189
163234
163367
163978
164022
164034
164051
164066
164269
164530
164545
164866
165490
165496
165497
165800
166422
166535
166608
166651
166769
166829
166838
166966
167023
167170
167276
167331
167776
167812
167973
168266
168474
168727
168880
169248
169718
170404
170468
170502
170666
170779
171305
171621
171840
172038
172181
172472
172499
172534
172643
172767
172923
173098
173176
173784
173927
174409
174406
174541
174572
174787
175262
175295
175497
175536
175883
175998
176002
176216
176320
176898
177005
177051
177386
177512
177835
178083
179097
179395
179552
179627
179649
179881
179970
179977
179967
180047
180087
180239
180683
180857
180882
180919
181672
181720
181751
181803
181885
182827
183269
183517
183734
183840
183844
183998
184010
184161
185257
185495
185578
185701
185796
185952
186077
186312
186469
186580
186863
186999
187320
187512
187608
187708
187866
187860
187967
188242
188325
188541
188630
188774
188772
188867
188958
189111
189176
189310
189745
189724
189959
189981
190140
190379
190676
190809
191006
191498
191695
192072
192195
192411
192542
192726
192915
192950
192990
193185
193961
194493
194489
194544
194791
194898
195016
195154
195370
195596
195642
195886
196107
196314
196384
196632
196710
196827
196859
196863
197028
197076
197311
197394
197657
197670
197739
197961
197989
198247
198504
198503
198957
199073
199209
199246
199427
199558
199724
199856
199885
