612.79
1159.29
1315.24
3649
4030.63
6220.52
6294.45
6545.98
6603.58
7685.83
7781.99
9242.54
10700.5
11542.6
12365.5
12826.7
16114.1
17099.5
18038.2
18224.2
18387.5
19374.6
20242.7
20613.4
21597.9
23921.8
24282.3
26752.6
27559.8
27736.3
28088.8
28950.6
29872.4
31081.4
31151.4
31861.8
32084.2
32138.2
33535.3
34715.8
35048.8
35605.1
36594.6
36919
37758.3
37897.4
39811.7
40084.2
40092.1
41821.9
43346.5
43476
43756.5
44890.7
46066.7
46063.6
46115.9
46521.8
47171.5
47368.6
47428.1
48230.8
48714.1
49359.8
50096.7
50704.4
51904.7
53780.2
54343.2
54639.6
55129.2
57869.6
58316.5
58509.1
58674.3
59077.2
59305.8
59311.5
59952.5
60474.9
60772.6
62495.3
64209.1
64706.5
65220.2
65409.8
65704.8
65867.9
66132.9
66408.9
67347.3
68535.3
69236.3
70441.2
70726.2
71006.8
71062
71273.8
71699.8
72356.3
72659.2
74600.8
75054.1
76192
76369.8
76459.3
77212.3
77260.8
77359.2
77390.1
77733.2
77857.3
78188.3
78335.9
78518.5
78785.1
80435.6
82089.9
82874.6
82881.5
82985.7
86082
86343.3
87007.3
87103
90990.8
91181.6
92290.8
92745.3
93815.3
94584.4
94998.3
95372.2
95530.1
97516.8
97628.5
98276.5
99143.8
99542.8
99764
100337
100371
100444
100529
101375
102029
102283
102287
102299
103298
103492
104417
104746
105023
106762
108920
109744
110298
111449
111615
111609
113455
114243
114407
115587
116428
117307
119436
121103
122964
122974
123229
123689
124297
124636
127800
127928
128780
129631
129954
131005
131119
133280
133466
134439
135021
135034
135039
135068
135762
138434
142124
142290
142687
142771
142863
142920
143438
143720
143916
144082
144985
145007
145896
146050
146956
147101
147879
148026
148127
149748
150551
150751
151100
152301
152461
152679
153901
154341
154824
158110
159241
161614
163123
163875
164313
164747
164908
165883
166741
167035
167697
167881
168437
168593
168717
168780
168846
169252
169800
169900
170547
171068
172539
172646
172871
174311
174866
176445
177475
177973
178336
178851
179928
181032
181535
182356
183221
183287
183879
184318
185104
186291
187773
187935
188596
189066
189066
191516
192017
192953
193197
193613
194434
197368
198153
198261
199177
