129.55
263.88
983.05
1043.47
1191.91
1265.35
1419.43
1477.64
1567.84
1622.49
1727.83
1741.79
2073.76
2220.08
2714.21
2963.3
3742.29
3746.78
3891.53
4144.07
4239.76
4323.13
4623.61
4763.62
4775.11
4826.83
4975.89
5119.63
5213.33
5464.91
5610.53
5957.26
6272.73
6448.41
6587.42
6958.02
7239.25
8138.33
8206.21
8213.7
8393.89
8845.56
9172.68
9207.05
9381.92
9609.76
9698.5
9716.93
9745.3
9787.35
10148.1
10618.4
10688.3
10891.3
11160.2
11182.7
11272.6
11357.8
11357.8
11640.3
11647.7
11696.2
11724.4
11734.2
12057.2
12149.8
12194
12510
12573.3
12610.6
12640.4
13133.4
13211.8
13288
13687.5
13830.4
14061.2
14185.2
14257.5
14317.1
14390.3
14492.3
14539.6
14636.4
14638.3
15194.2
15374.9
15387.3
15669.8
15758.8
15758.2
15936.9
16005.1
16289.8
16295.8
16378.5
16409.4
16523.9
16678.2
17195
17305.6
17338.6
17464.8
17531.6
17847.2
18749.4
19175.7
19260.5
19262.9
19494.6
19566.5
20047.8
20173.2
20852.1
20997.2
21148.3
21413.6
21562
21980.6
22051.8
22303
22444.2
22693.3
22733.3
22789.1
23398.1
23658.8
23822
23837.1
23949.9
24056.1
24064.3
24073.4
24130.2
24193
24262.7
24310.5
24439.8
24835.8
25027.5
25135.7
25140.9
25430.5
25880.2
26129.6
26519.3
26615.1
26834.4
27435.6
27558
27937.2
27979.5
28288.9
28375.1
29551.4
30001.9
30120
30471.9
30720.9
30912.8
30969.6
31113
31171.7
31171.7
31341.3
31722.4
31729.9
31730.9
31774.6
32035.9
32041.9
32155.7
32293.3
32384.8
32439.7
32558.4
32662.5
32722.8
32825.3
32905.1
32939
33085.8
33198.4
33316.8
33452.9
33673.9
33807.9
34071.2
34687.2
34699.1
34828.4
34927.2
34967.3
35179
35224.4
35229
35470.3
35532.2
35622.9
35972.5
36153.1
36208.3
36278.8
36777.7
37021.6
37108.6
37190.2
37604.2
37722.9
37797.8
38016.1
38125.6
38336.6
38614.3
39027.8
39190.4
39212.2
39641.6
40040.2
40252.3
40322.1
40437.2
40524
40537.3
40817.6
40840.4
41166.5
41203
41267.9
41276.6
41428.4
41494.7
41497
41567.4
41744.3
41765.4
41831.2
41932.6
41987
42132.8
42207.3
42306.4
42462.4
42479.2
42590.6
42697.9
42763.9
42960.4
43085.5
43207.8
43271.7
43338
43487.7
43573.5
43855.3
43968.4
44175.3
44218.4
44328.1
44358.8
45218.5
45258.4
45734.4
45781.7
45876.7
46018.5
46054.6
46102.3
46159.4
46510.6
46932.2
47101.1
47331.9
47691.4
47800.6
47854.2
48427.9
48454.9
48842.2
49007.4
49147.8
49403.5
49496.2
49622.6
49958.1
50036.3
50228.8
50596.1
50684.5
50781.9
50971.9
51412.5
51447.2
51638.3
51846.4
51851.6
51859.6
51874.1
51962.9
52182.8
52201.8
52213.5
52254.7
52345.8
52488
53199
53635.8
53738
54101.8
54165.3
54350
55242.8
55388
55545.1
55636.9
55767.1
55865.2
56022.8
56340.7
56809
56842.9
56887.2
56908.2
57469.5
57506.4
57725.3
57771.4
58239.7
58384.4
58480.2
58682.1
58730.7
58974.7
59108.8
59203.9
59213.9
59395.4
59432.9
59564.4
59731
60027.6
60040.8
60184.3
60310.7
60373.7
60832.3
61079.7
61291.9
61453.8
61660.9
62044.6
62074.2
62165.2
62504.4
62654.4
62798.4
62833.7
63104.5
63157.6
63352.3
63379.9
63629.7
63929.4
64015.1
64031.1
64043.1
64197.9
64262.9
64344.2
64392.7
64400.8
64412.9
64740.3
64780.5
64950.1
65664.9
65844.4
65881
66275.4
66295.4
66771.6
66962.8
67035
67085.8
67247.1
67306.2
67417.2
67474.8
67529.2
67936.2
67958
68654.5
68809.5
69097.4
69323.1
69379.8
69446.1
69655.5
69877.2
69992.5
70251.7
70414.4
70498.4
70565.3
70623.9
70804.6
71018.1
71031.5
71045.1
71156
71184.6
71738.9
71765.4
71840.5
72126.7
72289.7
72326.6
72464.7
72677
72818.8
72990.8
73169.6
73515.8
73648.8
73828.9
73934.6
73981
74460.6
74685.1
75119.4
75338.7
75410.1
75431.4
75495.7
75664.7
76039.8
76191.8
77069.9
77103.3
77317.1
77598.3
77709.9
77719.7
77776.5
78195.1
78235.9
78566.2
78798.1
79268.3
79320
79452.7
79503.7
79520.4
79799.6
80026.5
80327.7
80571.1
80936.9
81134
81561.2
81799.7
82813.3
82985.2
83164.8
83267.4
83602.7
83854
84020.7
84055.1
84156.5
84237.1
84369.1
84608.8
84628.2
84786.1
84830.5
84931
85215.9
85639
85950.1
85965.5
86510.6
86634.9
86732.4
86961.9
87039
87047.1
87298.4
87324.9
87464.5
87974.1
88168.2
88360.1
89032.2
89062.6
89312.3
89844.1
89917.9
90056.1
90406.7
90623
90818.6
90853.7
90970.7
91127.4
91462.6
91501.4
91549.6
91783
92294.7
92310.1
92990.8
93127.2
93439
93797.3
94407.2
94710.5
94874.9
95021
95106.8
95197.9
95364.9
95715.5
95831.8
95932
96177.4
96197.6
96238
96321
96450.1
96631.6
96726.9
96792.8
97091.6
97260.5
97589.7
97707.4
97903.6
97928
97971.8
98064.3
98140.9
98450.4
98544
98722.2
99076.1
99160.6
99350.7
99587.4
99719.3
99903.2
100339
100824
101550
101665
101908
102375
102623
102962
103818
104139
104282
104597
104599
104796
104849
105008
105697
105937
105955
106075
106421
106513
106765
107183
107440
107467
107624
107971
108078
108111
108165
108380
108411
108505
108741
108800
109204
109303
109321
109462
109484
109510
109547
110087
110132
110143
110238
110458
110798
110838
110945
111206
111239
111435
111465
111477
111487
111555
111590
111634
111979
112021
112282
112422
112474
112744
113019
113062
113186
113344
113434
113708
113803
113827
114309
114472
114668
114863
115134
115201
115412
115444
115727
115979
116190
116264
116383
116518
116565
116775
116855
116901
117110
117286
117556
117581
117592
117730
117863
117910
117970
117984
118273
118408
118517
118703
118909
118971
118981
119325
119326
119639
119716
119770
120017
120036
120080
120207
120346
120390
120402
120412
120874
121149
121286
121531
121660
121721
121893
122020
122079
122696
122735
123107
123280
123484
123599
123672
123853
123923
124154
124184
124332
124688
125000
125189
125486
125527
125773
126707
127246
127294
127395
127573
127875
127964
128035
128042
128413
128469
128583
128682
128907
129071
129212
129335
129645
129682
129931
130063
130211
130285
131158
131289
131650
132479
132604
132772
132882
132927
132945
133111
133472
133651
133829
134005
134026
134182
134271
134484
134512
134612
134787
134899
134970
135116
135227
135260
135400
135750
135857
135941
136130
136385
136494
136506
136556
136656
136761
137155
137163
137211
137270
137496
137668
137689
137891
137991
138311
138401
138530
138942
138975
139632
139807
139829
140025
140185
140270
140281
140672
140777
140888
140904
141038
141181
141723
141806
142194
142587
142645
143116
143304
143767
143860
144217
145142
145596
145610
146160
146672
146670
146861
147021
147065
147133
147427
147695
147718
147986
148124
148379
148631
148773
148851
148859
149156
149329
149422
149486
149520
149786
149955
150027
150853
150899
151112
151223
151421
151451
151710
151813
151829
152060
152101
152112
152180
152269
152588
152850
153473
153577
154196
154219
154593
154646
154761
154961
155049
155292
155314
155468
155600
155705
155904
156342
156629
156703
157124
157302
157414
157511
157511
157670
157677
157771
157846
157844
157870
157944
158471
158621
159181
159227
159351
159590
159613
159820
159873
159942
160189
160331
160336
160449
160549
160653
160728
160848
161509
161757
163365
163892
164073
164615
164645
164786
164982
165065
165119
165290
165372
165765
165841
165928
165956
166049
166311
166722
167096
167119
167321
167420
167553
167613
167739
167866
168103
168593
169315
169463
169686
169685
170023
170097
170130
170328
170387
170536
170808
170968
170999
171045
171254
171862
172199
172229
172645
172724
172896
173035
173163
173292
173307
173455
173623
173633
173831
174153
174341
174673
174756
174860
175097
175112
175291
175424
175463
175860
175873
176074
176190
176212
176258
176319
176570
176598
176856
177030
177072
177175
177323
177350
177482
177515
177519
177699
177769
177856
177885
178225
178276
178340
178453
178758
178965
178992
179077
179189
179305
179310
179528
179718
179890
180009
180061
180158
180169
180414
180498
180779
180936
181320
181655
181954
181980
182572
182715
182846
183171
183293
183313
183418
183471
183482
183504
183718
183901
184057
184311
184713
184768
184886
184943
184955
185113
185384
185504
185811
186010
186511
186808
187605
188418
189126
189387
189766
189817
190087
190141
190204
190272
190306
190400
190405
190517
190518
190834
190918
190969
191096
191370
191406
191506
191936
191956
191976
191982
192127
192134
192471
192617
192702
192801
193156
193181
193785
193930
193970
194141
194172
194558
194644
195021
195063
195116
195528
195538
195794
196064
196089
196439
196678
196771
196907
196957
197525
197703
198231
198378
198751
198770
198817
199105
199233
199284
199517
199903
