174.99
216.85
590.11
1242.35
1404.55
1475.71
1751.81
1846.5
2008.44
2468.5
2681.05
2710.86
2825.88
3474.87
3584.79
4129.3
4335.19
4544.13
4743.42
4967.81
5133.05
5356.88
5564.75
6331.83
6789.87
6836.07
7165.09
7505.33
7532.24
7653.65
7927.35
7940.86
8007.46
8393.25
8422.27
8479.06
8701.76
8743.96
8793.34
8858.08
8864.65
9577.18
10516.7
10589.4
10703.7
10764.6
10986.3
11003.8
11532.6
11576.5
11754.7
11891.6
12207.6
12382.2
12786.8
12982.7
13113.6
13474.9
13505.4
14267
14540.9
14645.9
14717.6
15205
15205.9
15249.5
15321.1
15377.7
15510.8
15527
15880.2
15941.3
16186.1
16205.8
16372.6
16810.3
17181.6
17392.2
17450.9
17648.5
17869.8
18353.7
19063.9
19521.6
19540.8
19714.9
19758.8
19785.7
19823.9
19906.3
20101.3
20256.7
20330.5
20648.3
20928.9
21014.1
21289.8
21383.6
21456.1
21516.9
21665.1
21686.5
21784.5
22159
22270.6
22302.2
22322
22670.4
22771.5
22968.7
22974.3
23101.1
23107.9
23251.2
23393.9
23638
23702.6
23894.2
23900.6
23981.6
24107.1
24134.4
24216.5
24343.2
24692.6
24845.7
24905.4
25359.2
25378.5
25453.7
25740.3
26377.7
26478.9
26652.1
27135.9
27160.9
27504.3
27541.2
27582
28143
28266.7
28403.7
28615.5
28721.9
28868.5
29040.8
29088.4
29258.8
29424.7
29461.9
29569.9
29668.8
29806.8
30073.9
30122.6
30261.8
30507.9
31009.5
31214.1
31874.1
31883.1
31895
32104.5
32340
32414.5
32848.6
33029.7
33086.1
33153.2
33273.5
33554.2
33575.9
33591.8
33814.4
33861.5
33961.8
34299.3
34654.8
34712.7
34925.7
34935.5
35227.1
35637.4
35901.5
36074.6
36650.8
36668.5
36836.6
36931.7
37393.7
37706.7
37725.6
37953.4
38031.3
38036.8
38154.9
38195.3
38316.1
38408.7
38456.3
38544.9
38631.3
38654.5
38781.7
38816.9
38900.2
39058.4
39121
39254.2
39631
39653.2
39749.1
39756.9
39886.3
39990.3
40099.8
40133.8
40186.6
40585
40613.7
40733
40819.3
41119.6
41253.1
41298.3
41628.4
42051.1
42121.4
42142.3
42233.8
42238
42447.6
42715.6
42761.5
42931.8
43252.1
44529.1
44713.3
44850.5
44882
44982.7
45310.4
45428.5
45802.1
45838.9
46035.1
46232.1
46279.6
46366.8
46446.2
46480.5
46554.7
46616.1
47120.3
47302.3
47346.6
47384.9
47374.8
47712.9
48169.3
49099.1
49321.7
50398.4
51040.9
51199.5
51269.3
51570.8
51682
51819
51844.7
52156.7
52654.9
52714.1
53061
53084.8
53353.7
53359.4
53347.7
53622.9
53687.4
53785.6
53903.8
54327.5
54643.1
54776.8
54930.6
55233.7
55295.5
55910.3
55944
56147.2
56261
56445.1
56571.6
56733.8
56991.9
57447.2
57546
58035.6
58130.3
58526
58710.9
58910
58982
59004.8
59198.9
59262.6
59708.7
59854.7
59892.4
59968.7
60056.8
60154.7
60170.4
60248.5
60410.6
60428.4
60883.2
60999.9
61179.4
61303.2
61518.2
61676.5
61774.9
61921.7
62001.5
62429.6
62427.6
62582.9
62740.3
63235.4
63455.2
63510.8
63734.6
63802.9
63829.2
63872.6
64043.2
64181.2
64343.8
64415.6
64456.1
64558.3
64773.9
64891.3
64914
65047.6
65107.1
65122.7
65535.8
65615.4
65937.1
65942.9
65969.1
66069.1
66158.1
66193.1
66255.6
66274.4
66484.7
66875.9
67242.5
67252.7
67611.4
68082
68144
68418.8
68546
68587.6
68699.9
68720.8
68980
69474
69852.1
70773.7
70776.4
70825.8
71082.6
71272
71450.5
71880.5
72215.8
72255.9
72509
72712.6
73343.9
73548.7
74020.2
74135.5
74169.6
74229.7
74310.6
74536.2
74858.2
74949.2
75610.8
75654.8
75914.3
76146.7
76675.7
76772.4
77195.9
77203.3
77539.6
77557.1
77618.9
77897.6
77949.8
78051.2
78200.5
78220.7
78275.4
78308.8
78339.6
78745
78988.2
79012.9
79040.4
79313.5
79351.1
79461.8
80074
80255.2
80295.4
80338.3
80762.5
80893.2
81021.3
81108.8
81259.1
81500.3
81724.2
82670.4
82771.3
83413.2
83699.7
83829.6
83963
84844.1
84985.3
85773.5
85984.3
86342.7
86346.5
86431.6
86499.9
86735.7
86760.1
86794.5
86962.6
87088.2
87174
87208.4
87279.2
87286.5
87515.3
87513.1
87734.7
87756.7
87898.3
87913.4
87923.7
88169.4
88569.1
88871.7
89164.5
89417.9
90006.4
90853.2
91891.7
92025.2
92420.2
92717.5
92802.3
93412.8
93490.1
93586.5
94286.6
94551.6
94870.6
94919.8
95218.2
95487.4
95490.3
95651
95705.7
95722.6
95735.8
96037.1
96135.5
96267.9
96279.4
96485.3
96590.3
96693.1
96735.4
97074.2
97089.5
97095.8
97171.2
97484.4
97492
97948.9
98190.1
98491.2
98495.7
98648.8
98743.8
99181.1
99354.5
99439.9
99449.2
99452.7
99501.9
99613.3
99678.6
99794.2
99989.1
100106
100669
101349
101417
101463
101480
101526
101691
101769
102038
102179
102326
102703
102764
102794
103041
103210
103291
103549
103540
103671
103694
103717
103841
104073
105097
105177
105301
105408
105408
105742
105740
105779
106215
106580
106861
107217
107974
108014
108029
108092
108149
108169
108460
108475
108564
108593
108675
108726
108758
108920
109049
109101
109259
109257
109342
109447
109489
109645
109762
109930
109976
110086
110090
110195
110492
110554
110610
110643
110917
111743
111954
112081
112124
112499
113255
113502
113595
113606
113719
113776
114046
114279
114441
114734
114939
115129
115421
115553
115900
115988
117010
117169
117604
117635
117775
117924
118276
118733
118925
119089
119157
119209
119345
119482
119943
120212
120499
121120
121231
121387
121652
121686
121764
122031
122537
122980
123163
123427
123475
123821
123828
124046
124376
124603
124608
124869
125308
125491
125612
125724
126663
126714
127130
127420
127994
128005
128232
128229
128447
128563
128811
129022
129192
129242
129268
129469
129562
129673
129865
129929
130178
130333
130545
130827
130952
131029
131183
131714
131823
131918
131987
132240
132322
132629
132680
133023
133096
133378
133501
133603
133644
133695
133881
134032
134290
134538
134887
134912
135540
135667
135807
135965
135983
136052
136120
136342
136430
136505
136696
137008
137140
137440
137465
137479
137748
137876
137920
137958
138057
138090
138162
138607
138772
138908
139199
139218
139425
139532
139715
139947
139980
140597
140900
141191
141391
141591
141675
141798
141810
142333
142509
142560
142947
143084
143138
143248
143661
143733
143851
143871
144237
144656
144901
144940
145342
145422
145479
145565
145699
146255
146304
146482
146527
146620
146855
146945
147203
147382
148177
148179
148296
148568
149136
149442
149463
149962
150202
150242
150862
151066
151406
151449
151740
151971
151982
152001
152130
152290
152394
152387
152550
152878
152925
153285
153563
153793
153831
154002
154022
154255
154381
155004
155400
155741
156017
156788
156857
156957
157139
157546
157670
158053
158631
158882
158971
159112
159236
159251
159443
159847
160347
160677
160908
161083
161392
161551
161660
161770
161777
161904
162267
162360
162593
162678
162721
162913
163013
163821
164071
164196
164231
164247
164556
165014
165134
165506
165545
166263
166726
166790
167057
167080
167262
167404
167429
167601
167899
168033
168804
169089
169100
169182
169208
169373
169466
169722
169739
169834
170023
170258
170537
170566
171187
171461
171513
171769
171795
172030
172067
172153
172299
172550
172559
172927
173118
173179
173289
173483
173506
173602
173611
173659
173728
173894
174096
174191
174326
174458
174547
174769
174938
175085
175306
175465
175533
175718
175914
176364
176538
176598
176633
177168
177256
177269
177607
177603
177640
177887
177983
178202
178428
178754
178780
179261
179755
180003
180053
180090
180106
180409
180456
180559
180772
181002
181314
181391
181477
181550
181646
181716
182095
182140
182197
182278
182337
182581
182603
182798
182829
183154
183285
183463
183471
183841
184028
184092
184416
184533
184809
184814
184899
185348
185672
185688
185868
185892
186161
186222
186472
186619
186844
187293
187329
187385
187504
187594
187716
188010
188197
188220
188458
188528
189360
189407
189451
189574
189790
189829
189828
189933
190104
190110
190188
190269
190325
190968
192692
192937
193131
193602
193696
193916
194171
194484
194803
194802
194922
195195
195567
195630
195883
195911
195944
196059
196209
196357
196709
197035
197216
197401
197551
197731
197929
197950
198197
198439
198463
198933
199001
199046
199192
199256
199286
199648
199692
199795
