4081.2
5223.74
5670.56
10858.5
13276
13897.5
15345.2
16194.9
17070.4
17607.6
17823.2
24152.7
26352.6
27370.1
28935.5
31200.6
31285.4
32362.6
32461.3
33821.1
34392.2
36949.8
37043.3
40171
44760.8
45872.9
49224.3
50097.4
53346.6
53825.1
55246
56990.9
59179.2
62166.3
66320.3
69775.2
70488.7
72493.1
76726.4
78050.5
79374.6
80334.1
85210.4
86929.7
89242.7
90346.9
91471.5
92428.4
95706.1
96570.6
98592.9
100375
101892
102934
112570
114445
115363
117594
117797
118611
124659
135980
144673
146585
155260
162762
174290
180182
181108
182449
191020
195480
196711
