829.89
1292.79
2783.77
2963.03
4086.16
4368.78
5074.61
5552.65
5670.8
7013.09
7541.43
7974.44
8614.17
8788.93
9036.75
9762.02
10058.9
10701.2
11083.9
11190.7
11780.2
13302.5
13492.4
13843.9
13969.5
14210.9
15432.5
16132.6
16652.3
17077.9
17383.5
17419
18297.2
18631.1
18893.4
19694.4
19715.3
19936.5
20493.6
23448.9
23860.2
24658.9
24728
25873.7
27043.7
27162.5
27609.7
27638.5
27720.5
28533.1
28952.9
28990.6
29361.1
29754.1
30193.8
30519.2
31858.8
32261.7
33355.2
34957.4
35006.6
35019.8
35164
35335
35577.3
36963.4
37844.2
38076.4
38470.3
38686.3
40326.6
41056.7
42323
43328.7
43670.9
43748.4
43868.9
44885.4
45061.4
46108.9
46587.3
47168.9
48565.2
48578.2
48909.9
49012
49526
49550.6
52652.2
52696.4
53451.3
53497.1
54304.8
55994.8
57855.5
58079.5
58717.9
58775.1
58888
59455.7
60905.6
61381.7
63016
63657.7
66079.6
67229.4
67762
67941.6
70079.7
70873.7
71226.2
71405.8
72225.1
72726.5
72942.9
73075.9
74580.5
75007.2
77415.6
77709.4
78106.7
79026.8
79736.2
79942.2
79969.8
81419.2
82382.7
82780.8
85745.5
86991.3
87812.6
87904.8
88093.4
88680.8
89044.2
89297.5
89319.8
89361.8
90780.6
90900.9
91469.2
91858.5
91997.2
92278.8
92321.6
93258.2
93304.2
94461.5
95856.9
96879.1
97766.9
98657.3
98662.3
98867.1
98928.9
99555.7
99564.7
100759
100833
101614
101927
102649
102967
103397
106228
106591
106694
106739
107027
107444
107656
109496
110407
111727
112060
114224
115188
115799
116399
116992
117758
117807
118313
119012
119107
119270
119405
119466
120843
120942
120997
121290
122255
122400
122949
123127
123197
124992
125502
126367
126767
128095
128176
128338
128641
128871
129158
129247
131337
132665
132782
133268
133517
134817
136253
137559
138669
139229
139593
140301
140540
141151
141949
142871
143960
146102
149376
149561
149639
149651
150074
150748
151180
152183
153752
153893
155936
156494
156523
157006
157374
157575
158409
158463
160098
160920
161131
162353
162557
163398
164366
164964
165331
165521
165761
165970
167058
167940
169558
169676
169754
170125
170440
170640
171292
171394
173011
173517
173701
175157
175487
176471
176464
176765
177400
177532
177999
178033
179705
180796
181447
182444
182485
183199
183507
184724
185789
187268
188212
188819
189255
190397
192006
192396
192898
192925
192935
193058
194406
194752
195099
195626
