339.1
705.14
978.1
1021.16
1103.59
1348.42
1415.7
1481.84
1657.39
1932.97
1979.37
2189.36
2255.88
2864.63
3017.53
3600.35
3757.04
3893.45
4020.88
4119.95
4126.19
4226.68
4234.46
4762.43
5717.81
5746.58
5996.04
6018.98
6204.29
6800.3
7041.72
7225.45
7316.35
7343.77
7899.87
8012.22
8033.91
8260.93
8842.86
8942.71
9804.29
10364.6
10786.5
10971.5
11510.7
11821.6
12220.3
12337.8
12532.8
12718.2
13113.4
13143.1
13425
13599.6
14070.3
14124.1
14208.1
14415.6
14562.5
14724.3
14739.3
14833.4
14980.4
15106.2
15243
15362.4
15575.8
15597.2
15634.9
16014.4
16198.4
16458.6
16463.9
16544.4
16799.4
17027
17730
17773.5
18266.6
18396
18537.8
18984.2
19174
19745.8
19917
19940.8
20082.6
20204.6
20471.7
20583.5
20760.6
21483.9
21856.6
21906.6
22120.8
22352.4
22633
23337.5
23712.9
23980.4
24249.8
24357.9
24436.8
25060.6
25208.5
26477.3
26486.9
26860
26873.9
27190
27804.7
27876.7
28659
29381.4
29876.8
30328.9
30511.2
30775.3
30898.5
30987.2
31434.8
31691.7
31777.1
32455.9
32496.5
32505.8
32715
32848.6
33032.8
33141.3
33623.8
34088.3
34798.8
34878.5
34940.2
35150.6
35384.2
36456.1
36646.6
37355.7
37541.4
37611.5
37668.9
37864.1
38211.3
38515.8
38658.7
38747.3
39045.7
39078.5
39304.4
39332
39621.8
39932.7
40106.9
40536.5
40724.2
41182.4
41585.1
42210.2
42317.7
42337.6
42363.2
43004.1
43362.4
43556.6
44048
44090
44236.3
44764.3
45184.5
45379.3
45420.7
45672.2
46561.5
46609
46702.8
47076
47435.8
47629.2
47741.7
47763
47813.5
48052.6
48381.1
48533.5
48614.3
48696
48869.2
48958.7
49306.5
49487.3
49983.9
50237.9
50403.2
50462
50778.7
50897.5
50900.1
51304.9
51355.4
51413.7
51598.8
51801.9
51838
51880.2
51902.8
52325
52409.7
52669.1
53033.9
53043.6
53086.9
53218.9
53395.6
53485.5
53643.9
54053
54185.7
54425.5
55343.6
55715.9
56105.2
57009.2
57035.8
57513.4
57588.7
57615.7
57817.2
58105.6
58559
58866.8
58933.9
58948.9
59024.4
59233.4
59525.1
59620.7
59657.3
60696.5
60805.3
62150.8
62218.9
62562.6
62957.4
62989.9
63193.9
63306.9
63475.9
63690
64516
65633.4
65861.6
65874.3
65896.5
66606.6
66694.4
67102.2
67302
67500
68134.5
68838.9
69268.7
69274.3
69342.4
69396.4
69429.1
70128.5
70402.4
70408.3
70708.2
70707
70883.2
70983.1
71046
71734.6
71808.6
71962.2
72058.2
72137.6
72249.1
72841.2
72938.9
73163.3
73405.3
73439.3
73616.1
73861.8
74414.9
74454.9
74560
74769
74980.8
75082.4
75119
75233.9
75274.8
75307.2
75507.7
75601.3
75615.7
75716.3
76420.2
76595.6
76719.8
77131.7
77259.1
77786.3
78238.5
79392.7
79701.3
80168.6
80413.6
81736.2
82937.6
83260.4
83835.4
84148.9
84176.9
84469.2
85282.8
85431
85727.7
86057.6
86300.8
86332.9
86369
86776.7
86784.4
86797.1
86802.9
86880.2
87128.6
87400.2
87916.6
88052.4
88167.2
88528.7
89152.2
89416.5
89514.1
89660.6
89843.8
90026
90478.8
91349.2
91800.6
92006.7
92758.8
93024.7
93108.4
93606.8
93917.2
94196.5
94453.4
95072.2
95145
95389.3
95900.4
96159.7
96159.8
96694.6
96864.7
97388.2
97486.9
97737.3
97744.4
97805.6
98177
100469
102119
102393
102497
102775
102834
103199
103191
103334
103685
103882
103984
104251
104819
104827
105379
105417
105747
105912
106184
106271
106409
106633
106864
107363
107609
109090
109252
109609
109765
110020
111492
111507
111731
111960
112169
112640
113007
113267
113275
113532
113599
113714
113951
113949
114174
114587
115000
115241
115459
115864
116003
116054
116178
116301
116418
116464
116506
116693
116968
117147
117254
117750
118020
118228
118468
118562
118959
118993
119062
119152
119176
119428
119432
119825
119831
119911
120311
120339
120446
120658
121069
121187
121237
121850
121899
122013
122216
122338
122635
122775
122896
124135
124572
126502
127054
127203
127422
127444
128162
128392
128702
128884
128936
128987
129276
129668
129688
129779
130230
130669
130850
130880
130984
131308
131508
132066
132097
132376
132634
132641
132785
132876
132963
133105
133419
134046
134934
135316
135385
135678
137358
137441
137579
139025
139418
139514
140155
141066
141840
142110
142796
142844
143456
144610
144626
144659
144764
144902
145538
145852
146074
147097
147152
147276
147402
147406
147796
147809
147853
148410
148466
149327
150459
151304
151928
152087
152765
153068
153131
153491
153504
153750
154287
154697
155225
155771
156219
156270
156500
156556
156853
156945
157203
157388
159267
159296
159679
160219
160530
160561
161324
161877
162012
162374
162492
162785
163061
163891
164000
164594
164929
165190
165325
165339
165676
166147
166566
166618
167242
168006
168185
168227
168592
168592
168812
169086
169367
169773
170081
170568
171008
171065
171272
172458
172896
173003
173396
173591
173617
173868
173998
174499
175132
175276
175663
175937
175983
176155
176362
176785
176864
177010
177228
177464
177820
178065
178109
178141
179163
179306
179821
179855
180721
181044
181118
181363
181539
182075
182155
182346
182370
182471
182813
183020
183297
183357
183788
183824
183943
184892
185582
186123
186747
186764
187241
187647
187892
188590
189578
189986
190097
190124
190321
190386
190615
190928
191097
191461
191462
191966
192047
192102
192315
192376
192780
192824
193000
193107
193287
193615
193887
193928
193963
194436
194516
194870
195856
196395
196512
196634
197259
197275
197474
197530
197647
197759
197771
198041
198438
199419
199617
199781
