904.82
1603.71
2091.23
2990.3
3023.58
4679.68
5230.85
6711.65
6711.91
7052.23
9243.11
9375.84
11740.2
12613.4
13799.6
14135.9
14689.9
16629
17476.3
17596.1
18829.5
19461.7
20349.7
20716.5
21320.1
22207.2
22736.5
23678.5
24111.2
25272.7
25785.3
26901
27286.4
30208.2
30288.3
30806.5
31069
31263.9
32388.7
32852.8
33191.1
33412.2
35436.5
36711.5
36850.4
37020.1
38625.2
39416.2
39547.9
39927.1
40037.9
40371.6
42436
42566.4
42719.1
43295.6
43986.4
44595
44915.4
45303.4
45714.2
45946.3
45944.1
48250.5
48359.9
49949.1
50294
50288.2
50962.4
51783.8
54566.5
55577
56000.7
56749
58115
58616
60612.6
60678
61401.1
62299.6
62801.9
64286
64415.7
66180
66549.1
66624.2
66827.3
67222.2
67295.2
68977.3
69603.5
71077.3
71263.8
71871.5
71947.1
72299.4
72672.9
72790.3
72852.6
73042.7
73456.2
73820.9
73838.2
74360.6
75444.1
75694.7
75932.6
77235.5
77488.9
78000.4
78407.9
78419.6
78455.1
78725
78917.3
79647.6
81117.7
81278.5
81410.4
82655.7
84759.6
85064.2
85237.8
85424.7
86708.4
88346.5
88919.6
89446.8
90925.7
92383.7
92480.4
93959.8
95103.3
95218.1
95331.1
95971.6
96116.7
96571.5
96956.7
97804.9
98265.3
98873.4
98949.3
99522.7
102613
103073
103262
103485
103945
104131
105159
105595
105870
107840
111236
111436
116304
116697
117406
117770
118755
119334
119611
119873
119898
120285
120464
120657
122391
125176
126603
127011
127253
130063
130155
130855
131465
132798
133779
134491
135079
135539
136310
136981
137872
138102
138604
139936
140916
141105
141727
143483
144050
144200
145077
145473
147488
147492
149103
149479
150266
150375
150800
151337
152757
153705
154483
154544
154819
155004
155108
157332
158485
158790
159020
159684
159908
160727
162716
163992
165290
165371
165507
165504
165760
167030
167801
171993
173267
174205
174270
174728
175517
175585
177394
177580
177849
178089
179128
179656
180771
182839
186358
186965
187014
187170
187361
187472
187733
190786
192021
192413
193990
195647
196703
196831
199081
199222
199890
