207.85
308.68
543.34
617.11
897.51
1109.18
1282.75
2588.17
2786.29
2790.45
3257.9
3420.06
4329.62
4397.71
4404.56
6548.29
6574.44
6602.28
7890.57
8826.32
9884.89
10856.6
11013.4
11291.4
11482.2
12060.7
12705.9
12824.1
13184.7
13467.1
13973.3
14165.8
14225
14440.4
15602
15656.8
15788.8
15899.3
15926.6
16859.3
17024.2
17220.7
17936.2
18449.8
18589.4
18983.1
19896.2
20874.3
20975
21209.2
21652.2
21980
22315.7
22502.9
22953
23533.4
24205.1
24519.3
24676.6
25055.3
25566.5
26425
26619.5
27045.2
27146.1
27292.1
27557.9
27606.5
27697.6
28056.3
28196.5
28335
29540.5
29956.3
29989.9
30081.8
30216.8
30690.5
30817.4
30992.9
31626.7
31760
32403.3
32477.1
32685
32780.6
33333.1
33670.7
33785.9
34294
34430.5
34877.6
36126
36366.1
36637.2
36634.4
36981
37245.9
38812
39189
39431.9
41049.1
41662.9
41688.1
41917.4
42012.5
42684.5
42957.9
42982.2
43047.7
44047.8
44344.3
44342.9
44920.7
45156.8
45437.6
45821.6
47567.5
47697.2
47911.4
48092.2
48389.6
49443.7
50066.9
50161.1
50434.5
51264
51265.6
51909.2
52917.1
52966.7
54202
54523
55422.2
55900.4
56275.5
56518.2
56954.1
57485.1
57871.2
58364
58432.8
58871.6
59384.8
59521.7
59943.7
60285.2
60292.6
60350.8
60947.8
61189.8
61732.8
62063.9
62706
62764.6
63131.6
63597.6
63798.8
64217
64266.9
64334.2
64556.2
64565
64575.2
65534.9
66011.3
66222.3
66340.1
66442.1
66513.1
66532.6
66778.7
66814.6
67073.8
67113.2
67362.6
67397.3
69044.5
69189.5
69244.3
69425.6
69673.2
69905.3
69977.8
69999.8
70540.9
70761.1
71402.3
71590.1
71628.3
71712.8
72127.1
72180.8
72611.8
72655.1
72803.8
72974.6
73178.7
73332.6
73627.6
73677.5
73963.8
74250.9
75146.6
75987.8
76120.1
76334.4
76827.7
77242.1
77392.7
77415.3
77999.3
78232.2
78248.1
78311.3
78633.3
79049.5
79146.8
79573.8
79784.4
80237.9
80509.9
80754.2
80955.8
81257
81513.7
82196
82525.9
82521.2
82648.2
82911.4
83044.6
83937.5
84549.2
84567.3
84607.1
84917.8
84975.9
85053.4
85309.7
85378.6
85628.8
85926.4
86247.5
86425.1
86616
86956.1
87166
88264.3
88351.2
88806
89065.2
89338.2
90231.5
90384
91461.5
91678.2
92019.9
92172.4
92231
93002.6
93497.6
93863.7
94208.9
94902.1
94980.5
95055.5
95327.9
96070.8
96676.5
97464.2
97465.7
98176.8
98714.9
98840.9
99166.4
100531
100869
100938
101261
101456
101832
102030
102127
102434
102698
103063
103179
103236
103306
103685
103734
103947
104978
105096
105253
105665
105737
106818
107079
108607
110976
111020
111956
112154
114009
114400
114417
114767
115067
115073
115296
115462
115672
115952
116267
116478
116563
116928
117597
118099
118205
118536
118921
119218
119473
119743
120090
120321
120976
122083
122250
122791
123411
123432
124976
125525
125525
125574
126353
126473
126964
127070
127213
127801
127798
129006
129390
129842
129911
130287
130284
130591
130687
130950
131229
131680
132923
133382
133522
133649
133849
134011
134289
134327
134362
134918
135227
135850
136351
137034
137384
137453
137527
137772
138068
139530
139687
139816
140205
140375
140439
140741
140857
141515
142401
143174
144258
144549
144863
145185
145590
145700
145991
146072
146386
146423
146998
147231
147307
147368
147667
147800
148014
148335
148456
148551
148570
148884
149230
149686
149858
150553
151151
151467
151566
152276
152976
154384
154618
154955
155890
156842
157525
157612
157636
158600
158834
158889
159009
159073
159312
159368
159596
160492
160594
161800
162396
163039
163264
163712
163987
164871
165157
165298
166255
166382
166443
166775
167217
167513
168059
168246
169976
170676
171014
171535
171557
173336
174073
174084
174431
174453
174491
175301
175334
175386
175981
176484
176702
177277
177283
177934
178282
178282
178330
178941
178947
179066
179070
179623
179658
180099
180282
181077
181750
182274
182547
182680
183548
184123
185361
185374
185528
186047
186133
186398
186511
186698
186750
187250
188831
189607
190284
190527
190803
191370
191657
192290
192328
193151
193734
193753
193915
194303
194616
194790
195159
195624
195816
196009
196088
196505
197221
197342
197723
198058
198572
198860
199698
