109.81
153.27
208.39
541.89
637.28
803.55
1118.37
1210.66
1241.63
1300.11
1322.72
1553.41
1677.89
1801.82
1833.1
1917.89
2098.02
2123.53
2125.1
2353.7
2358.54
2383.4
2446.45
2521.58
2599.51
2831.86
2969.44
2991.9
3024.7
3068.61
3119.38
3226.34
3605.44
3613
3619.23
3775.87
3809.58
3990.75
4006.27
4117.74
4140.37
4337.83
4624.56
4699.96
4830.36
4857.24
4899.35
5109.54
5110.96
5265.75
5328.35
5367.53
5416.78
5431.41
5449.71
5462.77
5471.12
5718.43
5727.47
5865.63
5886.97
5983.98
6039.18
6041.64
6358.57
6402.62
6470.25
6492.57
6565.41
6613.15
6670.02
6812.43
6817.03
6826.03
6916.3
6941.46
6989.31
7358.44
7405.76
7539.91
7593.21
7616.5
7729.96
7787.47
7797.34
7804.78
7920.45
7959.54
8030.91
8092.06
8214.18
8274.47
8510.33
8577.83
8590.73
8595.26
8610.78
8786.94
8817.86
8876.7
8979.18
8986.26
9131.38
9143.56
9319.24
9695.5
9697.17
9862.23
9990.33
10074.9
10089.6
10106.2
10259.6
10325.6
10362.9
10365.9
10409.1
10417
10533.1
10544.9
10645.2
10728.2
10935.6
11010.5
11045
11247.6
11263.5
11269
11269.1
11501.6
11556.3
11610.5
11630.7
11722.9
11786.8
11853.6
11911.6
12037.6
12204.5
12323.2
12387.3
12389.9
12459.7
12796.5
12933.6
13043.6
13054.1
13108.8
13416.4
13464.4
13644.7
13883.6
13912.8
13930.8
13944.3
14046.6
14156.3
14186.9
14233.7
14243.2
14244.4
14400.1
14694.7
14791.8
15075.3
15082.2
15118.2
15222.7
15254.5
15456.5
15487.1
15564.7
15681.6
15709.1
15720.1
15799.1
16025.1
16291.4
16313.8
16414.3
16509.8
16744.9
16822.6
16822.9
16831.1
16938.9
16967.7
17001.7
17002.6
17026.5
17036.4
17225.1
17317
17461.6
17543.2
17762.6
17769.3
17781
17806.8
18043.5
18118.9
18131.5
18223.2
18485.1
18549.5
18834.1
18928.2
19005.8
19079.6
19096.5
19176.7
19285.3
19403.5
19436.9
19454.3
19495
19579.8
19799.6
19886.3
19905.4
19988.6
20101.5
20176.2
20214.9
20321.4
20561.4
20592.4
20623.4
20832.3
20856.2
21068.9
21077.4
21291.2
21386.2
21396.2
21417.8
21441.1
21494.4
21633.8
21693.3
21703.2
21756
21804.8
21825.9
21857
21933.8
21935.9
22065.9
22280.5
22332.1
22419.4
22563.2
22622.4
22648.6
22668.4
22752.7
22862.1
22869.8
22954.6
23178.6
23190.7
23220.4
23310.1
23424.2
23473.9
23570.8
23632.1
23639.1
23676.2
24052.5
24136
24187.7
24225.9
24298.6
24337
24522.9
24990.7
24996.4
25114.6
25259.5
25335.2
25330.9
25371.8
25448.8
25575.1
25582.8
25625.9
25718.2
25915.3
26011.8
26219.6
26307.5
26333.2
26342.2
26361.7
26420.1
26475.3
26492.2
26522.8
26708.6
26805.6
26842.5
27058.1
27064.5
27118
27279
27312.6
27371.5
27416
27430.3
27539.7
27786.3
27803
27813.2
27833.2
27946
27969.2
28040.6
28221
28232
28238.3
28245.9
28397.3
28461.6
28461.5
28477
28559.6
28692.7
28885.6
29029.1
29219.3
29229.8
29387.5
29393.5
29388.7
29622.9
29672.2
29759.2
29800.4
29863.4
29993.6
30058.8
30072.7
30121
30119.7
30137.4
30243.9
30287.2
30284.6
30305.5
30455.8
30608.8
30655.1
30679.5
30693.2
30707.6
30945.7
30959.3
30960.6
30997
31110.9
31276
31286.7
31491.6
31566.2
31595.8
31697
31947.4
32061.2
32101.2
32108.2
32175.1
32231.8
32251.9
32263.2
32289.5
32438.9
32500.5
32599.9
32678.8
32767.9
32920.6
33059
33088.5
33160.2
33308.9
33309
33345
33374.9
33497.7
33574.2
33601.5
33690.8
33684.5
33862
33945.1
33960.6
34057.8
34123.4
34186.7
34332.6
34384.6
34432.9
34449.5
34598.2
34716.8
34827.4
34873.2
35121.9
35232
35290.2
35453.2
35467.5
35556.9
35657.6
35688.9
35799.4
35865.9
35881.6
35922
36008
36027.5
36043.6
36077.1
36183.2
36433.9
36489.8
36566.2
36576.7
36587.8
36600.7
36642.9
36655.5
36677.5
36823.3
36856.2
36858.3
36858.2
36895.6
36992.8
37371.6
37405.7
37437.8
37634.1
37639.6
37835.9
37864.8
37974.8
38022.1
38158.9
38181.8
38353.1
38375.8
38569.7
38848.3
39015.4
39034.5
39094.4
39141
39455.2
39463.7
39612.6
39630.5
39709.2
39781.8
39795.1
39829.5
39979.2
40300
40351.4
40565.6
40640.1
40667.5
40712.6
40854.4
40891.4
40901.2
40993.1
41211.8
41261.4
41301.9
41327.4
41476.6
41488.6
41524.6
41612.7
41717.4
41848.1
41969.8
42085.2
42212.6
42247.9
42281.6
42284.6
42509.4
42515.7
42664.2
42706.6
42905.9
43072.9
43365.5
43515.1
43538.3
43700.6
43773.7
44050.3
44310.9
44519.9
44653.6
44700.8
44722.6
44769.1
44844.3
44956.2
45103.5
45117.5
45163.2
45167
45281.4
45404.1
45567.2
45628.6
45634.4
45686.8
45764.5
45915.3
46091.7
46179.1
46304.1
46353.6
46366.4
46564.1
46608.8
46659.3
46822.4
46828.6
46863.2
46934.6
47019.2
47287.7
47306.9
47374.6
47523.7
47571.2
47777
47907.6
47957.2
48173.3
48235.7
48260.5
48307.8
48376
48488.9
48544.5
48618.9
48711.6
48860.7
49216.7
49224.6
49248.9
49356.1
49363.1
49412.6
49433.9
49509.8
49649.5
49669.8
49719.6
49861.7
50135.3
50234.2
50250.3
50275.2
50316.5
50356.7
50372.1
50646.2
50711.5
50734.8
50732
50732.3
50851.9
51063.4
51095.5
51223.8
51271.7
51290.7
51336.3
51347.7
51503.4
51579.6
51617.9
51631.7
51644.6
51749
51864.8
51904.4
52014.5
52021.2
52060.7
52158
52199.6
52290.1
52297.1
52436.1
52636.1
52673.5
52898.8
52943.3
52950.2
53026.8
53061.7
53188.5
53460
53573.8
53613.1
53821.1
54044.6
54046.3
54066
54134
54147.1
54290.4
54367.5
54493.8
54881.6
54927.8
54978
55239.9
55320.1
55381.4
55424.3
55421.5
55557.8
55805.5
55884.4
55885.9
55959.6
55985.7
56005.9
56037.2
56091
56199.6
56262.9
56335.1
56494.5
56518.2
56534.5
56692.8
56822.1
57089.3
57202
57262.8
57327.2
57449.8
57445.6
57480.6
57603
57603.1
57775.7
57782.3
57854.1
57913.6
58311
58323
58343.4
58379.5
58476.5
58617.8
58772.1
59055.5
59062.6
59089.7
59146.2
59203.5
59289.8
59315.8
59385.8
59531.6
59607.7
59679
59842.6
60105.7
60286.2
60311.6
60475.8
60519.1
60543.2
60828.2
60998.4
61048.3
61101.7
61182.6
61324.1
61431.3
61442.2
61569.5
61676.3
61757.4
61789.2
61898.1
61901.7
62030.6
62040.5
62222.7
62357.5
62448.6
62499.3
62661
62684
62735.7
62794.1
62795.7
62824.8
62991.5
63055.8
63118
63175.7
63233.4
63303.8
63335.4
63340.7
63342.3
63590.3
63828.9
63902.9
64088.8
64140.2
64165.2
64263.7
64286.1
64343.8
64348.6
64358.5
64361.7
64504
64516
64609.5
64632.1
64681.2
64732.3
64847.8
64906.3
64922.2
64996.1
65090.7
65086.8
65111.1
65227.4
65263.7
65317.8
65511.8
65570.8
65668.5
65760.4
65932.6
66063.5
66079.7
66180.3
66187.1
66199.9
66205.9
66455.9
66488.2
66520.3
66714
66760.5
66907.7
67022
67106.3
67169.2
67231.7
67335.2
67449.2
67468
67577.5
67722.4
68027.5
68092.8
68206.8
68366.2
68377.5
68475.3
68515.6
68551.4
68558.9
68554.8
68846.5
68904.4
69142.7
69324.5
69353.8
69604.5
69684.4
69685.8
69745.9
69778.9
69856.2
69900.5
70092.6
70221.4
70362.3
70595.4
70664.4
70723.3
70735.2
70755
70798.8
70840.8
70919.8
70950.6
71154.2
71185.9
71198.6
71229.7
71339.4
71362.5
71376.8
71391.2
71465
71485.3
71577.6
71778.8
71802.7
71849.4
71968.6
71986.1
71995.4
72048.8
72137.2
72210
72235.3
72264.4
72315.7
72446.7
72584.8
72704.2
72748.1
72772.5
72799.8
72855.3
72920.1
72959.7
73012.4
73152.8
73214.8
73277.9
73360.9
73441.3
73629.8
73662.8
73688.2
73691
73731.1
73794
73810.5
73845.4
73902.3
74033
74073.4
74190.8
74349.9
74873.1
74936.4
74999.4
75012.4
75156.7
75289.5
75316.6
75346
75455.5
75540.2
75558.6
75578.2
75657
75955.4
75985.5
75988
75997.6
76120.2
76181.7
76421.9
76461.6
76479.7
76615.6
76694.5
76702.3
76701.9
76905.7
76989.6
77311.6
77371.3
77418.2
77498.9
77526.5
77544.2
77626.3
77746.2
77797
77895.2
77969.1
78015.5
78088.4
78153
78167.4
78167
78210.9
78290.5
78422.1
78583.1
78641.4
78728.5
78754.2
78838.4
79042.6
79085.3
79088.6
79159.8
79203.3
79288.2
79413.6
79421.7
79563.4
79575.8
79586.4
79634.8
79676.7
79706.1
79723.2
79727.2
79818
79934
79941.2
79995.6
80089.4
80121.3
80118.7
80163.3
80211.6
80384.5
80432.3
80594.7
80686.8
80767.9
80804.4
80832.6
80851.3
81279.9
81335.7
81338.4
81375.6
81517.6
81532.7
81669.8
81676.2
81828.6
81886
82103.8
82332.7
82618.7
82657.3
82675.4
82753.6
82859.7
83182.6
83301.3
83508.2
83558.4
83576.2
83591.3
83698.5
83934.1
83982.2
84057.5
84125.6
84180.6
84205
84206.9
84258.5
84285.8
84293
84296.2
84421.6
84562.9
84625.5
84635.1
84809.6
84899.6
84916.3
84938.1
84972.6
84977.5
85119.7
85490.4
85537.7
85545.1
85595.2
85628.8
85742.4
85774.1
85826.5
86023.9
86055.7
86092
86108.5
86196.5
86265.1
86446.8
86597.1
86606.5
86786.1
86799.5
86807.1
87040.2
87099.2
87282
87294.7
87308.6
87381.5
87445.5
87742.4
87848.8
88013.2
88184.6
88262.2
88332.4
88548.5
88568.8
88630.8
88723
88807.3
89051.5
89055.7
89067.7
89304.3
89337.1
89415
89473.4
89483.7
89563.2
89639.2
89719.2
90161.4
90385
90675.2
90715.4
90779.5
90961
91012.2
91060.1
91326
91491
91549.2
91591.4
91618.1
91687.7
91690.7
91819.5
91978
92112.3
92125.6
92143.4
92449.5
92726.4
92836.6
92846.2
92858.2
92865.3
93011.3
93035.1
93150
93216.8
93287.5
93333.9
93456
93460.3
93480.9
93504.7
93835.2
94006.5
94028.1
94153.9
94172
94262.4
94265.2
94500.3
94538.6
94680.1
94768.7
94843.8
94860.3
94871.6
94980.5
95039
95136.3
95160.9
95271
95402.4
95539.7
95550.8
95668.9
95721
95930.6
95954.2
96005.1
96026.7
96072.8
96301.4
96306.8
96315.5
96646.6
96692
96730.6
96815.5
96906
96962.3
97122.2
97225.1
97260.5
97325.3
97338.1
97387.2
97459.7
97550.3
97599.4
97768.6
97784.2
97942.6
97997
98095.7
98244.7
98281.6
98297.6
98297.8
98343.2
98401
98447.6
98582.5
98735.2
98842.4
98958.7
98974.2
98985.2
99003.7
99019
99289.8
99408.5
99414.2
99654.1
99687.4
99705
99708.6
99812
100079
100091
100111
100275
100343
100485
100623
100857
100898
100958
101025
101107
101156
101346
101361
101391
101398
101445
101568
101926
101952
102005
102188
102199
102262
102318
102369
102414
102428
102749
102822
102923
102930
103175
103257
103268
103283
103443
103602
103687
103712
103747
103777
103919
103941
103983
104055
104062
104098
104244
104442
104503
104525
104597
104636
104702
104721
104796
104800
104828
105090
105139
105253
105285
105837
105891
106030
106071
106205
106361
106420
106472
106536
106773
106825
106864
106882
107134
107157
107175
107176
107331
107426
107449
107473
107485
107521
107543
107578
107676
108043
108066
108082
108096
108232
108480
108590
109039
109079
109314
109345
109401
109542
109560
109816
109838
109837
110198
110233
110372
110401
110593
110673
110902
110916
110971
110996
111018
111155
111170
111245
111305
111315
111415
111546
111678
111724
111899
111931
111979
112015
112040
112226
112436
112614
112655
112673
112747
112752
112781
112925
112952
112955
113167
113173
113280
113448
113464
113688
113897
113946
114113
114228
114469
114556
114690
114736
114824
114867
115072
115209
115324
115331
115374
115400
115648
115686
115848
115928
115981
116225
116232
116268
116276
116350
116502
116567
116667
116729
116835
116851
117089
117141
117243
117345
117388
117410
117516
117621
117655
117934
117958
117988
118006
118069
118115
118284
118386
118702
118806
118829
118867
118899
118927
119002
119003
119216
119243
119255
119312
119396
119416
119496
119601
119652
119672
119748
119814
119872
119893
119981
120066
120073
120094
120110
120148
120174
120364
120373
120456
120493
120654
120661
120708
120726
120778
121076
121096
121378
121470
121620
121723
121755
121813
121915
122004
122213
122412
122493
122570
122805
122847
122938
123036
123081
123129
123171
123185
123235
123292
123465
123683
123804
123833
123877
123916
123973
123978
124097
124237
124286
124385
124561
124588
124687
124781
124801
125083
125119
125199
125249
125274
125389
125453
125610
125664
125721
125750
125823
126016
126126
126191
126306
126511
126625
126773
126777
126800
126902
126986
127148
127252
127497
127503
127508
127553
127702
127743
127785
127880
128280
128507
128592
128652
128679
128701
128834
128877
128890
129069
129120
129269
129367
129411
129815
129853
129995
130017
130322
130438
130443
130569
130829
130915
131110
131308
131376
131456
131655
131703
131768
131784
131945
132104
132220
132263
132377
132421
132432
132465
132532
132569
132730
132951
133132
133211
133287
133305
133451
133834
133855
133949
133998
134004
134211
134298
134390
134470
134506
134607
134646
134644
134829
134882
134883
135006
135108
135121
135177
135189
135238
135244
135345
135425
135485
135588
135725
135758
135773
135829
135955
136027
136047
136096
136130
136212
136240
136306
136320
136356
136620
136776
136971
137042
137160
137321
137368
137368
137523
137592
137694
137736
137744
137792
137830
137876
138023
138447
138620
138697
138811
138952
139001
139044
139233
139311
139491
139537
139628
139754
139772
139787
139797
139912
139935
139998
140048
140049
140108
140151
140210
140315
140376
140425
140551
140606
140687
140696
140943
140952
140974
140986
141039
141040
141284
141421
141601
141612
141720
141734
141757
141881
141900
141963
142035
142113
142153
142299
142293
142338
142346
142535
142578
142666
142796
142891
143015
143124
143194
143253
143263
143508
143681
143785
143842
143897
143980
144049
144080
144305
144384
144455
144503
144688
144929
144970
145050
145099
145294
145322
145350
145380
145504
145629
145650
145777
145826
145862
145891
146081
146171
146175
146529
146745
146869
146871
146972
147000
147066
147095
147281
147401
147455
147545
147746
148405
148403
148459
148494
148572
148701
148703
148887
148893
148934
149025
149260
149281
149457
149548
149608
149632
149737
149865
149890
149948
149957
149991
150039
150119
150230
150263
150329
150459
150470
150492
150680
150839
150938
150996
151079
151194
151223
151368
151431
151527
151530
151654
151715
151759
151771
151787
151818
151865
151871
152001
152012
152120
152222
152314
152320
152322
152479
152551
152690
152701
152881
152891
153059
153057
153127
153352
153460
153461
153527
153621
153650
153678
153775
153920
153954
153994
154080
154174
154308
154323
154381
154498
154532
154629
154655
154809
154816
154906
155090
155121
155160
155168
155195
155209
155324
155366
155435
155578
155647
155690
155694
155728
155973
156143
156212
156250
156530
156536
156554
156638
156645
156748
156849
156949
157151
157212
157305
157395
157614
157626
157644
157725
157725
157833
157861
157921
158098
158205
158263
158423
158478
158524
158659
158710
158761
158833
158899
158955
159053
159156
159180
159361
159409
159478
159490
159775
159840
159834
159998
160009
160214
160319
160323
160339
160360
160440
160467
160796
160799
160906
161253
161247
161275
161317
161395
161503
161578
161612
161666
161757
161815
161846
161917
161934
162089
162163
162225
162288
162332
162485
162487
162494
162558
162694
162784
162802
162813
162846
162855
162999
163185
163375
163596
163604
163668
163768
163827
163874
163897
163931
163934
163953
163980
164221
164224
164262
164355
164622
164807
164916
164929
164964
165061
165066
165072
165152
165235
165428
165440
165477
165592
165829
165840
165951
165981
166106
166151
166300
166412
166479
166497
166576
166617
166628
166809
166853
166967
167017
167068
167087
167348
167356
167429
167445
167441
167549
167690
167717
167828
167834
167958
167967
167979
168117
168267
168324
168329
168352
168360
168513
168657
168709
168730
168968
168981
168982
169167
169178
169263
169331
169548
169610
169792
169874
170031
170090
170216
170533
170540
170578
170580
170704
170867
170889
170889
171004
171032
171151
171262
171557
171590
171621
171650
171670
171671
171682
171686
171727
171951
171962
172008
172023
172214
172289
172432
172459
172629
172791
172803
172837
172899
173042
173229
173319
173470
173493
173585
173638
173839
173875
173904
174022
174095
174192
174251
174480
174575
174634
174660
174758
174870
174992
175154
175398
175399
175488
175572
175723
175879
175995
176106
176160
176228
176362
176477
176531
176567
176580
176595
176746
176891
176944
177083
177121
177216
177280
177358
177372
177450
177561
177980
178192
178231
178247
178428
178440
178547
178564
178683
178803
178813
178814
178847
178869
179024
179049
179204
179246
179270
179287
179605
179682
179955
180057
180157
180345
180362
180421
180514
180539
180706
180765
180867
181123
181132
181187
181193
181316
181511
181727
181818
181849
181871
181914
182177
182269
182280
182364
182498
182566
182628
182627
182656
182708
182909
182953
182954
183042
183053
183146
183248
183283
183545
183597
183614
183623
183696
183734
183794
183832
183918
183925
183950
184024
184071
184409
184485
184653
184873
184996
185031
185063
185154
185181
185290
185321
185374
185467
185514
185583
185666
185807
185953
186008
186021
186044
186125
186277
186306
186345
186654
186809
186935
186942
186943
187011
187082
187107
187155
187323
187392
187410
187495
187509
187594
187616
187628
187631
187673
187828
187869
187880
187958
188047
188114
188226
188305
188440
188583
188631
188778
188818
188917
188941
188989
189200
189196
189229
189233
189319
189413
189624
189693
189732
189826
189939
189973
190239
190331
190419
190466
190467
190464
190688
190817
190919
190941
191084
191149
191282
191411
191457
191597
191784
191811
191939
191967
191978
192133
192338
192614
192628
192677
192783
192806
192885
192980
193038
193058
193080
193071
193335
193374
193608
193626
193653
193777
193796
193950
194057
194070
194141
194176
194173
194230
194279
194462
194613
194683
194695
194710
194759
194885
194937
195042
195052
195106
195253
195320
195380
195407
195463
195653
195789
195793
196113
196118
196122
196318
196376
196376
196407
196498
196507
196712
196933
196938
197028
197407
197458
197546
197726
197757
197844
197960
198028
198139
198202
198469
198516
198624
198638
198811
198815
198846
198856
198883
198974
199000
199586
199585
199646
199775
199832
199896
199922
199969
