524.44
916.65
968.26
1047.79
1773.45
2161.56
2895.6
3974.44
4672.51
5426.96
6765.7
7069.21
7285.85
7520.7
7718.12
10665.9
10940.1
12550.9
13734
15141.6
16322.4
16885.6
17276.5
18408.2
19324.4
20708.4
21289.8
22208.2
24395.3
26791.6
27081.8
27328.9
28090
29466.9
31845.6
32359.6
32826
33619.7
34294.8
36008
36135.7
36782.8
37742.2
40097.8
43409.8
43963.2
44146.7
46750
46911.3
46931.1
47010.9
47929.3
48762.2
48878.4
49100.7
49882.7
50241
50598.6
50647.9
51341.7
51429.8
51593.8
54666.2
54685.3
54728.1
56743.3
56870.2
57330.6
57933
61112.3
61343.1
61471.1
61596.8
63589.4
63668.6
65986.9
66011.5
69182.4
70011.4
70325.8
70354.2
72161.1
72519
73693.6
74560.2
74559.5
74932.2
74956.1
76834.1
76918.7
78328.8
78558.1
79337.3
79925
80237.4
81197.8
81325.3
85647.4
86256.7
86542.8
87271.8
87555.8
87566.7
89273.2
89972.8
90880.5
91634.4
92488.8
93833.7
94114.1
94369.3
96093.5
96252.9
96508.3
96921.9
97177.3
97344.6
98101.1
100538
100622
100921
102376
102901
103032
103180
103692
104106
104464
104505
105664
108469
108832
109076
109207
109907
110224
110923
111805
112229
113251
114139
115848
116472
117141
117475
117866
118087
118242
119244
120007
120324
120445
120692
121768
122035
122467
123939
124687
124821
125492
126408
126702
127046
127648
128070
129120
130599
131029
131513
132330
133486
133968
134401
136977
137348
138137
138419
139385
139796
140330
140365
140984
141013
141007
141319
142468
143869
144039
144661
145443
145495
147528
148363
148775
148852
149631
150144
151052
151125
151240
151637
154154
157623
158861
159798
160329
162738
164074
164677
165678
167371
167683
169063
170526
171084
171910
172056
173148
173595
175634
177201
177296
177493
178509
181003
182714
182975
183483
183746
183885
184261
184449
185168
185876
188067
188658
188730
188961
190192
190753
191541
192577
192892
193798
193997
194388
195394
195832
197197
198470
