2446.38
3278.7
3580.96
4564.41
6381.93
7028.09
7636.1
7804.33
7931.6
8590.84
9253.44
10275.1
11068.3
11404.6
11990.8
12338.5
12657
15026.6
15866.9
31859
33306.3
39310.4
39541.3
41167.1
43073.5
44108.9
46705.5
50039.4
52748.6
53198.1
54803.3
55331.1
56066
56860.1
56918.6
57160.4
57467.2
57776.1
63263.8
63676.8
65723.3
66275.9
66704.4
66929.8
67007
67003.1
67126.5
67483.9
67814.7
68492.8
68938
69106.1
69640.4
70402.2
70894.7
71442.6
71886
72484.6
75304.3
75473.8
75528.9
75843.8
76445.9
76541.1
76732
76874
77798.8
78432.4
78688.2
81035.3
81084.2
81430.6
81446.7
81496.5
82020.5
82901.7
82991.1
84134
85114.7
86160.3
86804
86851.9
86945.1
87105.9
91165.8
91499
91828.4
92339.1
93349.6
94993.3
95464.6
97733.7
97903.8
99080.5
100926
101989
102827
103544
106546
106865
107069
109898
111842
116810
117673
118559
119257
119371
119706
120598
120619
120733
120946
121373
122236
122277
122544
123564
124418
126590
127280
129074
130006
130022
130756
136371
137060
137334
140737
144216
144371
144893
145284
146147
146464
147594
155773
155932
156675
156788
157004
157780
158271
158724
159798
161831
162265
163593
164018
164686
165041
165280
166282
166454
166576
168382
170349
170674
171106
171495
171893
172078
172857
175598
177745
178158
180187
180463
182735
183224
183997
192184
192545
192618
193508
193867
195951
