3243.49
9028.51
10122.2
11069.5
12418
13087.1
13342.6
14207.4
15537
16471.3
21727
22274.9
22851.4
23700.3
24126.6
31045.2
31332.9
31991.3
32062.4
32823.8
33087.2
35151.9
37443.7
39430.3
40876.2
41628
42837.1
43218.1
44734.7
44789.1
45544.7
47890.2
50130.7
51517
56033.6
57661.4
58544.4
59231
59518.4
59637.6
60544.9
61626.3
61667
62379.8
63866.4
64539
64675.4
64866.9
65134
66533.2
67510.8
69720.8
69873.9
70739.7
71223.2
71268.3
71404.8
72023.1
72069.1
73186.3
73726
79690.5
87322.3
87568.3
89580
89698
91573.7
94895.9
96034.1
96959.3
97968.9
99020.7
99556.9
99891.4
106181
106819
110259
110943
111738
113971
114584
115951
117960
118511
120201
120744
123349
123865
126027
126839
127814
131485
131957
134561
134998
135213
135980
136134
137321
137541
137868
140084
140176
140368
141976
142368
146984
147402
148991
151680
151898
153934
154418
154682
155187
155734
157852
158232
158291
158387
160050
165088
166259
167301
169576
171647
175492
176561
178206
178888
179298
179906
180406
181187
181220
182974
183672
184401
184822
185180
185220
188780
189482
190503
190858
192170
192850
196346
