130.99
1859.14
2782.94
2840.23
3385.64
3826.59
5248.59
6961.44
7287.14
7589.33
8252.38
11112.3
11325.1
11331.2
12360.1
13547.1
14350.1
15365.7
15857.9
16093.9
16929
18939.8
19244.5
19626.8
19641.1
21088.9
24469.1
25001.8
25831.6
26093.1
26519.5
26882.9
26902
28313.1
29094.2
29305.5
29403.6
29459.5
31026.7
31071.6
31363.8
32518.6
33021.3
35987.9
36105.9
36950.3
37363.5
37983.1
39856.7
41931.6
42436.7
42966.3
43339.1
43729.5
44360.5
45038.8
45211.4
46519.6
46569.8
47792.4
49264.3
49661.6
50053.4
51137
51316.4
53996.2
57761.9
59035
59657.1
59984.3
61171.8
61907.5
62441.7
62777.1
64088.1
64287.1
64474.3
65669.4
66246.2
69134.2
69365.9
69422.6
70990.9
74140.9
74971.6
75711.6
75807
76773.3
76792.8
76809.2
77595
77952.4
78501.5
79200.7
79301.5
80205
80389.4
81276.6
82185.5
82742.5
84274.9
84350.8
85270.1
85778.8
86551.7
86607
89630.3
91776.4
93081
93192.9
93769.3
94209
94759.9
96611.2
98657.8
99673.1
101184
101359
102594
103943
105519
106019
107242
107771
107917
109966
110533
110713
110757
110998
111238
111276
111500
112157
112440
113137
113529
113834
116206
116208
116781
117040
117835
118264
119058
119846
120274
120418
120455
120924
123032
124366
125572
126238
126425
127170
127449
128112
128333
128606
131587
134234
134992
135253
135762
136170
136753
137276
138400
138975
139446
139590
140187
140517
141125
142167
143999
144457
144839
146523
147100
147248
147814
148945
150088
150615
150871
150955
150957
151443
152119
152439
153377
156667
158161
158175
158930
159567
162606
163063
164842
165239
165293
166081
167447
168358
169354
169952
169997
170256
170610
174090
175045
176204
176724
176766
177893
179006
179103
179388
180979
181404
182375
183909
187720
188369
188597
188767
190433
190867
190987
191910
192343
192971
193417
194969
197408
198791
