793.19
1949.73
2924.81
3554.17
3613.37
3758.62
3971.01
4442.91
6413.55
6881.28
7697.53
8140.98
8560.58
9393.45
10984.4
11401.1
11608.8
12550.7
12835.2
12876.8
13262.6
14064.9
14357.8
15172.8
15250.9
15763.5
16271.7
16716.7
17264.1
17682.8
17827.3
18161.7
18410.1
19758
20245.1
22634.6
23388.4
24335.2
24658
25124.3
26735.8
26854.9
26887.4
27100.3
27449.8
27588.2
27968.8
28147.2
28227.3
28289.7
28346.7
28504.8
28658.2
28906.4
29290.4
29307.8
30389.3
30794.1
30870.9
30977.9
31962
32954.4
33001.3
33956
34878.3
35166.7
35243.6
35828.2
36671.1
37027
37528.2
37817.6
37835.7
38287.1
38973.8
40148.9
40216
40267.3
40398.4
41708.6
41860.3
42271.6
42380.7
42580.5
43109.1
43173.6
43504.4
43787
43802.9
44563.1
45504.1
46198.8
46355.2
46460.4
46752.1
47452.9
48293.9
48347.6
49241.6
49763.4
50765.3
51007
51482.4
51588.9
52287.1
52365.1
52602.8
53110.5
53162.2
53492.4
53503.4
54040.6
55426.2
55528
55766.9
56554.7
56774.6
57275.1
57775.4
57866.6
58434.1
58997.1
60210.3
60510.7
60569.9
61246.6
61383.5
61488.7
62690.6
63624.2
64020.7
64139
64462.4
64533.5
65185.7
65959.4
66584.6
66666.4
67514.5
67671.9
67939
68049.8
68271.7
68382.2
68951.5
69578.9
69949.5
70804
71300
71509.3
72099.1
73806.4
73978.6
74549.2
75123.7
75353.7
75394.7
75599.9
75639.9
75710.9
75913.8
76625.1
76769
77687
78356.8
80257.8
81305.7
82569.7
83331.1
83568.2
84257.9
84784
85377.4
86456.2
87094.5
87912
88414.5
88632.1
89549.1
89844.8
90361.6
90573.9
91405.1
91586.6
91842.9
92289.1
92357.6
92568.3
93316.6
93924.3
94218.2
94589.8
95893.8
97676.1
97780.3
98307.3
98602.2
99360.5
101698
102318
102383
104180
104716
105509
105858
106645
107050
107338
107376
107960
108093
108472
109764
109771
110672
111013
112002
112208
112593
113075
113815
114532
114602
115164
117690
117697
117728
117838
117984
118487
118836
119047
120304
120900
121017
121159
122623
122940
123008
123298
123307
124006
124918
125193
125249
125560
125628
125728
125823
125914
126059
126868
127365
127899
129256
130073
130193
130757
133027
133544
133639
134145
135099
135263
135933
137082
137394
137582
138051
138963
139213
139480
140131
140468
141823
142108
142170
142387
142525
142854
143012
143312
144122
144119
144638
145017
145186
145734
146087
146138
146481
148230
149095
149448
149499
149628
150621
150760
151402
151492
151617
151999
152558
153069
154072
154589
156593
157135
157461
158106
159449
160402
160738
162150
164248
164282
164890
165477
165688
165778
167216
167542
167789
168829
168890
169064
169130
170432
171497
172184
172628
172671
174219
176197
176345
177082
177403
179143
179335
179886
179887
180534
180784
181580
181678
182040
182345
182552
182869
185170
185238
185564
185634
186017
186530
188342
189404
189744
189830
190501
191639
191690
191795
192251
193723
194343
194586
195261
195608
196999
197475
197559
197677
198078
198321
