460.43
5094.13
10183.7
10285
11463.3
13948.1
14215.3
16512.1
21755.7
22538.4
28516
29088.3
30277.6
31130.6
31913.3
32112
33246.5
34545.8
35915.5
37692
45710.8
46120.2
47571.1
48179.3
48288.5
48956.4
49042.5
49907.5
54479.6
54980.2
61884.6
65091.5
65120.3
65130.8
69203.9
80297.5
83531.4
83827.9
88299
89817.3
90777.5
92751.2
95147
96760.4
97361.9
97701.1
114793
114968
116138
116315
119784
121992
122050
124154
124736
128676
131488
134567
136784
137011
138822
139165
141171
142083
142209
142732
143055
143718
146375
147335
148605
148868
150851
153906
153998
156049
158276
162480
167694
170477
171297
171672
173491
177601
178603
181187
181755
182864
185226
188259
188955
193062
193308
195116
195465
197150
199882
