1344.01
1485.61
1942.45
3167.23
4544.4
6930.68
7151.45
9694.6
10702.1
14403.2
15371.8
16427.5
18584.1
19026.2
20875.8
20932.7
22603.3
22852.1
23162.4
25087.1
26868.9
28356.4
30321.9
31706.1
32546.6
33258.4
36877.6
37449.2
39322.8
39834
40873.4
41264.3
47946.9
48732.9
50631.2
52690.1
53991.8
54039
54353
54587.6
55151.1
55663.9
56856.4
57122.6
57797.9
59406
60471
62010.5
68586.1
68844.7
74284.4
74576.7
75690.8
77401
77863.3
78413
80011.6
80158.8
80323.1
80970.9
82509.4
82613.5
84252
85272.2
87422.6
87572.2
88544.1
88664.1
89107.3
90909.9
92152.6
93711
94089.1
96030.7
96400
98343.3
99780.2
100037
100391
101138
103174
103311
106246
108594
116800
116830
118371
118422
118450
118673
118940
119594
125428
125605
128669
128782
129895
131019
132689
133713
134200
134241
135635
138014
141520
143028
145562
147928
148732
149688
150395
150848
152704
152964
156010
157027
162027
164601
166622
167158
169984
172103
172763
173018
174191
175630
175715
175852
177735
178049
178768
178980
182376
182474
183784
184153
184829
185664
185903
187738
192013
193160
