639.65
947.75
1099.69
1638.57
2757.45
3627.04
3653.2
4237.16
4249.78
4577.69
5191.89
5192.55
5945.93
6028.79
7072.79
7505.46
7626
8511.83
8577.92
8727
8908.78
9266.64
9776.73
9967.48
10080.2
10170.3
10405.5
10661.2
10983.5
11068.2
11614.4
11887.5
12529.4
12972.6
13031.3
13259.3
13357.6
13680.6
14745.9
15083.4
15205
15579.3
16151.1
17282.6
18141.7
18264.5
18550.4
18802
18889.9
19070.5
19457
19501.9
19814.2
19846.6
20481
20780.9
21105.6
21570
21685.8
21985.5
21993.2
22014.5
22553.1
22593.5
23292.3
23642.8
24173.8
24924.9
26000.5
26302.2
26739
27026.2
27128.3
27202.8
27357.7
27479.6
27744.9
27801.4
28198.2
28441.9
28697.2
28853
29160
29178.3
29727.6
29972.7
30251.6
30395.6
30420.4
31228.6
31226.2
31373.2
31562.2
31839.2
32116.5
32264.9
33038.6
35952.3
36254.5
36661.8
36671.2
36709.1
37154.6
37300
37602.6
37712.4
38002.3
38125.7
38476.6
38660
38689.7
38705.4
39429.1
39615.7
39848.5
39962.1
39997.2
40343
40518.1
40687
40726.4
41138.3
41518.2
42564
43066.7
43232.9
43529.1
43941.1
44100.1
44209.3
44624.1
44953
45015.8
45339.2
45558.6
45592.9
45786.5
46223.1
46558.3
46869.1
46958
47120.4
47278.9
47554
47680.9
48032.1
48414.6
49077.1
49941.1
50142.8
50191.8
50305.6
50348.8
51166.7
51253.4
51778.6
52127.7
52383.6
52584.9
52699.7
53245.3
53311.2
53572.1
53635.2
53755.7
53785.8
53866.3
54165.7
54288.6
54502.6
54533.2
54872.7
55198.3
55283
55300
55504.8
55696.7
55989.5
56089.3
56147.8
56295.6
56355
57074.3
57190.5
57651.2
57934.6
58936.5
59238.2
60277.9
60733.9
61458.3
61640.7
62389.5
62530.4
62968.6
63111.1
63438.8
63704.1
64067
64070.8
64279.2
64537.2
65014.4
65087.1
65605.8
65717.5
65811.6
65856.8
66424.7
66467.7
66947.4
67233
68167.4
68502
68712.9
68829.1
69103.8
69201.8
69498.8
69516.6
69781
70312.1
71125.7
71430
71496
72475.2
72740.5
73128
74164.9
74220.1
74492.1
74887.5
75083.3
75292.8
75595.6
75729.5
75747.8
75920.4
76098.7
77726.6
77801.8
77802.5
78074.7
78961.7
79573.5
79673
79905.7
80149.4
80608.7
80817.5
80875.8
80933.2
81162.7
81517.2
81626.6
81731.4
82335.2
82381.4
82594.2
82705
83899.6
84333.6
84342.8
84499.2
84849
84914.4
85923.9
86664.6
86697.9
86744.9
87029.8
87190.3
87692.6
87851.2
88150.6
88608.2
88811.1
89512.1
89730.3
89839.5
90325.1
90799.5
91043.7
91257.3
91493.7
91529.1
91860.2
91968.3
92394.2
92546.7
92584
93883
93913.7
94218.5
94305.4
94730.1
94753.9
95241.4
96295.9
96900.3
98218.5
98643.7
98889.6
98916.4
99066.1
99327.7
99650.9
99684.1
99719.7
100301
100307
100470
100630
101016
101361
102581
103118
103193
105446
105474
105698
105895
107351
108072
108850
109062
109350
109740
110770
111184
111569
111906
111935
113649
113803
114533
114535
114686
115232
115402
115399
116133
116348
116393
116428
116692
117302
117488
117546
117642
118153
118186
118232
118536
118538
119138
119486
121061
121510
121716
122150
123541
123667
124399
124967
125065
125229
125374
127549
127871
127922
128147
128546
128913
129026
129053
129640
130244
130870
130911
131100
131486
132519
132774
133233
133579
133827
133880
134100
134176
134458
134739
134912
135543
135820
135941
136364
136517
136733
136769
136960
137836
137905
138451
138532
140508
141347
141379
142002
142317
142934
143245
144098
144670
145134
145360
145556
145799
145984
146067
147778
147766
148090
148175
149135
149470
149521
150145
150262
152365
152561
152594
154242
154882
155246
155755
156076
156458
156547
156777
157090
157262
157555
158408
158892
159437
159673
159958
162321
163914
164372
165856
166166
166411
166551
166603
166975
166985
168586
169040
169536
170164
171264
171296
171910
172021
172277
172640
172868
173054
173865
173887
174316
174612
174799
174832
175255
175390
175476
175506
175590
176165
176663
176828
177106
177298
177315
177482
177944
177968
178418
178450
179014
179752
180622
181220
181753
181912
182139
183054
183401
183423
183831
184080
184468
184617
184913
185213
185352
185367
185642
185995
187480
187995
188173
188789
189234
189295
189687
190776
191079
192683
193762
193957
194720
196128
196206
196441
197328
197394
198044
198339
198502
198575
198874
199689
