359.1
550.81
2120.03
2634.93
4098.58
4261.13
4467.65
4734.74
4784.35
5580.18
5741.26
7212.76
11009.6
12168.6
12703.6
12840.6
13915.4
14093.3
14219.3
14372.8
16187.9
17098.8
18166.4
19265
20700.2
21561.3
21947.1
22249.8
25180.2
25513.2
25947.3
26021.3
26240.5
26643.1
27237.2
30326.8
31292.6
33929
34138
35134.2
36701.3
37890.9
38991.8
39224.7
40727.9
40865.9
41931.5
42117.3
42448.7
42895.4
43110.7
44010.3
44879.6
47226.9
50545.2
51354.2
52422
53712.5
53903.6
54810.4
56871.4
58730.8
59497.7
59934.9
60555.1
61675.2
63234
63276.2
64471.6
64566.6
64817.6
66224.4
67225.8
67533.4
68406
69143.9
69438.3
70290.3
71304.2
71470.5
72703.8
73472
73525.8
75632.4
75836.9
77076.2
78271.3
79569.7
79880.5
79935.5
80110.7
80425.3
80506.6
80517.6
82174.3
82480.8
82881.5
83105.3
84714.8
85619.2
87764.8
90877.1
91844.8
93156
94134.3
95259.7
95438.1
97294.5
97352.6
98243.3
100478
100546
100605
101633
101648
101650
103349
103841
104186
104478
105973
106693
108865
108985
109459
110451
110748
111429
111438
112763
113772
114059
114854
114926
114953
115627
115887
117202
117703
118447
118549
122727
124179
124367
125134
127991
128373
128630
129087
129993
131077
131667
133007
133353
137115
137320
138160
138522
138680
140256
141037
141093
141107
142117
142158
142185
142484
142728
143891
143954
145375
145607
145918
146558
146818
147249
148623
151013
151645
152753
153904
155008
155437
155761
157191
157303
157879
158378
158677
159730
159755
160422
162627
163572
163987
168029
168349
170415
172044
172598
172789
174150
174229
174608
174908
175460
177288
177660
177903
178961
181511
182611
183097
183532
184084
184238
184290
187477
187789
188719
189745
190870
195516
196097
196607
197070
197767
198314
