1928.67
8014.01
12256.3
21236.1
23033.2
28427.2
33323.5
37287.8
39594.5
42654.6
45312.6
46514.7
46936.8
49376.2
50099.5
50791.2
52869.8
60951.3
67440.1
74118.5
77491.4
77528.7
79169.9
87198.2
91530.2
93165.1
94142.3
98154.9
98190.5
99798.9
104387
104654
111046
114089
116090
117019
120798
123973
127511
131936
134089
134922
134940
137722
140387
141782
141898
143055
147872
149582
150488
151097
151170
151628
155962
157575
160734
161306
162240
164297
165416
166482
167185
169368
173130
173845
180368
180918
180930
182546
184055
189928
190696
