94.39
98.39
293.26
382.21
423.23
424.98
622.56
1089.26
1171.25
1674.03
1869.28
2341.63
2891.11
3012.2
3044.09
3943.18
4486.04
5195.08
5405.97
5504.15
6133.4
6407
6706.01
6868.79
7075.88
7138.66
7339.16
7587.63
8431.74
10275.8
10566.6
10658.7
10724.6
10872.7
10986.9
11021
11685.9
11781.8
12104.1
12174.8
12339.2
12392.8
12572
13459.3
13630.4
13769.9
14200.6
14449.3
14557.7
14833.5
14860.5
15369.1
15511.6
15717.2
16086.3
16284.2
16509.7
16576.8
16584.6
16641.9
17057.9
17356.4
17355.9
17521.9
17543.7
17565.1
17682.7
17719.3
17755.8
18487.4
18491.1
18682.5
18718.8
18782.9
19048
19084.3
19313.7
19338
19937.4
20347.2
21027.1
21566.7
21663.9
21731.3
21817.1
22161.2
22228.1
22244.4
22372.3
22544.2
22614.6
22708.3
22832.5
23035.2
23167.4
23480.5
23806.6
23941.5
25785
26071.1
26201.4
26228.3
26519
26544.2
26685.7
26740
26996.2
27086.4
27170.2
27235.3
27479.4
27554.4
27612.2
27783
28085.9
28150.4
28313.2
28507.6
28629
28725.5
29706.4
29715.7
30145.8
30309.4
30376.4
30471.3
30807.5
31020.6
31181.4
31228
31698.3
32143.1
32159.2
32234.8
32315.4
32459.2
32517.6
32534.3
32894.4
32899.8
33164.4
33274.3
33349.9
33521.3
33568.2
33663.7
33848.6
34059.6
34341.9
34417.5
34719
34861.8
35710
35720
35963.1
35981.3
36324.8
36354.7
36465.8
36533
36809.7
37004.6
38188
38607.9
39011.6
39077.5
39317.6
39506.6
39835.3
40135.4
41156.8
41289.1
41545.3
41791.6
42641.1
43035.3
43194.5
43202.2
43542.5
44196.3
44350
44595.4
44598.6
44760.3
44811.5
45012.2
45760.2
48255.2
48496.6
48536.2
49114
49237.1
49851.8
49972.7
49982.8
50244.5
50403.5
50726.7
51429
51642.1
52174.8
52524.2
52595.2
52651.8
52759.6
52990.3
53641.2
53962.2
54423.4
54659.1
54692
54855.7
54882.6
55011.3
55062.2
56143.1
56385.5
56628.6
56690.9
57053.4
57177.1
57254.2
58121.4
58583
58876.2
58940.1
60473.5
60577.6
60582.4
60890.1
60894.8
61065.9
61129.3
61216.1
61645.5
61819.6
62128.8
62580.8
62898.4
62948.9
63208.1
63388.4
63773.5
64038.2
64176.4
64266.9
64392.2
64435.6
64461.8
64477.1
64666.3
64709.7
65351.9
65652.4
65891.8
65924.6
66141.3
66679.6
66801.3
67496.3
67548.4
67771.3
67846.3
67997.8
68381
68453.9
68891.7
69018.6
69302
69307.3
69411.7
69480.3
69559.7
69648.1
69723.2
70040
70138.2
70199.6
70239.7
70718.2
70986
71482.8
71813.3
72039.4
72261.1
72383.6
72515.8
73010.7
73205.8
73314.5
73448.7
73583.1
73717
73776.7
73793.3
73902.6
74009.4
74120.6
74202
74324.9
74508
74595.4
74672.8
74917.3
75109.4
75122.3
75374.6
75506.4
75512.9
75847.5
76222.6
76715.2
76839.7
76935.8
77579.1
77726.3
77830.9
79244.9
79372.9
80303.5
80597.8
80620.3
80761.3
80822.3
81266.5
81358
81397.4
81747.5
81786.3
81927.9
82191.8
82413.6
82650.8
82760.2
82860.7
82911.3
83143.7
83166.4
83451.3
83449.2
83498
83912
84063.1
84775
84794.4
84872.2
85316.7
85531.4
85760
85912
86005
86471.2
86482.7
86727.3
86771.6
87061.3
87220.7
87264.3
87850.7
87863.8
87952.4
88310.4
88643.8
89450.4
89501.7
89887
90062.8
90742.8
90921.8
91562.5
91868.7
91980.6
92221.2
92298.3
92493.4
92548.3
92810.6
93469.5
93566
93745
93759.8
93843.2
94371.2
94429.1
94507.5
94727
94959.9
95268.5
95406.5
95508.2
96139.5
96575
96890.5
96942.9
97673
97709.8
97757.7
97794.7
98173.3
98238
98510.6
98834.2
99145.9
99812.1
99835.7
99863.3
100070
100222
100604
100825
100914
101134
101296
101330
101340
101415
101571
101655
101683
102075
103246
103422
103447
103446
103466
103903
104060
104070
104086
104172
104167
104380
105203
105372
105941
106188
107081
107249
107557
108133
109055
109502
110626
111168
111293
111673
111793
111983
112259
112479
112725
113093
113209
113312
113344
113434
113581
113726
114262
115203
115247
115413
115506
115629
115805
115954
116167
116282
116348
116407
116551
116721
116751
117154
117199
117593
117783
117899
118227
118671
119076
119286
119373
119534
119865
119905
120202
120247
120406
120786
120894
120962
121353
121556
121800
121981
122024
122450
123072
123724
123721
123809
123839
124058
124152
124277
124435
124689
124691
124750
124792
124827
125044
125103
125411
125532
125881
126396
126558
126661
126780
126779
126909
127143
127280
127317
127320
127347
127595
127804
127956
128974
129380
129610
130268
130284
130497
130784
130800
130896
131105
131323
133304
133730
133847
134039
134248
134377
134455
134534
134628
135001
135229
135386
135379
135469
135583
135796
136242
136640
137183
137402
137616
137720
137870
138922
139363
139493
141413
141599
141797
141923
142230
142868
143718
144542
144754
145041
145145
145290
145402
145553
145705
145833
145882
145924
146064
146202
146552
146607
146618
147025
147090
147092
147110
147263
147447
147505
147556
147702
147821
147902
148301
148365
148358
148501
148527
148738
148830
149032
149187
149976
150564
150700
150747
151107
151229
151734
151762
151953
152518
152729
152880
153222
153482
153619
153697
153756
153836
154211
154297
154484
154545
154759
154900
154935
155134
155206
155208
155476
155556
155578
155909
156220
156233
156427
156675
156721
156907
157619
157806
158166
158762
158912
159014
159193
159363
159703
160470
160716
161348
161375
161546
162025
162683
163253
163525
163537
163856
164107
164323
164847
165088
165428
165458
165695
165857
166083
166075
166661
166982
166999
167017
167229
167259
167351
167904
168196
168295
168707
170145
171226
171476
171684
171821
171924
172044
172298
172592
173198
173678
173694
173911
173985
174098
174249
174327
174516
174605
174678
174788
175105
175155
175473
175661
176088
176187
176745
177074
177090
177363
177553
177653
177732
177819
177925
178035
178050
178141
178331
178477
178541
178562
178761
178767
178770
178797
178886
179210
179258
179515
179779
179845
180205
180407
180921
180961
181126
181921
181992
182481
182732
182878
182967
183189
183333
183581
183820
184132
184335
184410
184533
184819
184907
185246
185317
185542
185719
185844
185981
186073
186202
186304
186586
186690
186704
187146
187486
187920
189327
189923
190306
190364
190768
190923
191074
191133
191213
191283
192548
192829
193254
193267
193383
193584
193701
193781
194139
194159
194502
194710
195062
195366
195415
195529
195561
195794
195983
196163
196600
196614
196780
196958
196991
197147
197410
198592
198796
199406
199843
