151.68
500.02
541.32
690.9
765.21
1416.93
1859.17
1934.35
2082.48
2634.73
3156.42
3307.15
3528.34
3630.84
3927.57
4140.78
4152.03
4218.35
4319.96
4446.75
4704.13
4844.9
6643.04
7277.31
7540.95
7635.77
9538.65
9762.46
9988.67
10383.6
10826.3
11142.7
11342.5
11544.4
11813.7
11832.6
11912.8
11957
12207.6
12367.9
12381.2
12525.8
12873
13034.1
13098.7
13138.3
13359.6
13503.2
14107.1
14290.3
14435.9
14465.8
14854.7
14869.2
15129.9
15996.3
16147.6
16464.7
17237.7
17444.2
17710.4
18306.3
18830
18932.6
19242.2
20785.8
20985.5
21028.5
21136.2
21517.9
21662.3
21779.7
22208.2
22512.5
22700.3
22918.9
23364.4
23489.6
23823.5
23847
23913
24560.5
25000.3
25613
26708.9
26793.8
27643.1
27904
28506.2
28597
29124.7
30214.8
30881.5
30976.5
30989.3
31487.9
32052.1
32310.6
32632.4
32649.6
32880.7
33239.8
33983.8
34034.3
34385.4
34598.7
34654.5
34796.7
34868.7
34949.8
35019
35396.5
36398.6
37015.4
37103.7
37108.4
37257.8
37375.4
37794.5
38127
38162.2
38285.9
38486
39822.1
39910.3
40110.6
40264.8
40451.3
40647.5
41228
41322.4
41504.8
41708.6
41901
41913.6
41940.5
42104.2
42182
42612.8
42636.9
42856.5
43237.8
43940.2
44020
44732.8
45862
46296.4
46749.2
47520.4
47663.5
48115.4
48560.6
48622
49081.3
49667.1
50598.5
51579.5
51796.9
52037.8
52785.5
52846.6
53337.8
53363.7
53925
53927.4
54408.1
56169
56185
56314.8
56817.2
57441.3
58870.9
59600.3
59834.1
59998.3
60214.8
60242.9
60404.7
60427.7
60566.4
60594.6
61235.8
61319.8
61909.1
62175.5
62256.7
62399.3
62434.5
62974
63071.1
63576
64285.9
65072.3
65486.8
65727.3
65925.7
65958.7
66582.8
67076.4
67335.6
67794
68761.7
68853.2
69047.7
69589.3
69803.2
69995
70127
70186.5
70317.2
72243.3
72317
72329.6
72604.4
72977.6
73013.1
73040.9
73425.2
74427
74482.2
75138.4
75206.2
76192.8
76484.9
77231.3
77276
77702.2
78255.6
78474.3
78480.8
78689.6
79368.1
79769.8
79798.8
80138.2
81036.6
81060.2
81160.9
81197.2
81771.8
82576.6
83032.4
83697.3
83705.1
83812.1
83869.1
83880.3
84109.9
84462.1
84592.8
84886.5
85038.4
85573.1
85784.4
86137.7
86385.2
86426.9
86656.6
87095.9
87675.4
88190.1
88314
88454.2
89219.2
89686.5
90683.3
91070.7
91189.2
92403.9
93439.2
93776.6
94654.7
94728.7
94972.3
95308.5
95419.9
95850
96056.5
96154.2
96732.7
96922.2
97756.7
97989.9
98537.6
99278.6
99623
99622.3
100550
100713
102054
103553
103887
104220
104424
105776
106629
107333
107349
107716
107836
107873
107928
108210
108274
108289
108536
108605
108737
108801
109007
109063
109194
109268
109522
109523
109554
109570
109984
110253
110302
110609
110726
111404
111577
111737
112140
112199
112470
112892
113288
113571
113595
113692
114600
115107
115663
115709
115812
116148
116484
117880
118611
119522
119797
119838
120576
121171
121367
121429
121956
122285
122377
122522
122850
122902
122900
123053
123520
123654
124359
124847
125186
127459
127995
128811
128855
129073
129169
130043
130257
130347
131972
133012
133718
133742
133913
133964
134759
135342
135510
136069
137090
137294
137498
137572
137831
137862
138472
138785
139122
139169
139185
139235
139434
139578
140355
140492
140580
140884
141070
141232
141881
141990
142089
142536
143063
143180
144648
146483
146588
147153
147227
147650
147839
147880
148987
150351
150506
150519
150753
151102
151373
152090
152274
152739
153290
154084
154739
154938
155250
155258
155716
155741
155790
155992
156008
156527
156588
156903
157070
157396
157602
157872
158264
158363
158486
158828
158837
159264
159301
159474
160011
160156
160838
161212
161513
161534
161982
162421
163011
163143
163890
164017
164062
164526
164928
165110
166352
166464
168042
168704
169616
169622
169984
170111
170382
170439
170707
170822
171627
172094
172468
172736
173259
173327
173550
173670
173674
173899
174448
174648
174757
175043
175242
175934
176072
176722
177163
177598
177766
177824
178115
178350
178719
179195
179390
179736
179834
180088
180434
180789
181565
182456
182510
182650
182963
183032
183137
183315
183490
183664
183685
183947
184119
184176
184464
184504
184815
184859
185140
185741
186152
186256
186821
189884
190000
190167
190660
190687
191355
191748
191856
192074
192437
193151
193263
193302
193532
193716
193943
193975
194137
194185
194543
194957
195195
195514
195775
196030
196436
196691
197013
198475
198515
199001
199327
199435
199789
