520.22
1223.05
3469.94
4081.44
5444.61
6377.79
6477.07
6579.45
6584.63
6917.52
7350.04
9514.68
9866.08
11872.7
12058
12095.9
12899.7
13934.5
14797
15240.2
15407.1
15690.2
16702.1
16849.5
17954.1
19421.1
19432.5
20605.7
20964.5
22520.1
25544.3
25667.5
26165.2
28818.1
29939.5
30608.3
30795.2
31344.8
31783.1
31824.7
32705.6
33196.2
34440.7
34633.3
34727.7
35227.3
35523.4
35877.2
36625.5
37485.5
38364
38366.8
38730.5
41347.9
42405.2
42470
42500.1
43282.2
44162
45056.9
45381.9
45696.3
50524.7
50769.6
53282.7
53340.3
53857.8
54010.4
56388.8
56727.2
56909.1
56997.7
57003.8
57691
59859.7
60383
60624.6
62174.6
62811.7
63013.2
63881
66372
66814.4
67397.4
68501.6
69152.1
69326.1
69824.3
70884.8
70883
71008.2
72558.8
73383.2
73942.1
74895.5
75280.3
75777
75987.4
76056.4
76361.4
77234.8
77392.4
77453
78649.1
78899.7
78981
79054.9
79111.8
79572.1
80615.7
80922.3
80947.6
81387.3
83043.7
83717.6
83777.9
83846.7
83985
84141.2
86198.9
86921.2
87814.2
88243.2
88292.5
88535.4
88998.1
89624.2
90581.6
92357.5
92773.9
93639.8
93960.1
94908.5
95819.7
96760
97867.2
98286.5
99467.2
100912
100921
101049
101536
102042
102918
103429
103551
103917
104364
104610
104673
104831
105012
105383
105922
106593
107290
107776
108308
108641
109058
110445
110490
110648
110843
111128
112036
112654
112934
112940
115573
119091
119199
121623
122179
122999
123294
126015
126567
126968
126994
127622
127636
128705
129951
130895
130998
131207
131633
131951
132681
133164
133572
133717
134687
136370
136519
136568
137770
139626
139849
140087
140317
140505
142301
142732
144235
145568
146875
147384
147523
148227
148856
149367
150384
150598
152103
153688
154312
155884
155975
157191
158919
161166
162499
162959
163060
163622
163975
164716
165375
165512
165783
166726
167052
169884
171589
172407
173349
174541
174850
175141
175150
175280
175676
176773
177726
178075
178467
180267
180596
180945
181013
181621
182101
182304
183199
183621
183820
184239
186109
186218
186538
186753
186882
187097
187638
188733
189822
190274
192008
192082
192360
192473
192533
192945
193680
194588
194752
197268
197941
198234
198556
199365
199415
199947
