130.99
1856.58
2780.38
2837.67
3385.64
3824.03
5234.03
6943.21
7226.93
7267.12
7586.77
7866.04
8252.38
9896.66
11109.8
11306.1
11331.2
12339.8
13522.7
14059
14330.9
15336.5
15854.1
16073.2
16929
18117.9
18922.6
19230.1
19241.9
19606.3
19624.8
20836.2
20993.9
24448.8
24999.2
25814.5
26075.5
26517
26882.9
26899.4
28296.5
29077.5
29305.5
29376
29459.5
31026.7
31052.2
31341.4
32252.8
32501.3
33002
35971
36086.2
36947.8
37342.4
37983.1
38311.1
39236.9
39854.1
41915.4
42415.2
42966.3
43336.5
43698.1
44337.8
45038.8
45211.4
46499.6
46569.8
47774.1
49249.4
49659.1
50053.4
51117.4
51316.4
53153.6
53993.7
55291.3
56199.5
57153.4
57759.3
57895.1
58594.3
59032.4
59654.5
59981.8
61150.4
61904.9
62417.5
62658.5
62756.4
64071.6
64283.2
64471.7
65666.9
66246.2
69131.6
69365.9
69405.4
70374.5
70650
72310.9
72517.6
74124.8
74589
74969
75685.5
75804.5
76773.2
76773.3
76806.6
77577.7
77936.6
78501.5
79175.7
79301.5
79546.7
80184.5
80366.5
81255.3
82182.9
82631
82724.1
84255.7
84326.4
84357.7
85254.3
85754.8
86537.9
86604.5
89613.4
91776.4
93081
93192.9
93766.7
94189.8
94759.9
96598.3
98655.2
99670.5
101181
101341
102556
103941
104132
104129
105500
105991
107222
107768
107917
108261
109966
110509
110710
110754
110979
111217
111273
111475
112157
112424
112822
113134
113319
113529
113831
116185
116190
116752
117040
117321
117810
118063
118247
118921
119042
119150
119843
120271
120415
120438
120908
123004
124347
125485
125570
126218
126407
127170
127432
127774
128094
128330
128588
129921
130751
131135
131560
134216
134992
135226
135762
136149
136753
137256
138397
138658
138956
139430
139590
139813
140185
140514
141104
142165
143651
143970
144438
144813
146499
146655
147100
147226
147811
148676
148926
149941
150064
150596
150845
150934
150952
151440
151479
152102
152423
153016
153375
153713
155819
156301
156665
157088
158086
158158
158159
158928
159549
160310
162604
163063
164839
164902
165224
165274
166078
167420
167776
168355
169337
169930
169995
170253
170608
174087
175018
176183
176721
176721
177876
178366
179004
179101
179385
180959
181404
182373
183893
187701
188349
188584
188745
190413
190855
190984
191585
191908
192325
192933
192948
193417
194949
197392
198760
