231.84
2784.32
4816.68
5684.95
8920.15
10003.1
10091.7
11711.9
14562.6
15320.9
21432.5
23226
23380.3
24321
25176.7
28989.7
33147.2
34763.8
35455.8
36801.4
37163.2
39196
41045.5
42099
42226.8
44300.7
45884.1
47890.4
49123.1
52145.4
52652.6
59876.5
61703.1
61878.6
68571.3
68671.5
74153.8
77267
79730.4
79836.7
80798.7
81483.9
83461.8
84357
86073.2
89746.6
93280.4
93987.9
94480.3
96825.6
97975
99444.3
101892
104014
106353
107233
108765
109970
114067
114596
121204
124361
127206
129924
132178
133294
133723
134528
142961
144233
144807
145543
146661
147696
148837
149848
152271
153325
153497
154682
155442
161387
162600
162772
164059
164267
165319
166182
167302
167816
168087
171893
171994
172971
175190
175189
175765
177103
180860
184642
186453
186597
187434
187483
188219
188549
196817
197617
197968
199250
199711
199771
