152.98
236.22
1094.71
1522.42
2045.13
2506.37
2574.27
3383.58
4320.52
4466.19
4495.25
4659.3
4911.09
5047.86
5048.67
5111.85
5178.91
5492.13
5632.96
6250.43
7504.48
8119.97
8513.02
9217.44
9759.08
9784.19
10014.1
10329.9
10338.2
11216.2
12165.7
12441
12711.1
13014.9
13461.4
13509.5
13655.4
13964.3
14063.7
14081.4
14216.8
14244.5
14512.7
14613.5
15093.4
15503.6
15987.3
16303.7
17339.3
17647.8
18089.6
18426.8
18731
20156.3
20427
20627.3
20655.1
20734.4
20859.1
20949.3
21179
21943.9
22597
22790.3
22984.1
23121.8
23243.8
23278.9
24300.9
28486.7
29243.6
29600.1
30275.6
30343
31285
31305.5
32034.3
32178
32332.2
32335.6
32935.2
33207.8
33817.1
33939.9
34038.2
34640.2
34976.9
35310
35551.6
36408.8
36528.4
36823.2
37297.9
37501.6
37592.5
38399.7
38892.4
39094.4
39500.8
40309.2
40628.1
40736.8
40904.8
40973.2
41017.3
41402.2
42001.4
42126.7
42838.5
43219.2
43242.5
43460.9
43755.6
44139.1
44263.5
44291.3
45483.9
46518.3
47765.1
48317.5
48492.7
49026.8
49609
51291.2
51362.5
51433.9
51459.4
51688.5
51972.6
52024.1
52166.6
52337.2
52648
52952.6
52971.5
53074.5
53570.6
53639.4
54431.4
54566.7
55690.8
55817.8
55940.8
55992.9
56263.2
56303.5
56448.2
56982.9
57339.7
57718.1
58142.8
58360.2
58796.4
59157.3
59176.7
59683.6
59946.2
60004.5
60300.2
61987.7
62308.3
63155.7
63586.4
63864.3
63945.4
63972.2
64908.6
65157.9
65565.3
65645.9
65744
66390.4
67915.7
68440.6
68450.5
69038.5
69131.5
69462.6
69815.5
70344.1
70891.6
71173.8
71736.5
71799.1
71829.3
72402.3
72453.6
72617.3
72809.5
73013.3
73123.2
73182.7
73183.6
73258.9
73375.8
73615.5
73990.4
76236.3
76781
77103.3
77562.3
78365.3
78586.7
79016.4
79049
79422.1
79429.7
79496.5
79690.4
80348.2
80649.9
80793.4
81373.6
81409
81458.7
81721.5
81756.7
82084.9
82979.9
83420.2
83646.6
83718.9
84047.6
84210.1
84265.2
84889.3
85146
85299.7
85474.3
85561
85713.5
85777.9
86213
86554.5
86811.9
86834
88148.2
88993.3
89867.8
90020.6
90396.9
90424.5
90879.3
91065.9
91437.6
92184.8
92628.6
93157.7
93236
93551.4
94134.8
94186.2
94465.1
94738.6
94896.5
95824.9
97116.5
97489.6
97613.4
98026
98783.8
98875.8
99286.7
99694.6
100132
100407
100491
100515
100684
100811
101017
101543
103010
103305
103847
103862
104750
105191
106046
106253
106413
107181
108454
108687
109037
109276
109456
109731
109762
110217
110763
112197
112280
112673
113026
113156
113369
113540
113673
114193
114353
114442
114948
115130
115262
115412
115823
116145
116926
117779
118063
118342
118519
119257
119313
120144
120589
121860
122142
122473
122779
123316
123591
123622
123980
124077
124546
125791
126625
127848
129188
129774
129855
130277
131691
132109
132198
132547
132819
133017
133177
133991
135282
135548
136525
137271
137410
137480
138025
138234
138260
138644
139937
142605
142856
144005
144513
144677
144956
145122
145391
145451
145849
146339
146439
146745
146986
147086
147178
147337
147450
147648
147710
148884
149432
150163
152033
152506
152877
152949
153192
153310
153451
153812
154048
154278
154548
154593
154631
154771
155401
155992
156955
157425
157421
158706
158859
159212
159312
159355
159810
160821
161012
161251
161496
162327
162490
162655
162657
163253
163249
163397
163682
164158
164456
164660
164974
165325
165611
165785
165994
166305
166322
166847
167196
167911
168221
168788
169215
170018
170530
170901
171177
171413
171859
172133
172839
172964
173005
173960
174133
174130
174646
175183
175262
175449
175617
175958
176070
176126
176650
176751
177223
177292
177890
178197
178235
178306
178775
178883
179093
179197
179617
179639
180066
180442
181834
183007
183937
184407
184656
185545
185555
185676
186135
186141
186380
186473
186690
186737
187035
187067
187217
187686
187684
188008
188039
188065
188169
188443
188559
188664
190323
190563
190567
190822
191754
192190
192583
192629
193264
193605
193801
194273
194979
195346
195676
195823
195907
196085
196370
196678
197460
197568
197782
197812
198207
198327
198491
198839
198830
198900
199356
199453
199653
199914
