397.54
530.87
581.86
2014.31
2506.22
2589.46
4070.73
5163.34
6030.17
7098.64
7173.01
9034.84
9625.94
10084.2
10308.7
10592.5
10732.3
11957.2
12166.2
12184.4
12654.4
12890.7
13313.3
14287.7
14509.2
14704.8
15668.7
15912.1
16423.8
17867.4
17957.7
18704.7
18971.8
19178
21158.9
21833.9
23466.4
24812.9
25179.4
25527.6
26047.9
26118.8
26130.2
27802.2
29484.1
30694.8
30786.7
30880.3
31553.1
32845.5
33473.5
33639
34282.4
34955.6
36394.1
36514.4
38511.3
39156.2
39159.3
39735.1
39906.1
40651.4
40869.4
41307.5
43108.1
44020.2
44465.1
45263
45463.5
45900.7
46873.8
47217.2
48395.2
51052.3
52496
53784.2
55104.1
55258.6
55785.2
57802.6
59080.2
61229.6
61514.7
63439.1
65202.9
65589.4
66856.7
67580.7
67619.6
67879.5
68011.8
68271.4
68287.4
68834.2
69238.8
70706.9
72102.8
72774.2
73998.7
75842.1
76317.6
78795
80574.5
81142
83013.5
84201.4
86542.7
90852.3
93245.6
93879
93949.2
94660.4
95193.1
96419.8
97415.7
97531.2
98162.9
98168.1
98214.2
101981
103710
103959
104467
104582
104786
104967
105444
106276
108738
109152
109234
110586
112507
114156
115544
118807
119420
120190
123380
123427
126127
126476
129700
130522
131531
133061
133700
135800
136318
141815
143332
145024
145310
146387
147261
147725
147736
148046
149694
150764
152762
155453
156596
158230
158633
159372
159430
161173
161380
162370
165525
166778
167350
167505
168210
168911
170417
171528
173042
174490
174818
175555
175722
175971
176056
176339
176648
176824
177628
177976
180277
181004
181849
182434
184425
184544
185404
185839
185943
187885
188656
189141
190013
190651
191368
191587
192984
194027
194437
195099
195344
196694
196809
199628
