141.7
195.31
947.2
1017.72
1170.9
1273.77
1419.19
1696.51
2482.3
2572.58
2731.6
2916.97
2937.53
2997.43
3082.88
3140.84
3187.62
3189.45
3226.98
3309.75
3367.73
3416.98
3650.92
3712.65
3772.35
3938.87
4156.13
4318.34
4392.05
4481.29
4557.1
4582.49
4654.98
5018.4
5092.43
5345.69
5543.36
5619.09
5705.91
5754.77
5779.31
5880.3
6018.81
6129.32
6615.28
6646.35
6868.57
6877.05
7426.93
8045.28
8552.88
8574.17
8693.65
8994.5
9618.25
9775.6
9822.4
10285
10575.3
10639.7
10819.2
10830.3
10906.5
11028.9
11340.7
11350.6
11741.2
11836.3
12328.3
12637.6
12984.1
13173.1
13370.4
13518.6
13684.9
13789.4
13939.8
14025.2
14267.7
14328.8
14412.1
14813.5
15119.2
15235.8
15496.7
15823.3
16037.1
16175.1
16225.1
16381
16578.9
17194.4
17479.2
18123.9
18166.7
18387.6
18755.3
19096.3
19301.7
19376.4
19502.4
19898.1
20120.8
20211.1
20423.9
20648.5
20676.7
21381
21675.9
21808.2
22298.1
22625
22725.9
22877.2
22961.8
23058.7
23276.6
23402.9
23538.1
23779.1
24159.5
24211.7
24233.3
24590.3
24684.8
24940.5
25025.9
25133.3
25345.5
25398.9
25692
25737.6
26121.4
26442
26591.3
26697.5
26799.7
26993.8
27444.3
27597.4
27857.6
27961.5
27965
28046.2
28239.6
28345.1
28370.1
28383.7
28416.4
28630
28824.4
28957.2
29001.1
29034.6
29288
29491.8
29498.7
29832.5
29882.9
30105.9
30263.5
30283.7
30351.1
30426.1
30566.5
30774.2
31058.3
31193.4
31205.1
31275.1
31381.8
31592.4
31725.5
31729.7
31844.4
32025.5
32064.3
32398.3
32522.2
32567.1
32765.7
32779.9
32799.6
33081.4
33192.2
33582.9
33858.3
33978.1
33984.1
34182.6
34183.1
34325.1
34410.5
34424.1
34518
34634.4
34638.7
34905.4
35085.1
35099.5
35394.2
35410.3
35599.8
35655.6
35653.4
35869.8
35895.8
35917
36070.6
36157.2
36227.5
36459.7
36578
36884
36971.3
36974.7
37170.8
37352.2
37378
37476.5
37594.6
37805.6
37966.7
38255.3
38321.1
38566
38608.8
38637.5
38888.1
39039.6
39066.8
39263.4
39306.6
39397
39762.2
39808
39904.1
40252.2
40472.5
40771.5
40979.6
41071.9
41438
41627.2
41816.1
42129.7
42365.7
42568
42848.7
42852.8
43146.1
43409.5
43609.7
43722.9
43952.6
43990.8
44157.1
44410.4
44979.2
45203.3
45337.5
45542.1
45684.9
45909.8
46066.9
46233.8
46325.1
47089.1
47510.6
47593.6
47657.9
47758.2
47941.1
48312
48621.9
48960.1
49037.4
49039.4
49399.3
49641.9
49686.9
49945.5
49986.9
50213.2
50222.6
50292.9
50476.3
50526
50594.6
50828.2
50840.4
51110.1
51161.6
51283.4
51317.7
51514.4
51623.3
51713.6
52462.7
52550.1
52608.5
52911.3
53072.7
53696.3
53795.4
54035.9
54139.2
54608.1
54660
55000.7
55903.1
56106.7
56253.5
56440.2
56639.7
56712.4
56899.7
57014.3
57019.9
57093.8
57318.7
57506.6
57651
57671.3
57825
58049.2
58911.1
59451.8
59563.5
59583
59648
59951.4
60041.7
60457.9
60518.2
60532.7
60863
61158.3
61284
61834.5
61842.2
61896.6
62144.6
62194.5
62328.5
62356.8
62552.5
62710.4
62740.4
62877.3
63189.4
63215.8
63428.1
63470
63865.9
63899.3
64003.7
64068.1
64210.3
64481.9
64907.1
64950.1
64962.7
65028.8
65333.4
65367
65676.3
65800.6
65984.4
65990.7
66006
66097.4
66281.4
66329.9
66688.9
66895.9
67168.5
67859.7
67967
68505.6
68657.9
69038.4
69248.6
69373.5
69508.6
69625.2
69813.9
69981.8
70435.9
70451.8
70604.2
70813.7
70995
71230.5
71569.6
71565.4
71807.1
71825.5
71948.1
72099.5
72147.7
72398.7
72487.2
72555.8
72653.3
72692.5
72867.9
73029.9
73222.1
73538.3
73811.7
73832.6
73954.8
74087.4
74204.3
74287.2
74419.1
74475.1
74534.1
74753.6
74878.7
75089.4
75426.1
75822.1
75925.5
76022.3
76145.5
76333.9
76335.7
76435
76512.9
76580.6
76632.3
76706.5
77098.2
77278
77289.5
77333.5
77631
77731.6
78149.5
78333.1
80153.3
80171.2
80532.8
80608.5
80618.2
80849.8
81034.6
81201
81205.3
81600.5
81820.3
82690.4
83049.4
83631.2
83848.6
84219.3
84378.8
84713.1
84907.2
85034.7
85040.3
85606.1
85897
86240.6
86248.5
86412.8
86531.9
86605.8
86709.3
86769.2
86793.9
86889.8
87154.7
87421.2
87564.6
87766
87802.3
88058.4
88056.2
88116.5
88460.4
88592.3
89371.1
89848.2
89912.3
90040
90437.9
90443.9
90817.4
90927.2
90953.7
91181.8
91578.2
92002.1
92032.6
92182.9
92200
92356.5
92490.8
92674.2
92779.6
92867.9
93380.5
93409.9
93807
93852.5
93917.2
93973.7
94185.9
94305.1
94384.7
94587.9
94702.4
94956.2
95478.5
95499.4
95795.9
96116.4
96223.5
96303.1
96450.3
96661.4
96874.4
97133.3
97573.5
97757.4
97858.2
97907.8
98286.3
98373.3
98699.3
98776.4
98968.2
99157
99346.2
99503.3
99522.3
99739.2
99878.5
99966.7
100035
100108
100296
100609
100655
100924
101028
101233
101417
101751
101754
101838
101949
102028
102214
102228
102681
102717
103225
103620
103662
103834
103954
104115
104130
104346
104524
104550
104636
104684
104750
104874
104997
105547
105691
105979
106035
106311
106313
106412
106534
106723
106731
106785
107136
107308
107340
107400
107743
107793
107913
108199
108638
108944
109017
109287
109487
109514
109724
109872
110036
110126
110287
110522
110557
110589
110707
110782
110846
110879
110882
110921
111010
111053
111124
111735
111739
111751
112163
112207
112491
112503
112554
112735
112925
113019
113069
113668
113787
114136
114220
114221
114577
114820
114921
114968
115101
115777
115789
115930
116090
116206
116253
116700
116765
117050
117207
117320
117375
117647
117909
118157
118509
118564
118735
118734
119220
119687
120571
120749
120813
121198
121502
121892
121987
122278
122433
122553
122808
122952
123029
123403
123448
123589
123750
123765
123798
123941
123952
124345
124446
124632
124744
124880
124917
125000
125155
125187
125469
125778
125862
126013
126216
126294
126674
126707
126955
127281
127436
127501
128271
128392
128686
128800
129528
129990
130470
130880
131125
131125
131466
131487
131569
131761
131990
132015
132606
132905
132943
133229
133241
133267
133471
133499
133599
133751
134014
134156
135154
135337
135431
135860
136046
136338
136849
137198
137225
137704
137901
138039
138137
138561
138753
138760
139115
139520
139660
139798
140145
140411
140471
140649
140710
140747
140828
140924
140977
141153
141319
141407
141605
141691
141993
142501
142942
142947
143235
143589
144038
145309
145416
145508
145674
145757
145913
146200
146968
147469
147930
148339
148380
148569
148585
148810
148991
149756
150010
150083
150251
150345
150620
150823
151002
151385
151657
151682
151771
152280
152466
152594
152791
152907
153076
153518
153671
153887
154449
154512
154989
155002
155114
155548
155667
155696
155794
155814
155908
156083
156399
156449
156536
156642
156795
157704
158018
158459
158468
158593
158865
159609
159890
160057
160090
160133
160211
160329
160643
160674
161147
161244
161253
161290
161338
161468
161567
161594
162010
162293
162304
162676
162725
163035
163108
163270
163380
163968
163972
164022
164066
164070
164387
164607
165032
165339
165693
165897
166311
166893
166933
166976
167047
167383
167382
167428
167575
167693
167900
168096
168334
168531
168602
169073
169255
169301
169491
169523
169555
169677
169721
169830
170083
170237
170302
170557
170603
170626
170687
170697
171035
171210
171256
171648
171711
171744
171877
172007
172496
172591
172622
172673
172799
173048
173188
173283
173630
174240
174387
174581
174593
174685
174872
175086
175121
175254
175343
175384
175629
175800
175987
176168
176410
176608
176723
176814
177138
177147
177176
177742
178215
178562
178726
178902
179095
179356
179372
179421
179433
179578
179642
179854
180081
180198
180243
180317
180424
181031
181182
181874
182659
183015
183211
183488
183633
183868
183924
183933
184047
184079
184250
184333
184464
184676
184733
185084
185414
185445
185482
185648
186141
186918
186985
187002
187576
187604
187626
187856
188150
188327
188557
189338
189352
190084
190113
190200
190375
190735
190821
190979
191023
191291
191388
191468
191535
191615
191948
192489
192818
192819
193463
193531
193794
193827
193827
193931
194471
194639
194689
195212
195353
195514
195723
195785
196654
196897
196977
197048
197098
197213
197242
197454
197654
197671
197755
197767
197854
197949
198318
198411
198838
199198
199437
199952
