5204.27
8856.53
16522.4
16739.6
18619.3
19461.3
20927.3
21868.1
22183.6
23378.2
25337.2
25718.4
28643.1
28828.5
33554.4
42137.1
42988
44143.4
44388.8
45017.3
45920.6
47630.4
47909.7
48177.4
48461.7
49528.3
51901
52940.7
53154
77547.9
77761.1
83675
85307
85468.6
85522.1
86038.8
86090
89144.7
96943.1
98563.5
99572.2
100611
101911
103049
103486
107340
108257
108856
109301
114186
115007
116633
121298
121337
121601
121682
122217
126497
135148
135512
135764
141629
141856
152497
153444
165401
168630
172345
178489
181500
182357
182608
182668
183237
183776
184963
185368
