943.77
1479.06
3308.02
4074.63
5099.73
5754.33
6055.28
6305.87
7357.52
10575.7
11033
11997.8
12140.3
12742.8
13077.2
14243.7
15659.9
16062.7
16501.4
17059.9
17109.3
17159
18004
18135.8
18570.2
19957.9
21326.7
22045.4
23851.3
24822.8
25184.5
25646.3
26299.5
26803.1
27529.3
27838.3
28124
28148.7
28325
29668.4
29952.9
30003.6
30446.6
31570.1
33041.8
33066.6
33320.5
33416.5
34501.1
34808.1
35139.5
35717.9
35809.1
36024.7
36590
37029.2
37693.8
38666.4
39122.7
39191.7
39647.3
39950.3
40528.3
40960.7
44238.3
44707.4
44975.4
46476.7
51958.7
53541.6
62987.3
67857.5
68200
69258.7
70219.6
70498.9
71390
71926.9
72854.3
73202.3
73909
74122
74502
74851.7
75641.1
76321.4
76562.5
76622.1
77935.3
78197.5
78845.4
79067
80145.8
88230.7
91260
102718
111152
116029
116511
116733
117549
125386
127009
130987
134881
135191
137604
137907
138604
139331
142016
142631
144594
144665
144864
146084
147679
148187
148443
148848
148909
150187
150439
151569
152683
175530
177477
178546
179067
179382
185965
186923
189188
190031
190971
196206
196369
199730
