3636.86
4018.19
5321.93
6934.94
7841.62
8600.28
9176.26
11584.7
11811.3
11934.1
14820.4
18092.4
18858.2
19036.6
19102.8
19609.1
19823.9
20126.9
22676
22793.4
23495
24546.6
25724.9
27291.3
27475.6
28503.4
29020.3
29208.5
29867.9
30080.6
30990.3
31019.9
31586.3
31938.2
33739.2
35493.4
35578
36665.2
39020.2
40548.1
40676.9
40964.3
46841.4
47312.1
47329.6
47404.4
47593
48151.9
49201.5
50754.3
51362.7
51608.2
51691.6
52020.4
52322.7
52467.4
52970.5
53195.1
53401.1
53614.6
54071.5
54287.7
54513.6
54601.4
58354.2
63487.6
65561.4
66086.7
67474.2
68022.1
71586.8
72004.3
72266.4
75319.7
75699.3
76007.4
76626.4
78783.9
78858.4
80825.9
80831.2
81410.2
81688.6
82376.5
82775
84147.7
85008.3
85994.7
86286.7
86642.2
88262.8
88593.5
89363.4
89422.3
91033.2
92868.5
93167.6
93503.5
96696.9
97388.7
98325.9
100300
100864
101119
101374
101422
102216
103255
103714
106850
107471
109335
112009
114263
115164
115669
115676
119034
119503
119765
120754
122242
122883
126644
126762
129386
131372
131800
133895
135572
135746
143157
143511
144051
144446
145316
145676
146137
147107
148956
150308
151217
152348
152940
153482
155161
155197
156408
158191
158788
160006
161274
162166
162847
163268
163626
163689
165589
165821
167344
167750
168006
168351
171670
171692
172461
173298
174044
174298
175370
176368
176577
177443
179987
183312
183667
184495
185399
185674
185795
186066
186858
187698
187970
188071
188470
188999
189225
189959
191140
192344
192910
198835
199605
199873
