6219.11
6545.46
7086.8
19466.3
20173.6
21931
22776.3
22844.9
29298.7
29886.2
30131.3
32194.9
32416.6
33680.9
33690
34352.9
34631.7
34696.8
34819.5
35042.9
42878.8
43893.5
47791.1
49290.2
50981.9
51063.4
51547.8
53119.3
53151.1
53477.9
55596.6
56681.5
56752.2
57660.5
59143.4
59609.8
59717.5
60292.9
62881.7
63641.3
64754.2
67326.2
70092.6
71411.1
72105.4
74114.7
78945.8
87433
91678.7
92128.8
92592
92713.2
93956.7
93993.3
94528.9
94956.5
96401.1
99074.9
99327.6
101399
102596
104265
104599
105646
105853
107263
107668
108531
108815
110465
110741
110897
112560
113101
113870
114099
114273
115271
115610
117671
120476
120905
121229
123400
123554
123871
125076
125103
125488
125862
127044
127255
127407
127934
129163
129476
129953
130591
132155
132352
132388
133766
133941
134190
134205
135146
136105
136225
136872
137454
137833
137898
138276
140371
140844
141011
141805
142343
142468
142656
142765
142910
143118
143594
144732
144943
145030
146092
146397
147284
148014
150584
152886
152992
154020
154413
154494
155001
155456
155958
157258
157519
158834
159038
159691
160424
161011
162174
162959
166002
170523
171981
173668
174697
175520
175714
175799
176997
177102
177369
177585
180554
180691
181399
181575
182329
182627
183636
196322
199336
199391
199758
