368.43
633.8
752.45
1154.81
1990.32
3120.32
3451.7
3572.21
3658.31
3819.77
4003.64
4032.81
4304.32
4792.32
5284.54
5400.76
5977.6
6148.31
7098.57
7471.81
7621.49
7632.36
8777.7
9291.63
10750.6
11708.7
12091.7
12692.3
12714.4
13486.9
13515
13747.9
14412.6
16832.4
16903.4
17198.5
17622.1
19110.3
20827
22268.5
22690.1
22908.3
23550.7
25785.9
25847.7
26387.9
26507.8
26703.1
27193
27849.3
28868.1
28978.2
29634.4
29864
29870.6
30376.5
30933.5
30990.9
32607.5
32778.3
33804.1
34102.7
35505.2
35675.8
36856.3
37075.1
37128.3
37727.5
38000
38444.9
38482.9
38698
39185.8
40050.1
40512.9
40546.3
40706.9
40793.6
40976.9
41070.2
41127.4
41143.7
41261.3
41277
41514.3
41963.6
42316.4
42879.1
42949
43311.8
43424.5
43844.4
44207.4
44226.1
44281.2
45074.1
45801.1
46560.6
47490.6
48016.3
48744.1
50334.3
51535.3
51998.1
52533.3
52752.8
53891.2
54846
55990.9
56013.6
56492.3
56518
58507.4
58722.1
58779.3
59121
59327.5
59845.5
60153.9
60471.4
61313.3
62003.5
62889
63032.6
63788.8
65020.5
65310
66434.9
66561.9
66692.9
67035.2
67228.8
67375.7
67469.7
67844.2
68145.8
68199.7
68535.4
68922.7
69037.5
69181.3
69208.1
69395.7
69524.4
70598.6
71272.9
71562
71691.4
72004.1
72240.8
73438
73538.2
74074.1
74173.7
74454.6
75755.7
75785.9
76447.2
76473
76887.1
76998.4
77424.3
77607.6
77665.6
77777.2
77901.5
78158.7
78213.5
78565.9
78731.8
79225.9
79794.5
80115.1
80417.1
80490.6
80533.8
80657.6
81192.7
82681.9
83475.6
83755.9
84837.7
85584.4
85705.4
85927.9
86031.6
86280.4
86372.3
86630.7
87107.3
87852.3
88077.6
89537.6
89902.9
90069.4
90387.8
90680.2
91639.7
91938.1
92108.7
92202.7
93184.1
93380.6
94659.8
96893.3
97556.7
97622.7
98442.3
98958.1
99066.2
99586.9
99855.9
100301
100641
101761
102146
102753
103569
103989
104497
104836
105420
105645
105945
106397
106416
106599
106836
107120
107350
107414
107844
107905
108383
108608
108903
109019
109408
110057
110402
110817
111254
111285
111589
111697
112180
112241
112532
112858
112864
113333
113653
114142
114304
114885
115728
117304
117802
118130
119972
121638
122443
123649
124226
124751
126342
126674
126793
127560
127862
127917
128265
128788
130718
131082
131433
131741
131893
132189
132669
132791
133143
133338
133457
133693
134298
134519
134757
134803
135333
135603
135882
136541
136961
137585
138087
138886
139246
139484
139564
139736
140373
140708
141524
142128
142686
143402
144019
144075
145242
145734
146025
146130
146698
146957
147021
147290
147695
148186
148380
148859
148880
149028
149527
149738
150181
150625
150791
152095
152247
152354
152961
153000
153802
154116
154116
154470
154893
155405
155664
155850
156918
157610
157783
159098
160098
160190
160504
161069
162296
163629
163896
164080
164175
164521
165304
166618
166731
168300
168720
169037
170359
171148
171328
171659
171899
172053
172453
174789
175455
176765
176855
177215
177305
178016
178957
178984
179379
179482
179512
179805
179852
179959
180400
181435
182035
182695
182950
182953
183095
183197
184753
184846
185304
185702
186326
186557
187171
187367
188795
188927
189313
189445
189930
190372
190783
191072
191321
192331
192719
192712
192775
194273
194935
195655
195822
196076
198267
198355
198999
199013
199238
199924
