4137.99
5718.94
5906.01
6896.01
7941.46
8697.68
8717.25
10835.2
11107
11764.1
16577.6
17982.4
18416.6
26908.1
28424.6
31133.7
33651.6
41490.2
41811.7
46752.9
51396.4
52093.8
54812.7
56675.6
60629.4
61578.6
62191.7
65992
67709.6
69913.2
71627.9
71680.2
72380.5
72511.2
73694.5
75276
75732.2
76622.2
79386.6
86793.6
89298.7
89969.5
91077.7
96984.2
98228.3
98469.3
102203
102903
103135
105645
107778
109070
110496
111807
115542
117260
121583
127985
130233
135392
138053
139679
142134
142619
142699
143298
145599
145750
150483
150557
150750
156921
157189
159304
164516
165624
168222
175160
175765
181980
188695
198188
