584.99
808.69
1192.09
1338.35
2680
3243.5
3390.55
4029.12
5528.87
5727.05
5901.97
6311.12
6535.02
7503.32
7655.59
8091.02
8165.73
8585.04
9885.3
12075
12321.2
12940.4
13226.3
13756.8
13855.4
13945.5
14045.6
14353.5
15328.2
15840.4
16582.1
17177.3
17431.2
17436.5
18452
18457.2
19468.1
19845
20064
22779.7
24526.1
24719
24754
25063.6
25139.5
25386.5
25498.4
26831.8
26931.6
27443.6
28251.2
29603
30364.8
30776.6
30782.1
32435.1
32930.9
32948.4
33545
34436.9
34622.6
35019.6
35314.3
35574
35607.8
35743.4
36010
36262.7
36581.2
36907.6
37752.2
39441.1
39908.8
40081
40246.1
41051.5
41248.3
41704.1
42073.4
42422.3
42431.9
43076.9
44377.8
44804.7
46274.2
46600.4
46674.8
47376.3
48305.3
48395.5
48541
48705.6
49467.8
49646.2
50296.8
50851.9
51256.1
52386.7
53190.2
53206.4
53532
53704.4
53981.7
54204.8
54585.2
54672.1
54760.4
54761.1
54932.5
55185.8
56455.5
56474.2
56869.9
57079.7
57181.8
57842.1
58156.1
58505.3
58694.7
59512.2
60185.1
60716.1
61122
61544.4
62476.6
64237.4
64675.6
64769.6
64940.6
65423.1
65584.4
66442.5
67465.8
67511.9
68117.1
68549.6
69229.4
69556.6
70428.8
71224.5
71511.1
71676
71672.4
71689.5
71826.8
72558.3
72709.9
73161.9
73344.2
73958.3
74016.3
74265
74873.6
74991.9
75114
75241
76525.2
78266.8
78373
78889.3
80231.6
80778.2
81140.3
81206.6
81672.6
82021.9
82390.1
82573.2
82724.3
82835.1
82923
82990.1
83476.6
83760.5
88391.7
88980.7
89058.5
89054
89351.5
89378.4
89432.5
89591.2
89728.8
90016.5
90424.2
90709.8
91028.7
91162.4
91247.2
91399.9
91675.8
92405.8
92440.1
93169.7
94061.4
95665.6
95688.1
96289.1
96365.4
96619.7
97077
97162.1
97269.6
97491.4
97854
97910.7
98094
98652.6
98679
98978.7
100459
101011
101070
102405
102757
105164
105807
106223
106236
106257
106294
107250
108381
108401
108592
108670
109256
109713
110560
111047
111944
112006
112370
112594
113301
114914
115076
115408
115620
115886
116126
116236
116653
116688
117005
117019
117227
117379
117427
117582
117714
117946
118082
118217
118662
119459
119846
119921
119976
120345
120886
121553
121991
122324
122539
122614
122839
123249
123537
123895
124021
124418
124463
125076
125533
125995
126010
127263
127976
129375
129514
130518
130695
130843
130940
131431
131988
132956
133342
133798
134146
134693
134736
134834
134945
135372
135378
135791
136642
138050
138087
138963
139663
140238
141255
141292
141452
142454
143484
143589
143968
144564
144737
144830
145318
145779
146475
147140
147449
147917
148074
148209
148311
148430
148432
148832
149045
150017
150574
151666
151942
153777
154510
154801
154983
155103
155576
156075
157029
157313
157452
157546
157999
158228
158278
158393
159618
161288
161438
165553
165779
165790
166021
166480
166525
166699
167421
167737
167816
169929
170713
170728
171389
172517
172731
172796
173499
173536
173696
174228
174673
174803
174995
175036
175955
176763
177385
177733
177844
178139
178426
178645
178835
179179
179191
179367
180224
180402
180516
180965
181437
182225
182643
182888
183247
183634
183966
184161
184949
185005
185383
185920
186206
188411
189254
189353
189590
190275
190294
191355
191820
192264
192689
192837
192943
193054
193157
193336
194149
194302
194918
195741
197690
198366
198638
199142
199471
199656
