2392.66
2894.48
3072
3199.59
3760.17
4250.43
4929.94
5958.32
6424.1
7551.16
7751.74
8150.72
8216.14
8378.91
8576.87
8653.67
8860.35
9149.84
9233.28
9474.76
12535.8
12759.3
13620.8
14786
16557
17075.1
17886.8
18292
18751.9
20374.5
21278.3
21609
21638.1
21981.7
22728.8
22733.7
23912.7
24598.1
24726.2
25053.6
25376.8
25607.1
26448.1
27384.8
27655.6
30530.5
30555.5
31231.3
31577.7
32101
32475.7
32923.2
34994.2
35024.3
35081
35169.3
35460
35630.2
35689.2
36435
36734.3
40697
40853.3
44625.8
45083.6
45800
45978.7
46462.8
48246.2
48765.8
48888.6
48995.2
49671.5
50018.7
50326.1
50535.2
51050.5
51048.6
51712.3
52228.4
52620.4
53523.8
54288.3
54333.4
54349.2
54878
55305.1
58200.8
58804.2
59515.4
60172.3
60273.6
60502.5
60905.2
61088.6
61427
61924.5
62084.7
62989.2
63276
63356.3
63776.1
63811.5
64135.7
64385
64596.4
65902.5
70330.1
70455.8
70502.7
70989.9
71020
71373.7
71474.2
71698.4
71886.8
72325.1
72619.7
72642
73073.4
73087.9
73606.3
73636.6
74752.2
75041.3
75048.5
75537.4
76413.7
76573.8
76588.5
76688.4
76750.2
76893.1
77087.8
77372
77436.4
77923.6
78019.8
79466.6
80058.3
80283.8
80430.6
81130.5
81287.7
81928.5
83867.7
83992.1
84356
85978.9
87364.1
87846
88237.1
88677.4
89159.8
89506.5
89589.6
90881.2
91475.1
91661.3
91781.2
92977.6
93187
94873.2
94921.9
95144.6
96009.7
96612.8
97467
98247.3
98761.4
99159.7
99305.6
99325
100439
100931
101385
102167
102364
103040
103583
104132
104408
104626
104824
106687
107112
108619
108895
108925
109674
110216
110370
111136
111402
112006
116979
118678
119160
119382
119500
120034
120103
120729
120793
121490
122582
123701
124584
124786
125271
126143
126267
126816
127195
127193
127572
127579
128457
128828
131237
133535
134569
135896
135954
136649
138777
139031
139744
139963
140184
140212
140225
142009
143147
143440
143531
144031
144313
144428
144773
145915
146484
146511
146885
147448
147829
148355
148504
148738
149287
149433
149821
149998
150133
151317
153909
154956
156002
157461
158160
158724
159312
163787
163833
164100
164227
164391
164485
164558
164785
167229
167963
167978
168355
168664
168700
169292
169725
169922
170671
171778
172942
173076
173838
174255
174810
174903
175299
175554
175815
176046
176249
176590
176930
177251
177946
179295
179810
180334
180812
180926
181016
181496
182125
183016
183493
185021
185302
186026
186202
188783
189291
189453
189718
191438
191634
191708
191929
192460
192564
192715
193540
194052
194217
194702
195449
195661
195763
196686
196878
196883
197846
198338
198914
