639.65
950.1
1102.89
1638.57
3627.04
4237.16
4249.78
4577.69
5192.02
5192.55
5945.55
6028.92
7072.73
7505.56
7626.1
8511.83
8577.92
8727
8907.76
9266.64
9967.48
10079.4
10170.3
10404.7
11613.4
11887.5
12529.4
12969.4
13257
13679.2
14745.9
15080.3
15205
15579.4
16150.1
17282.6
18139.1
18264.5
18548.4
18887.8
19067.3
19455.3
19498.4
20477.8
20777.8
21103.8
21566.2
21984.8
21988.7
22014.5
22590.2
23640.2
24172.2
24922.2
26000.5
26297.5
26739
27026.2
27202.8
27354.4
27478.6
27797.8
28438.4
28694.2
28849.1
29157.1
29175.3
29727.8
29971.9
30393.7
30419.6
31226.1
31226.2
31370.8
31561.2
32115.7
32264.1
35952.5
36251.8
36655.5
36669.4
36709.1
37298.9
37602.7
37711.6
38002.4
38122.8
38474
38659.2
38705.5
39426.3
39613.8
39844.9
39956.4
39995.6
40340.1
40684.8
40723.7
40984.4
41516.1
42560.8
43064.1
43941.2
44100.2
44624.1
44952.2
45015.8
45338.5
45558.7
45592.1
46218.5
46553.9
46958.1
47118.6
47553.2
48032.1
49075.5
49941.1
50143.1
50345.8
51166.7
51253.4
51776.4
52125.4
52380
52582.4
53241
53309.2
53568.9
53633.6
53752.9
53783.9
53865.5
54162.6
54500.5
54870.7
55196
55297.9
55502.9
55694.7
55986.4
56292.9
56350.8
57074.3
57190.5
57934.7
58933.6
60275.8
60733.9
61455
61640.7
62387.8
62963.7
63108.8
63701.8
64064.1
64068.6
64277.5
64533.5
65010.4
65086.3
65606
65715.7
65810.8
65856
66422.3
66947.4
67230.6
68167.4
68501.2
68825.5
69101.5
69199
69496.6
69775.2
71493.3
72472.5
72740.5
73128
74165
74220.2
74492.2
74885.3
75080.3
75217.5
75592.2
75729.5
75747.8
75914.9
76097.7
77726.6
78072.6
78958.2
79573.5
79673
80148.4
80933.3
81162.6
81626.6
81731.5
82378.2
82702
83897.2
84333.6
84848
86696.2
86742.8
87029.8
87848.9
88149.8
88809.2
89509.1
89730.3
90799.5
91043.7
91257.3
91491.8
91526.3
91964.9
92392
92546.6
92581.5
93913.7
94218.5
94305.3
94728.7
94752
95241.4
96293.5
98218.5
98882.1
98916.4
99065.3
99326.9
99650.2
99683.3
99717.7
100303
100469
100627
101016
101358
102582
103114
103191
105471
105696
105893
107350
108072
108850
109350
109737
110770
111566
111907
111934
113649
114532
114531
115228
115399
116391
116426
116687
117299
117485
117640
118151
118183
118228
118533
119133
119486
121502
121713
123539
123667
124396
124966
125374
127547
127871
127922
128143
128546
129024
130234
130635
131098
131484
132516
133233
133579
134456
134737
135820
135941
136041
136364
136514
136730
136960
137836
137904
138450
138529
138543
140508
141347
141379
141997
142316
142930
144095
145128
145358
145552
145798
145983
146067
147773
147764
148087
149470
149521
150145
150253
152365
154242
154882
155243
155753
156075
156456
156548
156776
157089
158889
159436
159673
159952
162321
163914
164372
166166
166551
166600
166971
168587
169037
169534
171259
171908
172277
172868
173864
173885
174314
174609
174794
174829
175252
175376
175473
175502
175587
176165
176828
177298
177479
177944
177966
178415
178658
179011
179750
180620
181217
181751
181911
182138
183054
183399
183420
183830
184468
184613
184911
185210
185352
185366
185641
187993
188782
189290
189686
190774
191078
192683
193761
194720
196204
196438
197326
197391
198044
198337
198502
198572
198872
199689
