510.11
929.69
1341.08
4765.66
6631.38
9943.5
10015.5
10511.2
11995
14304.6
15495.2
17151.4
17353.7
18053.1
18415
22233.8
22687.1
23516.9
28402.5
29813.7
30842.6
32095.8
32459.4
33127.2
33492.8
34368.7
35741.5
38135.1
38291.9
38298.6
38554.7
38882.8
38894.3
39851.7
50404.6
50994.2
51545.1
52698.8
53360.6
55035
55382.3
55693
56614.7
57598.6
60360.3
61395.3
63293.7
63689.2
66840.5
69051.9
70385.6
72573.6
72878.3
74576.1
75016.5
79575.7
79752
82208.4
82269.1
86392.9
90014.9
90854.2
92076.9
95565.5
96003.4
100631
106377
110256
111765
112293
112481
112694
113131
115513
119182
119863
121380
121387
122478
125561
128088
130766
130791
131585
131759
132392
136201
137260
142625
147135
151232
151560
151891
153844
153901
154343
154676
157738
158053
158325
158797
160118
161137
161406
162622
162987
163377
169278
170955
173584
174075
175773
176245
180052
181368
182160
183253
185690
185717
189392
192395
192715
194737
195079
195242
198468
198897
