667.99
755.76
846.02
1139.12
1233.89
2182.22
2366.29
2712.63
2964.73
2974.1
3086.88
4627.9
4770.19
5070.18
5096.37
5306.19
5808.93
6037.67
6230.94
7025.69
8571.54
8962.66
8973.87
9471.69
9710.66
9744.59
9814.86
10030.7
10241.8
10273.4
10403.8
10817.8
11250.8
11650.4
12729.8
13760.8
13988.7
14111
14482.6
14693.3
14854.3
14985.8
15451.7
15883.2
16320.1
16369.6
16565.8
16593.9
17058
17131
17185.5
17290.6
17800.8
17841.2
17878.2
17950
18108.4
18196.7
18342.9
18532.9
19135.7
19183.8
19389
19613.4
20832.2
20923.6
21103
21498.1
21567.7
21779.3
22572.1
22734.4
22915.1
23195.5
23297.8
23426.3
23959.8
24238.2
25479.2
25596.2
25931.2
25999.5
26161.3
27547.8
27665
28006.7
28240.2
28567.2
29466
29925.4
29971.5
30236.2
30273.8
30685.9
30705.1
31676.5
31930.9
32338.8
33121.7
33275.7
33315.2
33404.2
33541.8
33692.2
34029.7
34149.5
34461.6
34662.5
35053
35568.9
36375.6
36816
37064.6
37981.4
38027.8
38095.2
38412.5
38545.7
38780.8
38831.2
39279.6
39724.3
40160
40827.6
40989.2
41082.2
41864.8
42507
43976.5
44173.3
44470.7
45483.5
45824.3
45907.6
46186.3
46434.1
47257.4
47320.4
47398
47657.6
48689.8
48712.8
48971.5
49142.7
49164.8
49585.6
50152.5
50260.6
50457
50936.7
51341.8
51719.6
51794.9
51800.6
52445.6
52648.7
52867.4
53216.3
53455.6
54026.8
54135
54396.2
54571.2
54677.6
54800.9
55051.3
55199.2
56507.6
56545.8
56815.1
56943.5
56958
57293.3
57931.6
58582.3
59395
59498.5
59822.8
60018.6
60236.8
60490.3
60846.3
61574.8
62452.4
62849.8
63309.2
64193
64397.4
65272.3
65541.3
66737.2
66800.6
67284.9
67365.9
67581.7
67601.4
67646.5
67939.6
68088.6
68301.6
68690
69026.7
69046.7
69461.7
69970.2
71534
71739.4
71931.9
72080.3
72264.2
72303.3
72416.7
72518.9
72517.3
73166.4
73177.7
73221.3
73513
73852.8
74062.7
74080
74147.7
74641.9
74841.6
75523.8
75809.6
76028.8
76107.7
76288
76829.3
76950.5
77160.1
77289.1
79196
79468.5
79660.8
79970
81314
81703.9
81736
82111.5
82148.7
82757.6
82973.3
83101.5
83117
83604.1
83981.1
84468.6
84966.6
86280.2
86291.5
86360.3
86708.6
86880.4
87054.2
87160.3
87412.7
88225
88315.9
88396.4
88642.5
90620.4
90683.8
90768.6
90996.9
91557.1
91606.6
91724.2
91936.1
92095.6
92364.2
92367.3
92697.2
92743.2
92964.8
92994.7
93234.3
93463.6
93750.5
93907.6
94085.9
94365.4
94553
95244.6
95314.5
95774.3
96648.9
97312.2
97504.1
98124.1
98372.2
98488.8
99418
99676.4
100181
100201
100270
100603
101658
104775
104883
105216
105592
106027
106028
106192
106359
106611
106664
107353
107977
108448
108522
108661
109411
110075
110141
110608
111522
111552
111964
112031
112129
112419
112702
113043
113072
113528
113899
114157
114370
114867
114896
114912
115123
116326
116662
116773
117234
117520
117538
118008
118040
118613
118872
119100
119347
119823
120145
120481
120614
121077
121179
121490
121631
122344
123380
124190
125319
125474
126816
127273
127457
127608
127727
128078
128475
129051
129079
129330
129373
129749
129767
130048
130276
130503
130580
131320
131320
132285
132665
132862
132990
133078
133691
134024
134202
134411
134533
134638
134641
134729
135228
135541
135681
135953
135979
137128
137213
137466
137584
137850
138701
138757
138972
140573
141243
141320
141611
141791
142724
143730
144864
145549
146268
146767
147328
148290
148552
149291
150248
150532
150925
151096
151368
151648
151732
152667
153021
153097
153296
153337
153679
153968
154026
154114
154276
154394
155545
155720
156708
157132
157194
157377
157493
157596
157628
157853
158001
158045
158125
158670
159284
159309
159546
159762
160296
160570
160618
160974
161305
161334
161497
161578
161795
161937
162021
162119
162381
162611
163269
163712
163797
163969
164005
164103
164795
165697
166031
166124
166407
166550
167484
168344
168377
168592
168809
169037
169235
169361
169627
170467
170724
171297
171639
172258
173421
173601
173667
173759
173937
174309
174465
174533
174894
175006
175878
175915
176065
176859
177004
177418
178216
178593
178614
179334
179622
180285
180573
180675
180990
181069
181494
181712
182308
182377
182613
182955
183284
183513
184867
185104
185366
185611
185643
187731
188447
190411
190399
190536
190662
191234
191539
191995
192583
192919
193750
193981
194809
195375
195901
196549
197662
198334
199588
199979
