1248.59
1800.66
1939.53
1998.99
4024.51
4224.3
5156.19
6447.32
6473.57
6485.4
6816.76
6874.63
7144.63
8105.94
8286.88
8668.93
8845.9
9168.17
10056.4
11404.1
12112.3
12210.7
12277.4
12713.9
13139.9
13258.7
14776.6
14885.3
16534.1
17000
17221.2
17825.1
18207.4
18777.6
19321
19664.3
20754.1
21421.6
22804.9
23815.1
24735.4
26966.2
27043.5
27645.3
27665
27745.9
27964.3
28249.5
28463
29879.2
31569.1
31845.2
33576.3
34752.8
35207.4
35748.9
36197
38493.4
39142.1
39796.9
40304.7
40362.7
40590.7
40864.9
44001.4
45404.8
47186
49204.9
49308.5
50348.1
50964.4
51542
51616.7
51676.6
52824.7
53642.2
54032.3
54102
54407.9
54498.6
55274.7
55573.6
56947.1
57364.4
59181.4
60943.8
61217.1
62045.1
62438.9
62552
62912.8
63017.2
63035.8
66183.2
68280.6
69010.5
69543.2
73003.8
74062.2
74450.6
74451.8
74794.3
75671.4
77551.7
78895.2
78990.1
79754.6
79788.5
80132.5
80213.6
80680.2
80962.1
82786.1
83779
84221.4
84230.6
84336.4
84695.8
85149.3
85186.9
85432.4
85586.1
86012.8
87784.5
87913
88143.4
89824.1
90560.3
91375
91632.5
92082
94055.3
94920.8
95037.3
95320.7
96327.4
97919.2
99267.6
99604.5
100977
102104
102473
102588
102865
105126
107889
108569
108656
109007
109447
109972
110011
110160
110272
111339
111692
112726
113455
115352
115826
119177
119603
120069
120613
120930
121896
122213
122615
124371
124802
125237
125339
125470
126204
126329
126889
127125
127444
127986
128619
128804
129117
129152
131159
132987
133279
133594
134474
134514
135394
136171
136331
137411
138044
139574
140116
141221
142434
145723
145850
148552
148622
148714
149354
149774
149871
151328
151397
151853
152833
154831
157646
157768
158208
158522
159130
159387
159669
160283
160769
160899
164185
164595
164881
167130
167479
168674
170956
171062
172022
173635
173644
174427
177066
177733
177791
179034
179292
180222
182921
183328
183770
183866
183949
184826
185434
186253
188674
189692
189925
191283
192805
193626
195572
195817
195945
196258
198845
