4767.99
9131.63
10549.8
11262.3
12054.6
12835.6
13193.7
20124
22185.8
23442.2
25847.3
26474.1
27459.7
27884.5
30561.3
32729.5
33166.2
33830
33925.2
35190.8
38356
38657.1
38726.2
41190.2
45370.2
47937.2
49886.5
51231.6
51606.2
59890.2
67836.6
76697.2
78680.1
78898.3
81375.9
88113.8
95183.1
96601.7
96639.7
96790.9
97609.1
99000.8
100531
100854
102641
105641
106761
107852
108622
108889
110532
112994
114272
119379
119814
121260
122166
122310
124904
125832
127121
127338
127408
128998
129085
129766
130290
130971
136375
136425
137080
138664
138913
139991
141060
141748
143692
145091
146577
147717
153799
154541
156121
157229
157996
158051
166072
168614
173575
174408
174780
176029
176590
178465
180315
181342
182231
182436
182510
182734
189124
196694
199369
199909
