126.76
846
1033.61
1049.82
2042.61
2114.07
2594.35
3082.37
3860.36
4236.36
4468.38
4478.33
4877.68
5143.84
5601.66
7752.84
7872.86
8035.16
8047.62
8478.99
8831.81
9025.98
9990.4
10569.8
10937.5
11154.7
11765.7
12383.5
13121.8
13366.8
14666.5
16132.9
18118.6
18774.7
20043.6
20173.1
20390.3
20503.8
20562.1
21176.2
21889.5
22224.1
22381.1
23183.3
23645.9
24353
25018.5
25656.9
25740.2
25985.1
26155.9
26418.7
26764.4
26913.7
27247.6
27385.4
27711.6
28039.2
28173.4
28503.9
28999.4
29171.2
29524.2
29904.8
30340
31231.8
31376
31897.2
32132.3
32555.8
32635.6
32681.4
32785.8
32833.5
33266.6
33475.5
33675.8
34117.1
34908.1
35691.1
36430.9
36538.7
37306.8
37439.7
37673.6
37689.2
38093.5
38227.5
38329.9
38442.3
39038.2
39113.7
39771.8
40423.5
40473.9
40620
40974.4
41417.7
42165.6
43455.5
44261.2
45173.5
45605.2
45602.9
45829
46018.8
46125.8
46929.8
47332.3
47514.3
48470
49152.1
49851.8
50932.6
51256.9
51697.3
53243.1
53283.2
53429.8
53895.3
54340.7
55187
55491.6
55759.7
56074.5
56652.8
56664.8
57135.7
57499.3
57585.2
58045.3
58179.1
58522.4
59256.6
59400.3
59807.7
59939.3
60349.2
60419.9
60729.5
60985.7
61526.9
61821.8
62449.8
62483.4
62598.6
62903
63078.1
63294.5
63411.4
63445.3
63544.3
63593
63980.7
64250.1
64678.9
64682.6
65069
65160.3
65323.2
65458.9
65774.1
65934
66015.5
66188.2
66229.1
66430
66989.4
67586.6
68232.2
68875.1
69190
70056.9
70922.3
70955
71038.4
71049.7
71730.9
72176.7
72378.1
72876
73449.2
73542.5
73658.2
74267.9
74498.7
74569.7
75062.4
75612.1
75861.8
76492.6
76603.5
77150.9
77165.2
77444.1
77753
77759.6
77904.2
78069.5
78185.1
78483.3
78616.8
78652.3
79167.2
79537
79588.3
79696.1
79749.5
80219.3
80291
80381.6
80487.5
80506.5
80749.9
81144.3
81311.3
81662.9
81658.7
81765
81879.8
84120.7
84524.6
85394.8
86670.3
86784.7
87933
88172.2
88370.9
88867.4
88885.9
89467
89684.3
90627.2
90767.5
91655.5
93034.3
94596.2
94792.6
95025.5
95252.2
95333
96026.2
96217.2
96316.1
97323.3
97378.3
97584.4
98306.1
98406.7
98785.1
99199.8
99833.5
99915
99960.4
100250
100403
102049
102063
103551
103684
104241
104669
104717
104807
105325
105462
105709
105733
105837
105856
105855
106061
106113
107082
107234
107426
107534
107777
107940
108088
108192
108262
108317
108398
108803
108875
109176
109229
109565
110230
110339
110404
110910
112054
112545
112765
112782
112819
113048
113313
113503
114121
114665
115200
115774
116164
116610
116989
117036
117144
117197
117312
118520
118823
119003
119002
119166
119276
119877
120108
120848
120849
121205
122045
123070
123439
123549
124225
124340
124444
124801
125590
126819
127043
127073
127169
128241
128665
129460
129532
129598
129622
129767
129894
130066
130411
130416
130427
131118
131624
131791
131928
132303
132555
133277
134418
134782
135501
135757
135822
135962
136135
136381
136499
136597
136932
137097
137090
137102
137154
138000
138478
138876
139108
139423
139633
139668
139797
140260
140785
141093
141400
141480
141812
142481
143336
143397
143485
143792
144088
144467
144767
144979
145146
145315
145567
145840
145885
146176
146186
146404
147105
147545
147772
147846
149389
149977
150066
150319
151028
151298
151699
152202
152233
152439
152921
153240
153522
154212
154259
154862
155672
155774
156459
156585
156667
157357
157377
157479
157681
157918
158101
158233
158743
158826
158912
159213
159842
160036
160945
161303
162035
162400
162592
163467
164883
165028
165099
165135
165724
165918
166224
166941
167270
167710
168185
168228
168746
169255
169497
169552
169610
170039
170951
171496
171721
171734
171756
171876
172324
172817
173807
174087
174181
174246
174332
174522
174653
174658
174939
175189
175422
175701
176214
176308
176573
176981
177115
177544
177952
178051
178399
178402
178626
178725
179331
179608
179835
180034
180307
180591
181051
181113
181162
181284
181786
182093
182195
182249
183141
183426
183650
184270
184336
188324
188921
189079
189181
189688
191185
191966
192815
194538
195476
195485
195517
195838
196279
196280
196409
196425
197197
197461
197704
197832
198634
198833
199167
199293
199464
199783
