410.19
2315.3
5357.88
5748.66
6567.28
7230.64
9339.77
10694.1
13633.9
14688.5
15817.8
18313
21755.8
22274.9
24343.7
25570.3
26405.7
27845.2
29087.4
29238.4
30698.2
30820.8
33007.8
34212.3
35438.8
36129
36495.6
36644.3
36742.2
42329.1
44828.6
45392.2
45639.6
47072.3
48333.3
48431.1
49870.8
57383.7
62233.4
63404.3
63761.3
64101.6
64655.4
64852.9
65973.8
66260.1
66461.5
66749.2
67764.5
68370.6
68394.8
69583.9
70918.2
71370.2
72581.1
72956.2
74324.8
74534.2
77326.4
77665.1
78111.3
78716.3
80668.9
81142
81825.7
83315.7
83389.4
84607.4
85212.5
85224.8
85492.1
91574.8
93157
93655.7
93870.4
94686.1
95844.5
97042.1
100131
100415
101944
103692
104692
104933
105298
105497
105656
107268
108920
110741
112540
113427
113609
114102
114421
116483
117051
117550
118082
120087
121386
125796
127650
128850
129013
129068
130399
131808
131848
135860
139310
139893
139908
140383
145373
146978
149340
151598
151776
152325
152681
155088
155133
155883
160162
161985
163084
163965
165695
168769
168912
170562
171311
171963
174923
176889
178557
178866
179550
180559
186987
187932
188125
189878
190347
191244
191984
192674
193575
195416
195719
198444
199620
