522.91
1458.83
2204.32
2401.28
2712.68
3671.23
3700.63
4121.74
4464.87
5224.68
5323.86
6575.09
8992.66
12477.6
13021.2
14403.9
14862.6
15942.4
16181.3
16623.3
16966.9
17902.5
18251
18758
21259.1
22124.7
22187.8
23815
25218.4
25325.2
25414.3
25937
27016.3
27808.8
28555.4
28589.4
29159.6
29705.8
29766.4
30248.4
30827
32532.1
32792.9
33453.2
33807.8
34041.5
34711.9
34727.7
38792.6
39516.9
40444
40775.8
41372.9
42270.8
43109.5
46189.6
46573.4
46939.4
47921.8
49890.8
50253.8
50440.4
51318.8
53081.7
53573.5
54141.9
54439
54591.4
55164.5
55173
55334.5
55713.6
56474.4
59482.1
60167
60475.9
62464.7
63060.1
64202.5
66050.2
67600.4
67658
68532
69484.1
72442.6
73837.7
73860.5
74589.1
74895.1
75307.7
75999.4
76513.3
77180.7
77298.7
79443
79861.6
80372.8
81143.5
82544.8
85912.7
86474.3
86560.8
88854.4
89060.7
89372
91507.6
92207.9
92679.4
93767.8
93941
94627
95084.2
95728.5
95820.1
96564.9
96876.9
96920.8
97146.5
97283.2
97311.7
97639.6
98144.6
98171.9
98399.1
98936.9
99791.8
100634
104300
104869
105202
106111
106165
106372
106670
110082
110470
110972
111819
113048
113101
115103
115304
115474
116731
117243
117783
118354
119356
119509
120878
121242
122446
123862
124690
126660
129134
130153
130821
131959
133643
133869
134965
136190
136383
136459
138259
138503
138598
141082
141191
141966
142464
143052
144054
146089
146457
148547
149669
149893
150326
150624
153584
153944
154417
154409
154946
155331
155608
156240
156537
156950
157618
158797
159847
160500
160980
161085
161381
161621
161877
162338
162969
164550
168238
168284
169273
170122
171935
172572
173290
174931
176660
177670
178055
180300
181007
181884
182855
183051
183125
185469
185949
190471
191236
192011
192074
192066
192604
193035
193487
194000
194671
195136
195477
197280
197720
199868
