228.26
927.47
1322.68
1950.76
2312.99
2524.99
3457.98
3471.36
4315.65
4661.1
4942.01
4945.62
5056.06
5419.69
5438.21
5972.7
6049.79
6196.75
6384.87
6571.65
7622.1
7775.76
8128.08
8276.75
8508.72
9376.9
9724.58
9960.55
10407
10822.2
12147.4
12316.5
12394.5
12748.7
13142.6
13561.1
14167.7
14730.4
14869
15190.5
15736.2
15942
16006.1
16185.6
16808.2
16877.3
16885.3
17725.8
17907.5
18114
18226.6
18379
18565.1
18976.6
19296
19512
21041.1
21708.6
21833.7
21861.5
22526
23182.6
23651
24399.3
24593
24602.4
25030.4
25169.4
25214.5
25694
25728.9
25761.9
26053.7
26945.2
27667.8
28306.7
28965.9
30571.8
30800.3
31428.5
31784.1
32232.1
32605.7
32879.7
33057.8
33616.7
33642.2
33910.8
36975.9
37425.8
37733.3
37811.9
38026.5
38269.7
38288.2
39249.1
39293.4
39307.6
39542.3
39549
39815.9
39842.2
39909.9
39961.7
40702.3
40877.3
41148.9
41653.2
42073.4
44437.6
44881.1
47469.9
47531.3
47557.9
48863.3
49571.7
49924.5
49980.2
50107
50545.3
50569.5
50809
51947.9
51990.1
52240
52321.5
52460
52748.3
52825.6
53240.5
53695.3
53722.6
54014.5
54029.7
54182.8
54241.6
54317.8
54547.1
54944.6
54999.3
55122.6
55300.7
55569
56142.3
56764.6
56766.1
57543.8
57876.7
57928
57966.6
58261.6
58315.3
58435.5
58794.8
59104.5
59326.9
59330.4
59773.1
59850.3
59929.3
60134.1
60300.2
60487.6
60915.9
61174
61553.1
61971
62217.9
62679.9
63863.3
63944.5
64722.4
65824.2
65896.5
66889.9
67288.6
67438.8
67442.8
67765
67872.2
68160.3
68261.3
69280
69362
69451.2
70799.6
71056.9
71140.3
71208.4
71968.5
72304.2
72417.6
73006.1
73570
73588.4
73984.3
74439.6
74517.3
74730.2
75226.9
75545.9
75573.4
75574.7
75909.1
76989.4
77092.3
77497.4
77883.7
78003.3
78287.7
80187.4
81467.8
81528.3
81856.4
82281.2
84954.6
85070.9
86309.1
86355.5
86418.5
86480.4
86832.8
86997.3
87614.8
88277
88568.1
88640.1
88740.4
89125.1
90125.4
90535.3
91237.2
91492.2
91515.4
91538.2
92077.8
92414.1
92669.3
92906.7
92980.4
93588.3
94173
94186.2
94290.5
94441.5
94753.5
94949.8
95351.9
95592.3
95595.5
95619.2
95795.7
96178.9
96638
96697.4
97052.2
97185.7
97253.2
97332.7
97863
98231.7
98311.9
98606.9
99064.3
99200.7
99320.4
99490.2
100045
100376
101082
101566
101936
102067
102448
102681
103160
104492
104601
104890
105045
105863
105953
106326
106712
107409
107670
109355
109865
110522
110763
111195
111524
111659
112416
112738
112861
114476
114586
114982
115001
115113
115656
116560
117355
118431
118702
119265
119665
119910
120083
120600
121023
122067
122160
122427
123251
123617
124172
124461
124501
124900
125053
126345
127409
128353
128684
128988
129646
129831
129879
129990
130103
130297
130461
131134
131455
132172
133578
133670
134342
134448
134569
134851
135570
135651
135708
136315
136780
137034
137909
138023
138191
138382
138411
138434
138864
139414
139705
140927
141786
142199
142555
142592
143292
143691
143839
144030
145818
146106
146552
146660
147438
148270
148321
148419
149499
149567
149737
150136
150334
150400
151265
151685
152180
153205
153425
153626
153849
154166
154277
154847
154856
155387
155509
155817
156141
157037
157390
157449
157505
157845
158073
158568
159020
159662
160131
160297
160540
160782
160830
161118
161230
161503
161787
162404
163572
163767
163998
164304
164602
165340
167460
167819
168587
168930
168934
169307
170542
171094
171155
171468
171471
171621
171833
172490
172485
172938
173175
173410
173749
174063
174325
174944
174987
175164
175561
175722
175945
176404
177190
177768
177861
179143
179484
180176
181657
181831
181898
182156
182271
182269
182750
182793
182877
182872
183426
183631
183680
183992
184225
184786
184969
185025
185127
185575
185784
186904
187552
187775
187817
188573
188613
190124
190193
190391
190686
190792
190905
190919
191374
191653
191768
192321
192510
192663
192831
193205
193641
193903
194159
194454
194961
195387
196544
197122
197445
197467
197769
197992
198281
199130
199540
199742
