158.62
397.34
997.74
1350.01
5041.07
10414.8
10731.5
11132.5
11597.5
12361.8
12949.3
14428.6
14871
15803.2
15846.9
17122.6
17280.4
17296.7
19074.7
22219.8
22411.5
22573.9
23349.8
24757.5
25000.9
25023.2
26075.6
26932.6
27321.8
29172.4
30367.5
31270.9
31520.1
32827.4
33628
33735.2
33935.3
34918.2
35342.3
35532.7
36195.8
38326.2
40180.8
47687.7
48232.2
48548
48945.7
49186.2
49291.4
49478.5
50607.8
50651
51426.7
52074.1
52315.3
53722.2
56061.6
59595.5
60593.5
63856.8
64551.7
66576.6
69661.5
70301.5
70541.2
72611.5
72889.8
73835.7
75478.6
78458.6
78985.8
81963.5
82402
82404.6
83819.3
83975.4
84366.3
84373.9
84996.5
85311.2
86179.6
86466
90297
90981.4
91219.3
92106.8
92137.8
92931.3
93057.5
94495.3
95025.9
95185
95439.6
95528.9
96642.3
97286.2
97315.2
98197.3
99161.6
100022
102149
102217
102423
105680
106046
106928
108446
111417
114225
115579
116214
117588
118814
119459
120859
122568
122793
122892
123580
123952
124128
125210
125271
126185
127370
128629
129913
131017
132598
133855
134037
135431
135589
136990
141759
143592
143770
144341
145785
147899
147982
149827
151038
153004
155331
161418
161446
161705
162135
162171
162593
164192
164474
164730
165728
166565
168615
168794
169297
171228
175356
176009
176346
178119
178602
179035
179259
179838
180096
181067
181697
181955
184129
185423
187086
192901
193758
194951
196632
196787
199127
199147
199175
