147.29
758.29
1793.36
2612.93
3164.92
4140.69
4170.05
4523.26
5453.43
7630.03
7698.37
8821.17
9603.32
10578.1
10813.9
11546.3
11750.5
11999.4
12712.4
13162.5
14833.9
15620.1
15784.6
16312.7
16381.1
17708.7
18876.1
19740.7
20943.4
21697.4
22348.5
24029.5
24254.5
24890
25219.4
25710.4
25766.9
26546
27749.3
28283
28362.5
28843.7
28964.6
29446.2
30327.2
31010.8
31093.4
31247.7
31272.9
31427.7
31628.5
34951.2
34993.8
35476.2
35927.7
36074
37045.2
37236.3
37499.6
38424.4
38761.7
41473.2
42350
44299.8
45662.1
46693.2
47102.7
47996.2
48874.2
50853.6
51264
51880.7
52438.7
53366.7
53387.7
53395.1
53821.3
57055.3
58052.9
58113.5
59378.1
59870.7
60636.8
61082
62425.8
62687.5
63357.8
64292.3
66992.8
67137.3
67815.4
70309.2
70664.1
70862
71089.3
72514.7
73031.3
74565.4
76484.8
77191.9
79159.2
79499
80883.7
82282.8
82709.4
82859.5
83836.2
84141.3
84415.8
86863.6
87562.8
88088.1
88126.8
88614.6
88997.9
89856.2
90594.8
91089.1
91414.9
91649
91734.4
91745
92082.2
93175.7
94905.4
95411.2
95601.8
95751.5
97419.7
98218.5
98810.7
102588
104063
105208
105818
106490
106980
108255
109376
110153
113765
114359
114503
115756
116902
118300
119511
119908
120734
120776
121002
121009
122330
122497
122736
123115
123262
123566
124226
126105
127648
128123
129068
129962
130391
134003
134173
134645
134953
136597
137145
137791
137814
138530
139283
139754
139969
140898
141537
143387
143931
146467
148614
149259
149276
149559
149871
150894
153194
156747
157682
157875
158436
158558
158977
161040
162514
162637
162930
163949
165104
165391
167764
167981
168093
169320
169981
170951
170982
172011
172532
173084
173098
173699
175212
176512
177607
177774
178777
179832
181340
181460
181519
181878
182031
182342
182470
183088
184038
184517
184796
188215
190097
190845
191444
192127
192604
193038
194057
194159
194973
199615
