213.67
345.51
602.33
602.37
686.98
1053.91
1176
1213.59
2170.7
2432.22
2688.32
2809.59
2871.14
3090.01
3217.84
3401.77
3751.91
3912.6
3982.57
4317.98
5193.78
5303
6042.69
6141.92
6617.56
6992.17
7466.17
7594.96
7913.64
7921.38
8524.46
8649.3
9108.7
9176.56
9553.58
10073.3
10640.5
10691.8
11225.3
11515.1
11578.5
12066.6
12153.5
12906
12961.9
14504.8
15191.9
15671.1
15750.1
16065.4
16224.1
16631.9
17314
17556.2
17979.6
17987.2
18262.1
18430.2
18639.5
18990.4
19085.3
19124.2
19306.2
19430.1
19569.8
20596.1
20680.4
21157.8
21666.5
22847.2
23546.6
23615.9
23810.5
23908.1
24332.2
24370.9
24429.3
24468.8
24727.7
24763.4
24940.4
25364.9
25387
25433.2
25582.4
26121.1
26602.5
26860.8
27519.6
27580
28316.5
28796.7
29253.4
29677
30006.4
30108.1
30782.8
30783.6
30820
31464.5
32108.2
32328.2
32437.7
32810.3
33458.1
33641.5
34507.8
34780.9
34796.6
35033.7
35370.9
35481.4
35732.7
35965.1
36252.7
36839.1
36853.6
38190.4
38446.6
38689.5
38844.7
38861
39224
39445.3
39657.8
39718.2
40956.3
41323.9
41607.8
41799.7
42493.2
43529.4
43926.3
44009.9
44848
45429.6
46409.7
47146.8
47515.8
47716.5
47792.7
48267
48693.2
49822.5
50034.8
50563.4
50576.3
50746.2
50804.6
51349
51586.8
51594
51707.2
52776.1
52782.5
53206.3
53641.3
53942.1
54501.2
55578.7
56948.7
57487.2
57896
58008.3
58012.8
58024.1
59121.9
59150.7
59268.6
59635.7
60294.9
60525.3
60799.9
60937.2
61592.4
61927.5
62003.9
62269.7
62322.9
62458.2
62912.8
62919.5
63127.3
64085.1
64831
66133.1
66662.2
66768.9
66790.3
66837
66866.5
67619.3
67770.5
68304.5
68359.2
68879.4
69193.8
69261
69656.1
70277.1
70290.7
70720.4
71144.1
71526.4
71670
72017.8
72385.8
72399.7
72479.4
72766.4
72864.3
74324
75090.5
75722.8
75855.9
75950
76046
76221.4
76301.4
76500
76965.2
77087.9
77305.7
77496.7
78135
78476.3
78870.1
79073.3
79259.3
81089.1
82018.8
82433.7
82523.3
82598.1
83089.9
83253.2
83608.1
83674.2
83896.7
84505.4
84589.4
85198.6
85571.1
86590.4
86842.9
87112.7
87260
87388.5
87660.7
87866.2
88035.6
88398.6
88428.6
88551.3
88737.8
88804.9
88843.3
89157.6
89332.2
89596.1
89790.4
90217.9
90295.3
90897.4
90920.1
91030.8
91139.8
91205.4
91556.2
91608.7
91891.7
92436
92479.6
93032
94084.1
94458.9
94771.4
94925
94996
95239.5
95332.5
95711.5
96389
97142.8
97195.4
97404.8
97498.7
98321.1
98673.9
99197.9
99355.7
99540.9
99746.7
99955.2
100118
100170
101648
101959
101966
102458
102476
102743
103031
103266
103906
104591
104880
104972
105629
106111
106617
106625
106857
108046
108167
108425
108758
109029
109229
109735
109931
110287
110359
111541
112184
113171
113259
113557
113862
114177
114198
114378
114606
115199
116162
116476
117358
118090
118125
119257
120089
120607
121517
121832
122087
122156
122357
122450
122945
123405
123596
123639
124393
124462
124456
124590
124988
125120
125327
125375
125962
126740
127334
127452
127872
129170
129483
129812
130036
130137
130769
130858
131386
131776
132292
132355
132774
133148
133319
133691
133812
134415
134567
134567
134623
134801
134826
135341
136041
136048
136385
136942
137660
137670
137947
138154
138296
138885
139570
139751
140636
141387
141538
142132
142557
142794
143129
143352
143624
143691
144832
145874
146171
146193
146680
146897
148182
148229
148489
149001
149098
149399
149495
149692
150680
151529
151717
151970
152007
152085
152638
152998
153219
154920
155799
156013
156405
157470
158206
158324
158410
158512
159095
159280
159382
160023
160694
161917
162318
162514
162988
163225
163739
164104
165910
166577
166725
167422
167907
168064
169093
169151
169215
169262
169780
169891
170520
170824
170965
171693
171845
172383
172441
172969
173214
173545
174318
174405
174713
175000
175550
175960
175984
176328
176352
177316
177319
177356
177443
177680
177927
178092
178666
178697
179043
179625
179649
180630
180793
181135
181471
181769
181767
181960
182776
182872
183226
183382
183780
183800
183955
184361
184502
184594
185163
185515
186724
187500
187557
187789
187968
189345
189970
190099
190748
190963
191312
191734
191881
191895
192677
193579
193630
193834
194261
194595
194772
194895
195326
195453
195988
196408
196809
197179
197246
197398
197850
198139
198177
198738
198890
199134
199344
199479
199980
