6001.29
7338.34
8392.19
9341.26
9534.76
9937.38
12689.2
22380
23557.9
23973
24558.8
26307.1
26498.1
27312.1
28918.7
36237.2
37776.9
38698.5
39166.2
45097.8
46128.9
46536
46532.7
46970.8
47802.8
49188.7
50250.3
51784.2
52846.5
53325.7
54462.3
54959.1
56803
63542.6
70016.4
70164.4
70566.2
71211
71481
71493.5
73014.4
73088.7
73917.6
75738.3
76452.7
77176.5
77218.4
77871.7
77927.7
78203.6
78224
78779
79100.8
80325.3
80487
80958.7
81185.1
81559.6
81985.2
82841.2
83389.9
83475.4
83543.9
84008
84552.3
84840.9
85196.7
85587
85650.7
85779.8
86909.4
87314
88120.7
88860
89470.7
89810.9
90369.5
90814.6
90911
91704.9
91983.3
92493.9
93112.3
93676
93912
94187
94545.2
96024.4
96230.2
96309.4
97026.7
99496.5
100383
101211
103681
103799
105709
106369
106950
107797
107971
109220
109931
112152
113178
115358
118615
118648
119084
121820
122468
123374
127216
127600
127783
128215
130404
131081
132592
132992
133755
142688
142896
143126
144818
145696
145964
146378
146705
147368
150167
153412
153730
155751
156315
158116
158403
158854
158929
159565
159961
160053
161862
162595
162752
164258
164535
166695
167405
168386
168582
169175
169525
169854
170526
170914
172043
172701
173118
173404
173842
173929
174316
175460
175882
177454
178146
180087
180382
181712
182482
182543
182601
183499
184281
184488
185594
187288
188765
189450
189813
190000
190582
191136
191680
191818
192375
195188
195347
196968
197187
198159
198867
199539
