2633.85
3065.93
3256.17
3700.27
3728.74
5753.43
6229.91
6694.83
7205.44
9751.44
10024.2
10191.4
10283.3
10679.9
10711.1
10866.5
10977.3
11216.2
12774
12819.2
13345.2
13417.8
13711.4
14442.3
14809.4
15043.5
15466.9
15697.9
15851.3
15995.2
16225.1
16626.5
16776.2
16995.6
16994.1
17211.3
17621.3
17976
18674.5
18784.5
18973.2
19052.6
19808.7
21244.7
22121.8
23679
24563
26794.1
27131
28044.8
28414.9
28738
29123.4
30339.6
30905.5
31468.7
31493
32243.4
33649.6
34556.6
36443.6
36557
36934.9
37702.6
37902.3
38055.3
38901.5
38977
39962.6
40167
40347.9
40366.1
40688.1
41132.1
42865.2
44128.5
44417.3
44648.4
44672.6
44917.6
45167.4
46042.2
46067.7
46228.6
47029.2
47172.2
48513.6
49310.9
50187.2
53590.4
62706.2
67124.9
75689.6
76859.6
77617.1
78453.9
78934.5
81588
82121.1
82465.2
82682.8
83273.5
83399.1
85116.6
88699.8
89529.6
89579.5
91006.1
91290.8
92172.2
94246.4
94859.4
95314.1
95326.5
95784.1
96005.7
96447.6
97770.3
98050.2
98327.4
99276.9
101036
101803
102373
102967
103331
103657
104427
104516
105206
108933
112121
112842
112957
113945
114394
115619
116792
118397
119140
119495
119950
120165
121556
121853
122697
123124
123403
123862
124146
124642
125408
126336
126524
132397
133887
135417
140698
143451
145125
148831
159274
161615
163947
165874
167713
171933
172460
173233
179576
179877
180266
181190
181277
181595
181829
182103
183045
185409
189838
190610
190678
192148
193289
