299.75
363.87
900.25
990.22
1375.99
1687.66
1792.03
1805.17
1817.61
2329.8
2663.09
3224.58
3343.72
3499.86
3918.15
4251.76
4426.6
4558.1
4643.72
5041.43
5310.63
5591.54
5998.21
6113.96
6145.9
6180.17
6257.98
6289.48
6341.84
6464.28
6569.23
6700.14
6720.28
6807.18
6972.13
7007.06
7062.38
7229.99
7382.83
7817.42
8097.28
8177.05
8270.61
8315.32
8448.36
8479.83
8529.08
8701.62
8766.31
9066.7
9442.47
9592.79
9934.36
9960.82
10265.5
10373.5
10482.6
11184.4
11411
11649.7
11835.6
11931.8
12191.2
12370.9
12485.8
13322.9
13419.5
13594.7
13774.2
14045.3
14409.1
14536.6
14621.4
14651.8
15497.6
15632.4
15717.9
15800.7
15860.9
15872.7
15888.9
16005.2
16391.7
16430.1
16529.6
16670.2
17362
18207.5
18910.5
19052.8
19202.3
19246.2
19356.9
19434.2
19475.5
19704.5
19792.2
19828.1
20025.1
20081.3
20308.1
20340.8
20379.1
20427.3
20544.3
20600.6
21005
21160.8
21334.9
21527.8
21652.8
21679.8
21812.3
22414.5
22702.7
22853.5
22890.1
23339.3
23546.2
24544.2
24629.6
24756.8
25086.3
26159.5
27021.9
27033.2
27120.8
27531.3
27894.8
27946.4
27966.4
28062.5
28079.9
28253.7
28270.8
28311.6
28327.7
28735.4
28824.3
29313.2
29326.9
29426.2
29445.9
29448.1
30233.7
30821.1
30832.7
31753
32003
32717.9
32789.6
32924
33075
33187.6
33744.3
34073.3
34081.2
34431.1
35870.3
35994.3
36438.2
36480.4
37097.3
37181
37647.1
37807.9
38009.2
38121.2
38280.3
38285.9
38471.2
38709.5
38857.8
38995.4
38995.7
39051.4
39119.6
39308.5
39363.6
39484
39711
39863.6
39988.4
40708.1
40927.5
41700.3
41779.2
42032.1
42182.3
42374.2
42631.9
42728.2
43095.3
43323.8
43408.1
43563.3
43568.5
43580
43660.4
44082.4
44176.6
44372.1
44648
44653.3
44715.8
45160.7
45362.5
45568
45909.1
45915.5
48147.5
48411
48973.9
49545.6
49873.1
50859.2
51522.7
51728.4
51746
51834.7
51921.6
52097.1
52370
52424.7
52583.3
52686
53252.9
53702
53787.7
53957.6
54247
54970.5
55183.8
55510.4
55813.1
55815.5
55863.2
56007.3
56014
56332.2
56427.6
56710.1
56923.8
56973.3
57055
57591.4
57615.9
58784.4
59078.5
59108.2
59798.8
59901.4
60171.5
60304.3
60443.3
60476.5
61007.9
61273.1
61420.9
61545.5
61659.5
62030.2
62607.1
62680
63001
63089
63379.6
63438.6
63632.4
63939.4
64752
64895.7
65203.4
65264
65683.9
65748.8
65769.8
65989
66027.2
66444
66573.8
66590
66606.6
67075.3
67175.7
67377.9
67381.6
67435.5
68092.3
68488.3
68608.3
68702.1
69192.1
70297.2
70487.1
71178.4
71495.2
71656.6
71791.1
71999.6
72019.7
72685.2
72865.8
73070.6
73267.5
73360.7
73533.8
73612.3
74315.2
74333.2
74346.8
74629.3
74717.8
74791.8
74962.7
75083.9
75229.4
75734.9
75898.6
76076.2
76173.9
76533
76785.5
77098.9
77147.1
77410.5
77443.3
77794.2
77988.8
78130.3
78291.6
78606.3
78913.8
79123.7
79160.9
79198.3
79488.6
79595
79814.9
80080
80080.7
80075.4
80498.3
80687.3
80758.3
80781.9
81913.5
82069.3
82205.8
82309.6
82431.1
82686
82960.8
83266.4
83348.4
83707.6
83777
84366.1
84408.9
84643.9
84781.3
86028.8
86274.3
86646
86767.4
86767.2
86954.5
87257.9
87563.4
87750.6
87787
88195.1
88550.9
89876.6
90943.1
92104.9
92197.4
92637
94929.9
95746.5
95800.6
97109.9
97841.5
98400.5
98444
98739
98857.4
98868
99141.5
99165.8
99215.3
99249.2
99304.5
99421.5
99451.5
99581.7
100017
100228
100600
100819
101915
102202
102199
102310
102912
103046
103102
103275
103627
103815
103868
104026
104123
104442
104897
105198
105648
105898
106689
107645
107720
107721
108042
108223
108335
108772
108803
108919
108948
109229
109485
109563
109757
110125
110908
111430
111479
111680
112673
112965
113116
113492
114218
114517
114850
114891
114993
115113
115144
115442
116111
116151
116747
116749
116789
116788
117059
117065
117221
117311
117553
117833
117985
118131
119159
119276
119366
119637
119878
120241
120492
121021
121117
121598
121649
121770
122159
122161
122171
122229
122814
123314
123389
123417
123650
123731
124135
124178
124683
124707
125049
125165
125358
125379
125542
126124
126318
126491
126826
127198
127215
127538
128007
128575
129103
129186
129231
129530
129551
129584
130058
130175
130347
130487
130942
130990
131138
131320
132569
132596
132954
133315
133631
133812
133921
134065
134238
134312
134361
134388
134482
135283
135631
136071
136244
136936
137582
137800
138061
139790
140038
140043
140160
140276
140319
140538
140859
141012
141138
141469
141511
141552
141644
141713
141707
141839
141874
142175
142224
142247
142246
142428
142491
142548
142656
142985
142997
143075
143140
143280
143319
143413
143646
143659
143749
143824
144079
144143
144161
144482
144678
144797
144978
146363
146372
146422
146622
147139
149188
149594
149606
149695
149853
149963
150908
151113
151269
151440
151522
151880
151915
152016
152653
153033
153091
153276
153312
153381
153513
153773
153834
154306
154332
154468
154765
154867
155042
156314
156443
156592
156619
156617
157060
157117
157104
157155
157249
157381
157398
157400
157433
157727
157811
157901
158614
159074
159292
159298
159374
159466
159647
159749
159820
159873
159900
159906
160463
160869
160893
161177
161296
161351
161723
162119
162343
162397
162619
162628
162689
163055
163264
163438
163806
164039
164392
164447
164465
164640
164792
164908
164996
165126
165337
165827
166460
166553
166671
166908
166925
166981
167387
167422
168109
168305
168645
169471
169634
169631
169681
170117
170198
170281
170374
171247
171282
171479
171615
171900
172069
172552
172586
172757
173048
173412
173420
173567
173775
174050
174064
174266
174801
174991
175368
175777
176423
176516
176820
177187
177272
177429
177759
177829
178054
178340
178588
178582
178799
179226
179481
179757
180183
180376
180558
180676
180857
181265
181462
181724
182115
182378
182565
182799
183337
183435
183479
183614
183863
184112
185516
185671
186033
186139
186810
187698
188314
188551
188739
189063
189754
190079
190144
190424
190548
190801
191290
191794
192610
192615
193160
193654
193895
194141
194148
194222
194619
194775
195198
195519
197212
197609
197879
198152
198498
199123
199205
199452
