1893.84
2276.29
3311.92
3396.53
6500.02
16653.2
19069.1
26654.5
27928.9
29118.8
29870.2
30219.6
30429.4
31427.9
33229.9
35789.5
37123.3
38359.8
45452.4
45584.1
46351.6
47466.6
49003.9
49540.6
50821.1
51566.1
52504.2
53475.8
53532
53901.2
54374.8
54776
56207.4
56648
57004.5
57158.2
57768.8
60295
61065.9
62677.5
63164.3
67276.8
67887.9
68641.4
68904.1
69741.3
70775.6
71034.1
72387.2
72501.5
72917.8
78111.7
78326.3
80678.7
82782.7
83164.3
85436.9
86694.6
87828.6
93183.4
93580.6
93826
94059.7
97524.7
97649.7
97997.2
98311.2
98541.2
99629.3
101726
101826
102153
108585
110122
117511
119039
119972
121156
121831
122305
125387
130293
131045
137671
143779
143789
144124
144384
144525
145951
146185
146776
147196
147429
148101
148521
150931
151247
151766
152726
153794
155568
156484
157123
159956
160790
161092
162323
168672
168922
178498
182456
183342
184855
184978
185709
186128
186161
186349
186447
187995
189189
189785
190026
191016
192534
193087
194057
194749
199000
199570
