169
433.24
522.91
1300.15
1458.83
2204.32
2712.68
3048.48
3671.23
3700.63
4121.74
4464.87
5162.9
5224.68
5323.86
5818.23
6503.2
6575.09
6796.85
7927.5
8455.7
8727.37
8992.66
10398.9
11092.1
12367.4
12477.6
12805.9
13021.2
13457.1
14403.9
15007.1
15904.6
15942.4
16181.3
16623.3
16976.3
17491.4
17826.8
17902.5
18251
18758
18859.8
19000.2
21259.1
22124.7
22187.8
22351.9
22718.4
23815
24602.1
25218.4
25325.2
25414.3
25750.1
25937
27281.6
27808.8
28057.7
28555.4
28589.4
29159.6
29705.8
29766.4
30248.4
30827
32171.8
32204.7
32532.1
32792.9
33355.7
33453.2
33807.8
34041.5
34137.7
34711.9
34727.7
37603.5
38626.5
38644.8
38792.6
39516.9
39643
40411.8
40444
40775.8
41134.7
41372.9
42270.8
43109.5
44559.1
45188.4
46189.6
46573.4
46939.4
47704.4
47921.8
49890.8
50253.8
50440.4
51318.8
52210
52446
52760.3
53081.7
53159.8
53535.7
53573.5
53859.5
54046.4
54141.9
54431.5
54439
54591.4
54835.5
55164.5
55173
55334.5
55713.6
56474.4
58095.9
59942.2
60167
60475.9
62119.7
62464.7
62593.8
63060.1
64202.5
66050.2
66129.8
67386.4
67600.4
67604.8
67658
68098.3
68247.2
68343.1
68532
69484.1
69689
70986.1
71231.3
71732.7
72442.6
73837.7
73860.5
74669.5
75307.7
75999.4
76137.9
76513.3
77180.7
77298.7
77996.4
78728.7
78753.8
79443
79555.8
79861.6
80372.8
81143.5
82120.2
82311.8
82544.8
82789.6
85134.7
85912.7
86474.3
86560.8
86700.9
87032.4
87096.2
87886.3
88436.5
88854.4
88908.2
89000.1
89060.7
89372
91507.6
91797.3
91822.5
92679.4
93488.9
93767.8
93941
94440.2
94627
94755.3
95084.2
95148.7
95728.5
95804.2
95820.1
96093.7
96564.9
96876.9
96920.8
97010
97146.5
97283.2
97311.7
97526.5
97639.6
98144.6
98171.9
98399.1
98476.3
98835.2
98936.9
99231.9
99631.4
99791.8
100634
100771
101365
101809
101819
102123
102403
104300
104869
105202
105272
106111
106165
106372
106437
106670
106684
107554
110082
110470
110972
111819
112181
113048
113101
114686
115103
115304
115474
116731
117243
117783
118354
119356
120811
120878
121242
122446
122743
123417
123433
123479
123862
124690
125327
126660
129134
129775
130133
130153
130422
130821
131487
131959
132694
133643
133869
133865
134784
134965
135372
135905
136190
136383
136459
138220
138259
138503
138598
141082
141191
141966
142464
142695
142759
143052
143525
144054
145289
145833
146089
146221
146457
147527
147773
148547
148585
149669
149893
150243
150326
150624
151671
153584
153944
154417
154409
155018
155331
155608
155624
155887
156240
156304
156537
156764
156950
157618
157630
157665
158324
158797
159847
160500
160980
161085
161381
161621
161739
161877
162338
162969
164194
164550
166182
167876
168238
168284
168400
168622
169273
170122
170260
171016
171307
171864
171935
173164
174931
175189
175377
175425
175835
176660
177670
178055
178081
179259
179753
180300
181007
181884
182095
182855
182983
183051
183125
183716
184273
184341
185003
185135
185469
185949
186988
187352
188177
189237
189851
190471
190586
190966
191058
191236
191532
192011
192074
192066
192604
192942
193035
193487
194000
194387
194379
194671
195136
195950
196778
196934
197280
197720
198493
198772
198977
199406
199418
199868
