678.56
820.75
849.33
1927.81
2775.74
3773.22
4453.89
5027.34
6012.74
6888.62
7061.9
7314.97
8962.6
9717.4
10359.6
10538.2
11191.4
11335.7
11351.9
11566.5
11585.3
13546
14160.4
14541
14578.3
15029.2
15473.2
15836.5
15925.5
15930.7
16477.3
16802.4
17211.5
17784.2
18998.8
19804.8
20144.8
20157.6
21602
21839.1
22350.1
22882.4
24001.7
25175.9
25553
25901.9
26078.6
27033.3
27464.9
27626.1
27679.5
28572.2
29329.7
30247.7
30401.4
31183
32714.2
33015.1
33987.9
35318.6
35317.6
35615.5
36522
36993.4
37149.2
37156.5
37198.6
38618.1
38680.7
39362.9
43198.7
43404
44376.1
44726.4
45882
46291.1
46874.1
47427
48370.7
48939.5
49492.4
49939.3
50237.3
52330.6
52349.9
52426.4
53039.5
53652.2
53675.2
54805
54871.3
55694.6
56101
56916.4
58176.6
58351.5
58385.5
58458.9
58816.3
59619.5
60598.5
60742.7
61053.7
63385.7
66783.9
66894.8
68057.5
68108
68436
68460.3
68881.1
68973.7
69210.8
69295.7
69997.5
73246.9
73399.2
73607.7
74448.9
74552
76120.2
76170.2
76458.8
76893
77239.6
77635
79104
79491.4
80602.9
81110.1
81484.6
82366.5
83178.5
84921.2
87281.8
88210.1
88326.2
90330.2
90628.1
92359.4
94911.5
95247.3
96820.3
97316
97323.2
97719
100580
100946
102798
103488
103572
104435
105351
105881
106195
107025
108319
108778
109215
109745
110030
110484
110963
111457
111970
113478
115233
115700
117683
118425
118680
119101
120242
121354
121808
122388
124683
125351
125963
127852
131511
132043
134321
135795
137011
137049
138401
138414
140176
141415
142052
142687
144008
144033
144034
145209
146327
146392
146433
146666
148052
148159
148163
148384
149048
150051
150210
151756
153334
153513
154001
154413
154458
156327
157951
158187
158434
159325
159461
159848
160094
161026
161339
162715
164421
165692
166875
168229
168311
169507
171480
172852
174985
175740
177076
177122
178007
179181
179407
181655
182513
182851
183923
184688
184710
184975
186722
186933
187071
189060
189265
189752
190151
190799
191026
191187
191836
191958
197180
197633
197811
199223
199483
