612.94
1134.65
2175.66
2316.39
5366.93
5707.7
6287.74
8778.55
9058.42
10606.4
10775.2
11737.4
12067.6
13635.5
14383
15983.5
16186.9
19315.5
19487.5
20373.3
21451.4
21505.5
21552.9
21830.2
23744.1
24400.6
25195.6
26337.4
27219.2
28317.1
28375.3
28413.9
28605.4
28658.2
28894.5
30941.1
31034.3
32868.1
33869.7
34457.2
36073
36646.6
37501.5
38393.3
39219.5
39216.5
39265.4
39705.6
39847.4
40357.1
42301
43288.6
43578.9
43672.6
43988.9
44490.7
45018.9
45265.2
45370.9
46371.3
48737.6
50963.5
51665.1
51998.7
52347.7
52931
53843.4
54189
56125.5
56502.5
57669.1
57722.7
59502.4
59968.9
60518.4
60623.2
61722.2
62425.9
63709.8
63977
65540.3
66111.4
67200.9
68779.6
70822.4
72093.5
72156.3
72622.9
73149.2
75584.2
77107.4
77223.6
77421.8
77640.4
77725.4
78520.5
79097.2
79277.5
79930.8
80376.6
80875
82894.7
83500.4
84102.8
84845.1
85164.7
87113.7
87367.3
87981.2
88617.6
91088.6
96094.1
98699.3
99136.8
99436.7
102094
105182
106811
108047
108961
109646
111062
115143
116591
116881
117394
117429
118285
118472
119324
120836
121729
122526
124396
124778
126423
126449
126699
126790
127046
127305
127366
128967
130193
130389
130494
131265
131508
133430
133922
134511
134964
135521
136386
137119
138509
140244
140760
141374
142097
142607
142833
143220
143427
143628
143936
144063
144263
144298
145058
146591
146787
147229
149854
149980
150358
152419
152764
154744
155122
156799
157168
157520
157637
158034
158096
159713
160173
160621
160666
162623
163536
164906
165038
165195
165456
165507
166243
167076
167555
167622
167780
168841
170262
170468
173470
173982
175218
175348
177772
177919
178086
178566
178659
178689
179579
180216
180551
186246
186268
186341
187055
189134
191068
191133
191708
191909
194758
198219
198830
199600
