1412.13
1831.61
1844.52
2689.86
3526.77
3965.82
4476.54
5636.46
6039.54
6336.98
6434.26
6510
6601.11
6732.75
7115.89
7292.58
7850.44
8804.82
9100.95
9999.88
10409.7
11209.7
11871.1
11966.3
12223.8
14091
14534.2
14694
15529.2
16432.1
16461.6
19085.3
19277.1
19744.6
19821.7
20108
20380
20456.8
20626.1
21034.7
21387.9
21686.8
21842.8
22731.8
22885.3
22928.8
23580.1
24588.4
24785.6
26209.5
27613.7
28106.5
28284.9
28357.9
28353.9
28786.4
28848.4
29467.7
29481.6
30266.1
31780.1
33110.3
33776.3
34114.8
34117.9
36475.7
36522.7
37850.8
38034.1
38740.3
39388.4
39518
40026.3
41845.5
42402.6
43121.2
43446.6
43595.7
44214.2
44681.6
46074.7
48190.1
49001.3
49581.1
49911
51801.6
51946.9
52137.1
52467
53991.7
54287.6
55852.1
56046.9
56743.3
57003.2
59107.1
59148.8
59823.1
59962.8
60537.9
61035.8
61317.6
61450.5
61689.5
62055.3
62641
62722.6
65234
66599.5
67232.1
67409.6
67469.5
68512
69217.5
70357
70528.5
71201.9
71518.8
71680.1
72044.3
72055.9
72966.2
73319.1
73390.4
74381.3
74391.4
74659.7
74741.3
75115.4
75289.2
75940.3
76109.1
76371.5
76576.5
77173.5
77452.3
77476.3
77851.6
78048.9
78319.4
79647.8
79858.8
80119.3
80121.4
80188.7
80714.9
81958.6
82098.5
82233.2
83297.8
84687.6
84819.7
86312.4
86694.4
86793.6
87789
88239.1
90985.8
92664.7
95775.6
95832.6
97143.8
98475.4
98910.1
99168.5
99273.8
99629.2
100848
101966
102344
103147
103300
104080
104167
104470
104947
105952
108087
108358
108965
108991
109320
109784
110166
111473
111505
111710
112738
113154
114544
115019
116793
116819
117095
117330
118023
119212
119664
119908
121716
123444
123761
124160
125209
125420
125599
126158
126532
127581
128604
129235
129268
129622
129623
130210
130400
130970
131192
133956
134427
134513
135366
136097
136969
137614
138099
140074
140076
140348
140564
141055
141500
141599
141701
141900
142221
142269
142290
142689
143023
143327
143453
144175
144199
146390
146408
146655
149254
149629
149635
149737
151473
151555
152049
153069
153419
153540
153805
153872
154365
154803
154936
157408
157464
158641
159098
159332
159431
159682
159911
159934
159955
160498
161214
161329
162652
162665
162716
163296
163843
164475
164521
164819
165178
165370
165986
166704
166953
166940
167008
167422
167456
168350
168680
169508
169700
169713
170230
170312
171296
171323
171648
172094
172796
173458
173447
173610
174107
175821
176453
177307
177475
177866
178104
178616
178836
179265
179782
180216
182211
182423
182835
183363
185545
185721
186068
186171
186850
187733
188345
188590
188768
190120
190198
190837
191322
192667
192647
193211
193700
194364
197647
197914
199233
