168.87
391.85
488.4
1418.43
1558.16
2370.65
2390.97
2479.97
2579.1
2809.23
2910.52
3489.43
4016.61
4210.29
5109.51
5637.09
6050.47
6139.92
6219.62
6485.4
6581.96
6817.68
7284.17
7535.06
7624.58
7697.9
7790.19
7876.29
8093.18
8384.21
8827.21
8857.01
9389.9
9721.52
9777.26
9786.25
9870.46
10347
10410.7
10543.6
11640.9
12130.5
12135.4
12141.3
12338.9
12344
12714.7
12984.1
13615.2
13634.7
14465.9
14781.3
14978.4
15761.9
16022.9
16122.2
16486.4
16576.6
16651.5
16754.1
16928.1
17191.8
17313
17447.2
18160.5
18273.1
18318.6
18606.8
18685.1
18873.6
18877.5
18904.2
19022.2
19193.6
19296.4
19466
19557.1
19572.4
19789.1
20260.9
20450.4
20598
20634.5
20921.5
21005.5
21229.1
21475
21727.5
21916
22376.4
22388
22649.3
22718.3
22871.3
23190.8
23348.8
23399.8
23412.3
23451.3
23561.5
23702.8
23957.9
23959.9
23964.7
24182.1
25117.1
25304.4
25491.8
25568.1
26137.3
26151.4
26537.1
26913
27058.2
27444.7
28535
28581.8
28719.1
28870.8
29044.9
29335
29862.5
29970.6
30309.1
30418
30494.5
30629.4
30682.6
31008.6
31146.3
31243.5
31930.4
32127.8
32280.3
32298.3
32331.5
32533.4
32567.6
32729.5
32782.4
32852.8
33149.8
33514.5
33521.6
33617.6
33826.1
33872.4
33955.3
33987
34298.4
34323.8
34380.6
36525.4
36784.4
36842.7
37353.3
37724.3
37750.6
38019.6
38292.5
38455.4
38537.9
38582.2
38660.9
38732.9
38813.8
38940.8
38984.6
39095
39296.3
39338.9
39562.9
39572.9
39668.5
40123.1
40594
40632.6
40730
40949.5
41354.3
41462.2
41464.7
41545.1
41564
41601.5
41626.4
41646.5
41787.5
41805.2
41917
42045.4
42073.7
42076.9
42149.9
42753
42854.2
42956.7
42966.9
43190.8
43306
43444.1
43524.7
43901.3
44078.9
44139.3
44500.8
44696.9
44941.7
45013
45108.7
45503.2
45629.3
45752.4
45794.8
45984.5
46081.5
46320.1
46743.1
46845.3
47066.4
47280.9
47426.8
47617.5
47901.5
48238.7
48301
48366.5
48612.7
48647.6
49006.5
49212.2
49294.4
49736.5
49962.9
50208.9
50408.2
50431.8
50687.8
50850.3
50888.6
51156.2
51184.5
52172.7
52537.5
52789.9
52881.9
53097.2
53216.1
53252.9
53641.7
53967.2
54002.9
54043.9
54112.6
54339.6
54659.8
54783.1
55048.5
55285.4
55348.1
55427.7
55713.3
56004.5
56116.5
56279.1
56493.2
56562.8
57613.7
58648.2
58681.9
58771
58842.2
58954.1
58994
59085.1
59093.9
59254.4
59356.7
59478.6
59504.3
59556.3
59706.7
59720.8
59962.3
60237.8
60361.1
60573.9
60623.7
61037.8
61748
61979.6
62034.6
62207.9
62277
62558.4
62673.8
62706.4
62810.9
63062.7
63133.5
63623.3
63937.9
64091.9
64095.5
64312.6
64500.8
64523.3
64705.8
64830.6
64908.3
65003.4
65213.8
65299.1
65377.9
65392
65493.9
65527.9
65869.4
66120.5
66137.4
66279.1
66305
66555.9
66673.9
66805.7
67285.4
67694.9
68390.8
68619.4
68635.9
68819.7
68947.9
69349.2
69412
69548.8
69585.6
69625.6
69844.7
69961
69991.8
70137.1
70233.4
70287.6
70446.2
70701.9
70704.7
70753.4
71046.8
71060.1
71099.4
71144.4
71152.3
71451.1
71469.6
71527.6
71705.5
71747.6
71863.6
71871.8
71969.9
72009.3
72092.6
72158.9
72323.6
72788.9
73194.4
73237.5
73350
73459.3
73773.5
73807.4
74316.4
75020.5
75039.3
75160.6
75323.9
75709.3
75980.7
76306.8
76466
76472
76774.6
77167.8
77191.8
77241.9
77544.9
77960.6
78156.9
78409.1
78440.9
78489.4
78530.6
78536.6
78861
78869.7
78966.6
78969.4
79152.2
79443.8
79453.2
79849.8
80475.7
80607.5
80826.6
80840.4
80931.6
81329.1
81361.7
81652.2
82215.4
82245.9
82331.6
82533.9
82644.3
82891
83184.6
83338.3
83489.4
83504.5
83812.4
83850.7
83906
84144.4
84208.2
84236.2
84746.5
85695.7
85760.4
85776.9
86001.6
86199.5
86224.8
86255.2
86676.6
86764.9
87314.4
87879.3
88360
88422.1
88596.8
88698.4
88731.1
88870.7
88914.1
89261.8
89551.4
89785.1
90026.8
90212.3
90224.8
90238.8
90533.8
90705.8
90723.6
90816.4
91149.4
92442.3
92565.5
92862.9
92877.8
92953.8
93060.3
93222.5
93313.8
93601.9
93665.6
93729.4
93820.6
93893.5
94170.3
94273.3
94461.6
94653.7
95202.5
95316.3
95830.8
95904.3
96022.4
96492.3
96858.3
97089.7
97178.4
97335.2
97346.1
97406.8
97582.5
97694.3
97769.3
97898.1
98121.7
98130.5
98433
98527.2
98843.1
99151.1
99314.4
99500.3
99637.6
99650
99722.3
99800.9
99853.4
100314
100423
100735
101060
101587
101812
102175
102850
102899
103058
103447
103450
103983
104008
104031
104048
104116
104243
104289
104487
104678
104773
105046
105124
106243
106303
106419
106806
106857
107617
107961
108310
108318
108409
108483
108736
108786
108985
109119
109222
109483
109590
109635
110132
110689
110713
110910
111476
111951
112170
112402
112548
112570
112578
112849
112953
113092
113438
113619
113704
113804
113838
113953
114264
114288
114301
114387
114687
114744
114810
114930
115381
115474
115746
115813
115882
115981
116373
116660
116674
116808
116962
117052
117201
117424
117573
118231
118364
118404
118508
118557
118809
119251
119242
119618
119652
120222
120289
120667
120695
120949
121817
122501
122771
123012
123128
123337
123337
123357
123463
123718
124605
124706
124825
125008
125539
126038
126416
126787
126807
127307
127472
127545
127706
127711
127763
127904
127932
127974
128012
128269
128572
128743
129571
129636
129632
129634
129763
129774
129818
129999
130438
130495
130686
130888
131077
131112
131318
131320
131371
131406
131889
131904
132022
132408
132467
133130
133405
133421
133743
133754
134197
134332
134384
134503
135170
135317
135590
135653
136086
136133
136346
136467
136872
137226
137415
137628
137695
137702
138384
138451
138935
139122
139488
139685
139773
139845
139905
140073
140137
140286
140608
140658
141224
141374
142134
142650
142882
142983
143018
143303
143581
143793
143959
143974
144315
144400
144437
144683
144805
144871
145025
145129
145505
145554
145573
145756
145910
145942
145946
146091
146258
146554
146614
146931
146958
146983
147032
147308
147325
147535
148419
148431
148658
149050
149220
149287
149640
149813
150412
150496
150643
150793
150860
151720
151776
152047
152242
152324
152357
152381
152385
152560
152646
153027
154037
154307
154609
154732
154785
154981
155014
155071
155066
155145
155144
155369
155577
155597
155593
155611
155854
155893
155900
156002
156081
156086
156334
156520
156689
157116
157371
158824
160489
160832
161262
161266
161310
161415
161515
161567
161638
161683
161756
161773
161816
161853
162023
162088
162138
162143
162321
162466
162548
162602
162666
162880
162985
163284
163315
163605
163691
164266
164283
164514
164779
164894
165024
165217
165671
165914
166324
166526
166692
166781
166886
167238
167384
167632
167767
168036
168065
168090
168143
168518
168722
168730
168784
168830
168847
169186
169196
169301
169309
169468
169508
169588
169723
169805
169832
169955
169991
170099
170223
170263
170348
170389
170526
170573
170707
171149
171552
171707
172074
172452
172638
172881
173104
173820
173951
173945
174038
174325
174448
174586
174621
174647
174994
175064
175158
175241
175277
175373
175394
175668
175808
176062
176059
176252
176349
176765
177153
178207
178414
178773
179155
179226
179313
179473
179682
179699
179733
179893
179919
180205
180227
180369
180376
180388
180571
180751
180981
181192
181297
181461
181692
181774
181901
182021
182021
182098
182163
182250
182471
182535
182795
183013
183188
183564
183618
183824
184167
184885
184935
185225
185404
185644
185981
186089
186201
186663
186693
186871
187378
187664
187801
187814
187819
187856
188031
188126
188236
188279
188280
188366
188395
188427
189081
189154
189166
189246
189549
189559
189702
189887
190202
190474
190565
190627
190789
190909
190994
191124
191276
191580
191595
191846
191923
192132
192203
192389
192545
192925
192962
193086
193280
193391
193849
194210
194490
194519
195005
195058
195132
195235
195280
195286
195313
195364
195488
195606
195860
196048
196526
196556
196638
196739
197227
197371
197633
197963
197981
198033
198024
198099
198171
198392
198466
198591
198640
198661
198667
198890
198965
199008
199379
199467
199469
199545
199670
199686
199786
