1000.37
1136.31
1443.53
3038.69
3792.58
4041.66
4142.86
4779.98
6021.8
6044.09
6226.56
7064.3
7248.04
7388.16
7915.77
8071.57
8298.51
8870.44
9053.06
10820.9
10990.6
12363.2
12742.8
13141.5
13449.4
13643.2
14442.1
14853
15011.4
15154.6
15387.7
15708.4
16034.2
16229.6
16487.5
16827.7
17051.7
17754.4
17801
18558.1
19958.3
20105
20774.8
21521.1
21884.5
21931.7
22665.9
23360.2
24005.2
25083.4
26893.6
27819.5
27899.6
29409.4
30349.2
30527.4
31456.7
32524
33058.5
33668.2
34821.7
34961.6
35178.8
36484.6
36681.5
37559
37640.1
37691.9
39070.5
39359.3
41204.9
41606.8
42390.4
43384.2
44070.1
44259.3
45443.5
46580.6
46724.9
47454.6
47760.9
48399.4
48557.2
48715.8
48883.6
49505.6
50005.5
50260.4
50425.8
50487.5
50802.3
50919
51320.6
51437.4
51613.5
51873.6
51922.8
52689.3
53073
53245.5
53419.2
54078.2
54453.6
55426.5
55736.8
57032.9
57607.6
57868.6
58126.9
58951.2
58964
59039.9
59677.5
62171
62581.5
63011.5
63224.2
63323.5
63712.4
64544.2
65917.9
67124.6
68151.1
69291.8
69358.2
69451.8
70151.5
70419.2
70728.3
71763.1
72082.2
72862.9
72958.2
73425.1
73878
74481.8
74995.4
75097.4
75142.3
75247.7
75622.5
75640.6
76440.7
77155.8
77802.5
78257.9
79405.6
82960.5
83282.6
83855.3
84168.6
85307
86351.8
86807.4
86818.5
87143.9
87426.9
88197.5
89183.7
89529.3
89679
90048.5
91831.4
93125.4
93662
94235.7
94469.3
95125.7
95171.7
95408.6
96179.8
96203.2
96726.2
96886.7
97767.1
97767.9
102852
103707
104000
105444
105927
106884
107402
107634
109789
110064
111514
111975
112193
113560
113617
113969
113977
114191
114602
115259
115480
116317
116482
116994
117771
118488
119012
119082
119171
119848
119854
119935
120324
120363
120462
120676
122356
122651
122793
126517
127472
128181
128723
128903
128973
129735
129802
130250
130872
130906
131004
131537
132396
132657
132663
134077
135335
135700
137603
139046
139544
141854
142128
142809
144714
145558
145870
147122
147418
147832
148429
150478
152111
152781
153094
153153
154323
154719
156239
156526
156600
157224
157413
159319
159712
160244
160582
160583
161899
162033
163091
163926
164612
164968
165359
166167
166653
167266
168204
168614
171027
171087
171296
172478
173611
174024
175301
175699
176862
177030
177254
177481
177834
178137
178167
179878
180761
181059
181144
181383
182098
182388
182497
183315
184909
185604
186147
186771
186814
187264
187908
188605
190010
190145
190634
191115
191485
192065
192406
192802
192840
193044
193304
193636
196436
196531
197499
197669
198062
198455
199683
199802
