784.92
2357.36
2573.01
3527.65
4246.86
4281.54
5989.14
6689.85
7738.01
10498.3
11656.9
12195.8
16710.1
17973.8
18549.9
19179.9
19711.2
19766.7
21117.2
23384.7
24561
25946.5
27715
28202.6
28948.4
30453.2
30575.2
32372
32516.3
33008.6
33574.1
33766
33962.6
34289.9
34313
34771.6
34975.1
36627.3
37749.4
38402.9
41517.3
42957.6
49335.2
50068.3
51400.3
51575.1
52218.3
52751.7
53130.5
53514.9
56875.7
57404.2
58100.2
59510.2
60116.7
62635.5
63474
65116.3
66583.5
66933.4
68523.6
70369.7
72598.1
75120.8
76246.1
77520.4
79066.7
79582.9
79700.7
79824.2
81142
81661.9
82844.1
84151.9
85209.9
85974.1
86443.9
91441.4
93198.9
94450.4
98386.1
101100
101696
103361
106415
108035
109721
111946
112155
112377
113059
114233
114668
115613
116111
116208
116291
117933
118678
118944
120082
122780
124740
126339
126512
127385
127669
129320
129433
129879
130307
132055
132401
132455
132664
132749
132751
133705
133929
137732
137839
145125
145230
145942
146254
147926
148753
149785
150129
152309
152376
155757
156119
156852
156977
160007
161317
161995
162644
163712
167972
168567
169302
172655
172888
174810
174907
176810
177978
178850
180673
181061
181678
182092
182282
182368
183581
183967
188445
189821
192214
192445
193070
193478
197202
198219
198280
198623
199291
199296
