1547.15
16599.3
23485.6
32627.9
35474.3
36102.4
37241.3
39862.9
40632.5
41806.3
42100.7
43943.3
44335
47160.2
48296.1
49291.5
51729.8
53165.6
54630.7
59320.2
62456.4
63821.9
64801.5
66491
68731.3
71581.5
72084
73765
74366.4
74919.8
76919.8
81067.6
83152.9
96183.5
97796.8
98240.5
102532
103331
105495
106789
108861
117345
118881
120440
122467
123302
123691
125240
127299
127357
127727
129221
129360
130622
131060
131282
140042
148128
152648
157914
160315
163520
164217
168120
171344
172561
173819
175646
176173
178208
181014
182759
183232
188116
192323
192979
194574
195011
