282.77
495.61
529.3
958.11
1250.01
1432.26
1615.98
1944.99
2245.41
2692.79
3462.13
6085.34
8407.23
9736.81
10194.3
11608
12664.7
12799
12965.3
13394.8
13460.4
13618.9
14883.9
16015.2
17242.8
17580.4
17812.3
18173.7
18700.1
20144.4
20379.4
21121.8
22066.6
22352.2
22488.6
23607.7
24111.8
26156.1
26896.4
27345.7
27738.5
28901.1
29404.8
29695.6
30165.6
30524
30529.6
30634.1
32689.3
33968.9
35129.3
35765.4
38307
39105.4
40597.2
40836
41833.5
41921.5
42129.2
42330.4
44220.9
44733.9
45067
45488
47131.7
47783.9
48138
48161.7
48558.8
49663.7
50085.8
51277.3
51878
52773.6
54630.4
54979.2
55033
56182.9
56631.2
56640
57100.2
57540.2
58118.4
58469.5
58584.4
58762.2
59167.3
59371.7
59841.3
60161
60739.4
60823.6
61318.3
62797.4
62868.1
63741.3
63851.7
64540.3
64787.8
66703.2
67330.2
69508.2
69575.2
69797.9
70921.6
70961.5
72726.1
72772.1
72819.7
73492.3
75661.7
75926.7
76598.6
77083.4
77255.5
77652.4
78168.7
78174
78376.6
78533.3
78996.1
79399.2
79512.2
79640.4
80354.3
80845.1
81044.7
81406.2
81922.7
82635.1
82961.7
83084.6
84004.2
84146.2
84254.1
84475.4
84601
85001.8
85286.5
85368
85663.3
86011.5
86140.9
87589.4
88496.7
88832.1
89551.7
89645.2
89739.1
91106.8
91494.4
91853.6
91962.9
92665.1
93419.9
93512.4
93626.1
96300
96308.5
96580.1
97300.3
97385.3
98014
99469.9
99762.6
99832.4
100860
103512
103885
104791
104830
105035
106149
107147
108897
109817
109867
110376
110596
111195
111284
111870
112451
113008
113168
113611
113832
114007
114909
119312
122784
123447
123858
123953
124138
124445
124679
126145
127484
127888
128244
128464
128886
129036
129269
129495
130809
131099
131454
131901
132850
133141
133425
134546
134794
135122
135151
135291
135318
135801
136031
137082
137939
139090
140450
140526
140930
142150
142783
142977
143066
143944
144148
145579
146574
147232
148196
148574
148616
148908
149439
150739
151433
152630
154230
154383
155134
155353
155781
156833
157410
157553
157974
158061
159376
160026
160338
160447
161784
161946
162242
162277
162935
163632
164341
164759
164941
165036
166216
166536
166760
166878
167193
167540
168096
168731
168868
169880
170711
171419
171426
171992
172258
172380
172444
172805
173077
173179
173785
174893
175782
176916
177058
177720
178168
178315
178909
179624
180596
180735
181027
181317
181400
182859
183955
184475
184690
185163
185197
185393
186235
186460
186636
187984
189267
189508
189942
189937
190853
190922
191652
192171
192319
193151
193804
193825
194326
194390
194502
195176
195661
196329
197134
197274
197608
197619
198502
198836
199151
199684
