1231.99
1783.92
1826.54
1921.27
1986.1
3396.46
4004.58
4205.82
5133.99
6431.87
6459.37
6468.14
6798.82
6861.22
7132.08
8085.27
8270.48
8652.65
8827.05
9148.45
10040.4
11390.1
12095.5
12194
12263.1
12694.8
12765
13122.1
13242.9
14760.4
14869.3
15557.6
16521.6
16981.5
17203
17809.3
18191.8
18759.9
19300.8
19643.8
20148
20473.7
20740
21399.6
22791.1
23799.2
24195.1
24721.3
26949.4
27027.9
27628
27651.7
27731.9
27951.7
28235.8
28443.1
29865.7
31413.1
31553.3
31573.5
31830.3
32708
33557.2
34734.7
35192.9
35733.5
36182.5
38478.4
39125.4
39783.9
40283.4
40291.5
40346.8
40578.1
40851.3
43984.3
44937
45390.4
45717.2
47053.8
47172.6
48791.6
49188.4
49291.4
49322.9
50334.3
50469.9
50950.4
51305.8
51526.6
51603.7
51664
52809.9
53620.6
54018.2
54081.7
54394.8
54482.3
55251.3
55556.6
56074.5
56931.1
57350.6
57809.5
58067.3
58727.7
59168.7
60931.2
61198.8
61631.7
62030.5
62406.1
62535.2
62897.2
62998.1
63020
63737.5
65146.3
66167.8
68008.3
68265
68997.3
69522.8
72373.7
72747.9
72987.3
73123.2
74048.2
74437.3
74439
74779.9
75656.5
75687.7
76916.1
77533.8
78668.3
78878.4
78975.5
79734.5
79769.2
80119.9
80199.5
80663.2
80947.8
82765.9
83758.3
84205.9
84216.9
84318.9
84683.3
85134.1
85172.5
85417.3
85570
85995.5
87755.8
87768.6
87899.7
88124.8
89539.4
89809.4
90544.2
91361.8
91615.7
92066.5
92415.6
92857.5
94040.6
94820
94894.4
95023.7
95299
95307.7
96309.3
96805.4
97905.3
99255.2
99590.2
100929
101255
102089
102290
102457
102574
102852
105114
105847
106919
107282
107877
108552
108641
108991
109430
109951
110144
110258
111321
111679
112709
113442
114582
115335
115802
116518
119161
119579
119675
120052
120599
120915
121881
122190
122598
122710
124280
124356
124789
125225
125326
125452
126113
126191
126313
126874
127112
127428
127965
128604
128787
128998
129102
129137
131145
131443
132808
132973
133266
133570
134461
134499
135381
136154
136305
137396
138030
138127
139558
140104
141207
141849
142418
142686
143180
143306
144365
145239
145701
145831
148523
148609
148701
149334
149760
149855
151315
151380
151837
152807
153370
154011
154818
156956
157630
157753
157838
158195
158505
159110
159370
159655
160267
160755
160885
164169
164580
164866
167111
167464
168657
170941
171045
171647
171926
172005
173619
173628
174406
177051
177718
177774
179019
179273
180206
182907
183315
183365
183752
183852
183936
184734
184812
185419
186233
188660
189676
189906
190707
191268
192792
193602
194013
194312
195555
195804
195931
196246
196689
198826
