4452.24
12342.7
12618.2
14190.9
15045.4
15238.3
15539.2
15556.1
15558.6
16779.6
17167.7
17628.6
18165.7
19938.2
20431.2
23040.2
23153.6
23509
25003.1
26734.6
27660.7
29921
30500.6
33966.2
34213.3
35818.6
36049.6
36670.9
38718.2
38921.4
39421.5
41498.5
43334.6
44350.7
44650
44851.9
44963.3
45888.7
46673.1
46801.4
46924.7
47508.4
48337.2
48882.2
49169.6
49761.6
49940.1
51435.5
54715.8
56485.3
57961.1
58298.9
58913.2
59503
59631.8
59773.4
60137.7
60459.3
60708
60902
61074.4
62406.9
62433.7
62909
63661.4
64129.3
64138.2
68235
73783.4
75787.7
77084.7
77418.1
81389.6
84284.4
84707.9
86380.4
87069.1
87890.5
88350.2
88944.7
90091.7
90114.3
96266.6
103292
104275
105605
106807
107075
108708
112381
112890
113282
113476
116055
116777
117356
117535
118576
118839
118982
120952
121826
122801
124418
125483
126100
126414
126854
129479
142614
145534
145920
149438
150089
152991
159086
165320
165401
168832
171273
175957
176288
177274
183704
186298
188410
188946
189331
192391
193018
193331
193591
194257
196985
197493
198266
198617
199638
