132.86
378.96
668.92
801.69
897.23
1224.6
1311.4
2079.3
2105.92
2343.31
2372.05
2739.22
2780.2
3385.4
3399.61
3562
3610.32
3890.94
3909.53
3926.53
4261.57
4376.31
4553.25
4647.31
5017.16
5153.94
5169.39
5285.71
5468.92
5482
5647.94
5749.56
6238.93
6490.64
6690.12
6866.58
7085.29
7168.14
7278.15
7312.73
7541.55
7559.21
7577.32
7607.63
7614.59
7663.96
7908.32
7940.01
8339.48
8400.62
8555.62
9194.83
9280.94
9669.08
9908.02
10786.4
10949.9
11072
11131.3
11243.2
12306.4
12327.9
12340.6
12733.2
12796.1
13236.7
13678.4
14080.1
14426.9
14552.9
14767.1
15040.2
15278.2
15851.8
16019.2
16027.7
16069
16102.3
16155.9
16420.4
16452.7
16480.3
16489.2
16589
16611.9
16604
16703.8
16782.1
16864.8
17060
17617.9
17629.7
17721
17926.5
18060.7
18140.5
18397.1
18432
18541.3
18611.4
18728.2
18963.3
18983.3
19206.3
19305.6
19487.6
19669.7
19945.9
19945.9
20295.4
20333.6
20512
20723.7
20738.3
20912.6
21063.5
21157.6
21225.1
21514.9
21875.8
21914.7
22270.2
22330.2
22715
22873.5
23181.8
23210.2
23240.6
23391.2
23517.4
23936.7
24127.3
24201.2
24288.8
24304.3
24464.2
24615.9
24809.5
25046.7
25110.3
25243
25276.7
25538.6
25592.1
25685.7
25984.6
26376.6
26500.4
26656.7
26727.3
26761.5
27320.3
27826.4
28073.6
28228.2
28340.3
28423
28551.6
28613.7
28672.4
28767.7
28784.6
29099.5
29237.8
29263.1
29480.4
29687.1
29954.5
30125
30611.8
31225.8
31327.4
31806.3
31958.1
32019.6
32341
32419.2
32545.9
32870.5
32998.7
33218.6
33440.8
33626.1
33790.7
34192.4
34326.6
34427.3
34581.1
34655
35049.2
35097.5
36191.5
36583.4
37111.1
37286.8
38069.8
38353.2
39197.9
39222
39384
39619.7
39889
39918
40145.6
40174.9
40475.4
40609.4
40964.7
41071.5
41104.9
41610.5
41766.2
41836.4
41843.4
41956.2
42160.1
42364.7
42500.7
42531.8
42742.6
42802.9
42842.3
42930.7
42944.7
43328.4
43363.7
43601.1
43959.7
44108.7
44307.5
44457.6
44635.2
44641.9
44896.3
45211.6
45373.3
45642
45752
45998.2
46245.5
46250.1
46440.8
46804.2
47433.1
47606
47729.8
47979.2
48101.1
48112.8
48399.3
48664.2
48883.8
48961.2
49208.9
49207.7
49601.6
49645.2
49794
50084.1
50357.4
50502.9
50721.2
50985.6
51048.1
51066.1
51111.8
51354.9
51514.4
51576.9
51612.1
51670.3
52054.1
52061.4
52099.5
52655.6
52782
52932
53158.8
53795.2
53926.1
53978.1
54449
54464.5
54749.1
55141.3
55436.6
55539.5
55539
55737.8
55788.9
56228.4
56854.6
57012.1
57284.5
57446.7
57552.8
57595.2
57815
57869.6
57892.7
58340.5
58409.4
58472
58611.1
58618
58654.2
59018.9
59029.3
59103.8
59268.3
59357.4
59768.9
59823.1
59886
59900.7
60147.1
60215.2
60223.4
60590.4
60612.1
60837.5
60919.3
61003.1
61111.2
61214.2
61493.4
61558.7
61737.3
61934.5
61999.2
62103.4
62179.5
62273.4
62374
62559.9
62667.5
63184
63791.3
64062.9
64072.6
64296.6
64595.5
64669.2
64703.1
64707.6
64788.3
64922.7
64997.6
65157
65401.5
65728.8
65896.2
65937.9
66097.7
66128.6
66419.3
66503.4
66629.6
66630.9
66878.1
67045.5
67266.7
67652.7
67671.3
67726.3
68077.6
68167.4
68201.5
68247.5
68276.7
68301.1
68367.8
68518.3
69013.4
69175.5
69396.1
69534.7
70095.3
70692.1
71116.1
71682.4
71755.1
71805.5
71935.7
72018.8
72179.4
72562.8
72875.7
72938.2
73219.4
73518.5
73531.4
73969.9
74100.1
74149.6
74615.1
75857.9
75906.7
76681.8
76987.6
77494.7
77635.7
78023.3
78067.1
78382.9
79113
79198.9
79306.6
79426.6
79567
79755.5
79780.3
79850.5
80179
80336.2
80443.8
80696.8
80708.4
81540.3
81737.9
81870
82002.2
82090.4
82244.5
82376.6
82516.6
82675.9
82804.5
82827.1
82889.5
82914.3
82953
83062.1
83332.2
83599.9
84060.9
84124.3
84196.2
84419.7
84493.9
84682
84972.5
85107.6
85458.5
85770.5
85914.6
85947.1
86029.6
86054.5
86241.1
86555
86636.6
86774.1
87176.7
87204.2
87539
87674.6
88527.6
88640.3
88776.3
88863.2
89152.3
89429.6
89453.3
89517.2
89559.9
89717.8
89869.5
90371.3
91216.1
91429.9
91706.1
91946.4
92485.2
92573.5
92851.5
93283.4
93376.3
93414.4
94213.6
94352.6
94580.9
94738.9
94767.7
94816.7
94882.7
94935.8
95073.5
95071.5
95180.7
95243.8
95606.8
96300.1
96722.6
97141.8
97205.6
97244.6
97783.1
98137.4
98131.3
98616.6
98672.4
98740.4
98949.5
99242.2
99446.5
99503.2
99737.7
99857.3
100094
100274
100294
101663
101873
102070
102151
102241
102392
102506
102608
102638
102902
102961
103099
103371
103536
103595
103788
104153
104399
104934
105163
105947
106034
106458
106462
106485
106489
106499
106667
106761
106873
107002
107070
107170
107279
107299
107307
107535
107594
107722
107879
108491
108589
108645
108740
108821
108952
109151
109445
109577
109592
109675
109857
109938
110037
110076
110220
110282
110350
110512
110699
111269
111877
111946
112016
112034
112446
112791
112947
113159
113191
113212
113356
113382
113437
113774
113796
113833
113819
113835
114189
114219
114239
114533
114553
114753
114770
114829
115256
115363
115416
115499
115736
115746
115790
116036
116262
116343
116654
116678
116870
116902
116951
117033
117519
117542
118046
118170
118339
118766
118784
119026
119166
119213
119304
119552
119579
119681
119791
119952
120053
120104
120417
120497
120543
120573
120883
120917
121123
121240
121255
121548
121675
121961
122073
122158
122565
122754
122814
123047
123264
123294
123355
123779
123804
124044
124109
124246
124265
124699
124774
124938
125049
125158
125168
125243
125557
125733
125853
125946
126188
126297
126993
127697
128465
128477
128609
129136
129336
129521
129557
129887
130215
130255
130334
130549
130558
130656
131219
131351
131420
131628
131817
131956
132036
132318
132312
132363
132395
132537
132539
132634
132795
132886
133189
133238
133690
133848
134092
134118
134336
134376
134648
134684
134846
134916
135042
135114
135168
135669
135987
136132
137058
137109
137153
137288
137484
137531
137583
137663
137889
137970
138129
138168
138274
138414
138725
139030
139393
139402
139782
139847
140032
140111
140136
140206
140408
140736
140947
141462
141608
141856
142260
142317
142598
142722
142723
142797
142945
142945
143422
143482
143794
143798
143815
144298
144533
145589
145836
145926
145964
146150
146192
146237
146307
146399
146554
146739
146852
146972
147008
147066
147121
147208
147269
147444
147479
147553
147914
148134
148175
148428
148629
148717
148706
149128
149335
149423
149834
149960
150167
150216
150346
150452
150749
150803
151127
151513
151657
151838
151893
152293
152833
153125
153175
153222
153570
153649
153670
153731
154064
154093
154208
154316
154647
154942
155045
155172
155222
155647
155826
155885
155996
156060
156324
156463
156553
156934
156987
156987
157105
157304
157370
157421
157523
157690
157714
157827
157824
158016
158060
158390
158449
158905
159043
159111
159443
159619
159768
160256
160428
160487
160531
160629
160750
160759
160767
161131
161144
161198
161225
161433
161582
161622
161934
162490
162545
162645
162781
162880
163030
163104
163196
163216
163298
163374
163399
163456
163463
163639
163652
163978
164041
164051
164285
164637
164800
164851
164960
165033
165462
165937
166008
166218
166287
166365
166456
166517
166588
167066
167130
167304
167299
167350
167354
167440
167611
167835
167823
168032
168077
168258
168608
168662
168746
168942
169034
169085
169330
169416
169542
169648
169908
169970
170047
170091
170288
170810
170813
171010
171145
171271
171677
171707
171834
171971
171971
172393
172676
173224
173523
173885
174367
175422
176225
176387
176582
176699
176704
176792
177036
177131
177137
178064
178254
178331
178338
178407
178894
179498
179699
179695
179706
179811
180007
180141
180464
180957
181109
181420
181477
181625
182353
182409
182438
182444
182647
182917
183702
183774
184266
184721
184987
185038
185392
185952
186166
186256
186355
186436
186866
186879
187268
187570
187650
187684
187815
187900
187945
188013
188024
188649
188788
188797
188951
189031
189140
189294
189398
189440
189471
189534
189618
189729
189778
189987
190041
190357
190381
190401
190546
190581
190745
190830
190886
190991
191027
191199
191370
191977
192223
193063
193127
193191
193650
193917
194142
194199
194212
194427
194709
194860
194911
195019
195079
195163
195280
195479
195631
195740
195971
196105
196194
196286
196533
196672
196751
196769
197025
197084
197430
197756
197956
199064
199347
199441
199479
199519
199683
199955
