147.29
375.42
647.59
663.34
747.36
758.56
845.08
1160.34
1219.95
1536.35
1608.22
1822.41
1908.37
2295.23
2342.53
2740.15
2929.22
3214.52
3731.49
3957.57
3961.37
4386.39
4539.4
4591.18
4601.61
5002.84
5122.36
5269.61
5599.43
5738.21
5893.1
6058.16
6274.55
6493.87
6773.06
6821.5
6902.79
6909.24
6959.86
7034.13
7645.75
7650.91
7807.74
8072.12
8578.78
8859.06
8928.9
9186.86
9473.65
9529.37
9888.09
10085.4
10110.5
10525
10725.2
10803.4
11204.9
11381.2
11830.7
12062.7
12475.6
12569.8
12582.7
12867
13449.6
13476.7
13582.9
13697.6
13802.2
14092.5
14423.5
14659
14761.7
15197
15395.7
15737.6
15994.9
16102.4
16271.1
17064.7
17293.5
17434.3
17684.9
17819.6
17913.8
18118.5
18586.4
18935.3
18938.8
18966.3
19055.6
19647.3
20386
20487.1
20554.6
20859.8
20953.5
20998.3
21215
21779.4
21826.4
22222.8
22303.5
22337.5
22526.1
22574.9
22920.5
23197.8
23529.5
23678.1
23753.8
23923.9
24614.3
24625.9
24703.4
24829.1
25208
25259
25481.5
25681.1
26834.5
26947
27231
27549.5
27608.7
27983.6
28052.7
28284
28871.2
28926
29089.9
29120.4
29198.8
29302.6
29541.9
29745.4
29792
29927.7
29937.3
30280.8
30584.5
30711
30780.8
30900.5
31207.3
31602.7
32256.3
32344.6
32402
32611.2
32801.2
32870.5
33148.4
33281.5
33547
34504.9
34515.9
34834.6
35066.4
35074.1
35747.6
36170.1
36612.9
36820.4
36820.5
37608
37725
38104.1
38207.1
38344.8
38411.7
38612
38837
38881.4
39149.3
39203.9
39590.6
40195.6
40478.8
40508.3
40768.3
41139.2
41181.8
41394
41555.3
41751.4
41774.4
42024.8
42248.8
42515.1
42577.4
42889.1
42943.5
43098
43422.9
43744
43882.8
43959.6
43986.4
44040.6
44174
44475.5
44606.6
44774.7
44929.4
44967.5
45108
45287.9
45427.7
45899.5
45918.1
46026.7
46672.7
46776.6
46806.3
46904.1
47179.4
47242.5
47257.7
47331.2
47644.2
47951.9
48482.5
48536.3
48620.9
48719.8
48853.1
49124.4
49138.4
49447.2
49744.2
50175.3
50358.8
51128.5
51590.3
51725.9
51758
51754.1
51934
52006.2
52317.7
52653.5
52755
52971.3
53046.9
53218.6
53469.3
53494.7
53892.2
54188.5
54245.9
54565.9
54644.9
54703.8
55168.6
55188.6
55320.5
55647.6
55899
56266.9
56334.3
56509.6
56513.6
56633.6
57280.8
57933.6
58217.9
58314.4
58431
58479.5
59188
60148.3
60447.9
60541.2
60677.9
60949.9
60984.4
61072.7
61146.7
61467.5
61488.2
62389.2
62707.8
62739.5
62842.7
62908.5
63197.5
63305.2
63370.1
64092.2
64397.7
64984.2
64987.2
65017.6
65544.3
65950.6
66248.1
66361
66358.4
66741.6
66947
67124.8
67225.4
67292.3
67450.6
67947.6
68052.2
68089.7
68661.3
68693.4
68867.6
69401.9
69489.4
70240.3
70464.1
70493.9
70559.2
70916.4
70985.2
71548.9
71743.8
71847.4
72230.8
72472.6
72778.9
72824.4
73035.6
73172
73184.2
73341.9
73649.4
73904.1
74391.7
74564.6
74596
74643.2
74843.5
75489
75555
75950.4
76105.1
76286.4
76294.2
76782
76831.4
76957
77028.3
77295.3
77349
77429.1
77746.7
77794.6
78129.1
78242.1
78962.4
79088.3
79200.6
79233
79437.1
79666
79722.9
79899.7
79952.1
80261.1
80324
80350.1
80702.9
80990
81055.8
81106.3
81496.3
82451.9
82805.8
83123.1
83623.5
83863.1
84014.4
84247
84398.5
84791.6
84972.9
85242.3
85563.5
85588.2
85651.6
85667.5
86285.6
86292.3
86366
87164.9
87279.9
87389.2
87405.3
87674.6
87768.6
88378.4
88402.9
88454
88521.9
88899.4
89029.2
89061.5
89760.5
90043.9
90299
90620.8
90630.4
90765.7
90990
91308.2
91427.8
91640.7
91665
91941.5
92061.9
92254.8
92324.3
92349.3
92346.5
92718.5
92711.5
93122
93165.6
93280.1
93865.3
94023.4
94249.1
94328.9
94579.4
95206.7
95926.2
96394.1
96405.8
96476.1
96499.9
96654.4
96943.2
97068
97258.5
97291.8
97613.5
97636.4
97683.1
97838.9
97914.1
98036.4
98096.9
98325.7
98523.6
98588.2
98867.4
99227.1
99282.1
99374.6
99684.7
99811.7
99845.5
99870.2
99989
100121
100165
100292
100473
100668
100801
100901
101036
101242
101304
101659
102015
102165
102279
102428
102477
103201
103323
103635
103832
104115
104706
104891
104950
105178
105318
105344
105375
105823
105908
106546
106583
106772
107230
107725
107978
107980
108449
108524
108572
108845
109114
109455
109705
109890
110147
110245
110596
110611
110883
111691
111924
112035
112569
113072
113501
113535
113843
113850
113869
114026
114229
114447
114593
114918
114997
115107
115779
116374
116611
116783
116925
117160
117186
117257
117534
117766
117847
118121
118267
118444
118553
119067
119317
119582
120010
120151
120192
120489
120514
120901
121169
121394
121454
121553
121881
122043
122340
122350
122926
123010
123259
123384
123384
123658
124197
124299
124376
124836
125466
125480
125866
126189
126213
126288
126484
126707
126891
126908
127142
127317
127612
127728
128084
128262
128327
129363
129380
129681
130389
130490
130816
131071
131123
131138
131325
131503
131583
132040
132069
132339
132454
132751
132798
132821
132993
133318
133556
133640
133697
134028
134175
134413
134984
135109
135170
135231
135420
135475
135729
135984
135983
136094
136100
136477
136569
136627
137001
137136
137365
137789
137812
137866
137964
138355
138557
138697
138712
138820
138944
139176
139468
139523
139938
140035
140430
140576
140743
140830
141021
141238
141248
141724
142043
142129
142731
142917
143422
143462
143873
144005
144200
144263
144537
144914
145290
145419
145547
145551
145707
145922
146689
146850
147333
148225
148309
148558
148684
148871
149064
149170
149541
150002
150071
150263
150402
150397
150393
150692
150925
150940
151100
151273
151460
151704
151738
152197
152267
152655
152762
153025
153056
153619
154039
154282
154364
154552
154650
154663
154705
155099
155135
155295
155351
155504
155566
155566
155729
155780
156207
156357
156594
156766
156875
157148
157183
157250
157306
157383
157427
157965
158132
158609
158672
158855
159124
159176
159320
159437
160034
160322
160577
160625
160968
161065
161095
161272
161455
161677
161940
161959
162659
162856
162875
162974
163009
163265
163274
163578
163649
163709
163833
163977
164023
164033
165125
165758
165922
165935
165997
166327
166411
166655
167129
167330
167735
168052
168144
168297
168303
168350
168406
168776
169105
169938
170060
170050
170315
170376
170473
170530
170537
170611
170949
171224
171278
171520
171863
172001
172052
172051
173425
173441
173673
173768
174168
174471
174509
175010
175010
175884
176059
176121
176130
176719
176859
176950
177218
177246
177612
177640
178181
178268
178554
178867
178940
179070
179145
179338
179393
179804
180685
181070
181073
181415
181807
182300
182443
182746
183155
183171
183231
183291
183500
183981
184046
184050
184460
184649
184700
184712
184873
184981
185587
185612
185726
185889
186402
186434
186509
186735
186780
186952
186994
187253
187289
187568
188173
188995
189561
189722
189717
190014
190154
190245
190404
190412
190404
190474
192009
192094
192363
192560
192622
192917
192972
193624
193677
193983
194128
194241
194328
194430
194445
194515
194533
194814
195040
195496
195654
196033
196172
196558
196586
196682
197011
197019
197303
197671
198374
198596
198652
198665
198678
198695
199077
199165
199217
199559
199593
199869
199946
