438.27
564.34
604.1
1038.47
1287.33
1363.3
1374.64
1639.02
2060.06
2275.53
3165.21
3435.64
3847.06
4298.79
4445.03
4484.14
4583.93
5786.36
5996.69
6489.31
6662.46
6728.14
6793.59
7022.51
8264.03
8604.12
8716.79
8954.17
9056.44
9192.79
9430.81
9919.18
10444.1
10471.2
10522.1
10561.6
10873.8
10880.8
10887.2
11714.8
11828.6
11953.1
12215.9
12353.5
12367.5
13249.2
13272.1
13363.4
13391.4
13443.3
13445.2
13902.3
13945.7
13960.6
15155.7
15866.6
16348.1
16664.3
16822.2
16848.7
16964.2
17150.9
17473.9
17520
17926.6
18090.5
18413.7
19265.6
19295.1
19381.3
19558
19992.3
20130.9
20244.9
20760
20961.1
21000.1
21257.7
21621.9
21964.4
22284.5
22342
22685.1
23002.3
23490.4
24112.3
24591
25018.4
25099.4
25488.6
25745.4
26374.7
26828.3
27269.6
27345
27570.7
28122.8
28937.4
29489.4
29641.8
30279
30550.4
30664.1
30898.8
31177.9
31441.3
31933.4
31959.4
32090.2
32156.1
32995
33347.5
33372.2
33551
34291.4
34313.5
34674.9
34714.7
35134.9
35259.6
36283.3
37466.1
37587.6
37582.6
37978.4
38219.4
38612.9
38643.8
38907.5
39730.3
40235.6
40398.2
40452.8
40526.5
40886.5
41491.5
41512.9
41634.6
41725.8
41947.9
42848.6
42986.2
43077.9
43154.6
43404.5
43448.8
43516.8
43723.1
43868.9
44011
44014.1
44546.1
44593.6
44635.4
45132.9
45180.4
45425.9
45683.4
45716.2
45769.3
46980.9
47182.4
47448.6
47689.1
48087.2
48316.6
48379.8
48858.4
48952.3
49014.5
49239.8
49274.5
49620
50279.8
50806.4
51082.8
51372.4
51576.3
51589.4
51763.5
52007.5
52198.5
52427.8
52553.6
52759.1
53522.7
53851.7
53997.3
54087.8
54481
54482.1
54696
55010.6
55717.9
55824.2
56137
56161.7
56235.8
57720.6
58035.3
58082.8
58342.9
58737
58746.9
58794.4
59344.1
59424.7
59709.9
59928.8
59945.7
60072.4
60802.7
60895.9
60897.7
61997.9
62050.1
62577.3
62588.9
62702.6
62758.2
63104.5
63240.4
63716.9
63992.2
64097.5
64774.3
64823
65293.6
65772.3
66300.1
66363
66604.1
66902.7
67520.4
67561.7
67594.7
67888.9
68091.4
68236.5
68692.5
70224.7
70236
70943.1
70972.8
71549.3
71619.7
71696.3
71715.5
72657.4
72790.5
72874.1
73606.9
73740.8
74286.4
74766.4
75310.4
75422.1
75643.9
76134
76469.6
76477.2
76623.1
77206.5
77438
77894.3
77995.5
78062.6
78389
78621.8
78715
78741
78745.1
78844.8
79541.5
79633.4
80009
80238.8
80380
81040.2
82114.2
82307.6
83062.2
83427.7
83718.1
84010.7
84055.8
84625.2
84673.8
84823.4
85419.4
85541
85670.3
85820.6
86057.7
86087.4
86779.8
87094.2
87298.9
87632.4
88040.6
88311.2
88420.8
88665.5
88994.8
89432.1
89456.3
89904.6
90360.7
90559.3
90676.3
90884.1
90900.6
91269.1
91786.9
91812
91909.1
92102
92217.2
92458.3
92627.5
92764.9
93482
93530.7
93545.2
93837.7
94174.2
94750.5
95120.6
95137
95247.8
96072.7
96193.6
96328.7
96347.4
97001.9
97510
97574.4
97705.8
98314.4
98468
98680
98826.8
99016.7
99215.3
99491.8
99618.7
99692.5
99764.4
99881.5
99926.8
99928.8
100701
100776
100975
101121
101287
101345
101469
101807
101814
101952
102016
102051
102301
102569
103077
103077
103161
103305
103312
103392
103547
103600
103851
104416
104989
105026
105267
106011
106305
106427
106952
107034
107113
107503
107547
107737
107749
107850
108231
108326
108880
109333
109458
110088
110404
111093
111102
111463
111865
112168
112932
113197
113279
113602
113807
114665
114678
115275
116699
117801
117922
117964
118751
119092
119882
120106
120217
121549
122097
122278
122717
122742
123212
123388
123418
123467
123496
123928
123980
124183
124518
124609
124792
125105
125311
125373
125668
126346
126453
126758
126876
126928
127094
127159
127309
127549
127637
128178
128433
128497
128545
129376
129698
130118
130700
131397
131869
132460
132471
132672
133128
133151
133284
133409
133447
133463
134011
134589
134782
135144
135169
135546
135832
135904
136002
136305
136449
136691
136827
136959
137266
137299
137536
137557
138216
138225
138469
139204
139332
139816
140265
140486
140836
141504
141902
142462
142552
142688
142754
143425
143517
143517
143717
144180
145045
145059
145137
145201
145471
145807
146215
146640
146995
147117
147524
147759
147985
148253
148398
148573
148863
148955
149073
149367
149848
149910
150229
150497
150693
151481
152512
152568
152797
153315
153365
153889
154333
155011
155505
155571
156060
156304
156311
156571
156607
156673
156987
157064
157626
158181
158387
158867
158996
159762
160646
160845
161729
161890
162332
162543
162685
162734
162772
163308
163370
163825
164179
165333
165547
165635
165817
166314
166364
166805
167005
167222
167506
167606
167875
168018
168137
168421
168863
169378
169757
170247
170701
170945
171004
171194
171301
171719
171860
172403
172716
172895
173150
173210
173313
173811
174260
174831
175184
175359
175418
175829
176686
177153
177571
178074
178134
178511
178577
178827
178893
179001
179191
179250
179720
179738
179826
180055
180546
181317
181516
182086
182195
182622
182647
182814
182966
183705
183790
184311
184328
184391
184628
184718
184986
185123
185390
186403
186577
186978
187339
187751
188554
188766
188947
189287
189703
189819
189841
189962
189956
189972
189997
190217
190323
190372
190953
191032
191357
191515
191631
191785
192193
192433
193282
193639
193899
194378
194371
195304
195620
195658
195900
195986
196029
196250
196303
196475
196769
197704
197896
198285
198442
198722
198765
198833
198957
198963
199296
199392
199408
