122.2
582.43
630.09
972.84
1446.38
1705.79
1890.55
2107.05
2221.32
2256.03
2387.91
2642.86
3039.54
3534.2
3583.49
4263
4297.03
4357.49
4598.38
4690.35
4720.01
4904.16
5033.01
5073.89
5136.74
5512.8
5526.76
5568.39
5729.1
5872.76
5944.89
6233.97
6294.11
6496.75
6584.03
6873.08
6919.11
7150.95
7528.62
8447.49
8552.67
8831.07
8892.82
9098.41
9143.34
9465.46
9722.43
10240.5
10526.4
10939.5
12360.7
12654
13363.9
13925.3
13963.5
14406.5
14698.5
17521.7
18262.7
18331.2
19805.1
20880.2
21484.5
21582.7
21988
22308.1
22364.7
22804.9
22811.6
22933.9
23436.8
23627.6
23799.7
23852.1
23959.8
24039.6
24705.1
24830.5
25000.1
25134.8
25283.5
25573.7
25647.1
25837.9
26081.1
26128.5
26592.6
26998.6
27214.1
27302.3
27330.1
28370.9
29239.1
29668.6
31026
31223.4
31559.8
32435.8
33757.1
33925.5
34333.9
34402.4
34826.4
34835.3
34863.4
34870.4
35140.6
35145.9
35175.8
35286.7
35534.7
35734.6
35967.2
35988.4
36707.4
36886.6
37666.4
38000.2
38001.1
38015.3
38141
38211.1
38305.6
38679.5
39742.4
40516.4
40610.3
41572.9
42089.3
42217.6
42544.2
42627.6
42739.9
43198.8
43364.2
43866.8
44165.9
44608.5
44802.1
44956.3
45304.4
45720.7
45738.9
45857.8
45983.2
46308.3
46491.2
46654.9
46704.2
46735.5
46748.3
46975.9
47010
47148.1
47165.4
47304.6
48043
48472.5
48649.1
49055.4
49523.6
49647.1
50333.4
50531.9
53013.4
53535.2
53622.7
53920.1
53994.2
54412.1
54564.2
54742.1
54878.4
54928.6
54975.9
55236.5
55294.8
55671.7
55929.1
56342.8
56819.5
56918.9
56977.6
57147.1
57163.4
57231.7
57337.6
57333.2
57540.5
57881.5
58013
58315.4
58466.3
58518.8
58695.7
58780.7
59679.5
60054
61881
62607.3
63817.5
64243.3
64484.5
64748.9
64790.2
65358.1
65747.7
65944.1
66672.3
66830.3
67227.2
67317
67447.1
67838.8
68343.4
68975.4
69229.7
69374.5
70084.5
70195.7
70313
70780.2
71111.2
71284.1
72033.4
72238.6
72234.1
72509.5
72570.9
72787.7
73376.9
73569.6
73578.2
73683.2
73905
74026.1
74028.2
74329.7
74343.6
74591.7
75402
76229.8
76386.6
76677
77254.3
77563.3
78263.3
80094.2
81596.9
81864.3
81878.6
82165.3
82238.4
82389.4
82432.7
83473.8
83730
84218.5
84486.9
84645.5
85070.8
85809
86534
87631.7
87718.4
88088.8
88509.4
88558.9
88584
88629.1
88632
88944.9
89200.6
89642.8
89894.5
89954.1
90181.4
90599.1
90795.6
90841.2
90939.3
91672.8
92276.1
93559.6
94944.9
95997.9
96767.4
97703.1
97884.9
98001.4
98423.3
99601.2
99754
100017
100748
101339
102697
102888
103066
103304
103794
104493
105158
105218
105515
105659
105975
106075
106548
106998
107273
107383
107453
107748
107886
108254
108554
108801
109130
109305
110332
110649
110822
111075
111215
111256
111362
111562
112478
112493
112797
112950
112992
113152
113510
113642
113935
115739
116184
116463
116568
116611
116626
116700
116765
117008
117010
117370
118001
118146
118659
118806
118881
119309
119857
120095
120133
120565
120675
120795
121415
121433
121659
122328
122639
122827
122945
123151
123302
123432
123609
123628
123672
124681
124761
125382
126236
126629
127056
127562
127599
128288
128426
129062
129293
129320
129766
130012
130085
130159
130389
131227
131432
131466
131924
132307
132616
132754
133172
133213
133523
133574
133767
134356
136163
136328
136494
136658
136823
136905
137312
137667
137868
138213
138396
138633
138802
139058
139241
139396
139685
140411
140426
140919
141857
142671
143670
146612
147024
147417
148269
148585
149062
149475
149536
149902
150258
150293
150782
151883
152969
153345
154140
154410
154424
154979
154992
156067
157358
158807
159004
159262
159767
160220
160234
160751
160829
161274
161819
162093
162143
162310
162957
163141
163967
164144
164342
165152
165265
165781
165915
166277
166468
166531
166738
166852
166991
167726
168137
168291
168520
168720
168723
168754
169037
169039
169286
169313
169606
169611
169667
170058
170090
170454
171354
171413
172078
172506
172632
173043
173784
174299
174574
174810
175016
175056
175494
175648
175764
175998
176580
176654
176794
176829
178140
178380
179479
180048
180192
180295
180535
180873
181248
181463
181565
181744
181756
182564
182812
183022
183191
183460
183915
183928
184078
184997
185233
185907
187452
188141
188415
188707
188859
189207
189659
189930
190538
190786
191086
191834
191868
192088
192441
192879
193180
193333
193561
194280
195107
195256
195558
195707
196349
196465
196605
196765
197091
197273
197529
197876
198032
198570
198735
199056
