1193.18
1606.74
2989.2
3662.38
4388.41
5411.59
6519.41
8734.09
9189.96
9983.31
10344
10580
10780.1
11246
11660.4
12214.3
12742.7
13023.4
13757.4
14200.7
14228.4
14697.3
14916.2
15539.2
16497.5
16855.6
17184.6
18413.4
19379.6
20603.1
20764.2
24003.6
24748.3
25112.1
31619.8
33036.9
34494.5
43988.6
44387.8
44579.2
45147.3
46899.7
47832.7
48313.6
53172.6
53264.4
53470.3
53676.2
54280.7
54551.6
57356
61653.7
61943.5
62510.2
62674.7
65307.2
65323.7
66788.7
67338.7
67391.9
68631.3
69450.4
69900.8
71176.4
72454.5
72677.9
79668.5
79828.3
80553.9
89568.1
98678.2
99512.9
99875.2
104082
107868
109110
110070
111210
111611
111729
113739
114245
115681
116233
116266
116549
116945
117998
118499
122903
123212
123363
123899
124501
124714
125321
125630
126247
126466
127138
127439
127935
129320
129799
130531
130610
131423
131514
131715
131761
131993
132063
132322
133021
135051
135521
136497
137132
137632
137894
143807
143839
144373
144503
144755
144882
145724
145860
146230
146282
147589
147978
148252
149155
153095
154221
155444
158697
160160
162525
162795
163196
163954
164982
165623
167781
168877
169473
170164
170212
171921
172376
173327
173981
174657
175069
181509
183876
184819
186520
187754
188478
189691
192164
193998
194521
194546
195001
195112
196307
196739
197512
198236
199882
199965
