-0.09
-0.081
-0.188209
-0.1
-0.09
-0.081
-0.1
-0.09
-99999
-0.19
-0.09
-0.09
-0.081
-0.1
-0.1
-0.1
-0.081
-0.1
-0.09
-0.181
-0.1
-0.06561
-0.18
-0.1539
-0.081
-0.09
-0.171
-0.0729
-0.09
-0.1
-0.09
-0.081
-0.181
-0.0729
-0.181
-0.09
-0.1
-0.1
-0.09
-0.06561
-0.06561
-0.09
-0.09
-0.09
-0.1
-0.1
-0.1
-0.081
-0.1
-0.09
-0.1
-0.09
-0.09
-0.081
-0.09
-0.09
-0.09
-0.14661
-0.1
-0.09
-0.1
-0.0729
-0.081
-0.2
-0.081
-0.081
-0.09
-0.09
-0.09
-0.1
-0.09
-0.1
-0.09
-0.09
-0.09
-0.081
-0.1
-0.081
-0.081
-0.081
-0.1
-0.081
-0.059049
-0.1
-0.1
-0.09
-0.1
-0.09
-0.09
-0.081
-0.09
-0.09
-0.1
-99999
-0.09
-0.09
-0.1
-0.1
-0.081
-0.06561
-0.081
-0.09
-0.09
-0.09
-0.059049
-0.19
-0.0729
-0.1
-0.09
-0.09
-0.0729
-0.09
-0.1
-0.1
-0.1
-0.059049
-0.0729
-0.09
-0.09
-0.1
-0.081
-0.059049
-0.081
-0.0729
-0.081
-0.1
-0.171
-0.09
-0.081
-0.09
-0.09
-0.0729
-0.1
-0.1
-0.09
-0.09
-0.1
-0.09
-0.09
-0.081
-0.09
-0.06561
-0.0430467
-0.0729
-0.06561
-0.081
-0.0729
-0.19
-0.09
-0.09
-0.1
-0.081
-0.081
-0.09
-0.0729
-0.1
-0.09
-0.0729
-0.081
-0.081
-0.1
-0.09
-0.06561
-0.081
-0.081
-0.0959049
-0.09
-0.1
-0.19
-0.059049
-0.09
-0.1
-0.081
-0.09
-0.09
-0.1
-0.1
-0.1
-0.09
-0.1
-0.081
-0.081
-0.09
-0.1
-0.171
-0.171
-0.06561
-0.09
-0.081
-0.19
-0.1
-0.1
-0.09
-0.09
-0.0531441
-0.1
-0.081
-0.09
-0.1
-0.081
-0.081
-0.0729
-0.081
-0.0729
-0.081
-0.09
-0.081
-0.1
-0.0729
-0.059049
-0.081
-0.1458
-0.09
-0.0729
-0.1629
-0.09
-0.081
-0.09
-0.0729
-0.1
-0.09
-0.1
-0.081
-0.09
-0.081
-0.1
-0.081
-0.1
-0.081
-0.081
-0.09
-0.0729
-0.124659
-0.059049
-0.0729
-0.09
-0.0729
-0.09
-0.1
-0.09
-0.09
-0.1
-0.0729
-0.09
-0.06561
-0.1
-0.081
-0.171
-0.159049
-0.09
-0.09
-0.09
-0.1
-0.19
-0.09
-0.081
-0.09
-0.1
-0.1
-0.1
-0.09
-0.09
-0.1
-0.09
-0.081
-0.09
-0.09
-0.1
-0.09
-0.06561
-0.0729
-0.081
-0.1
-0.081
-0.09
-0.0729
-0.081
-0.09
-0.081
-0.09
-0.19
-0.1729
-0.1
-0.1
-0.09
-0.09
-0.081
-0.081
-0.09
-0.171
-0.1
-0.09
-0.0729
-0.081
-0.2
-0.09
-0.09
-0.09
-0.1
-0.1
-0.1629
-0.1
-0.1
-0.1
-0.1
-0.09
-0.0729
-0.081
-0.09
-0.09
-0.09
-0.19
-0.081
-0.081
-0.09
-0.1
-0.1
-0.1
-99999
-0.09
-0.1
-0.1
-0.1
-0.09
-0.09
-0.1539
-0.1
-0.2629
-0.1
-0.1
-0.1
-0.19
-0.1
-0.1
-0.081
-0.0891
