212.6
990.71
3509.75
3513.12
3601.04
4902.56
5129.48
5415.33
5645.89
5646.53
5996.6
6334.79
6576.59
7955.2
9811.61
10013.5
10136.2
10974.2
14615.1
15466
16202.3
17569.4
17638.3
18627.7
19368
19971.8
21302.4
21560.9
21594.2
22427.7
23342
23487.3
23952.4
24354.7
25110.2
26080.1
26830.9
28452.8
30373.5
31689
31939.6
32003.2
32024.1
32469.4
33075.9
33530.5
33573.9
34301.3
35062.8
35861.6
36311.3
36381.1
36608.6
36874.2
38108.4
38939.6
39744
40290.9
41791.3
43452
45753.3
46767.3
48320.6
49995.1
51508.9
51902.2
52742.1
53030
53126.7
54469.5
54907.2
55614.6
56060.4
56555.8
56670.2
58229.7
60164.2
60682.6
63165.5
63798.3
64533.1
66857.7
67035.1
67427.2
68146.8
69362
70307.6
70649.5
71358.1
71881.3
72328
72527.6
72836.2
73235.8
73281.9
73811
74114.8
74330.5
74491.4
74845.3
76621.3
79585.5
79988.2
80759
81407
81428.1
82171.1
82179.2
83011.1
83406.4
84137.5
85827.6
86906.6
87578.5
88018.6
88339.1
90257.1
91004.4
92967.5
93400.3
93792.6
93984.2
94022.2
94034
94952.9
95311.9
95495.3
97769.6
99212.1
100669
102299
103107
105169
106359
108366
109077
109290
109707
110187
110673
111392
111760
112153
112465
112517
112648
113360
114783
114869
115410
115524
115548
116298
116483
117111
118342
118468
118860
119120
119188
119528
119916
120197
120568
121495
123056
123204
124006
124231
126117
128364
129299
130079
130838
130926
132285
132451
132875
133521
134564
134824
135075
135731
136006
137066
137481
137801
137873
139175
139780
139807
139936
141221
141703
142260
143047
143142
143750
144266
144870
145908
146434
147117
148306
149124
149533
150227
151471
152305
154160
154873
157494
157971
158087
160004
160649
160998
161515
164341
165207
165539
166570
168450
168827
169370
169825
170185
170232
170597
171827
172696
173609
173727
173865
174400
175521
176289
176617
176650
177531
177541
178293
178474
179749
180004
180147
180270
180589
181734
182964
183939
185254
185528
185957
189315
189743
192038
192380
193200
196174
198012
198480
198528
