272.48
298.48
303.73
306.79
307.77
312
312.17
314.13
318.38
322.67
323.18
330.78
338.67
340.57
342.48
355.58
360.11
393.21
400.08
519.54
534.68
565.77
585.54
589.41
596.74
606.82
617.53
617.18
620.52
629.08
637.89
642.35
649.85
656.97
661.1
666.18
679.2
685.37
728.73
746.13
771.71
808.26
839.33
849.9
869.79
889.6
911.41
938.02
986.3
994.71
1078.08
1140.71
1161.54
1421.36
1430.4
1477.31
1482.05
1485.95
1493.42
1495.71
1502.64
1530.39
1534.92
1912.48
2799.46
3589.24
3723
3767.46
3791.69
3802.05
3806.98
3824.31
4121.93
4127.12
4129.13
4131.58
4144.89
4152.7
4158.86
4164.2
4191.07
4204.72
4232.95
4259.2
4287.18
4293.83
4311.51
4316.51
4319.92
4332.57
4339.56
4343.85
4359.96
4373
4568.67
4589.64
4597.02
4598.48
4599.02
4605.57
4612.46
4616.12
4620.27
4624.38
4628.91
4645.68
4647.21
4664.22
4666.08
4670.96
4685.2
4692.47
4697.87
4717.9
4747.39
4752.7
4781.66
4783.99
4790.89
5350.62
5378.15
5402.49
5405.54
5408.3
5425.64
5435.83
5438.52
5442.26
5446.85
5453.66
5455.51
5475.7
5487.77
5491.29
5495.56
5509.95
5514.88
5519.12
5528.84
5532.26
5543.93
5556.17
5560.84
5568.46
5586.31
5587.46
5591.55
5592.45
5594.93
5596.73
5597.54
5606.43
5609.35
5610.84
5617.66
5622.61
5623.92
5625.28
5628.69
5632.09
5639.2
5643.84
5647.2
5650.73
5652.73
5658.53
5661.26
5670.39
5673.35
5679.36
5688.12
5691.25
5694.03
5709.13
5718.62
5720.91
5724.86
5728.4
5749.26
5760.58
5766.63
5768.86
5779
5788.21
5795.87
5798.53
5939.36
5993.55
6036.35
6050.26
6055.38
6061.16
6075.25
6085.43
6100.27
6103.77
6191.28
6193.8
6197.86
6199.03
6204.85
6245.21
6252.06
6278.07
6288.28
6306.07
6336.65
6347.3
6368.85
6416.74
6426.23
6463.97
6467.89
6477.61
6481.42
6483.4
6487.24
6500.38
6504.22
6506.17
6510.98
6516.59
6519.76
6526.23
6530.91
6533.72
6537.99
6553.44
6558.9
6567.83
6623.54
6628
6632.76
6691.31
6697.95
6717.56
6744.5
6777.09
6783.31
6788.13
6797.82
6799
6804.06
6806.97
6811.76
6816.65
6818.14
6822.93
6826.81
6829.91
6837.89
6840.08
6845.21
6847.85
6856.18
6874.14
6886.35
6898.12
7056.13
7059.61
7062.93
7064.28
7066.15
7069.16
7081.35
7083.83
7091.84
7099
7123.11
7125.9
7127.48
7129.01
7133.37
7146.77
7156.88
7160.53
7165.96
7168.41
7173.03
7182.06
7185.56
7955.94
8743.02
8789.92
8797.34
8806.59
8811.73
8818.16
8820.61
8824.58
8850.61
8859.86
8862.89
8876.37
9862.29
9875.72
9878.44
9896.33
9903.06
9924.74
10188.8
10197
10298.9
10333.4
10337.5
10339.3
10345.3
10356.8
10359.9
10366.5
10379.2
10384.5
10386.2
10715.1
10719.4
10736.4
10739
10741.7
10748.2
10753.8
10757.8
10782.2
10790.1
11625.5
11635.3
11791.4
11794.2
11826.8
11838.4
11886
11908.2
11927.9
11939.3
11943.1
11947.3
11956.6
11968.9
11983
11997.1
11996.7
12004.2
12008.4
12008.4
12015.8
12018.7
12024.6
12026.7
12029.8
12032.2
12036.4
12043.5
12046.7
12051.6
12053.5
12061.1
12066.1
12067.5
12077.8
12081.8
12083
12100.3
12104.5
12109.8
12120.2
12126.2
12157.1
12273.3
12276.3
12307.6
12758.3
12771.9
12783.9
12797.4
12925.8
12943.7
12991.3
12998.4
13002.6
13043.2
13046.4
13050.7
13061.2
13065.4
13069.1
13074.8
13081.1
13100.6
13102.9
13105.7
13113.3
13121.3
13131.4
13138.3
13188.9
13194.1
13196.7
13202.1
13204.3
13208.8
13212.4
13217.7
13223.3
13231.1
13233.6
13245.1
13252.2
13263.6
13266.2
13277.9
13367
13417.7
13444.3
13448.1
13450.6
13476.5
13479.4
13483.5
13485.7
13489.3
13500.1
13506.8
13508
13511.8
13530.7
13532.8
13537.8
13548
13566.3
13571.8
13584.4
13593.8
13617.4
13627.9
13630.2
13684.4
13739.5
13783.7
13792.9
13830.3
13833.4
13836.9
13844.9
13847.3
13860.1
13862.7
13867.7
13870
13873.1
13882.8
13890.7
13894.7
13896.1
13903.9
13922.3
13929.4
13932.5
13961.8
13972.5
13986.4
13998
14005
14011.5
14021.6
14025.3
14034
14044.2
14047.8
14050.6
14055.9
14216.7
14247.6
14255.5
14259.5
14273.6
14284.5
14292.2
14294.7
14296.3
14303.7
14330
14331
14353.6
14359.8
14367
14376
14378.6
14389.1
14399.6
14450.7
14454
14457.6
14461
14469.3
14474.2
14481
14483.8
14494.4
14498.3
14515.6
14520.4
14529.6
14532.4
14539.3
14542.5
14550.6
14552.5
14555.5
14557.6
14558.7
14559.2
14561.5
14563
14566.2
14564.8
14569.5
14574.2
14573.4
14576.7
14581.3
14584.1
14586.4
14586.1
14589
14593.1
14608.2
14609.6
14617.2
14618.6
14623.9
14627.1
14629.5
14635
14641.6
14641.4
14644.5
14648.6
14647.9
14650.1
14652.3
14656.4
14657.8
14656.3
14667
14671.8
14687.4
14707.2
15159.1
15166.6
15183.4
15198.8
15201.5
15255.2
15275.1
15298.7
15326
16651
16682.4
16683.8
16745.1
16751
16764.1
16770.1
16771.5
16773.8
16773.8
16779.8
16781.2
16787.8
16795.4
16805.5
16810.7
16815.4
16896.7
16899.6
16906.2
16909.6
16911.3
16913.8
16915.7
16930.1
16932.1
16954.2
16974.3
16980.9
16982.9
17000.9
17009.2
17012.2
17024
17036.6
17045.5
17049.9
17071.3
17152.9
17194.3
17217.6
17227.3
17245.3
17248.7
17282.9
17303
17303.8
17306.4
17311.4
17335.8
17336.4
17350.9
17365.3
17366.3
17380.8
17387.1
17390.4
17392.7
17423.4
17425.3
17430
17437.3
17444
17447.9
17461.5
17472.9
17484.4
17493.1
17497.6
17498.7
17502
17504.6
17511.4
17515.6
17518.3
17523.5
17525.9
17527.7
17536.5
17538.4
17543.2
17555.1
17562.2
17571.6
17575.7
17633.8
17641.2
17652.1
17653.9
17671.2
17673.7
17681.5
18254.8
18269.7
18271.8
18280
18289.2
18291.1
18298.2
18305.2
18306.9
18318.3
18322.2
18343.1
18350.8
18352.7
18360.6
18366.4
18373.8
18376.6
18379.1
18385
18389.9
18391
18396.7
18397.2
18404.8
18410.8
18418.4
18429.5
18432.2
18436.1
18439.7
18451.4
18469.3
18478.3
18492.3
18524.4
18531.3
18538.9
18857.6
18866.9
18871.3
18884.2
18890.1
18895.9
18902.9
18911.3
18918.1
18933.3
18947.7
18952.2
18955.7
19139.7
19190
19193.7
19195.8
19230.8
19256.9
19259
19268.3
19272.2
19288.4
19294.3
19296.4
19299.1
19326.9
19337.6
19343.7
19358.7
19367.5
19373.9
19383.1
19386.7
19397.3
19401.4
19405.7
19408.5
19718.7
19720.9
19728.3
20189.8
20201.1
20232.9
20239.7
20250.9
20258.6
20270
20772
20777.6
20787.9
20796.7
20801.9
20808
20809.2
20825
20852.5
20866.7
20875
20879.4
20889.8
20894.9
20900.5
21104.5
21337.9
21345.8
21348.6
21350.4
21359
21367.3
21380
21382.6
21387.4
21392.1
21398.3
21402.3
21409.6
21415.6
21434
21437.2
21444.1
21464.1
21482.4
21486.6
21491.6
21496.5
21624.7
21637.1
21680.4
21682.5
21694.8
21704.3
21710
21716.2
21721.4
21725
21728.2
21730.6
21732.1
21734.8
21739.2
21744.5
21748.8
21750.5
21756.6
21766.5
21774.4
21778
21784.3
21785.7
21791.4
21806.9
21808.3
21809.7
21839.9
21852.8
21855.7
21868.7
21870.4
21881.5
21890
21892.7
21908.8
21928.7
21938.7
21942.4
21944.8
21948
21949.8
21954.3
21951.7
21955.7
21957.5
21960.7
21968.4
21965.8
21969.7
21974.2
21976.9
21978.6
21982.5
21993.9
22001.7
22005
22015.1
22018.4
22026.7
22030.9
22043.7
22041.9
22044.4
22047.7
22053.6
22058.3
22054.9
22059.9
22075
22077.4
22079.7
22081.4
22088.1
22090.2
22095.9
22097.5
22106.8
22113.9
22150
22153.2
22159.4
22163.7
22180.1
22190.4
22193
22215
22217.4
22233.6
22239.7
22242.2
22248.9
22261.8
22263.1
22271.9
22275
22276.6
22280.1
22283.3
22285.3
22287.4
22293.3
22295.3
22300.3
22304.1
22299.2
22316.5
22332.5
22330.5
22349.6
22353.9
22357.2
22382.9
22395.9
22440.9
22468.8
22483.8
22504.7
22520.7
22523.2
22531.5
22532.7
22542.8
22580.3
22583.1
22613.7
22629.8
22645.1
22649.4
22662.3
22666.4
22672.2
22674.5
22679.2
22683.6
22704.3
22731
22816
22846.9
22877.3
22883.4
22884.7
22889.6
22920.6
22930.9
22938.7
22946.6
22954.3
22964.2
22969.3
22971.8
22979.6
22984.3
22987.2
23003.6
23011.8
23010.4
23013.7
23016
23019.1
23023.9
23033.3
23036.8
23041.3
23042.4
23044.6
23049.3
23059.1
23064.8
23065.3
23069.6
23089.1
23097.6
23100.6
23107.6
23121.6
23126.2
23129.8
23134.4
23144.1
23153.3
23154.8
23162.5
23167.8
23171.3
23177
23185.5
23189
23187.1
23191.4
23205.4
23209.7
23235.7
23233.3
23237.3
23239.3
23244.5
23244
23253.2
23258.2
23264
23268.1
23285.1
23297.4
23322.7
23544.4
23565.7
23571.6
23582.7
23593.6
23592.6
23599.7
23604.8
23618
23619.9
23621.9
23625
23637.8
23655.2
23658.4
23663.2
23668.9
23669.6
23672
23676.5
23684.4
23687.5
23691.2
23692.3
23700.8
23701.7
23706.1
23705.4
23720.2
23726.6
23731.4
23736
23753.8
23758.2
23763.1
23767.8
23768.5
23775.5
23777.9
23805.4
23821.5
23824.3
23826.3
23829.3
23832.9
23838.7
23851
23852.8
23861.3
23860.5
23863.3
23866
23868.5
23872.6
23873.8
23878.8
23881.9
23880.5
23888
23892.1
23898.9
23897.1
23904.4
23908.9
23912.2
23913.9
23918.6
23928.3
23928.5
23930.4
23962.1
23972.8
23970.2
23982
23988.5
23995
24006.5
24008.5
24011.3
24019.3
24020.8
24037.6
24043.1
24046.2
24052.2
24068.4
24069.7
24069.6
24071.6
24086
24087.9
24100.5
24102.7
24110.5
24121.7
24141.9
24156.3
24366.8
24433.2
24441.7
24462.9
24475.2
24481.1
24494
24515.6
24519.5
24559.1
24588.1
24601.9
24603.9
24613.2
24615.5
24619.3
24620.8
24626.3
24635.2
24642.9
24651.5
24657
24666.2
24670.3
24671.2
24675.9
24685.1
24688.9
24691.7
24700.2
24715.8
24731.4
24764.6
24787.6
24799.6
24816.8
25071.7
25113.8
25118.9
25140.6
25147.9
25150.4
25169.9
25226.9
25254.5
25257.1
25260.9
25265.5
25274.8
25280.3
25305.4
26003.1
26058.9
27063.6
27066.5
27069.3
27071.4
27073.8
27082.6
27092.4
27095.6
27198.8
27218.9
27224.5
27236.3
27244.1
27247.6
27260.6
27264
27268.5
27277
27287.6
27290
27291.9
27296
27299.2
27300.6
27305
27307.5
27315
27319.9
27338.4
27343.6
27350.7
27376.6
27623.2
27632.5
31234.4
31235.8
31238.2
31252.1
31279.8
31289.4
31293
31305.9
31311.5
31316.4
31320.4
31323.9
31326.2
31335.7
31337.8
31345.4
31350.3
31356.9
31361.5
31362.7
31367.5
31372.4
31383
31388.8
31393.9
31399.5
31421.8
31426.6
31431
31445.5
31447.4
31449.9
31458.8
31459.5
31463.7
31469.8
31478.3
31484.6
31483.3
31484.4
31504.1
31508.1
31512.4
31560
31588.3
31594.3
31597.7
31600.4
31604.4
31612.3
31625
31645.7
31646.8
31651.1
31660.8
31663.8
31670.9
31674
31682.4
31692.6
31717.7
31721
31727.6
31733.1
31741.7
31744.2
31753.1
31761.5
31766.1
31769.2
31801.4
31805.4
31816.1
31822.8
31828.5
31844.4
31912.9
32044.6
32046.8
32062.6
32066.7
32077.3
32090.8
32101.9
32122.5
32137.9
32170.7
32197.6
32213.3
32225.2
32234.1
32246.7
32249.3
32258
32410.6
33920.8
33965.3
34003
34004.6
34011.6
34019.2
34031.6
34038.7
34049.6
34052
34054.9
34069.8
34075.5
34084.9
34086.7
34092
34094.6
34102
34124.6
34126.7
34129.9
34150.8
34177.8
34184.8
34270.2
34277.2
34283.3
34637.1
34658.9
34770.8
34776.5
34788.3
34797.9
34803
34807.1
34812.9
34815.8
34822.4
34830.8
34838.9
34874.4
34940.8
34944.1
34946.8
34954.7
34957.2
34972.4
34986.8
34996.7
35011.2
35021.2
35029.1
35032.9
35048.7
35240.9
35247.3
35354.1
35363.3
35728.8
36082.5
36140.6
36147.4
36155
36174.3
36185.9
36198.7
36206.2
36225.7
36236.2
36241.3
37067.2
37103
37109.8
37469.4
37478.2
37479.4
37486.2
37941.6
38036.4
38050.5
38094.3
38112.3
38122.9
38125.6
38128.3
38139.2
38149.4
38151.7
38153.2
38155.2
38157
38161.5
38164.8
38167.7
38180.4
38189.9
38205.1
38223.3
38244.8
38285.8
38291.9
38294.9
38305
38309.5
38326.2
38329.4
38333.7
38335.7
38342.5
38359.9
38366.8
38378.6
38384.9
38392.4
38396.8
38402.8
38405.3
38409
38411.5
38414.3
38420.3
38441.6
38447.7
38450.6
38464.7
38469.5
38471.9
38488.5
38491
38496.4
38499.3
38502.2
38504.5
38513.4
38512.4
38514.7
38517.9
38521.7
38530.9
38534.9
38536.8
38537.9
38549.9
38555.9
38561.4
38565.3
38569.2
38572
38578.5
38580.4
38583
38605.5
38614.5
38620.6
38631
38643
38645.1
38658.2
38666.4
38718
38725.8
38825.7
38865.5
38905.8
38981
38987.8
38990.1
38998.2
39000.9
39011.8
39015.5
39022.3
39042.6
39049.3
39060.6
39073
39083.3
39105.6
39496.7
39740.7
39747.8
39781.3
39786.5
39793.4
39803.8
39810.2
39815.6
39820.4
39823.7
39827.8
39833.3
39837.8
39839.7
39846.2
39849.9
39870.6
39876.9
39882.5
39897.8
39899.5
39917.8
39939.4
39977.9
39982.4
40027.4
40037.4
40051.8
40062.9
40077.1
40082.1
40085.6
40091.7
40096
40103.7
40117.8
40130.5
40139.8
40144.5
40151.2
40158
40160.3
40162.3
40165.1
40169.7
40189
40205.2
40205.8
40208.3
40227.7
40229.1
40234.9
40235.9
40242.3
40268.5
40303.5
40307.2
40330.7
40366
40430.2
40443.1
40450.5
40452.6
40458.9
40469
40479
40476.6
40483.8
40494.3
40506.4
40520.5
40528.4
40558.7
40574.9
40581.6
40586.9
40595.5
40590.9
40598.8
40618.2
40625.4
40632
40636.9
40645.5
40647.4
40654.2
40661.1
40675.2
40722.7
40767.7
40793.3
40814.2
40825.2
40842.5
40867.1
40887
40914.2
40920.6
40935.5
40941.7
40950
40963.7
41014.6
41122.3
41127.6
41128.6
41150.9
41158.6
41160.6
41202.6
41204.8
41227.5
41505.3
41561.6
41568.9
41575.6
41608.9
41794.2
41804.2
41805.7
41816
41821.2
41827.3
41834.1
41837.3
41841.1
41844.6
41854.9
41859
41860.8
41872.5
41886.9
41927.1
42605.3
42649.5
42657
42671.2
42674.5
42693.2
42697.7
42699.3
42705.2
42926.5
42936.9
42951.4
43094.1
43172.7
43321.1
43324.7
43329.1
43330.5
43351.2
43358.8
43365.8
43371.5
43389.5
43402
43408.9
43412.8
43418.1
43422.1
43434.9
43570.1
43585.5
43587.5
43593.1
43600.2
43607.2
43809.8
43817.8
43856.6
44103.4
44335
44393.3
44475.9
44481.8
44488.4
44495.5
44498.7
44521.9
44530.3
44537.9
44968.3
44981.9
44996.7
44999.5
45011
45027.6
45031.8
45036.2
45067.7
45425.5
45434.4
45470.9
45476
45489
45505.5
45510.8
45523
45532.3
45535.6
45543.1
45549.3
45723.8
45742.1
45826.1
45827.6
45835.2
45864.6
45868.6
45870.9
45873.8
45885.1
45896
45903
45906.7
45908.6
45910.5
45912.6
45915.4
45932.1
45934.1
45942.3
45941.4
45945.7
45947.9
45950.9
45957.7
45959.8
45961.7
45967.4
45975.7
45970.3
45979.8
45984.8
45978
46001.8
46011.3
46004.8
46010.3
46018.3
46028.8
46031.5
46038.4
46041.4
46043.8
46038.7
46051.4
46059.6
46063.6
46066.5
46067.7
46071
46076.4
46079.9
46087.7
46093.2
46100.1
46101.7
46111.5
46127
46314.2
46319.6
46372.1
46381
46396.7
46426.5
46459.8
46467.1
46471.7
46519.2
47103.4
47113.3
47115.8
47120.9
47123.5
47142.1
47160.3
47203.1
47222.6
58262.7
58327.5
58340.1
58368.5
58386.7
58394.5
58402.4
58409.2
58419.5
58428.1
58434.8
58436.8
58462.2
58508.4
58512.6
58534.9
58588.4
58646.1
58651
58664.1
58669.2
58676.7
58679.9
58702.4
58704.7
58723.4
58789.3
58805.2
58807.9
58849.8
58852.2
58854.4
58873.3
58887.8
58922.9
59916.1
59925.8
59941.2
59963.7
59970.3
59975.8
59979
59997.4
60005.5
60012.3
62193.8
62201.7
62203.2
62210.2
62220.3
62239.7
62243
62246.3
62269.1
62271.9
62294.9
62299
62300
62302.1
62318.3
62328.5
62364.8
62988.2
62996
63005.7
63025.5
63035.2
63041.4
63137.8
63140.9
63143
63145.1
63152.6
63179.9
63189.9
63200.8
63208.7
63223.1
63229
63752.4
63819.2
63836.4
63844.6
63878.5
63884.4
63919.2
63923.2
63965.3
63975.8
63980.8
63984
64003.1
64007.9
64013.3
64018.2
64020.1
64024.1
64030.2
64036.4
64037.6
64045.6
64052
64059
64069.2
64071.8
64080.9
64085.1
64092.6
64095.8
64115.1
64125.6
64482.6
64520.7
64528.5
64554.5
64918
64931.1
64949.9
64980.9
64988.6
64992.4
65007.2
65017.2
65328.7
65337
65339.5
65355
65364.1
65367.3
65369.9
65373.6
65381.9
65386.2
65390.7
65401.1
65404.3
65414
65811.2
65828.6
65838.1
65841.2
65851.5
65870.1
65884.7
66052.6
66075.9
66105.4
66111.8
66115
66126.6
66132.1
66136.1
66141
66144.1
66152.3
67542.1
67563.2
67567
67587.7
67714
67735.3
67739.6
67742.7
67755.6
67870.3
67929.1
67933.3
67941.7
67953.3
67959.4
67972.1
67974.3
67977.4
67979.5
67983.4
68003.1
68014.2
68016.3
68024.5
68032.8
68036.1
68055.6
68077.2
69421
69487.9
69500.6
69529.3
69531.1
69545.5
69552.8
69564.7
69570.2
69615.1
69619
69624.5
69628.5
69631.3
69644.8
69646.8
69654.1
69665.8
70404.3
70424.1
70428.8
70434.3
70442.6
70445.8
70454.9
70460.4
70485.1
70867.5
70902.2
70917.2
70928
70936.9
70955.5
70959.2
71126.7
71132.1
71183.7
71186.3
71189
71190.6
71207.5
71210.5
71219.1
71226.4
71244.8
71251.6
71269.3
71272.7
71275.4
71278.2
71288.1
71300.4
71302.4
71305.2
71307.6
71309.7
71312.5
71319.1
71321.2
71323.5
71325.4
71345.4
71368.6
71371.7
71408.7
71688.5
71695
71711.8
71722.3
71725.3
71726.8
71729.3
71734.7
71741.8
71751.7
71756.2
71760.5
72082.6
72316.7
72321.5
72370.4
72420.4
73482.6
73499.1
73506.7
74297.5
74304.4
74306.1
74311.7
74317.9
74321.8
74339.2
74343.7
74518.2
74532.3
74537.9
74544
74545.8
74565
74567.3
74571.1
74573.5
74578.3
74898.1
74924.9
74938.2
74941.6
74944.6
74947.6
74949
74961.4
74962.9
74977.7
74989.9
74992.2
75012.8
75026.2
75051.4
75062.1
75070.4
75176.9
75299.9
75309.2
75318.2
75322.2
75330.3
75331.3
75346.5
75345.6
75346.3
75352.4
75358.3
75367.4
75371.1
75376.3
75377.5
75385.3
75396.9
75408.8
75424.4
75424.8
75431.1
75435.9
75458.5
75469.7
75549.5
75553.9
75567.4
75568.1
75596.1
75598.8
75601.8
75621.9
75645.3
75648.4
75650.3
75654.3
75661.4
75668.4
75675.3
75685.1
75702.5
75705.5
75708.5
75716.5
75728
75996.6
76027.7
76034.9
76037.2
76164.6
76187.8
76195.8
76200.4
76206.9
76210.9
76215.5
76227.3
76234.6
76284.6
76309
76319.1
76356.5
76472
76475.6
76478.9
76486.7
76493.7
76503.1
76506.3
76507.4
76511.4
76519.7
76526.1
76537.5
76539.7
76544.7
76549.5
76550.7
76575.5
76594
76599.3
76601.2
76607.1
76609.7
76668.3
76673
76693.2
76695.8
76717.9
76723.5
76738.8
76741.3
76745.9
76747.3
76766.7
76783.5
76787.4
76802.7
76807.4
76809.1
76821.2
76828.9
76831.7
76842.4
76846.5
76851.9
76859.2
76864.8
76866.4
77058.7
77074.2
77081
77084.7
77103.9
77112.9
77106.5
77107.7
77117.1
77126.1
77132.8
77151.3
77156.8
77193.3
77260.2
77281.3
77297.3
77313.6
77319.6
77321.7
77340.7
77346
77356.5
77362.9
77374.9
77392.9
77397.5
77416.1
77459.8
77467.4
77484.2
77490.4
77485.3
77493.6
80938.6
80962.1
80980.4
81157
81159.3
81178.5
81179.7
81182.8
81189.4
81197.1
81208.6
81213.4
81249.5
81254.6
81270.7
81275
81282.6
81287
81299.1
81305.5
81312.6
81325
81327.8
81346.1
81369.6
81374.7
81378.8
81406.9
81413.6
81430.6
81449.5
81474.6
83617.8
83624.6
83637.2
83648.5
83651.6
83668.6
83689.4
83715.9
83717.5
83722.1
83768.2
83809.2
83813.8
83819.8
83860
83879.8
83991.9
84040.5
84060.6
84068.7
84075
84089.2
84097.4
84106.4
84113.1
84127.7
84226.1
84231.4
84256.7
84268.5
84275
84280.3
84288.9
84766.6
84780.5
84801.2
84803.8
84806.6
84807.5
84815
84819.2
84829.2
84832.1
84836.1
84840.9
84855.5
84892.1
84912.6
85100.5
85313.4
85336.8
85375
85660.8
85692.3
85745.7
85883
85934.8
86262.3
86277.9
86280.4
86542.8
86561.2
86564.3
86567.3
86570.2
86576.6
86589.4
86594
86596.4
86599.4
86601.4
86617.3
86628.4
86631.3
86640.3
86643.1
86655.7
86656.9
86664.5
86674.9
86681.6
86689
86704.9
86727.6
86732
86772
86777
86824.4
86841.6
86924
86929.2
86937.2
86952.3
86958.1
86961
86967.2
86993.8
86998.2
87007.7
87029.7
87032.2
87361.2
87369.9
87373.5
87387.6
87398.2
87409
87415.2
87421
87422.6
87430.9
87436.2
87445.9
87475.1
87481.4
87488.2
87496.5
87507.8
87513.3
87517
87520.5
87535.4
87545.7
87587
87598.7
87608.6
87614
87621.2
87623.9
87627.1
87630.8
87639.7
87642.2
87649.7
87651.6
87659.5
87663.3
87665.6
87668.1
87669.7
87673.3
87677.2
87680
87684.6
87695.7
87702.6
87704.6
87712.8
87719
87723.5
87731.4
87742.5
87746.2
87758.4
87764.5
87772.8
87816.4
87818.2
87832.6
87835.3
87848.4
87992.3
88091.6
88158.9
88168.5
88170.9
88187.9
88203.7
88214.7
88276.1
88336.3
88359.1
88403.1
88434.7
88453.7
88468
88471.2
88482
88484
88499
88512.2
88513.3
88535.7
88559.8
88561.4
88563.8
88575
88571.7
88577.8
88585.8
88590.4
88595.2
88596.4
88599.2
88605.2
88607.2
88617.1
88624.7
88627.1
88632.8
88630.9
88638.4
88645.2
88641.7
88647.8
88644.4
88647.4
88650.2
88654.4
88659.2
88658
88663.5
88661.5
88671.3
88676
88681.8
88687.2
88689.4
88690.4
88694
88700
88705.8
88709.3
88716
88719.9
88723.1
88731
88735.3
88739.6
88744.1
88762.1
88768.7
88770.5
88771.8
88769.5
88798.8
88804.4
88812.6
88817.1
88827.7
88829.7
88826.6
88848.8
88885.9
88925.7
88937
88946.3
88963.6
88964.8
91348.7
91354.7
91365.7
91370.8
91382.5
91414.9
91422.8
91425
91434.6
91444.9
91449.2
91465.3
91470.3
91482.8
91484.6
91536.5
91545.1
91540.7
91545.9
91554.9
91565.9
91560.2
91564.6
91566.8
91572.2
91576.4
91582.5
91590.5
91598.1
91681.8
91709.4
91734.6
91738.1
91753.6
91783
91782.4
91785.2
91794.4
91811.4
91817.9
91822.6
91824.3
91850.1
91853
91869.8
92076.7
92080.4
92083.9
92092.5
92099.8
92103.2
92108.3
92118.7
92121.1
92124.7
92136.3
92138.9
92140.6
92146.3
92148.1
92151.7
92156.8
92159.2
92167.8
92173.4
92177.3
92180.3
92184.8
92193.1
92202.1
92203.8
92206.2
92209.8
92211.6
92216.5
92218.4
92222.1
92230.1
92232.2
92239.1
92243.8
92251.7
92254.9
92256.1
92260.2
92264
92275.9
92280.7
92282.3
92284.7
92287.4
92290.5
92293.3
92305.9
92308.6
92312.8
92328.6
92332.2
92342.8
92378.3
93881.7
93886.9
93895.1
93901.6
93906.1
93909
93917.2
93923.6
93922.7
93931.9
93937.1
93938.9
93942.6
93953.2
93955.4
93960.4
93965.4
93974.4
93980.6
93992.5
93994.1
94020.4
94024.4
94031.3
94063
94080.9
94085.1
94089
94100.6
94103.5
94106.1
94115.4
94125.4
94128.1
94152.9
94160.7
94164.9
94168.6
94203.8
94213
94215.4
94275.8
94374.1
94388.1
94389.5
94391.1
94404.6
94409.5
94424.6
94428.6
94431.1
94454.6
94466.2
94468.7
94474.5
94478.3
94483.9
94488.9
94501.3
94517.6
94533.3
94547
94550.4
94554.4
94556.7
94564.8
94574.9
94580.7
94582.6
94586.4
94621.4
94636.6
95198.4
95240.6
95242.4
95255.7
95261.8
95347.2
95394.7
95421.9
95424.5
95430.9
95478.5
95480.8
95500.9
95510.5
95514.9
95543.5
95600.9
95635.3
95643.7
95647.6
95654.8
95656.3
95692.2
96138.2
96416.6
96429.1
96437.2
96442.2
96444.4
96454.3
96458.4
96463.8
96472.1
96479
97049.7
97055.4
97057.4
97061.7
97066.2
97069.4
97077.7
97088.5
97099
97108.2
97127.7
97156.2
98460.4
98559.1
98620.9
98627.6
98630.4
98780.6
98795.1
98803.1
98810.5
98823.2
98835.5
98844.7
99499.7
99511.9
99527.2
99546.9
99553.3
99630.1
99636.2
99640.6
99645
99647.5
99662.7
99666.9
99671.3
99675.9
99679.8
99688.5
99697.7
99701.2
99705.7
99716.5
99725.7
99733.9
99743.5
99758.8
99761.3
99764.7
99767.5
99772.1
99781.3
99783.9
99786
99798.2
99810.7
99839.1
99938.7
99973.2
99978.1
99981.2
99989.5
99993.1
100001
100009
100015
100022
100023
100027
100033
100035
100042
100684
100706
100705
100719
100743
100767
100762
100771
100775
100783
100786
100792
100796
100822
100834
100889
100893
100895
100909
100910
100912
100917
100922
100925
100927
100929
100934
100938
100940
100943
100945
100949
100952
100956
100961
100962
100967
100970
100982
100988
100995
100999
101003
101011
101018
101020
101024
101042
101045
101049
101058
101072
101082
101094
101100
101104
101119
101128
101135
101150
101155
101162
101192
101200
101309
101319
101333
101340
101341
101346
101356
101374
101376
101378
101381
101385
101387
101400
101423
101424
101429
101434
101483
101502
101523
101574
101581
101587
101591
101608
101610
101612
101615
101619
101621
101634
101645
101653
101657
101662
102064
102129
102137
102147
102153
102158
102161
102173
102177
102195
102205
102212
102237
102251
102258
102263
102382
102437
103541
103559
103719
103774
103872
103901
103906
103912
103934
103938
104155
104518
104583
105250
105264
105271
105283
105291
105300
105302
105305
105313
105323
105331
105343
105350
105364
105418
105434
105447
105460
105466
105469
105472
105477
105483
105486
105498
105501
105503
105510
105514
105519
105526
105548
105554
105565
105569
105570
106206
106212
106219
106222
106226
106237
106241
106256
106338
106341
106348
106354
106365
106369
106375
106380
106390
106401
106411
106487
106501
106542
106570
106591
106593
106597
106656
106670
106671
106677
106716
106725
106740
106871
106897
106902
106911
106928
106933
106935
106945
106950
106953
106964
106968
106986
107026
107039
107045
107052
107073
107077
107079
107082
107091
107103
107107
107110
107125
107134
107168
107702
107719
107728
107733
107737
107745
107749
107752
107756
107764
107772
107790
107798
107800
107805
107823
107833
107845
107886
107905
107914
107915
107920
107922
107934
107937
107945
107947
107954
107957
108004
108012
108019
108027
108069
108096
108134
108136
108147
108194
108248
108274
108283
108285
108294
108306
108308
108320
108323
108330
108348
108368
108383
108395
108399
108403
108413
108420
108423
108431
108439
108444
108452
108460
108462
108472
108499
108503
108525
108546
108559
108595
109048
109062
109073
109076
109079
109086
109093
109144
110224
110333
110447
110452
110456
110466
110470
110477
110480
110481
110483
110489
110494
110496
110497
110500
110506
110513
110515
110517
110521
110528
110530
110536
110539
110543
110557
110561
110563
110567
110569
110585
110598
110601
110673
113325
113354
113400
113463
113473
113490
113520
113530
113547
113556
113563
113578
113581
113595
113606
113618
113722
113726
113729
113736
113743
113745
113756
113767
113774
113786
113790
113813
113816
113863
113870
113884
113911
113966
113980
114030
114071
114603
114640
114646
114660
115161
115186
115213
115405
115430
115754
115760
115772
115798
115827
115830
116198
116213
116229
116235
116248
116252
116258
116259
116264
116269
116300
116310
116315
116319
116324
116325
116333
116908
116916
116936
116944
116949
116961
116963
116968
116979
117552
118010
118012
118138
118169
118909
119087
119091
119125
119128
119146
119152
119158
119171
119187
119192
119195
119205
119210
119214
119222
119224
119230
119238
119279
119282
119285
119289
119321
119325
119939
119964
119971
119976
119993
119997
120032
120040
120047
120050
120059
120492
120507
120523
120534
120537
120543
120547
120561
120585
120586
120594
120605
120610
120618
120627
120645
120638
120649
120660
120664
120668
120681
120673
120687
120697
120702
120725
120720
120726
120733
120744
120855
120861
120862
120865
120869
120877
120900
120904
120908
120909
120914
120932
120941
120972
120987
121033
121035
121040
121041
121050
121062
121066
121070
121076
121077
121085
121095
121136
121140
121151
121184
121195
121200
121217
121224
121228
121249
121271
121296
121365
121373
121396
121409
121428
121473
121474
121479
121533
121537
121543
121547
121557
121551
121552
121573
121579
121592
121599
121601
121612
121622
121626
121645
121655
121668
121659
121672
121673
121688
121692
121700
121708
121704
121715
121725
121735
121726
121731
121738
121740
121730
121745
121748
121747
121756
121763
121751
121766
121777
121782
121786
121788
121793
121794
121803
121813
121824
121831
121835
121838
121841
121848
121862
121864
121871
121877
121879
121894
121896
121903
121909
121912
121921
121918
121934
121935
121933
121935
121945
121950
121964
121968
121977
121986
121995
121997
122006
122001
122012
122019
122029
122033
122030
122050
122060
122072
122081
122085
122086
122095
122098
122099
122106
122109
122104
122112
122120
122140
122155
122165
122165
122183
122190
122197
122184
122213
122224
122210
122226
122212
122221
122241
122232
122248
122250
122241
122254
122243
122257
122265
122253
122271
122262
122278
122274
122290
122277
122284
122313
122319
122333
122350
123459
123513
123524
123538
123541
123562
123573
123581
123588
123592
123594
123600
123610
123619
123736
123744
123765
123977
123980
123984
124029
124092
125717
125728
125733
125739
125742
125745
125748
125756
125762
125770
125788
125799
125803
125818
125847
125852
125856
125858
125861
125867
125886
125894
125909
125935
126566
126584
126587
126621
126625
126626
126638
126641
126653
126672
126689
129150
129297
129301
129346
129347
129361
129366
129372
129389
129750
129753
129807
129821
130106
130109
130130
130135
130147
130148
130156
130173
130180
130189
130199
130204
130209
130215
130216
130222
130226
130231
130237
130244
130734
130743
130762
130765
130768
130795
130800
130862
130865
130879
130883
130889
130893
130898
130901
130908
130912
131482
131522
131525
131675
131706
131708
131723
131724
131743
131746
131759
131768
131772
131777
131775
131777
131783
131783
131789
131804
131805
131806
131811
131818
131835
131840
131840
131848
131857
131867
131862
131868
131876
131880
131882
131893
131895
131910
131912
131917
131919
131922
131925
131932
131934
131932
131941
131951
131951
131955
131959
131988
132003
132014
132021
132026
132078
132154
132179
132181
132197
132203
132298
132331
132342
132348
132363
132370
132380
132388
132403
132413
132419
132424
132426
132428
132433
132437
132450
132463
132469
132473
132475
132478
132480
132513
132517
132522
132527
132534
132540
132559
132562
132574
132578
132582
132588
132596
132603
132618
132621
132624
132629
132632
132635
132637
132653
132663
132666
132669
132674
132690
133076
133083
133117
133119
133122
133136
133141
133171
133291
133496
133507
133553
133592
133614
133870
133906
133918
133924
133932
133945
133947
133950
133952
133966
133969
134007
134021
134336
134353
134364
134371
134517
134709
134710
135072
135086
135108
135115
135120
135121
135125
135137
135144
135153
135162
135681
135692
135698
135708
136491
136506
136547
136570
136813
136821
136832
136847
136859
136860
136869
136874
136882
136890
136891
136894
136897
136903
136907
136911
136924
136948
136950
136966
136973
136977
136984
136981
136993
136985
136986
136996
136992
137002
137008
137008
137010
137012
137015
137023
137025
137034
137039
137040
137046
137058
137070
137081
137117
137131
137951
137962
137971
137974
138010
138019
138021
138035
138039
138049
138058
138078
138082
138092
138094
138100
138108
138113
138119
138122
138134
138138
138141
138145
138151
138155
138164
138170
140233
140242
140247
140267
140275
140897
141731
141817
141931
141981
141984
141985
141995
141999
142003
142011
142014
142027
142034
142038
142042
142096
142097
142106
142108
142192
142200
142208
142215
142647
142652
142658
142660
142665
142666
142686
142691
142693
142699
142714
142724
142728
142729
142731
142743
142751
142758
142762
142765
142772
142777
142778
142783
142786
142798
142807
142813
142817
142831
142907
142910
142913
142931
143022
143042
143052
143075
143085
143089
143096
143089
143101
143108
143110
143102
143117
143107
143119
143116
143129
143123
143137
143136
143149
143150
143169
143172
143192
143208
143217
143222
143237
143259
143278
143293
143294
143362
143367
143383
143373
143388
143384
143396
143399
143405
143410
143414
143418
143419
143466
143805
143863
143923
143940
143944
143954
143956
143989
143997
144017
144029
144037
144042
144051
144057
144060
144067
144072
144078
144083
144089
144093
144094
144098
144100
144114
144115
144119
144121
144130
144132
144136
144140
144141
144147
144156
144167
144168
144178
144185
144208
144209
144212
145992
146000
146005
146006
146021
146541
146566
146567
146608
147055
147062
147069
147134
147155
147157
147160
147168
147176
147202
147214
147228
147253
147259
147275
147279
147341
147397
147393
147441
147445
147444
147461
147464
147457
147460
147473
147488
147499
147492
147496
147513
147528
147538
147529
147540
147542
147552
147561
147565
147577
147580
147594
147599
147603
147609
147613
147621
147626
147632
147640
147640
147654
147666
147675
147679
147707
147706
147735
147804
147808
147815
147829
147865
147868
147883
147890
147904
147907
147932
147946
147957
147963
147978
147988
147994
148000
148003
148019
148030
148033
148042
148049
148054
148060
148072
148105
148225
148240
148250
148254
148255
148261
148264
148269
148275
148280
148284
148290
148293
148321
148338
148340
148352
148354
148370
148377
148383
148392
148397
148412
148419
148433
148439
148443
148471
148475
148483
148486
148489
148494
148499
148505
148510
148516
148522
148530
148568
148571
148578
148580
148587
148595
148603
148615
148681
148683
148686
148731
148882
148899
148909
148927
148971
148976
148980
148984
149003
149033
149075
149088
149114
149157
149165
149172
149178
149187
149194
149207
149209
149230
149236
149287
149290
149298
149302
149304
149306
149308
149313
149311
149328
149363
149368
149374
149380
149383
149392
149394
149399
149407
149412
149419
149423
149428
149432
149438
149446
149451
149453
149455
149457
149461
149468
149466
149472
149473
149477
149486
149487
149492
149496
149500
149505
149505
149509
149512
149516
149524
149521
149527
149526
149531
149530
149532
149537
149544
149545
149549
149552
149557
149567
149577
149585
149603
149625
149627
149632
149635
149640
149642
149647
149653
149668
149672
149681
149692
149835
149848
149861
149916
149956
150015
150060
150066
150158
150194
150197
150202
150206
150211
150209
150216
150214
150217
150216
150229
150233
150239
150248
150260
150263
150271
150272
150280
150283
150298
150310
150338
150351
150443
150463
150477
150488
150499
150506
150519
150523
150542
150548
150553
150558
150563
150568
150576
150580
150587
150590
150595
150598
150605
150608
150610
150617
150620
150633
150650
150667
150671
150676
150679
150701
150724
150740
150763
150793
150803
150813
150816
150840
150853
150857
150861
150867
150867
150869
150879
150887
150888
150917
150921
150946
151060
151069
151098
151105
151279
151529
151533
151542
151547
151557
151587
151597
151602
151610
151620
151631
151629
151633
151642
151702
151704
151722
152316
152709
152746
152869
152889
152910
152918
152926
152928
152939
152943
152954
152956
153019
153038
153105
153119
153608
153644
153647
153657
153663
153667
153671
153694
153696
153697
153702
153707
153716
153719
153725
153727
153731
153734
153740
153748
153763
153765
153788
153857
153872
153873
153928
153936
153951
153962
153964
153983
153988
154491
154509
154518
154522
154524
154525
154536
154541
155820
156072
156080
156084
156134
156136
156138
156143
156146
156148
156167
156175
156180
156186
156188
156195
156199
156207
156210
156217
156218
156227
156230
156291
156316
156330
156340
156345
156354
156371
156373
156379
156386
156397
156410
157010
157026
157059
157380
157775
157791
157803
157815
157830
157899
157909
157911
157918
157922
157927
157932
157937
157943
157963
157965
157974
157978
157982
157986
158006
158008
158017
158032
158276
158279
158281
158287
158297
158301
158311
158330
158337
158397
158398
158435
159083
159101
159110
159118
159126
159137
159140
159143
159148
159150
159153
159159
159164
159163
159166
159185
159209
159214
159216
159215
159221
159226
159230
159236
159244
159241
159250
159245
159256
159259
159255
159260
159264
159267
159267
159281
159283
159289
159318
159331
159337
159397
159456
159560
159588
159595
159600
159603
159725
159793
159796
159802
159807
159814
159817
159821
159825
159836
159843
159852
159855
159860
159862
159869
159872
159882
159889
159891
159894
159899
159908
159914
159921
159945
159975
159986
160006
160001
160008
160014
160021
160060
160081
160084
160111
160120
160118
160134
160339
160448
160450
160459
160474
160480
160489
160502
160526
160530
160529
160539
160543
160553
160555
160589
160594
160614
160634
160637
160641
160643
160651
160658
160666
160671
160674
160683
160693
160706
160709
160716
160720
160736
160799
160816
160832
160840
160844
160851
160853
160856
160862
160874
160896
160931
161035
161267
161307
161348
161370
161387
161400
161420
161496
161659
161843
161888
161897
161924
161935
162004
162012
162016
162017
162020
162021
162034
162036
162045
162050
162054
162062
162065
162069
162075
162078
162084
162087
162108
162113
162119
162121
162127
162129
162133
162143
162157
162164
162646
162668
162675
162681
162695
162697
162699
162716
162717
163307
163310
163324
163329
163332
163345
163484
164197
164220
164212
164223
164231
164235
164234
164592
164600
164612
164619
164631
164635
164789
164801
164806
164819
164819
164823
164843
164861
164867
164871
164877
164879
164888
164892
164913
164915
164926
164938
164948
164978
165001
165020
165027
165043
165046
165056
165062
165091
165103
165115
165121
165131
165135
165139
165142
165155
165159
165165
165164
165207
165226
165232
165235
165236
165255
165271
165282
165307
165311
165313
165317
165323
165327
165333
165349
165352
165361
165464
165489
165490
165495
165511
166066
166096
166128
166131
166162
166168
166173
166184
166178
166191
166202
166211
166236
166246
166975
167903
167948
168323
168332
168336
168353
168357
168368
168384
168405
168410
168415
168427
168436
168437
168467
168469
168475
168482
168485
168500
168509
168512
168521
168526
168534
168543
168539
168546
168554
168563
168558
168570
168569
168580
168583
168578
168586
168582
168584
168596
168590
168597
168603
168608
168627
168622
168624
168642
168650
168660
168669
168708
168727
168734
168739
168735
168740
168751
168756
168760
168767
168771
168778
168787
168781
168795
168792
168797
168802
168812
168851
168865
168886
168906
168920
168929
168957
168965
168970
168984
169000
169015
169022
169026
169028
169035
169040
169049
169297
169348
169367
169393
169407
169659
170224
170449
171104
171738
172132
172210
172284
172365
172367
172396
172400
172402
172410
172415
172417
172425
172857
172869
172880
173297
173300
173302
173325
173331
173353
173397
173400
173402
173409
173413
173420
173424
173426
173431
173437
173441
173443
173464
173471
173478
173482
173502
173504
173506
173511
173520
173539
173544
173554
173561
173593
173613
174302
174317
174332
174336
174341
174344
174348
175013
175017
175024
175033
175039
175065
175088
175104
175148
175168
175557
175558
175574
175585
175586
175851
175858
175879
175906
175908
175919
175930
175931
175938
175941
175968
175986
175990
176031
176130
176154
176158
176172
176192
176197
176203
176215
176835
176844
176854
176857
176863
176877
176882
176887
176923
176928
176932
176970
177000
177002
177178
177208
177221
177272
177679
177706
177855
178059
178071
178081
178087
178098
178100
178106
178135
178139
178147
178166
178171
178181
178183
178210
178608
178613
178628
178640
178647
178662
178665
178675
178684
178690
178700
178704
178713
178724
178730
178735
178738
178748
178756
178766
178769
178780
178776
178781
178783
178800
178815
178817
178819
179438
179450
179454
179458
179471
179478
179485
179490
179492
179497
179502
179503
179508
179518
179522
179544
179554
180098
180200
180214
180222
180228
180231
180255
180282
180284
180297
180310
180328
180657
180658
180662
180667
180680
180688
180695
180708
180717
180724
180730
180736
180743
180749
180752
180753
180773
180831
181024
181058
181070
181085
181111
181458
181469
181501
181506
181509
181511
181514
181515
181522
181525
181529
181532
181549
181784
181796
181799
181801
181808
181814
181817
181827
181832
181875
181877
181909
181922
181932
181939
181943
181945
181969
181974
181979
181984
181986
181989
181995
182001
182009
182023
182063
182334
182539
182543
182599
182681
182686
182691
182768
182850
182874
182903
182910
182912
182928
182929
182943
182951
182955
182959
182961
182969
182974
182980
182985
182986
182988
182991
182993
182995
182997
182999
183003
183005
183009
183013
183024
183031
183039
183052
183326
183332
183341
183421
183525
183533
183541
183544
183545
183547
183554
183559
183560
183564
183565
183568
183571
183572
183576
183584
183586
183587
183593
183596
183598
183602
183619
183627
183637
183638
183643
183641
183645
183644
183649
183665
183686
183916
183928
183944
183951
183953
183970
183973
183974
183976
183993
183998
183993
184001
184004
184007
184011
184022
184032
184033
184046
184051
184056
184064
184070
184091
184110
184115
184121
184135
184161
184172
184204
184214
184225
184236
184241
184242
184247
184250
184274
184286
184292
184293
184296
184300
184315
184318
184328
184332
184351
184353
184357
184366
184368
184415
184505
184508
184512
184516
184520
184524
184525
184531
184537
184537
184542
184543
184552
184561
184572
184572
184580
184586
184589
184608
184610
184616
184619
184629
184635
184662
184673
184703
184931
184946
184976
184986
185004
185011
185014
185032
185038
185048
185050
185063
185069
185078
185094
185102
185110
185107
185121
185140
185143
185149
185157
185160
185163
185164
185172
185177
185182
185185
185188
185207
185203
185227
185279
185294
185298
185308
185314
185316
185321
185346
185376
185378
185386
185392
185389
185396
185398
186012
186051
186060
186078
186127
186127
186130
186134
186141
186146
186145
186149
186157
186159
186162
186167
186172
186171
186177
186181
186181
186186
186197
186210
186221
186208
186241
186242
186246
186234
186248
186245
186260
186250
186253
186264
186283
186292
186312
186316
186312
186321
186328
186336
186355
186357
186372
186367
186368
186400
186407
186422
186418
186422
186432
186438
186433
186461
186472
186478
186495
186523
186529
186549
186561
186558
186560
186565
186564
186566
186560
186575
186589
186585
186595
186584
186597
186590
186594
186607
186619
186609
186622
186629
186634
186648
186637
186656
186657
186649
186654
186676
186665
186677
186673
186676
186686
186687
186691
186695
186718
186737
186745
186764
186802
186954
187026
187032
187044
187057
187058
187085
187409
187448
187459
187463
187476
187479
187483
187498
187505
187510
187514
187517
187599
187619
187628
187636
187641
187643
187652
187661
187668
187675
187677
187687
187694
187692
187702
187694
187700
187715
187718
187725
187718
187733
187729
187732
187747
187742
187754
187754
187757
187777
187768
187770
187773
187813
188017
188022
188029
188033
188043
188046
188051
188058
188080
188074
188076
188087
188083
188087
188093
188103
188112
188105
188108
188111
188120
188123
188127
188128
188125
188127
188141
188136
188144
188138
188148
188152
188153
188147
188158
188161
188156
188167
188159
188168
188170
188163
188179
188180
188175
188178
188189
188186
188189
188195
188203
188199
188202
188208
188218
188213
188214
188223
188218
188220
188231
188223
188233
188229
188231
188241
188236
188239
188246
188261
188268
188270
188564
188573
188593
188598
188607
188618
188634
188640
188654
188656
188757
188836
188866
188879
188887
188893
188909
188914
188918
188933
188953
188962
188968
188971
188974
188989
188996
189000
189003
189005
189011
189030
189037
189053
189075
189107
189137
189157
189164
189170
189179
189180
189187
189195
189198
189203
189206
189211
189217
189221
189224
189240
189290
189303
189308
189301
189317
189309
189312
189319
189321
189330
189335
189343
189348
189363
189369
189372
189383
189382
189384
189395
189403
189412
189405
189417
189420
189424
189428
189448
189457
189472
189473
189474
189496
189512
189521
189526
189534
189536
189544
189550
189556
189564
189586
189595
189601
189603
189613
189619
189623
189615
189649
189651
189655
189658
189667
189670
189674
189688
189690
189698
189695
189705
189708
189717
189721
189725
189730
189742
189751
189752
189756
189769
189772
189840
189846
189847
189882
189893
189909
189919
189923
189926
189935
189955
189961
189964
189969
189988
189991
189994
189996
189999
190002
190016
190024
190044
190049
190054
190067
190079
190087
190093
190096
190104
190117
190122
190128
190137
190156
190160
190163
190171
190175
190185
190199
190203
190209
190211
190220
190245
190555
190567
190584
190605
190608
190614
190629
190637
190650
190654
191160
191193
191199
191227
191230
191253
191490
191757
191765
191766
191769
191776
191793
191798
191808
191811
191813
191815
191846
191851
191842
191864
191869
191873
191879
191882
191886
191876
191878
191882
191898
191892
191908
191898
191912
191902
191905
191907
191910
191917
191925
191929
191931
191936
191951
191955
191959
191960
191992
191998
192014
192048
192086
192093
192166
192162
192808
192838
192840
192853
192863
192873
192878
192884
192889
192893
193542
193578
193577
193582
193617
193623
193632
193636
193657
193662
193664
193671
193672
193697
193703
194041
194052
194057
194072
194078
194091
194097
194100
194119
194125
194131
194144
194148
194160
194168
194266
194271
194277
194293
194306
194302
194312
194320
194329
194332
194334
194344
194350
194352
194368
194377
194384
194388
194406
194405
194453
194457
194469
194475
194479
194481
194489
194494
194491
194496
194505
194510
194519
194522
194528
194534
194541
194551
194553
194557
194562
194567
194567
194570
194575
194582
194579
194587
194587
194592
194593
194599
194605
194608
194610
194615
194617
194623
194627
194629
194627
194631
194635
194639
194643
194651
194653
194655
194661
194667
194670
194679
194690
194701
194705
194710
194719
194724
194729
194733
194737
194739
194753
194758
194770
194776
194778
194788
194792
194793
194798
194800
194841
194842
194852
194859
194873
194876
194880
194891
194899
194902
195568
195658
195661
195670
195675
195681
195690
195693
195712
195716
195720
195732
195736
195740
195764
195777
195781
195785
195793
195796
195804
195810
195815
195820
195823
195832
195835
195845
195848
195852
195863
195865
195867
195872
195875
195882
195889
195894
195919
195935
195988
196268
196386
196397
196406
196407
196426
196430
196435
196438
196443
196444
196448
196451
196457
196469
196480
196486
196488
196499
196502
196507
196513
196521
196533
196544
196568
196570
196627
196661
196671
196684
196697
196710
196716
196723
196727
196729
196739
196745
196748
196753
196765
196770
196778
196782
196786
196789
196804
196808
196826
196837
196839
196846
196869
197099
197165
197305
197327
197352
197355
197361
197371
197375
197395
197408
197428
197433
197437
197663
197686
197701
197703
197708
197711
197713
197714
197745
197748
197792
197808
197824
197826
197839
197842
197853
197859
197863
197869
197886
197911
199718
199844
199858
199865
199874
199910
199942
199960
199962
199979
199981
