330.78
338.67
340.57
355.58
393.21
400.08
519.54
534.68
565.77
585.54
589.41
596.74
606.82
617.53
685.37
728.73
746.13
771.71
808.26
839.33
849.9
869.79
889.6
911.41
986.3
1493.42
1495.71
3802.06
3806.99
4121.94
4127.13
4129.14
4131.59
4144.9
4152.71
4158.87
4164.21
4191.08
4232.96
4259.21
4287.19
4293.84
4311.52
4316.52
4319.93
4339.57
4597.03
4612.47
4784
5350.63
5378.16
5405.55
5435.84
5519.13
5532.27
5556.18
5560.85
5596.74
5597.55
5622.62
5673.36
5694.04
5760.59
5766.64
5768.87
5788.22
5795.88
5798.54
5939.37
6368.86
6426.24
6467.9
6506.18
6510.99
6533.73
6623.55
6628.01
6632.77
6697.96
6744.51
6777.1
6783.32
6797.83
6799.01
6804.07
6811.77
6837.9
7062.94
7066.16
7083.84
7091.85
7099.01
7127.49
7129.02
7133.38
7160.54
7165.97
7168.42
7955.95
8850.62
8859.87
8862.9
8876.38
9875.73
9903.07
9924.75
10339.3
10345.3
10356.8
10384.5
10386.2
10715.1
10736.4
10739
10741.7
10753.8
10757.8
10790.1
11927.9
11956.6
12004.2
12008.4
12032.2
12083
12100.3
12109.8
12126.2
12157.1
12797.4
13069.1
13081.1
13131.4
13188.9
13223.3
13231.1
13233.7
13245.1
13252.2
13367
13417.7
13444.4
13448.1
13450.7
13511.8
13867.8
13873.1
13929.4
13932.5
13961.8
13972.5
13998
14021.6
14025.3
14034.1
14055.9
14284.5
14330
14331
14353.6
14359.8
14367
14389.1
14399.6
14450.7
14454
14457.6
14461
14469.3
14474.2
14532.4
14561.5
14563
14564.8
14569.5
14573.4
14576.7
14586.4
14609.6
14623.9
14650.2
14652.3
14657.8
15159.1
15166.6
15183.4
15198.8
15201.6
16770.1
16810.7
16815.4
16899.6
16906.2
16909.6
16913.8
16954.2
17282.9
17303
17336.4
17366.3
17387.1
17390.4
17392.7
17437.3
17444
17447.9
17484.4
17504.6
18254.8
18271.8
18352.7
18379.1
18418.4
18439.7
18469.3
18478.3
18492.3
18524.4
18531.3
18538.9
18911.3
18918.1
18933.3
18947.7
18952.2
18955.7
19139.7
19190
19193.7
19195.8
19230.8
19256.9
19259
19272.2
19299.1
19326.9
19337.6
19367.5
19720.9
20189.8
20201.1
20232.9
20239.7
20250.9
20825
20889.8
20894.9
20900.5
21104.5
21337.9
21345.8
21348.6
21350.4
21359
21624.7
21637.1
21716.2
21721.4
21725
21728.2
21750.5
21756.6
21784.3
21785.7
21809.7
21868.7
21890
21892.7
21993.9
22001.7
22005
22015.1
22018.4
22043.7
22081.4
22088.1
22090.2
22097.5
22150
22248.9
22300.3
22316.5
22382.9
22704.3
22731
22816
22846.9
22877.3
22883.4
22884.7
22889.6
22920.6
22930.9
22954.3
23013.7
23019.1
23059.1
23069.6
23097.6
23107.6
23153.3
23154.8
23162.5
23171.3
23177
23237.3
23244
23264
23297.4
23571.6
23604.8
23621.9
23672
23684.4
23777.9
23805.4
23821.5
23851
23852.8
23863.3
23868.5
23872.6
23881.9
23892.1
24068.4
24069.7
24086
24100.5
24102.7
24121.7
24141.9
24588.1
24601.9
24603.9
24613.2
24615.5
24787.6
24799.6
24816.8
27066.5
27082.6
27218.9
27224.5
27268.5
27319.9
31234.4
31235.8
31238.2
31252.1
31289.4
31293
31305.9
31311.5
31316.4
31335.7
31337.8
31345.4
31356.9
31421.8
31445.5
31478.3
31484.6
31504.1
31508.1
31651.1
31816.1
31822.8
31828.5
31844.4
31912.9
32044.6
32046.8
32062.6
32090.8
32122.5
32170.7
32197.6
32213.3
32225.2
32234.1
32246.7
32249.3
32258
33920.8
33965.3
34003
34004.7
34011.6
34019.2
34031.6
34038.7
34069.9
34084.9
34086.7
34092
34094.6
34102
34124.6
34126.7
34129.9
34150.8
34177.8
34184.8
34822.4
35241
37067.2
37469.4
37941.6
38036.4
38122.9
38125.6
38153.2
38155.2
38326.2
38335.7
38359.9
38366.8
38378.6
38384.9
38392.5
38405.3
38414.3
38464.7
38499.3
38512.5
38521.7
38536.8
38555.9
38561.4
38565.3
38569.2
38572
38605.5
38643
38645.1
38658.2
38666.4
38718.1
38825.7
38865.5
38905.8
38981
38990.1
39011.8
39015.6
39049.3
39060.6
39839.7
39870.6
39876.9
39917.8
39939.5
39977.9
40027.4
40162.3
40165.1
40205.2
40450.5
40452.6
40479
40476.6
40483.8
40506.4
40520.6
40528.4
40558.7
40575
40581.6
40595.5
40598.8
40722.7
40814.2
40825.3
40887
40963.7
41150.9
41227.5
41505.3
41561.6
41568.9
41575.6
41816
41821.2
41837.3
42605.4
42649.5
42657
42671.2
42926.5
42936.9
42951.4
43351.2
43358.8
43365.8
43371.5
43389.5
43422.1
43434.9
43585.5
43587.6
43593.2
43600.2
44103.4
44335
44393.3
44475.9
44481.8
44488.4
44495.5
44498.7
44522
44530.3
44538
44968.3
44981.9
44996.7
44999.5
45011
45425.5
45434.4
45471
45476
45489.1
45510.8
45523
45532.3
45535.6
45543.1
45908.6
46028.8
46031.5
46051.4
46063.6
46066.5
46093.2
46100.1
47120.9
58789.3
58873.3
58887.8
59916.1
59925.8
59941.3
59979
62243
62246.3
63143
63145.1
64092.6
64095.8
64115.1
64125.6
64918.1
64931.1
65017.2
65328.7
65337
65339.5
65364.1
65367.3
65369.9
65373.6
65390.7
65401.1
65414
65811.2
65838.1
65841.2
65884.7
66052.6
66075.9
66105.4
66126.6
66132.1
66136.1
66141
67870.3
67941.7
67959.4
67974.3
67979.5
68036.1
70485.1
70902.2
70917.2
70936.9
70955.5
70959.2
71186.3
71189
71190.6
71219.1
71272.7
71275.4
71278.2
71302.4
71305.2
71307.6
71309.7
71312.5
71726.8
71734.7
71756.2
72082.6
74339.2
74343.7
74573.5
74924.9
74949
74961.4
74962.9
75070.4
75299.9
75346.5
75352.4
75358.3
75367.4
75408.8
75654.3
75661.4
75675.3
76034.9
76309
76472
76475.6
76493.7
76526.1
76549.5
76594
76673
76693.2
76695.8
76723.5
76831.7
77107.7
77484.2
80938.6
80962.1
81213.4
81369.6
81374.7
81378.8
81413.6
81430.6
81449.5
81474.6
83689.4
83715.9
83717.5
83722.1
83768.2
83809.2
84089.2
84097.4
84106.4
84113.1
84127.7
84226.1
84231.4
84256.7
84268.5
84766.6
84815
85336.8
85375
85660.8
85692.3
85745.7
85883
85934.8
86262.3
86561.2
86564.3
86567.3
86570.2
86589.4
86599.4
86601.4
86643.1
86656.9
86998.2
87029.7
87032.2
87361.2
87369.9
87373.5
87398.2
87409
87415.2
87488.2
87513.3
87517
87520.5
87587
87598.7
87621.2
87649.7
87651.6
87659.5
87723.5
88559.8
88561.4
88575
88638.4
88641.7
88647.8
88654.4
88658
88661.5
88705.8
88716
88739.6
88826.6
88848.8
88937
88946.3
88963.6
88964.8
91348.7
91354.7
91365.7
91370.8
91554.9
91590.5
91782.4
91785.2
91794.4
91811.4
91817.9
91822.6
91824.3
92092.5
92099.8
92103.2
92108.3
92118.7
92121.1
92124.7
92136.3
92138.9
92140.6
92146.3
92148.1
92151.7
92156.8
92159.2
92167.8
92173.4
92177.3
92180.3
92184.8
92193.1
92202.1
92203.8
92206.2
92209.8
92275.9
92280.7
92282.3
92290.5
92293.3
93906.1
93909
93917.2
93931.9
93953.2
93955.4
93960.4
93974.4
93992.5
93994.1
94020.4
94031.3
94063
94085.1
94089
94100.6
94103.5
94115.4
94125.4
94128.1
94388.1
94389.5
94391.1
94468.7
94483.9
94488.9
94517.6
94582.6
94586.4
95255.7
95261.8
95635.3
95643.7
95647.6
95654.8
95656.3
96472.1
97055.4
97057.4
97061.7
97066.2
97069.4
98559.1
98620.9
98795.1
98803.1
98810.5
99546.9
99553.3
99640.6
99701.2
99761.3
99783.9
99786
99810.7
99839.1
99993.1
100015
100033
100042
100684
100706
100822
100834
100917
100922
100925
100934
100938
100940
100945
100961
100962
100967
100970
100995
101011
101042
101094
101104
101119
101135
101155
101376
101581
101587
101591
101634
101653
101657
101662
102137
102153
105501
105503
105510
105514
105548
105554
105565
106338
106365
106871
106897
106902
106911
106928
106933
106935
106945
106950
106953
107079
107082
107091
107764
107772
107790
107798
107800
107805
107823
107833
107914
107954
107957
108274
108283
108285
108306
108308
108320
108323
108330
108368
108413
108420
108423
108452
108546
108559
108595
109048
109062
110447
110452
110456
110500
110506
110513
110515
110517
110521
110528
110530
110536
110557
110561
110563
110567
110569
110585
110598
110601
110673
113325
113354
113400
113463
113473
113490
113520
113530
113547
113563
113578
113581
113756
115213
115754
115830
116944
116968
116979
118012
118909
119087
119091
119125
119128
119146
119171
119187
119192
119282
119993
119997
120032
120040
120047
120050
120059
120492
120507
120523
120534
120537
120543
120547
120668
120673
120702
120862
120865
120877
121070
121136
121195
121200
121249
121271
121296
121365
121373
121409
121428
121479
121551
121552
121579
121601
121645
121655
121659
121673
121715
121740
121763
121793
121831
121835
121838
121841
121848
121894
121903
121909
121921
121945
121950
121986
122165
122212
122221
122319
123588
123592
123619
123744
123765
123977
123980
123984
125717
125728
125733
125788
125799
125803
125818
125847
125852
125856
125858
125861
125867
125886
125894
125909
125935
126587
126625
129346
129347
129361
129366
129372
129750
129753
129807
129821
130106
130109
130147
130189
130734
130743
130762
130768
130912
131706
131723
131743
131746
131759
131772
131775
131777
131783
131789
131806
131917
131919
131922
131925
132419
132428
132517
132522
132527
132603
133136
133291
133945
133947
133950
133952
134007
134021
134517
135072
135086
135108
135115
135120
135121
135137
135144
135153
135681
135692
135698
136491
136506
136547
136813
136821
136832
136847
136977
136981
136996
137008
137010
137012
137023
137025
137058
137070
137081
137117
137131
137951
137962
137971
137974
138010
138019
138021
138035
138039
138058
138078
138082
138092
138094
138100
138122
138134
138138
138141
138145
138151
138155
138164
138170
140242
140267
140275
140897
141984
141985
142011
142014
142027
142034
142106
142108
142200
142208
142215
142693
142758
142783
143101
143108
143110
143117
143129
143137
143136
143149
143150
143169
143172
143208
143222
143293
143362
143383
143997
144051
144057
144060
144115
144156
144185
145992
146000
146021
146541
146566
146567
146608
147055
147062
147070
147134
147155
147157
147160
147168
147176
147202
147214
147228
147259
147275
147279
147599
147626
147706
147735
147804
147808
147815
147829
147890
147946
147957
147963
147978
148003
148019
148054
148225
148240
148370
148397
148471
148475
148483
148486
148489
148494
148530
148568
148587
148615
148686
148976
148980
149194
149207
149304
149306
149313
149383
149394
149399
149407
149412
149438
149446
149455
149457
149477
149500
149505
149524
149527
149526
149531
149530
149532
149544
149577
149635
149848
149861
149916
149956
150015
150194
150206
150211
150298
150443
150463
150477
150488
150506
150554
150558
150563
150590
150598
150813
150840
150867
150888
150917
150921
151279
151529
151533
151542
151557
151587
151597
151602
151610
152709
152869
152889
152910
152918
152926
152928
152939
152943
153644
153647
153657
153663
153716
153719
153725
153727
153731
153734
153740
153748
153763
153765
153788
153857
153872
153873
153928
153936
153951
153962
153964
154518
154522
154524
154525
154536
154541
155820
156080
156084
156167
156199
156340
156345
156354
156386
156397
157775
157803
157815
157909
157918
157922
157974
157978
157986
159215
159221
159237
159245
159260
159264
159267
159283
159318
159331
159560
159595
159796
159836
159843
159855
159862
159986
160001
160111
160480
160543
160594
160614
160634
160637
160641
160658
160799
160816
160832
160840
160844
160851
160853
160856
160862
161387
162016
162017
162050
162054
162062
162065
162113
162119
164234
164612
164619
164888
164892
164913
164926
164948
164978
165020
165043
165131
165235
165307
165323
165327
165333
165464
165495
165511
166178
168521
168569
168580
168583
168586
168596
168597
168603
168608
168627
168624
168650
168660
168669
168708
168734
168735
168740
168751
168757
168760
168767
168771
168778
168787
168792
168802
168865
168906
168965
168970
168984
169000
169028
169049
169297
169393
169407
170449
171104
172857
172869
173302
173400
173431
173504
173506
174302
174317
175558
175585
175586
175851
175938
176130
176154
176158
176172
176197
176203
176844
178713
178776
179522
179544
180282
180297
180730
180736
180773
181522
181525
181529
181532
181939
181943
181945
182009
182023
182063
182334
182955
182986
182988
182993
182995
182997
182999
183003
183005
183009
183013
183024
183052
183421
183525
183545
183547
183565
183598
183602
183916
183951
183976
183993
183998
183993
184001
184004
184007
184032
184033
184046
184051
184056
184064
184091
184121
184161
184172
184214
184225
184241
184250
184274
184286
184296
184512
184552
184619
184931
184946
184976
184986
185011
185014
185032
185069
185078
185172
185203
185227
185346
185376
185378
185386
185390
185396
186060
186127
186141
186146
186157
186159
186167
186172
186177
186208
186234
186248
186245
186312
186472
186558
186560
186564
187044
187057
187058
187085
187498
187505
187510
187514
187517
187599
187619
187628
187643
187652
187661
187668
187675
187677
187687
187694
187692
187694
187700
187715
187718
187725
187718
188074
188093
188105
188108
188125
188127
188144
188138
188156
188159
188202
188218
188223
188233
188564
188573
188593
188598
189030
189037
189075
189157
189164
189170
189179
189180
189187
189195
189198
189203
189206
189217
189221
189224
189321
189330
189420
189424
189536
189623
189667
189670
189674
189695
189730
189847
189961
190044
190049
190054
190067
190087
190093
190096
190104
190185
190220
191160
191194
191199
191227
191230
191253
191490
191776
191793
191798
191808
191811
191813
191815
191842
191876
191878
191882
191892
191898
191917
191925
191929
191931
191951
192873
192884
193578
193632
193636
194041
194052
194144
194168
194266
194306
194312
194329
194377
194505
194510
194575
194605
194608
194679
194701
194753
194758
194876
195658
195670
195675
195681
195693
195712
195720
195732
195736
195740
195781
195785
195804
195815
195863
195865
195872
195875
195894
196438
196444
196448
196499
196502
196570
196778
196782
196786
196789
196804
196808
196837
196846
196869
197099
197355
197408
197713
197808
197824
197826
197853
197886
