1053.36
1763.79
1930.38
2005.36
7158.04
8046.12
8688.35
8981.36
9028.17
11376.8
12648.2
13123.9
13328.2
13757.5
14550.7
15649.8
16060.7
16557.7
17346
17623.6
19844.3
19948.9
20704.4
21699.8
21849.1
22695.8
23173.8
23194.7
23886.1
24198
24311.2
24441.4
24716.3
26923.1
28052.8
29205.4
29628.7
30858.6
31426.8
32685.3
34936.3
36287.9
37244.9
37283.3
39004.1
39145.5
39349
39535.4
39846.5
40163.4
40748.6
41923
42327.5
44762.4
45961.7
47959.6
48336.1
52065.7
52332.1
53648.3
54000
54147.7
55558.4
56455
56684.2
59262.5
60375.8
60797.1
60918.8
61396.4
62172.2
62252.8
63463.3
63995
64013.2
64104.2
65335.2
65859.7
66232.1
66371
66467.6
66478.3
66641.2
67157.7
68695.5
71427.4
72140.4
74583.8
74785.1
77003.7
78564.5
78927.2
79329.9
81227.4
81255.5
81307.4
81884.1
85252.5
86018.5
86631.4
86804.8
86914.9
87438.7
88008.4
89264.3
89359.8
90182.9
92834.4
93817.6
95917
96684.1
97196.7
97246.3
97377.9
97455.3
97682.5
98144.5
99541.8
99623.8
100158
100273
101918
102357
102352
103020
103984
105855
106390
108106
108212
108414
108817
109675
110841
113504
113957
115134
115722
116249
117940
118538
119399
119716
120516
121851
122053
122268
123367
124965
125008
125776
127006
127622
128521
129286
129732
129872
131373
132107
133628
135190
136170
138111
138167
138886
139380
139427
140826
141130
142745
143898
144541
144866
145695
146830
147576
148463
149732
150696
152878
153167
153423
154663
155685
155801
156413
157187
157486
157861
159670
160750
160783
161289
161904
162046
162155
163976
164432
165433
167757
168202
168237
169341
169474
171107
171509
171735
173521
174128
175106
175831
175962
176757
176920
177831
179045
179068
180246
180325
180613
181006
182449
182789
183187
183239
184286
186058
187519
187614
187733
190322
193417
193866
193971
196410
197892
197978
198741
198900
199122
199306
199798
