222.47
614.94
1273.27
1538.87
1881.08
2045.46
2860.43
3625.56
4153.48
4581.83
4797.22
6351.89
6870.89
7195.59
7539.45
7956.72
8024.89
8445.45
8455.5
8548.93
8816.55
8892.99
9605.06
10739.3
11029.5
11563.7
11620.6
11789.6
12229.7
12407.5
13006.9
13143.4
13536.4
14293.5
14759.5
15223.4
15296.5
15347.4
15902
16242.5
16403.6
16846.8
17214.4
17427.2
17483.3
17684.8
17898.5
18383.3
19102.4
19544.5
19569.5
19755.5
19820
19890.4
19940.5
20288.2
20353.5
20675.8
21063.3
21316.1
21421
21479.8
21538.6
21698.6
22337.1
22689.6
23132.1
23665.2
24238.7
24712.1
24863
25390.2
25397.2
26407.4
26515.2
27171.4
27607
28303.9
28434.4
28656.9
28897.1
29070.3
29294.4
29444
29621.5
29839.3
30288.1
31247.3
31905.9
31924.1
32360.8
32449.4
33604.7
33865.7
33992.8
34334.2
34683.3
34743.9
34956.7
34991.2
35666
36744
36918.7
37005.4
37427.2
37730.4
37981.3
38087.2
38228.6
38679.7
38803.7
38927.7
39278.9
39675.2
39889.2
39918.9
40178
40631.4
40750
41336.8
41657
42075.5
42162.9
42266
42790.2
44561.6
44758.4
44895.7
44902.9
45348.9
46062.5
46253
46474.1
46513.7
46583.4
47151
47319.9
47731.1
49126.8
49362.6
50421.8
51073.6
51319.1
51713.1
51845.5
51900.2
52185.6
52681.4
52738.2
53090.3
53121.6
53380.4
53380.1
53728.8
53930.5
54360
54811.1
55252.2
55329.8
55933.9
55993.6
56305.7
56473.8
56764.4
57489.4
57568.3
58061
58574.3
59025.9
59310.1
59993.5
60183
60278.4
60467.5
61023.6
61222.4
61343
61551.8
61950.6
62455.5
62631.3
62797.5
63269.3
63761.3
63832.5
63855.7
64111.2
64368.2
64439.2
64475.6
64602.1
65172.3
65645.9
65963.3
65975.6
66180.3
66508.7
66918.5
67296.6
67646
68106.7
68175.6
68441.2
68561.8
68611.7
69878.2
70804
70808.9
71292.7
71932.9
72281.6
73376
74197.8
74592.5
74920.4
74975.1
75627.2
75697.6
75929.3
76798.8
77228.6
77235
77579.8
77611.2
77640.7
77933
78020.8
78091.4
78232
78257.2
78348.4
78391.1
78769
79032.3
79103.5
79395.1
79478.7
80107.3
80787.6
80935.4
81135.7
81553.5
82798
83460.5
83712.6
83883
85014
86370
86451.7
86535.3
86806.4
86840.5
86992.6
87107.6
87212.6
87305.6
87544.8
87547.8
87775.2
87789.7
87915.3
87938
87937.9
88597.5
88908
89187.5
92759.8
92845.3
93431.1
93619.3
94310.4
94896.9
94973.8
95246.7
95518.5
95522.8
95691.4
96067
96171.6
96317.6
96728.7
96769.1
97109.7
97118.1
97223.1
97527.5
97977.3
98217.2
98519.7
98664.8
98784.9
99485
99644.1
99719.4
100131
100686
101375
101495
101511
101808
102062
102210
102740
102810
102824
103063
103578
103581
103702
103721
104113
105210
105332
105434
105783
106253
106621
106891
108064
108115
108168
108519
108790
109076
109296
109294
109670
109966
109992
110108
110229
110584
110634
110685
110934
111775
112033
113294
113627
113635
113742
114072
114778
115583
115938
117196
117639
118297
118788
119200
119511
119983
120248
120535
121154
121696
121722
121801
122063
122560
123450
123852
123872
124402
124633
124719
125329
125514
125645
126677
126762
127514
128028
128056
128246
128602
129053
129273
129502
130199
130863
131060
131746
131954
132019
132275
132343
132698
133132
133414
133519
134330
134919
135585
135825
136014
136550
136736
137039
137486
137524
137529
137916
138076
138640
139228
139444
139581
139746
140622
141226
141620
142361
142531
142638
142960
143106
143164
143265
143906
144258
144699
144968
145475
145524
145606
145734
146272
146555
146567
146895
146970
149167
149465
149486
150233
150889
151094
151435
151479
151764
152014
152020
152180
152438
152908
152942
153310
153581
153817
153864
154023
155046
155431
155771
156809
156995
157175
157578
158095
158655
159022
159405
159478
159884
160364
161130
162313
162425
162629
162702
163073
164213
164282
164291
164571
165041
165165
165523
166754
166836
167095
167107
167933
168066
169243
169251
169446
169494
169782
169797
170564
170592
171221
171506
171548
171817
172134
172189
172315
172583
172575
173203
173316
173506
173551
173622
173627
173698
173751
174356
174489
174800
175111
175341
175508
175573
175751
176399
176626
176657
177195
177634
177648
177660
178067
178767
178811
179293
179782
180132
180192
180442
181038
181419
182214
182640
182840
183318
183500
184051
184564
184839
185369
185715
185914
185902
186237
186873
187324
187608
187749
188487
188542
189385
189473
189612
189858
190139
190984
193170
193637
193711
193940
194504
194818
195219
195601
195643
195910
195955
196241
196730
197259
197428
197576
197986
198461
198953
199034
199223
199285
199367
199819
