2265.92
2599.42
3081.03
3598.54
3940.01
4434.27
5336.99
6422.39
8916.48
9117.64
9314.06
11431.9
11868.1
14220.8
15497.9
15642.4
16059.4
19723.3
21063
22872.2
24685.8
24756.4
28581.7
34733.5
35672.5
37387.8
38855.9
39450.4
41235.2
44893.4
45694.7
47411
48324
51861.3
53675.2
53776.2
54271.5
54512.2
55154.6
55657.9
59180.7
60200.8
60257.1
61803.4
62179.3
62261.2
64109.8
64347.5
65107.8
65264
67150.6
67525.5
68208.3
70583.3
72023.9
72233.4
73495.7
75359.1
76825.3
80148.2
83062.6
86671.4
86974.2
87479.9
89117.8
90633.8
90834
90959.3
92703.4
93147.2
93310.2
94402.9
95025.2
105211
105522
106786
108307
110092
110524
111495
117783
117952
118277
118422
121239
121263
122042
122615
125753
128708
128876
129978
130271
130662
130935
132657
132693
133184
136525
137155
137889
139065
140250
141303
141831
144134
144477
153241
153411
154153
155076
155120
155192
155469
155491
156768
158216
158496
158682
158851
159494
159780
159947
160418
161148
161918
161963
162135
162792
163217
166611
169517
169554
169776
170525
170553
170892
171311
171384
172495
173071
173212
174175
174569
175765
176256
176345
176747
178117
180008
180913
181241
181675
182364
185128
187298
187726
188273
188611
189632
190637
191372
191438
191731
192506
192621
193080
193522
194583
194832
194967
195141
195867
196619
196813
197399
197533
199430
