1703.13
2232.91
3294.12
3595.89
4556.72
5000.56
6567.77
11584
12882.5
13183.3
13828.5
13858.9
16688.9
18468.4
18710.1
21385.2
21617.3
24393.1
28899.4
29741.4
44859.3
45940.3
46567.1
48249.4
51424.9
52234.9
53768
54738.4
56001.1
56013.1
56625
56769.5
57331.2
57550.2
60238.5
60950.8
61221.7
70386.3
70664.9
78859.7
79647.7
80312
80350.3
80875.2
81204.8
81717.7
81943.9
81977.3
82149.9
82187.1
84259.9
84464.4
85362.5
86435.9
86821.5
87029.6
88542.8
92716
93647.7
94191.8
96920.9
97707.6
98225.6
98621.9
99827.3
101041
101447
102751
107311
108913
112049
113737
116980
121218
122516
131293
136420
143646
144293
147526
148473
150414
154761
157255
157791
158654
165046
165491
169843
171958
172486
174002
175465
180379
181542
183593
183926
185408
187569
187727
190293
190532
191306
192762
193209
