21
22
23
25
25
26
28
27
29
30
30
32
33
33
34
35
37
39
40
39
40
42
44
45
44
46
47
28
49
50
52
53
33
34
56
57
58
38
39
40
39
40
21
65
43
67
68
46
47
48
49
52
51
52
53
54
35
37
36
37
38
40
41
85
86
44
46
47
46
68
48
51
50
51
52
53
54
55
56
57
58
59
60
62
85
84
85
66
66
67
68
69
70
71
72
73
74
75
76
77
78
79
80
81
83
84
84
85
86
87
88
89
90
91
92
93
95
95
96
97
98
99
100
101
102
104
105
105
106
107
108
109
110
111
112
113
114
115
116
117
118
119
120
121
122
123
125
126
126
127
128
129
130
131
132
133
134
135
136
137
138
139
140
141
142
145
144
146
147
147
148
149
150
151
152
153
154
155
156
157
158
159
160
161
162
163
164
165
167
168
169
169
170
171
172
173
174
175
176
177
178
179
180
181
183
183
184
185
186
188
189
189
190
191
192
193
194
195
196
197
198
199
201
201
202
203
204
205
206
207
209
210
210
211
212
214
214
215
216
217
219
219
221
222
222
223
224
225
226
227
229
230
253
231
232
233
234
235
236
237
238
239
240
241
242
243
244
245
246
247
248
249
250
252
252
253
254
255
256
257
258
259
260
261
262
263
264
265
266
267
268
269
270
272
274
273
274
275
276
277
279
280
280
281
282
284
284
285
287
287
288
289
290
292
292
294
294
295
296
297
298
299
300
301
302
303
304
305
306
307
308
310
310
311
312
314
