22
0
23
25
25
26
27
28
30
8
31
32
34
12
15
37
15
16
17
18
19
22
21
24
45
47
46
48
49
9
31
9
11
34
12
14
56
16
58
19
62
19
63
63
22
67
66
25
26
69
28
30
30
73
53
33
57
36
37
38
81
83
83
42
43
66
87
88
89
91
50
50
93
51
52
96
55
55
56
80
59
103
60
82
64
86
64
107
87
68
68
69
71
113
73
74
76
75
119
98
78
79
82
81
83
85
126
128
109
110
89
90
91
114
134
93
94
96
96
98
98
99
100
144
104
104
105
147
127
128
108
111
152
113
155
113
135
136
117
117
139
119
163
164
145
123
125
169
149
171
151
131
151
174
133
134
134
136
180
158
138
139
140
184
185
145
188
146
147
190
191
149
171
195
196
153
154
155
157
199
158
161
162
162
183
163
165
165
209
168
168
170
193
192
172
215
176
175
176
219
179
180
181
204
224
184
185
185
187
187
231
212
211
214
234
195
217
197
196
198
219
222
200
224
245
205
247
226
207
228
229
253
253
253
254
215
256
215
237
218
219
261
220
221
245
244
245
246
228
248
229
272
231
233
276
233
276
277
238
239
238
241
241
242
263
243
265
247
288
247
249
251
293
252
294
254
255
257
256
280
258
259
281
282
262
263
285
308
309
290
268
312
271
271
315
273
276
298
299
277
322
280
280
283
282
304
327
286
307
288
332
333
291
333
334
294
295
297
298
320
298
300
300
303
302
304
327
305
308
328
329
330
310
313
314
314
