200.45
3639.16
4166.62
5159.92
6063.61
8043.06
11566.8
12456.7
12686.5
13580.2
13769.8
15707.2
17788.5
19521.5
21327.1
21475.8
23668.6
27823.5
28171.3
29410.9
29966.8
30264.6
33053
33391.1
33483.5
33713.7
34634.2
35421.8
38950.2
39723.1
45162
48867.6
49417.7
50143.1
50435.1
51041.1
52242.9
52949.2
56800.4
61921.9
65489.3
66033.8
66885.3
68584
71612
71797.2
72220.2
73764.4
77999.9
78725.8
79461.2
79755.2
80212.1
81383.1
85631.3
87083.8
88641.6
89506.4
91742.1
96095.1
98031.3
100275
101366
102852
102990
107587
108778
109069
113027
113917
114823
116692
119379
121488
121890
123527
123662
124048
124414
128535
132827
134896
135161
135474
135706
136313
138478
139786
140561
145126
145628
146770
148088
151079
151958
152886
153353
154843
158030
159502
159887
160462
161205
162517
162794
163574
164027
164706
167371
167815
168378
171611
173030
174675
178459
180567
181877
183381
183631
184286
188367
188393
188600
189726
193693
194169
194817
195687
197586
197636
197781
198783
199817
