288.61
329.15
551.54
848.4
1708.13
1907.22
2045.43
2143.84
2707.94
2815.76
2947.05
3163.55
3373.54
3437.1
3534.66
3570.9
3871.49
3886.09
3944.63
4041.8
4088.2
4197.75
4314.71
4459.05
4544.21
4651.7
4671.13
4779.61
5685.92
5689.42
5830.17
6170.41
6796.6
6855.22
7424
7755.35
8399.5
9258.88
9274.52
9565.86
10182.9
10316.1
10638.1
11170.1
11366.3
11692.9
12221
12236
12240.6
12243.6
12282.9
12411
12575.5
12602.5
12788.5
12976.9
13269.2
13364
13554.7
14039.1
14055.4
14066.6
14439.3
14574.2
14811.2
14855.9
14990.1
15228.6
15617.8
15920.7
16144.2
16575.2
16868.8
17607.1
17927.5
18087.8
18089.8
18488.9
18524.4
18797.6
18919.9
19114.6
19340.4
19641.8
20835.7
20893.1
20936.9
21193.1
21358.1
21585.9
21712.3
21833.8
21885.4
21921.9
22102.1
23004.2
23057.7
23324.1
23445.7
23652.5
23783.8
23999.3
24199.6
24650.2
24875.5
25537
26007
26602.6
26781.6
26779.4
27501.9
27598.2
27732.6
27770.3
28236.6
28295.4
28555.9
28595.1
28753.2
28881.1
29021.5
29084.9
29206.1
29358.2
29525.3
29551.8
29752.2
29789.9
30277.6
32013.5
32071.4
32221.3
32468.5
32698.8
32907.8
33109.3
33160.2
33224.1
33275.4
33439.9
33574
33963.5
34074.1
34091.6
34175.2
34236.1
34284.2
34350.9
34389.5
34732.8
34807.3
34813.5
34952.7
35243
35246.9
35622.6
35885.8
35946.7
36261.6
36431.3
36766.1
36860
37365.9
38041.7
38311.2
38451.5
38577.8
38845.7
39281.9
39537.9
39998.2
41103.3
41143.1
41434.4
41835.8
42213.6
42861.9
42895.5
43503.9
44900.5
45014.4
45547.9
46136.3
46219.6
46407.7
47092.6
47133.8
47184.6
47463.1
47536.5
48246.5
48289.7
48661.4
48825
48961.6
49123.1
49123.5
49549.9
49851
50026.4
50262.5
50566.8
50797.6
50822.2
51102.5
51235.2
51445.2
51572.6
51574.2
52003.5
52090.7
52183.4
52324.4
52464.4
52631.5
52751
52813.5
53089.9
53175
53293.6
53304.7
53529.2
53942.5
54107.4
54148.8
54600.7
54661.1
55465.4
55977.6
55987.2
56450.8
56690.9
57181.3
58392
58464.6
58885.8
59011.7
59573.4
60037.8
60208.2
60861.8
60864.9
61046.9
61632.6
61767
61915.8
61934.5
62330.6
62497.9
62516.6
62726.1
62845.1
63009.2
63187.1
63523.8
63740.7
63852.2
65130.6
65166
65502.2
65680.7
65755.6
65767.5
66378.8
66747.2
66760.9
67139
68021.1
68538.2
68551.7
68833.9
69049.1
69114.1
69651
69908.3
70290.3
70293.5
71163.2
71336.3
71525.4
71944.8
72267.8
72442
72757.9
73168.8
73219.1
73361.5
73778.7
73884.6
74323.6
74616.9
74988.5
75469.5
75733.7
76312.1
76353.3
76993.4
77624.6
77745.7
77810.7
78124.4
78269
78386.1
78466
79327.4
79364.3
79379.5
79689.1
79903.3
79975.7
80091.7
80276.9
80758.3
80796
80986.6
81251.4
81278.4
81283.4
81559.2
81740.1
82090.6
82255.7
82374.6
82411.1
82755.7
83326.1
83469.7
83638
84064.3
84174.2
84189.1
84381.5
84559.8
85131.4
85171.1
85632.6
85890.2
86281.9
86717.9
86803.8
87019.4
87032.2
87254.6
87517
87742.4
88007.8
88263.6
88524.9
88622.1
88739.2
88800.2
89012.3
89237.9
89444.2
89488.3
90107.7
90346.3
90460.9
90955.1
90980.6
91204.6
91456.8
93186.2
93371
93675.8
93947.7
94290.9
95072.4
95253.3
95428.8
95821.7
96476.3
96842.4
97000.7
97551
97556.9
97754.4
98222.5
98803.5
99093.9
99351.5
99530.1
99764.7
99840.9
100001
100304
100456
101034
101173
101215
101518
101535
101788
102351
102607
103158
103203
103332
103472
103713
103778
104310
104343
105133
105847
106450
106735
106934
107068
107087
107388
107640
107755
107866
108394
108534
108576
108614
108864
108898
109228
109594
109663
110028
110289
110431
110678
110954
110956
111123
111331
111577
111746
111801
111844
111903
112581
112695
112943
112961
113343
113396
113402
113660
114157
114219
114429
114701
115618
116016
116379
116672
117754
118309
118323
119171
119193
119255
119451
120145
120845
120996
121189
121273
121514
121611
122069
122132
122358
122644
122648
123100
123151
123423
123447
123605
123760
124228
124326
124531
124617
125618
125731
126751
126857
126931
128145
128679
128905
128942
130534
130691
132655
133244
133658
133970
134668
134797
134966
135041
135288
135317
135420
135969
136057
136267
136478
137031
138108
138189
138566
139106
139225
139483
139521
139657
140183
140275
140456
140767
141748
141882
141938
141998
142083
142408
142739
142760
142817
143512
144048
144552
144853
145412
145615
146189
146343
146537
146920
147337
147540
147737
147832
148097
148187
149727
149826
150147
150231
150295
150347
150428
150525
150730
150852
151138
151329
151402
151748
152074
152526
152789
152824
152828
153203
153375
153575
153655
153861
154189
154561
154735
154954
155583
155620
155967
156111
156345
156365
156500
156653
156781
157492
157508
157688
157739
157937
158014
158257
158845
159065
159115
159239
159584
160318
160732
161035
161263
161431
161682
162266
162431
162547
162758
162872
163066
163076
163110
163479
163646
163654
163716
163727
164183
164226
164516
164606
165337
165383
166410
167171
167247
167394
167631
167689
167748
168070
168462
168461
168776
168800
170458
170649
170766
171122
171281
171445
171493
171515
171992
172295
172564
172853
173059
173800
173805
174227
174353
174420
174591
174664
174704
174703
175178
175505
175725
175885
175904
176479
176761
176827
176873
177507
177919
178347
178501
178627
178983
179502
179602
179633
180050
180216
181030
181037
181444
181633
181708
182006
182041
182327
182601
182776
183006
183121
183227
183449
183850
183885
183988
184244
184387
184997
185337
185376
185707
185708
185930
186070
186426
186609
187029
187331
187506
188035
188100
188439
189440
190553
191568
191717
192407
192787
192896
192912
192924
193017
193457
193483
193508
193514
193514
193750
193764
193826
194115
194580
195269
195401
195490
196207
196414
196889
197053
197176
197575
198315
198468
198548
198612
198990
199447
199688
199874
