125.65
384.35
431.78
1067.76
1300
1499.14
1656.72
1750.28
2392.29
2668.33
2754.57
2987.44
3185.52
3483.06
3615.41
3730.54
3931.62
4572.61
5190.27
5245.93
5331.06
5716.86
5969.05
6231.39
6425.43
7008.29
7782.11
7874.15
7908.12
8200.98
8207.96
8397.1
8444.66
8533.47
10159.1
10339.9
10694.7
10779.9
11044.6
11114.9
11143.5
11374
11545.8
11645.3
11742.5
11968.8
12036.3
12115.5
12237.1
12448.2
12484.5
12758.7
12798
12971.2
13685.6
14336.7
14497.2
14722.8
14879.5
15170.3
15425.3
15555.1
15647.7
15930.5
15947.7
16134.7
16151.6
16294.1
16298.4
16459.6
16626
16762.5
17159.6
17238
17351.9
17402.3
18062.8
18396.4
18801.4
18949.1
19580
19673.4
19878.3
20229
20370.6
20522.6
21837.8
22014.8
22064.1
22653.3
22668
23612.1
23819
23897.4
24462.6
24600.3
24669.6
24747.9
24810.7
25142.7
25232.6
25360.1
25602.3
25838.3
25853
26118
26193.3
26325.8
26593.7
26750
26806.1
27074.3
27612
28002.8
28026.2
28080.4
28492.5
28549.6
28756.6
28938.6
29146.9
29170.6
29291.1
29417
29958.4
30915.5
31061.3
31431.1
31987.1
32089.6
32144.4
32524.2
33416.7
33634.5
33743.3
34076.6
34245.9
34613.2
34835.7
35306.2
35365.2
36337.9
36685.7
37280
37288.2
37455.8
37583.5
37685
37720.5
37858.5
38175.5
38373.4
38552.5
38874.2
39124.6
39145.3
39280.9
39513.7
39595.6
39819.2
39951.2
39990.8
40181.2
40467.2
40484.1
40498.8
40654.4
40734
40861
40867.3
42038.5
42223.6
42380.6
42590.1
42679
42703.5
42979.3
43001.4
44370.7
45068.5
45170.3
46694.8
47307.4
47622.6
47641.3
47855.3
47985
48072.9
48138.6
48166.7
48549.4
48792.6
49001.9
49114.8
50457.3
50664.7
51050.5
51061.1
51269.8
51592.4
51762.1
51817.9
51897.7
51911.6
52107.3
52233.8
52344.6
52881.6
52893.6
53004.7
53103.9
53153.3
53262.4
53518.7
53518.6
53705.5
53804.6
53980.2
54199.7
54412.9
54614.1
54704.7
54987.2
55129
55297.3
55299.9
55323.3
55361.2
55639.4
55656.3
55673.4
55912.3
55921.7
56083.4
56483.2
56536.9
56956.7
57270.6
57604
57804.6
58133.6
58401.8
58408.4
58470.8
58909.3
59171.6
59197.5
59269.9
59389.1
59416.5
59448.4
59774.4
60123
60348.3
60351.2
60446.1
60506
60623.6
60634.1
60905
61167.2
61339.3
61403.7
61526.5
61624.1
61671.4
61910.1
62012.5
62331.4
62349.2
62820.1
63211.6
63500.5
63629.1
64162.6
64811.2
64993.1
65200.9
65577.6
65616.9
66335.6
67139.4
67166.4
68677.7
68799.6
69046.6
69548.6
69638.9
69719.7
69862.6
70157.8
70442.1
70591.8
70693.4
70847.9
70889.9
70890.2
71172.3
71443.9
71570.9
71610.7
72152.1
72299.5
72490.4
72746
73119.8
73157.9
73805.9
73877.7
74059.2
74621.4
74811.9
75137.5
75400
75424.3
75615.6
75695.4
75878.4
76183.2
76471.4
76618.2
76795.5
77319.7
77602.4
77716.9
77828
78099.9
78157.1
78199.1
78430
78451.3
78516.4
78552.8
78938
79203.3
79496.5
79739.5
79981.3
79992.1
80165.5
80330.7
81118.9
83462.9
83894.4
84475.4
84845.8
84930.9
85081.4
85534.5
85613.9
85753.1
86043.3
86606.3
86634.7
86734.6
86925.2
87191.1
87721.2
87836.9
88003.3
88108.3
88859.9
88871
89333.9
89557.1
89701.7
89800.4
89923.3
90013.6
90200.7
90350.7
90961
91283.4
91629.8
92001.5
92277.2
92324.3
92751.9
93323.4
93873.7
94045.7
94266.1
94387.8
94538.4
94692.1
94739.8
95011.9
95077.7
95378.2
96026.2
96351.8
96519.2
96777.4
96826.9
97598.3
97808.9
98228
98295.5
98572
98735.4
98931
99135.2
99403.7
99481.2
99560
99822
99849.6
99907
100427
100516
100777
100879
101166
101297
101521
101704
102022
102075
102143
102335
102354
102394
102417
102569
102601
102700
102779
102805
103253
103542
104244
104266
104727
105352
105614
105795
106087
106340
106494
106554
106866
107215
107250
108087
109197
109346
109675
110025
110676
110883
110934
111028
111134
111396
112545
114279
114423
114494
114528
115068
115282
115418
115791
116114
116482
117794
117975
117994
118245
118342
118440
118757
119023
119099
119319
119326
119559
120126
120284
120568
120874
121372
121835
121843
121858
121870
122131
122163
122292
122307
122388
122642
122688
122890
122946
122959
122993
123072
123104
123235
123271
123289
123354
123361
123764
124129
124400
124651
124919
125052
125187
125316
126135
126180
126673
126956
127277
127775
127831
129116
129489
129729
129829
129884
129982
130102
130804
130848
131190
131231
131743
131953
132046
132284
132372
132724
133011
133622
133818
133912
134151
134478
134511
135063
135082
135219
135249
136003
136172
136247
136450
137001
137581
137872
137927
138241
138521
138818
138942
139086
139594
139638
139853
139955
140794
140986
141024
141562
141789
142435
142872
143155
143848
143918
143974
143962
144092
144234
144250
144505
144506
144871
144901
145027
145243
145344
145625
145857
147473
147981
148360
148560
148666
149494
149809
149956
150478
150647
151385
151441
151619
151811
151957
152352
152889
152961
153376
153546
153860
154020
154447
154489
154576
154657
154703
154891
154911
155095
155357
155769
155830
155945
156332
156335
156565
156726
156957
157127
157156
157482
157582
157713
157797
158481
158605
158715
159247
159423
159507
159571
159836
159989
160006
160167
160562
160704
160693
160943
161133
161301
161648
162914
163203
163326
163550
163740
163905
163926
165074
165385
165549
166386
166411
166485
166653
166694
166790
167126
167228
167324
167323
167993
168217
168258
168408
168684
169066
169117
169383
169470
170353
170505
171236
171255
171247
171389
171492
171566
171814
172183
172766
172968
172990
173116
173248
173504
173828
174196
174292
174821
174900
175726
176096
176408
176779
176912
177280
177617
177866
177907
178168
178244
178349
178659
179008
179029
179235
179373
179739
179975
180630
180875
181361
181391
181766
181860
181957
182067
182132
182275
182415
182463
182501
182652
182753
182812
182898
183146
183151
183311
183381
183711
183905
184003
184227
184288
184428
184626
184637
184658
184726
185414
185754
186427
186585
186775
187078
187124
187134
187175
187215
187469
187840
188014
188038
188133
188360
188413
188468
188702
188717
189026
189143
189696
189693
189972
190511
190558
190960
191109
191291
192036
192348
192672
193099
193653
193719
193962
193969
194084
194101
194099
194208
194344
194512
194612
194706
194899
194955
195062
195163
195289
195439
195624
195676
195676
195966
196104
196152
196629
196624
196884
196885
196996
197223
197267
197297
197613
197699
197769
198027
198010
198190
198420
198659
198670
198769
198880
199138
199337
199495
199873
199920
