117.82
510.47
513.96
614.11
1525.01
1664
1859.85
2414.47
2446.1
3220.05
3222.83
3421.96
3966.99
5535.18
6111.13
6150.46
6762.97
7032.37
7518.89
8038.04
8363.03
9012.73
9203.41
9817.03
10741.2
11109.9
11169.6
11425.2
11443.3
12071.2
12305.8
12576.6
12655.4
12691.2
13082
13836.9
14162.4
14919.3
15270.4
15915.4
16304.4
16378.2
16982.3
17127
17149.5
17279
17608.1
17887.6
18090.6
18329.2
18927.9
19468.9
19854.9
20076.8
22126.4
22291.5
22463.8
22899.3
23102.4
23201.4
23454.2
23507.7
23598.9
23766.1
23784.2
24355.9
24361.5
25823.9
25932.6
25969.3
26208.2
26243.3
26262.2
26612.9
26652.2
26690.4
26997.8
27235
27327.4
27593.9
27632
27824.7
27861.8
28059.8
28091.4
28330.2
28373.9
28615.6
28641.2
28930.2
29079.5
29083.7
29128.6
29939.7
30101.4
30208.7
30563.5
30731.4
30781
31628.1
31712.7
32217.5
32634.4
32786.3
33032.5
33030.8
33455.2
33636.8
33653.3
34079.6
34119.7
35065.7
35137.2
35704
36163.9
36522.4
36706.4
36795.8
37231.1
37453.3
37472.8
37837.5
38792.3
39257.8
39547.7
39935.5
39992.7
40054.5
40238.4
40733
40867.9
41181.2
42477.3
42883.3
42993.4
43000.5
43486.7
43650.1
43661.1
44146
44683.4
44987
45037.1
45061.6
45375.1
45378.8
45736.9
45945.2
46131.1
46292.5
46595.6
46607.5
46768.8
46894
47209.2
47591.2
47928
48071.2
48112
48217.3
48484.7
48623.9
49045.7
49196.9
49557.9
49597.3
50349.7
50503.6
50593.6
51371.3
52214.6
52431.9
52524.9
52678
52699.2
53188.8
53355.5
53753.4
54112.2
54685.5
55156
55201.7
55323.7
55378.6
55493.2
55655.8
55749.4
56340.8
56550.5
56678.5
57072.4
57129.4
57628.1
57728.6
58088.1
58678.7
59639
59811.9
60148.4
60555.3
60811.7
61060.7
61276.2
61311.9
61613
61716.4
62247.2
62491.1
63150
63435.5
63791.9
63844.1
63916.6
64127.2
64365.8
64642.4
64794.6
65004.9
65119.7
65178.9
65244.4
65722.5
65822.9
66302.3
66411.3
66417.6
67276.7
67359.8
67703.1
67862.6
67875.7
67909
68097.1
68445.4
68722.4
68960.3
69011.5
69480.3
69806.8
70310.2
70947.1
71966
73388.8
73486
74081.5
74371.7
74495.7
74529.5
74824.3
74892.2
74970.6
75023.4
75137.1
75450
75480.2
75560.6
76146.5
77215.1
77267.8
77463.1
77801.8
78024.7
78361.1
78565.9
78657.1
79243.5
80128.4
80517
80519.7
80998.4
81782.2
82150.4
82730.4
82883
82997.5
83071.3
83152.6
83434.3
83759.4
84062.9
84438.6
84746.2
85027.9
85084.5
85144
85309.4
85461.7
86184.9
86251.2
86814.6
87216.7
87281.9
87572
87719.6
87847.3
88238.8
88368.6
89077.5
89343.5
89401.2
90183.3
90388.7
91215.3
91228.3
91365.2
91557.1
91741.5
91950.9
92185.8
92253.3
92756.2
93397.5
93998.9
94458.1
94725.4
95369.3
95524.7
96213.1
96301.3
96325.1
96638.9
96844.8
97194.9
97352.4
97363.7
97422.2
97882.4
97890.3
98456.2
99190.6
99232.3
99325.5
99878.8
100651
101011
101430
101481
102035
102186
102192
102303
103212
103517
103509
103959
104112
104135
105049
105311
105355
105444
105528
105694
106067
106377
106515
106614
106690
106854
106859
107053
107132
107511
107951
108216
108488
109622
109823
110506
110553
111146
111156
111229
111348
111531
111765
111842
111891
112170
112329
113207
113542
114323
114343
114865
115043
116148
116498
116704
117183
117250
117390
117423
117513
117734
117739
117938
118239
118637
118700
118798
119246
119495
119860
120083
120121
120251
120379
121012
122182
122601
122853
122963
123150
123189
123761
123913
124176
124229
124276
124619
124875
124972
125018
125035
125181
125271
125445
125470
125621
125731
125949
126369
126568
127102
127127
127242
127674
127751
128207
128241
128579
128960
129247
129842
130032
130040
130564
132183
132306
133216
133514
133713
133943
134343
134682
135056
135153
135724
136050
136715
136846
137306
137526
138248
138357
138530
139084
139209
139247
139259
139505
139777
139818
140211
140360
140560
140605
140681
141008
141225
141441
141559
141593
141822
142116
142187
142538
142770
142936
142995
143114
143249
143920
143948
143956
143996
144360
144604
144846
144926
145003
145601
145659
145908
146292
147320
147593
147974
148190
148782
149136
149193
149209
149409
149444
149584
150418
150604
150685
150941
150974
151068
151112
151495
151880
152010
152367
152798
153679
154291
154333
155781
156185
156453
156766
156796
157186
157232
157613
157845
159535
159943
160273
160329
160497
161158
161857
162564
162977
163030
163322
163709
163953
164098
164098
164122
164648
165185
165456
165641
166700
167124
167408
168066
168137
168202
168489
168516
168784
169171
169463
169616
169666
169680
169950
170722
172399
172574
173578
173649
174065
174251
174428
174646
175862
176094
176464
176891
177152
178970
179236
179466
179556
179610
179702
180233
180316
180712
181284
181412
181501
181749
182099
182266
182418
182586
182821
183097
184738
185013
185070
185177
185229
185283
185542
185789
186262
186636
187138
188154
188738
189080
189138
189251
189602
190190
190607
190974
191258
191428
191568
191907
192262
192531
193176
193251
193633
193867
194021
194389
194939
195090
195361
195450
195458
196811
196944
197315
197573
197917
198184
199937
