678.61
705.51
712.69
725.39
732.43
750.07
4267.36
4327.2
4332.13
4342.58
10611.3
10709.5
19100.2
19149.6
19153.9
19824.3
19922.5
19940.4
21002.9
21006.5
21022.8
21024.4
21032.1
21055.6
21528.4
21564.7
21570.1
21633.5
21663
21705.9
21715.5
22123.5
22314.6
22322.9
22335.2
22336.8
22343.8
23067.3
23090.2
23401
23452.1
23459.4
23465.2
23506.7
23562.8
23567.1
23707.7
23749.7
23754.5
25148.6
25203
27051.5
27058.6
27063.8
27096.9
27141.7
27155.3
27165.3
27168.7
27173.4
27180.8
27185.8
27222
27231.8
27233.8
27236.9
27245.9
27268.9
27363.2
27366.1
27383
27487.6
27856.3
27862.7
27866.9
27874
27950.9
27964.5
27967
27982.6
27994.2
28004.2
28007.9
28019.2
28090.5
28143.8
28166.1
28171.8
28176.6
28188.2
28228.3
28230.4
28232.1
28241.8
28263.9
28268.1
28284.7
28313.4
28651.6
28657.1
28663
28667.8
28800.2
28839.9
29108.3
29116.1
29137.2
29264
29269.4
29293.4
29354.7
29371.5
29388
29392
29396.6
29399.3
30126.1
30138.4
30147.6
30151.1
30173.3
32083.8
32097.8
32101
32104.5
32123.1
32155
32159
32308.9
32340.2
32342.3
33036.4
33080.3
33093.8
33102.4
33107.2
33117.1
35072.1
35652.6
35682.9
35686.9
35730.5
36174.7
36291.1
36293.2
36331.5
36352.9
36369.3
36397.6
36401.2
36404.2
36417
36562.2
36603.5
36607.4
36612.4
36635
36645.1
36703.1
36722.8
36724.8
36769.3
37091.7
37101.6
37106.8
37135.1
37166.7
37499
37507.2
37523.9
37530.4
40278.3
40290.1
40293.3
40298
40313.1
41191
41221.4
41224.3
41256.2
41285.6
41292.6
41689.8
41692.8
41710.4
41717.7
41743.4
41752
41756.3
42217.9
42220.3
42948.1
42960.1
42982.3
43020.5
43027.6
43087
43168.4
43282.5
43283.9
43285.5
43300.9
43312.2
43316.8
43328.9
43340.7
43370.3
43394.5
43409
43426.6
43434.5
43437.2
43447.6
43451.3
43461.1
43479
43482.1
43492.9
43497.6
43509.9
43556.5
43566.9
43606.9
44144.5
44692.6
44696.3
44915.4
44926.6
44930
44933.9
45540.7
45547.4
45582
45586.9
46318.8
46741.3
46754.9
46787.6
46813.2
47129.8
47265.7
47343.6
47362.4
47366.5
47377.1
47380.7
47473.4
47512.4
47525
47535.8
47546.5
47551.4
47564.8
47566.4
47591.8
47603.3
47611.6
47833.7
47868.9
47888.3
47894.1
47903.5
47956.8
47960.3
47991.8
48009.3
48013
48015.9
48023.5
48029.1
48433.2
48438.1
48456.6
48450.1
48465.2
48492.2
49016.8
49556.1
49559.5
49556.9
49563.5
49563.2
49582.8
49605.1
49745.4
49786.4
49797.4
49801.5
49832.9
49852.7
49859.5
49869.9
49874.3
49887.3
49890.5
49927.8
49930.7
49933.9
49937.9
50019.4
50038.4
50046.3
50048.6
50062.9
50066.5
50172.6
50186.9
50191.6
50205.6
50460.2
50484.1
50491.3
50513.5
50517.9
50603.3
50615.9
50609.6
50663.4
50828.9
50831.4
50855.8
51092.8
51110.9
51113.2
51126.2
51138
51154.7
51158.1
51208.9
51216.7
51249.1
51250.6
51256.2
51294.6
51362
51371.1
51378.1
53101.7
53150.8
53223.8
53277.6
53317.3
53333.7
53354.5
53373
53374.2
53404.3
53428
53433.9
53482.5
53485.2
54135.7
54150.3
54158.2
54175
54410.5
54661.7
54912.7
54919.1
54970.1
54975.8
55132.9
55138.9
55140.9
55145.6
55151.2
55169.3
55201.5
55209.3
55230.1
55231.9
55274.6
55274.8
55323.4
55395.1
55398.6
55401
55414
55417.2
55437.5
56170.3
56173.7
56189.5
56630.9
56636.4
56669.6
56770.2
56798.3
56909.6
56914.1
56923
56979.1
56984.9
56989.3
56993.6
57022
57051.2
57055.1
57293.7
57297.6
57304.7
57681
57682.8
57690.4
57687
57695.8
57699
57720.3
57722.8
57741.7
57742.9
57765.8
57776.6
57810.4
58009.6
58014.4
58393.8
58478.4
58567.9
58763.3
58854.4
58940
58947.2
58949.4
59026.7
59074.4
59092.1
59971.1
59977.9
59991.4
59993.8
59997.8
60311.4
60314.4
60332.3
60348.2
60374.5
60384.3
60420.5
60457.4
60485.6
60537.4
60563.4
60850.6
60890
60924.8
61019.1
61541.1
61634.8
61639.3
61658.7
61689.2
61707
61739
61756.7
61768.2
62007.3
62012.8
62390
62429.2
62442.8
62493.1
62496.4
62866.8
62891.8
62911.4
62919.7
64605.3
64657.4
64667.2
64677.3
64722.7
64734.2
64747.9
64759.4
64775.6
64822.1
64826.7
64836
64870.5
64878.2
65417.2
65424.7
65429.2
65441.8
65575.1
65599.3
65603.7
65638.3
65680.2
65693.6
65702.1
65728.4
65802.4
65810.8
65827.4
65855.6
65871.3
65877.7
65903.2
65909.3
65942.2
65955.6
66354.4
66471.3
66492.9
66639.2
66653.3
66660.2
66663
66670.2
66689
66974.8
67005.1
67009.2
67012.9
67019.1
67027.5
67059.8
67069.1
67079.2
67083.9
67104.5
67354.5
67432.8
67453
67462.8
67468.8
67477.6
67482.3
67493.6
67499.7
67533.1
67583.1
67746.9
67759
67788.8
67795.1
67813
67825.8
67831.6
67851.2
67854.8
68182.4
68881.9
69109.9
69188.2
69192.9
69196.5
69205.4
69213
69215.9
69212.7
69222.5
69233.6
69235.8
69240.2
69238.2
69292.6
69302.7
69312.2
69323.3
69376.8
69556.1
69584.2
69586.7
69595.6
69784.3
70236.4
70251.3
70256.3
70258.8
70271.2
70276.6
70283.1
70291.1
70376.9
70381
70900
70901.8
71473.9
71475.9
71483
72562
72604.3
73034.8
73049.3
73458.6
73505.9
73526.6
73528.3
73585.9
73601.3
73637.8
74098.3
74100.7
76374.8
76379.7
76390
76425.9
76469.2
76587.3
76611.8
76627
76633.4
76642.2
76673.9
76729.1
76798.8
76822.1
76868.1
76920.5
76965.4
76977.7
76981.5
76996.1
77029.3
77031.9
77213
77218.8
77307.1
78458.7
78487
78493.4
78526.6
78630.2
79106.2
79118.4
79130.9
79138.5
79150.8
79176.7
79187
79225.8
79233.2
79308.8
79330.9
79346.7
79376
79385.4
79392.4
79404.7
79432.3
79443.8
79461.3
79513
79522.5
79546.6
79638.6
79656.6
79698.1
79707.4
79732.6
79748.8
79755.9
79774
79852.4
79900.1
79921.3
79945.6
79974.7
79982.5
80118.4
80121.9
80142.2
80145.5
80157.5
80171.3
80322.9
80520.8
80555.1
80573.7
80580.7
80582.9
80585.5
80591.7
80594
80599.2
80616.4
80624.6
80626.8
80641.5
80656.2
80662.8
80672
80683.9
80686.1
80698.6
80703.4
80755
80761.8
80775.6
80780.6
80793.2
80796.3
80823.8
80826.4
80837.1
80839.6
80845.7
80848.4
80850.6
80853.1
80868.8
80875.5
80878.5
80881.3
81103.3
81141.7
81168.1
81174.7
81205.4
81216.5
81225.7
81229.2
81243.6
81265.5
81600.9
81617.9
81621.4
81627.9
81647.1
81680.5
81686.5
81805.9
81814.5
81816.6
81831.4
81834
81852.9
81861.1
81925.5
81930.6
81933.7
81936.4
81940.8
81976.5
81992.4
81991.7
82041.3
82067.3
82072.3
82177
82241.5
82248.5
82252.5
82877.6
82879.9
82909.8
82924.5
82930.1
82952.2
82976.7
83000.9
83011.5
83038.6
83041.4
83045.9
83054.4
83092.5
83096.1
83105.2
83110.7
83118.7
83144.3
83165.4
83168.7
83173.8
83177.1
83186.5
83212.8
83214.7
83217.3
83218.4
83258.8
83432.6
83536.9
83554.3
83570.3
83576.3
83579.3
83586.8
83592.6
83608.1
83609.6
83619
83625.8
83629.3
83642.9
83648.2
83765.4
83774.1
83790.6
83827
83835
84270.3
84274.6
84297.7
84528.4
84598.9
84987.3
85119.5
85158.9
85183.6
85248.9
85261.5
85269.4
85286.5
85302.9
85819.6
85824.3
85844.8
86354.1
86358
86367.9
86371.6
86432.8
86474.1
86487
86504.4
86554
86556.6
86933.6
87504.3
88786.4
88814.4
91967.2
91981.5
91978.8
91987.5
91992.6
91996.7
91998.8
92000.2
92006.9
92011.7
92014
92026.2
92033.5
92286.2
92504.8
92514.3
92520.2
92524.2
92544.7
92549.5
92829.1
92904.2
92949.3
92972.2
93727.4
93732.8
93740
93746.9
93764.5
94666.9
94734.8
94737.1
94748.1
94760.4
94814.6
94838
94842.2
94848.1
94858.9
94868.7
94871.6
94873.6
94888.8
95132.5
95151.7
95154.8
95189.6
95219.5
97933
99533.8
100676
100688
100690
100693
100695
100786
101022
101049
101069
101078
101081
101117
101127
101183
101187
101221
101325
101330
101464
101471
101490
101850
101925
101935
101939
101981
102218
102298
102880
102882
103736
103765
103794
103797
103850
103868
103880
104042
104083
104192
104574
104581
104585
104637
104703
104738
104772
104784
104810
104811
104815
104912
104915
104925
104931
104936
104940
104947
105246
105409
105440
105632
105637
105659
105727
105735
105821
105837
105840
106106
106130
106161
106194
106304
106387
106432
106617
106626
106630
106778
106800
106806
106810
106855
106860
106871
106873
106879
106951
106986
109248
109446
109462
109466
109490
109538
109559
109615
109625
109628
109860
109856
109861
109904
109910
109913
109924
109930
109977
109995
110002
110024
110030
110077
110120
110152
110158
110164
110178
110192
110198
110213
110217
110224
110250
110343
110398
110402
110405
110417
110427
110848
110921
111115
111123
111134
111138
111141
111347
111401
111433
111677
111696
111699
111724
111730
111734
111741
111815
111835
111838
111854
111933
112238
112256
112266
112271
112297
112306
112314
112316
112336
112355
112426
112430
112443
112463
112469
112484
112498
112518
112520
112527
112532
113489
113492
113842
113881
113914
113972
114013
114032
114103
114134
114141
114148
114495
114510
114698
114712
114714
114733
114835
114840
114875
114880
114925
114949
115138
115231
115261
115448
115511
115531
115711
115712
115819
115884
115955
115965
115973
116002
116016
116131
116136
116157
116162
116292
116311
116375
116390
116433
116441
116715
116747
116836
117201
117214
118128
118767
118814
120010
120039
120061
120302
120358
120363
120367
120370
120399
120836
120846
121025
121073
121102
121470
121511
121615
121922
122335
122351
122375
122427
122437
122440
122446
122470
122473
126203
126539
126545
126590
126596
126605
128504
128583
128586
128596
128609
128620
128666
128686
128702
130330
130334
130347
130367
131012
131485
131566
131592
131667
131688
131724
131728
131752
132416
132464
132563
133032
133059
133082
133092
133415
133576
133620
133847
133852
133880
133895
133905
133912
134567
135530
135587
135666
136992
137000
137047
137407
137475
137677
137717
137755
137773
137787
137792
137806
138122
138132
138264
138286
138292
138296
138299
138313
138318
138328
138376
138751
139606
139648
139653
139656
139665
139716
139832
139837
139860
139866
139873
139878
139882
140410
140472
140488
140607
140629
140631
140638
140655
140657
140677
140682
140685
140688
140697
140754
141069
141071
141087
141090
141101
141105
141110
141310
141316
141369
141403
141405
141512
141981
141983
141986
141988
141998
142008
142248
142295
142330
142337
142382
142390
142397
142437
142877
142880
142884
143319
143353
143385
145407
145534
145543
146282
146295
146303
146320
146323
146331
146346
146907
146910
148142
148144
148149
148151
148156
148159
148162
148166
149754
149774
149785
149828
149943
150260
150276
150306
150314
150327
150329
150348
150381
151006
151019
151044
151048
154046
154070
154073
154076
154082
154157
154190
154224
154231
154719
156377
156379
156383
156409
156414
156421
156426
156438
156451
156458
156473
156475
156480
156484
156491
156513
156517
156519
156529
156557
156553
156576
156583
156585
156615
156622
156697
156717
156753
156757
156895
156901
156906
156917
156942
156983
157018
157032
157036
157038
157042
157066
157071
157228
160552
160615
161021
161271
161299
161312
161319
161321
161339
161346
161359
161727
161772
161832
161836
162041
162043
162058
162091
162155
162173
162212
162261
162291
162294
162297
162301
162309
162311
162313
162320
162348
162361
162366
162382
162430
162448
162455
162466
162477
162546
162549
162576
162718
162847
162855
162867
162874
162954
163015
163063
163116
163191
163202
163228
163232
163240
163245
163255
163261
163272
163274
163279
163281
163322
163343
163364
163420
163419
163424
163442
163462
164135
164209
164369
164533
164541
164651
164671
164674
164685
164711
164980
165049
165069
165070
165194
165599
166013
166016
166088
166138
166141
166312
166317
166326
166330
166340
169807
169814
169867
169885
170021
170048
171156
171206
171231
171232
171237
171265
171285
171331
171888
172007
172020
172041
172047
172060
172085
172117
172235
172238
172262
172309
172570
172635
172656
172658
172779
172780
172783
172830
172851
172878
172880
172895
172903
172917
172941
172957
173048
173081
173128
173185
173200
173241
173262
173334
173350
174009
174077
174636
174640
174705
174854
176855
176880
176902
176914
177097
177099
177141
177156
177243
177255
177276
177292
177345
177356
177359
177372
178390
178393
178398
178405
178445
178454
178461
178469
178480
178516
178521
178527
178734
181148
181155
181157
181209
181211
181226
181232
181238
181246
181252
181259
181276
182059
182141
182144
182160
182183
182185
182210
182222
182223
182486
182508
182862
183186
183191
183255
183604
183607
183611
183725
183732
183734
183754
183795
185083
185127
185148
185533
185577
185579
185581
185583
185589
185592
185602
188228
188434
188449
188451
188454
188463
188503
188511
188516
188553
188561
188863
188866
189088
189097
189102
189266
189271
189299
189407
189411
189416
189549
189631
189644
189646
189694
189699
190674
190704
190739
190763
190771
190773
190775
190838
190856
191727
191748
192541
192548
192555
192571
192575
192583
192600
192605
192610
192616
192628
192641
192690
192692
192769
193126
195000
195181
195197
195229
195284
195292
195316
195322
195326
195614
195625
195650
195691
195709
195763
195999
196016
196026
196029
196034
196037
196040
196045
196048
196150
196191
196250
196328
197140
197170
197177
197179
197194
197288
197302
197426
197433
197441
197461
197466
197476
198108
198114
198118
198125
198149
198154
198157
198175
198182
198189
198191
198193
198244
198247
198253
198691
198758
