401.94
1053.36
1748.99
1763.79
1930.38
2005.36
4451.14
5009.1
5664.1
6780.76
7158.04
8046.12
8688.35
8981.36
9028.17
9100.12
9884.63
11029.6
11376.8
11732.4
11788.5
12403
12648.2
13328.2
13757.5
14550.7
15477.3
15649.8
16060.7
16557.7
16920.3
16994
17346
17623.6
19844.3
20704.4
21699.8
21849.1
22695.8
23173.8
23194.7
23862.9
23886.1
24198
24311.2
24441.4
24716.3
26923.1
28052.8
29205.4
29630
29628.7
30303.8
30753.2
30858.6
31426.8
32685.3
33504.1
34547.8
34936.3
36287.9
37244.9
37283.3
38402.6
39004.1
39145.5
39349
39535.4
39846.5
40163.4
40748.6
41222.3
41621.2
41923
42327.5
42492.9
44762.4
45113.9
45961.7
46403.9
46695
47959.6
48336.1
50583
51625.7
52065.7
52332.1
53291.9
53648.3
54000
54147.7
55558.4
56455
56684.2
57030.7
58216.5
58512.2
59157.4
59262.5
60797.1
60918.8
61308.9
61396.4
61661
62172.2
62252.8
62708.2
63052.2
63995
64013.2
64104.2
65335.2
65859.7
66265.9
66371
66467.6
66478.3
66641.2
67157.7
67463
68695.5
68744.9
70038.2
71427.4
72140.4
72447.8
72961
73644.3
74583.8
74785.1
75319
77003.7
77484.1
78564.5
78927.2
79329.9
79678.1
80551.1
81227.4
81255.5
81307.4
81884.1
85252.5
86018.5
86631.4
86804.8
86914.9
87438.7
88008.4
89264.3
90182.9
91187.6
93817.6
95096.3
95917
96684.1
97246.3
97377.9
97455.3
97652.3
97682.5
98144.5
99147.7
99541.8
99623.8
99855.7
100158
100273
101918
102357
102352
102386
102975
103020
103919
103919
103984
104262
105855
106390
107470
108106
108212
108222
108414
108597
108817
109675
110475
110841
111274
112185
113504
113957
115134
115722
115719
116249
117940
118538
119033
119399
119716
120516
121851
122053
122268
123367
124965
125008
125776
127006
128521
129286
129732
129872
131373
132107
133701
133981
135190
136170
137376
137709
138111
138167
138886
139380
139427
139696
140826
141130
142745
143898
144541
144866
145695
145841
146830
146851
147175
147576
148463
149732
150696
152168
152548
152878
153167
154663
155685
155801
156413
156966
157187
157486
157861
158809
159301
159670
160750
160783
161289
161904
162046
162155
162943
163324
163976
164432
165433
165750
167757
168202
169341
169474
171107
171401
171509
171735
172777
173039
173521
173663
174128
174308
174374
174681
175106
175831
175962
176920
177831
179045
179068
180246
180325
180613
181006
181672
182449
182789
183187
183239
184286
185760
186007
186058
187519
187614
187733
190322
193237
193417
193866
193971
194758
195338
195820
196410
197892
197978
198271
198741
198900
199122
199306
199392
199798
