2659.42
3213.44
3483.69
3635.44
3968.94
4770.96
4834.33
6754.26
8264.45
9438.56
10042.1
10672.8
12302.2
12767.5
12778.8
13650.2
14061.6
15005.8
16170.4
17243.4
18629.5
19856.1
20454.6
20691.7
21239.6
22147.9
23441.7
24182.1
25020.8
25312
25443.6
27787
28898.5
30053.5
31340.3
35494.3
36094.6
36654.8
37205.1
37467.9
38418.6
38840.3
38890.1
40028.4
40474
40608.2
41443.7
42785.2
45797.1
47492.3
48947.8
48992.1
51910.9
53574.5
53801.5
54794.5
54973.7
55732.3
56711.7
57776.5
58005.3
59131.8
59597.2
61198.5
61368
62486
62924.9
63142
64498.3
65198.9
69198.5
70627.2
72457.3
75369.4
75627.1
76355.6
76632.5
77136.7
78089.2
78323.9
78577.6
78656.6
79900.3
80017.3
80827.1
82174.9
82527.2
83626.8
86539.7
86548.8
87250.8
88547.6
88814.9
90668.2
91459.8
91702.4
92227.2
92358
92991.7
93010.8
93391.3
93990.1
95447.6
95994.5
97818.7
97990.2
98315.5
98773.6
100082
100120
100725
100994
101283
101586
102268
102901
103113
103882
104545
104703
105300
107904
108437
109799
109939
110674
111217
111582
113277
114295
115198
116462
116933
118657
119781
120016
121981
121996
123442
123474
123715
124076
125786
126950
128310
133095
134052
140101
140680
140757
141359
141883
142184
142624
142961
143124
143701
144207
145060
145245
145680
145873
152927
153093
156104
157066
158131
162951
163443
163833
164400
164409
167280
167779
170116
172665
173227
174527
176096
179641
179712
180667
181506
181935
182652
184950
185169
188174
190814
191542
192122
193696
195801
195806
196283
199416
199653
