117.54
264.47
439.89
627.59
651.78
776.61
889.42
937.56
1031.66
1155.55
1192.93
1296.7
1571.61
1800.66
1958.68
1995.83
2247.54
2268.39
2452.4
2561.62
2703.51
2764.13
2816.62
3184.41
3194.66
3248.2
3279.66
3323.2
3563.05
3699.34
4008.3
4273.22
4456.38
4556.71
4734.05
4841.31
4982.41
5229.72
5398.76
5409.52
5503.68
5675.1
5684.91
5737.22
5840.19
6054.69
6161.02
6292.77
6642.25
6920.86
7411.13
7428.13
7488.19
7506.32
7670.72
7761.47
8078.96
8364.93
8518.27
8680.9
8860.22
8888.65
9279.23
9439.99
9468.85
9509.79
9794.9
9823.94
9916.25
9991.04
10046
10055.6
10072.3
10463.7
10526
10644.6
10782.2
11134.3
11139.9
11181.3
11516.1
11517.5
11849.1
12495.3
13019.1
13827.9
13901.6
13972.7
14142.4
14341.9
14849.6
14939.9
15199.9
15275.6
15642.4
15989.2
16199.5
16479.2
16529
16566
16682.7
17243.4
17342.7
17358.9
17463.9
17676.7
17857.6
17953.7
17958.8
18176.3
18347
18464.8
18524.2
18765.1
18800.7
18902.6
19137.4
19323.4
19762.4
19757.8
19813.1
19842.8
19893.4
20302.2
20523.2
20668.6
20980.5
21081.4
21227
21239.6
21470.8
21812.8
22145.2
22319.8
22426.4
22666.5
22841.1
22889.6
23208.5
23216.7
23702.1
23727
23816.6
24023.3
24616.5
24779
25341.6
25670.2
25822.3
26047.1
26115.6
26473.5
26631
26704.3
26985.1
27313.4
27519.8
27593.1
27751
27971.7
28221
28375.1
28480.1
28508.1
29160.2
29240.7
29269.3
29295.2
29652.3
29658.7
29697.7
29860.3
29879.7
30092.7
30163
30410
30551.5
30745
31235.1
31322.6
31437.6
31587.3
31754.9
31767.2
31846.3
32219.1
32276.3
32407.8
32612.6
32813.7
32838.5
32952.9
33118.5
33189.4
33212.8
33361.9
34017.4
34106.9
34108.5
34326.9
34345
34418.1
34707.7
34764.7
34930.1
34968
35407.5
35705.2
36057.4
36138.3
36171.1
36422.3
36448.8
36657.4
36683.4
36938.6
37565.6
37762.2
37957.3
37995.2
38210.4
38273.9
38307.8
38432.5
38442
38815.3
38847.7
38855.5
39496.6
39576.6
39830
39889.8
40010.2
40046.1
40127.5
40317.9
40694.3
41079.5
41110.5
41214.8
41369.7
41451.7
41476.3
41580
41637.2
41725.8
42099.6
42616.4
42718.4
42939
43083.1
43090.5
43133.5
43228.6
43295.4
43333.9
43642.5
43736.6
44149.2
44812.8
44899.9
45270.9
45301.6
45531.7
45682.1
46052.5
46206.4
46292.9
46472.1
46594.8
46772.2
46831.7
46857.8
47105.1
47125.6
47183.7
47188.7
47235.8
47966.3
48157.6
48501.7
48773.4
48805.4
49269.4
49400.6
49444.3
49596.8
49717.6
49728.7
49805.8
49974
50026.4
50126.8
50199.2
50360.2
50545.5
50965.3
50965.7
51045.9
51292.4
51425.6
51432.6
51512.6
51555.3
51639.6
51702.6
52001.1
52486.9
52609.4
52792.3
52892.9
52905.3
53040.7
53170.2
53238.2
53551.4
53668.2
53681.7
53864.9
54147.8
54161.9
54212
54397.2
54486.7
54634.1
54677.6
54916.3
55426.9
55568.6
55578
55669.9
55941.9
56271.4
56328.8
57047.3
57422.7
57448.2
58062.8
58066.1
58743.1
58773.5
59013.3
59144.1
59383.9
59583
59672.7
59717
59815
59818.4
60149.5
60228.5
60244.1
60336.6
60378.3
60451.4
60626.6
60764.6
61286.3
61311.5
61328.4
61347.8
61578.2
61830
62513.9
62698.6
62713.3
62853.8
62956.6
63091.4
63107.5
63436.3
63518
63798.2
63806.6
64038.9
64134.1
64257
64439.2
64707.1
64862.9
65314.9
65500.2
65645.6
65672
65951.5
65961.9
66351.5
66385
66479.4
66485.3
66491.8
66623.6
66645.3
66662.3
66813.9
66867.3
67112.7
67194.8
67650.4
67715.5
67805.9
68357.2
68705.2
68899.2
68926.8
69085.6
69098.4
69421.5
69720.4
69837
70159.1
70218.2
70305.1
70476.1
70532.3
70633.6
70946.7
70963
71417.8
71555.8
71582.5
71699.6
72015.9
72089
72298.5
72411
72493.8
72502.6
72676.1
72704.7
72751.5
72787.9
72966.8
73013.1
73245.7
73518.6
73600.5
73822.1
73858.5
73963.8
74096.3
74535.7
74633.6
74679.8
74940.8
75048.1
75332.1
75348.2
75575.6
76245.6
76256.8
76337.6
76430.6
76441.9
76477.3
76572.4
76708.7
76974.2
77326.2
78153.3
79101.3
79175.7
79282.2
79529.4
79670.3
79761.6
79877.2
80464.7
80848
80966.5
81029.9
81052.8
81184.5
81600.2
81877.7
81911.5
82006.6
82463.9
82775.2
82785.2
82842.6
83084
83353.3
83357.1
83433.8
83751.3
83782.8
83913.5
84309.1
84465.3
84766.4
85163.1
85509.5
85517.2
85861.4
86060.2
86356.1
86389
86457.9
86518.9
87057
87427.7
87817.6
87899.3
88066.1
88116.9
88183.2
88548.8
88955.9
89271
89980.4
90042.5
90271.9
90372.7
90574.7
90589.6
90639.1
90641.5
90821.2
91022.9
91278.6
91294.3
91562.3
91624.3
91825.7
92279.8
92291.8
92319.2
92453.4
92599.2
92690.5
92770.2
92905.9
93062.3
93117.2
93211.3
93222.9
93402
93483.7
93597.5
93662.5
93716.7
93791.4
93842
93837.4
93858.2
93938.8
94293.5
94348.8
94459.6
94505.3
94673.8
94749.4
94872.4
95033.7
95044
95116.2
95170.9
95327.6
97077.3
97654.4
98554.5
98788.9
99023.2
99431.6
99859.9
100074
100337
100489
100554
100692
100738
100846
100934
101472
101552
101858
101867
102038
102647
102724
102913
103490
103732
104170
104467
104549
104878
104922
105245
105725
106013
106146
106710
106736
106745
106754
107099
107522
107771
108032
108141
108146
108233
108355
108473
108504
108827
108969
109080
109226
109322
109524
109553
109603
109883
110424
110504
110561
110561
110782
110856
110923
110968
111143
111184
111361
111423
111546
111666
111721
111861
111896
111901
112063
112117
112231
112416
112563
112696
112956
113031
113103
113147
113281
113328
113601
113648
113816
113997
114114
114184
114338
114511
114540
114636
114907
115008
115216
115373
115369
115576
115744
115878
115911
116039
116097
116166
116538
116581
116916
117117
117315
117434
117520
117895
118000
118085
118108
118275
118612
118696
118765
118936
118941
118944
119068
119211
119528
119643
119961
120148
120248
120380
120961
121117
121139
121170
121429
121433
122445
122511
122561
123027
123123
123723
123755
123937
125077
125247
125440
125444
125824
126083
126365
126546
126704
126872
127174
127280
127594
127776
128048
128083
128212
128771
128821
129107
129572
129661
129825
129875
129911
130489
130761
130887
131191
131675
131772
132007
132137
132374
132606
132612
132627
132873
133152
133161
133191
133288
133574
133607
133626
133926
134034
134273
134270
134318
134516
134713
134845
134944
135168
135265
135394
135396
135420
135469
135502
135711
135744
135763
136074
136290
136334
136527
136544
136614
136703
136857
136917
137171
137216
137368
137423
137587
137763
137978
138324
138707
138878
139147
139298
139437
139501
139815
139945
140015
140075
140520
140866
141078
141310
141365
141367
141388
141589
141647
142007
142013
142215
142455
142691
142930
143025
143024
143289
143479
143736
144096
144410
144621
144951
145387
146009
146269
146513
146647
146788
147327
147525
147663
147887
148183
148748
148992
149300
149758
149889
150052
150368
150704
151103
151179
151538
151646
151819
151840
151975
152422
152732
153023
153142
153586
153735
153792
153875
154002
153999
154074
154320
154648
155237
155347
155967
156549
156834
156959
157323
157636
157692
157825
157914
158139
158196
158415
158530
158523
158744
158811
159038
159782
160076
160277
160442
160815
160965
161208
161320
161377
161453
161584
161655
161650
161884
161914
161944
161964
162199
162278
162314
162586
162699
162819
163130
163124
163282
163588
163792
164085
164182
164572
164586
164924
164938
165177
165453
165777
166167
166245
166840
167086
167212
167732
167845
167901
168098
168148
168183
168252
168472
168542
168788
168996
169162
169480
169641
169782
169824
169912
169983
170071
170127
170251
170355
170493
170922
170909
171565
172355
173012
173351
173501
173549
173609
173861
173878
173965
174130
174138
174468
174926
175171
175749
175794
175976
176064
176351
176384
176408
176444
176548
176812
177183
177184
178019
178127
178256
178287
178383
178523
178758
178904
178980
178995
179189
179388
179563
179673
179805
179967
180228
180327
180388
180798
181052
181332
181334
181420
181771
181802
182222
182527
182697
183198
183648
184062
184980
184976
185052
185389
185682
185814
185820
186350
186634
188074
189071
189525
189687
189742
190303
190722
190895
191550
191675
191811
191871
192052
192123
192203
192570
192676
192917
192968
193051
193102
193371
193455
193528
193666
193962
194622
195212
195264
196022
196046
196209
196657
197730
197825
198000
198268
198353
199606
199722
199721
199938
