1790.25
1807.84
1852.23
2327.08
2458.38
3686.26
6796.4
7144.6
8030.02
8506.45
9018.12
9214.27
9618.1
11200.7
11823.9
12893.3
13088.3
13471.3
14186.4
14864.4
15276
15774.6
15839.6
16723.7
16987.5
17808.3
18480.5
18502.8
18580.7
20069.8
20157.2
20835.2
20858.7
21260.2
21480
21949.3
22353.6
23862.8
24268.8
24800.9
24924.1
25379.8
25453.3
25516
25774
26455.3
26830.3
27085.9
28499.3
29597.9
29929.4
30003.3
30503.2
31033.2
31555.7
31651.9
32427.6
32578.3
32969.8
33762.7
35187.6
35355.2
36802.2
36833.9
36866.3
36889
37020.2
39503.3
41180.3
42511.9
43751.8
43943.1
45361.9
45522.6
46446.4
47451
47464.1
49108.2
49543.4
49669.2
49843.8
50143.4
50201
50264.8
50388.4
50901.1
51241.2
53115.2
53191.4
53274.6
53555.8
54411.2
54723.9
55070.9
55493.8
55581.1
55572.7
56114.1
56385.2
59164.7
59401.5
60487.4
61960.2
62319
62407.3
62522.2
62681
62790
64001.7
64491.4
66005.7
67054.8
67894.1
67981
68431.9
69183.8
69398.3
70529.6
70791.6
71530.6
74911
75530.3
77347.8
78110.2
78369.9
78908.8
78984.4
79528.1
79563
79962.7
80395.6
80535.2
81709.5
81812
82641.8
82887.8
83811.8
84249.6
84297.9
84974.7
85402.6
86467.5
88563.2
90694
90986.6
91290.8
91636.6
91872.3
92300.3
92491.3
92856.5
93008.7
93732.5
95339.1
96036.1
96472.4
96555.2
96569.4
98878.8
99008.7
99442.8
99770.1
99858.5
99967.4
100642
100709
100878
102152
102269
103191
103512
103740
103965
105291
107224
107354
107969
108413
108529
108719
109053
109629
111316
111465
111865
112274
112622
114225
114520
114755
114850
115095
115611
117163
118008
118173
119126
119502
119750
121281
123079
124707
124731
124841
125073
126816
127139
127938
128069
128165
128200
128249
128316
128604
128839
129155
129942
130330
131337
131792
131862
131905
132188
132641
132772
135216
135521
135979
137314
137443
138550
141305
141341
141754
142225
142809
142928
143145
143287
143478
143517
144247
144581
145102
145220
145501
146080
146526
147589
147612
147766
148481
149570
150593
150984
151182
151805
152519
152753
152879
153030
153305
153368
153707
153821
154597
155664
156053
156378
157343
157357
157680
158250
159898
160261
160272
160308
160929
161773
162369
162572
162649
162745
164573
165023
165054
165186
166288
167201
167435
167833
167831
168979
169472
170956
171188
172019
172550
174006
174134
174288
174311
174599
174995
175451
175662
176442
176719
177159
177814
178275
178709
178786
179404
179618
180098
182006
183086
184840
184896
184919
185253
185273
185299
185607
186139
187088
187926
188258
190674
190894
192194
192290
192540
194424
194903
194999
195217
195403
195538
195711
196610
197199
199521
