711.34
739.27
1247.18
1577.61
2171.53
2471.75
2715.42
2866.24
3016.97
3138.49
3476.81
4663.01
5233.03
5265.65
5478.67
5695.91
6226.23
6248.9
6389.41
6576.12
7177.13
7404.18
7421.47
7747.82
8366.68
8482.47
8909.05
9323.03
9465.23
9785.03
10414.1
10457.5
10487.1
10545.9
10858.8
11025.4
11208.5
12315.2
13306.6
13759.7
13971.1
14332
14353.3
15027.9
15063.9
16004.9
16039.2
16277.5
16358.7
16540.5
17172.8
17254.5
17313.4
17537
17912.1
17964
18341
18428.3
18509.6
18746.2
18781.2
20001.3
20226.8
20291.2
20450.5
20680.6
20752.6
20906.4
21284.2
21657.1
21766.5
21880.2
22496.9
23028.5
23432.7
23936.5
24133.7
24165
24490
24691.3
24859
25390.5
25498.8
25749.8
26287.9
26303.8
26706.7
27124.2
27726.9
27839.4
27958.5
28331.8
29633.5
29657.3
29822.2
29970.9
30113.1
30302.9
30344.7
30506.6
30905.8
31282.8
31353.9
32058.5
32201.1
32442.5
32790.4
33191.8
33187.9
33806
34182.7
34213.2
34222.7
34674.5
34902.7
35404
35765.6
36145.1
36277.1
36294.2
36323.1
36497
36830.4
37318.5
37328.3
37915.4
37937.1
37961.2
38551.4
38570.8
38981.7
39131.2
39321.9
39425
39533.6
39639.3
39685.9
39783.5
39954.6
40337.6
40370.2
40643
40960.7
41105.1
41153.4
41320.8
41837.2
42080.6
42232.6
42274.1
42484
42590.2
42897.9
43072.7
43267.7
43639.4
43676.7
43825.4
43912.8
43951.4
44175.3
44218.1
44483
44530.2
44595.4
44732.5
44746.8
44825.4
45318.2
46524.7
47035.8
47155.2
47332.1
47966.8
48063.6
48079.2
48509.5
48796.2
49720.4
49769.9
50157
51127.1
51172.4
51247.6
51771.6
53571.8
54307.8
54519.7
54640.3
54745.2
54989.6
55238.2
55391.6
55596.6
56080.7
56707.1
56966.9
57071
57204.7
57431.2
57539.7
57729.8
57911.8
58065.4
58565
58641.5
58822.4
58830.6
59433.5
59462.8
59602
60149.3
60748.8
61280.5
61602.3
61635.2
61709.7
61758.2
62454.8
63394.6
63568
63630.4
63767.6
63941.4
64032.6
64595.3
64806.9
65103.2
66738
67364
67614.8
67854.6
67987.1
68015.2
68148
68168
68174.1
68689.6
69576.6
70135.5
70143.8
70240.9
70553.2
70780.6
71101.6
71244
71337.9
72027.5
72028.5
72070.5
72543.4
73180.8
73624.6
74061.4
74142.6
75190.1
75673.6
75737.7
76512.6
76766.9
76815.8
77106.3
77338.4
77440
77844
77970.9
78018.7
78505.6
79166.1
79170.9
79419.2
80125.3
80314.9
80363.3
80667.7
81105
82196
82276.1
82796.6
82940
83304.4
83632
83884.3
84516.5
85071.9
85579.5
85677.2
85956.3
86213.2
86496.6
86565.7
86639.1
86962.6
87084.2
87614.4
87668.9
87671.3
87898.7
87986.1
88004.6
88281
88979
88992.3
89448.4
89678
89692.6
89991.1
90174.6
90255
90520.6
90885.2
90965.1
91219
91254.3
91476.2
91747.8
91815.7
91955.1
92235.2
92322.1
92568
92744.1
92951.1
93138.8
93479.6
94029.4
94192.1
94344.7
94790.8
95308.1
95828.8
96270.9
96590.7
96854
97114.4
97352
97474.7
97709.7
97710.5
98012.6
98415.7
98511
98794.1
98935.4
99229.3
99857.8
99977.7
100462
101041
101419
101881
102003
102158
102835
103717
103904
104052
104298
104352
104474
104833
104988
105072
105457
105621
105786
105788
105903
105951
106030
106203
106245
106244
106297
106952
107261
107582
108486
108690
108757
109035
109064
110098
110481
110875
111012
111156
112933
113774
113978
114126
114245
114510
114810
114939
115563
115666
115879
116224
116368
116751
116782
117010
117778
118061
118270
118583
118697
119649
119705
120011
120097
120437
120462
120880
121043
121323
121437
122046
123471
123489
123962
124039
124326
125065
125165
125303
125621
125798
126046
126153
126414
126633
126886
127017
127038
127325
127598
127767
127879
128039
128465
128861
129376
129464
129594
130000
130238
130312
130327
130896
130934
131111
131400
131412
131616
131673
132090
132090
132170
132352
132603
133061
133363
133735
133771
134021
134212
134937
135626
135978
136202
136342
136633
137267
137602
138200
138613
138716
138768
139027
139771
141490
141505
141795
142661
142852
143112
143233
143713
143777
144287
144306
144578
144622
144878
145214
145517
145712
145736
146109
146388
146400
146488
146753
146878
146918
147299
147554
147653
147890
147966
148233
149058
149308
149345
149565
149691
150197
150576
150578
150792
150884
152514
152651
152867
153008
153159
153578
153842
154023
154135
154179
154485
154578
154871
155122
155530
155806
156904
157485
158152
158757
159047
159487
159506
160000
160145
160742
161107
161127
161190
161478
161639
161687
161787
162158
162390
162616
162875
163266
163568
164095
164136
164267
164960
165078
165168
165369
165369
165397
165888
166399
166535
166735
166750
166779
166982
167039
167187
167401
167582
167782
167844
167892
168225
168440
169010
169137
169304
169356
169938
170042
170102
170337
170444
171492
171693
171832
172036
172769
172815
173341
174331
174548
174726
174780
175271
175511
175660
175879
176059
176254
176636
177048
177486
177532
178108
178208
178383
178442
178686
178829
179173
179625
179709
179873
179980
180372
180490
180805
180902
181203
181562
181829
181870
182371
182568
184701
185293
186125
186276
186360
186986
187429
187719
187733
187973
188099
188154
188618
188849
188937
189123
189401
189539
189573
189691
189818
190017
190749
190795
190877
191252
191281
191374
191729
192024
192092
192150
192344
192677
193229
194773
194796
194850
194963
195243
195448
195565
195578
195755
196072
196274
196407
196427
196786
196844
197290
197437
197518
197934
199191
199535
