462.98
987.47
1077.36
1423.19
2305.74
3017.31
3075.27
3513.62
3748.06
3752.72
4219.49
4239
4698.09
5347.07
6089.15
7318.69
7758.55
7915.77
8144.51
8488.83
10172.4
11138.7
11486.5
11776.9
12719.4
12912.9
13405.1
14022
14309.7
14579.9
14698.3
15551.8
16279.5
16320.2
16845.5
16966.2
17737.8
17865.1
17908.5
18259.7
18365
18613.8
18729.3
19578.8
20224.3
20252
20653.2
20953
21086
21331.6
21696.7
22626.3
24334.5
24609.3
24880.4
24891.3
25429.9
26328
26963.1
28460.7
28702.2
29561.6
29602
30239.4
30999.1
33212.8
33653.5
34775.8
35011.1
36382.4
37608.8
38573.8
39567.1
39698.8
40031.5
40459.7
40744.6
41807.6
42331.8
43105.4
43202.8
43575.7
44249.7
44472.4
44971
45942.7
46510.2
46966.8
46979.1
47876.6
48355
48614.3
49057
49209.5
49870.9
50035.4
51143.6
51420.2
51946.6
52031.9
52292
53310.4
54710.7
55091.2
56053.1
57277.6
57401.8
57906.1
58500.8
60552.4
60999
61046.9
61056.6
62096.2
62193.8
62297.6
62350.9
65290.3
66022.2
66146.3
66328.7
68589.8
68828.9
68987.5
69232.3
69719.9
71136.6
72114.8
72384.7
72931.2
73774.7
73822.9
76456.1
77799.4
78758.7
79837.3
80615.8
80644.6
81681.4
82160.4
82602.8
82802.1
83090.4
83093.5
83525.4
83596.9
83867.5
84740
84747.6
86365.8
86805.7
86853.7
87386.6
87993.4
89087.2
89329.5
89857
90134.1
92211.1
93021.5
93793.7
94941.9
94973.8
94998.6
95224.1
95264.4
95705.8
96471.6
98370
99454.8
100445
100504
103471
103670
103981
104844
105253
105543
106705
106711
106910
106960
107123
107209
107343
107485
107550
107926
107921
109738
110481
111564
113048
113107
113395
113583
114039
114487
115048
115926
116247
116569
117215
117302
118962
119838
120517
120539
120882
121113
121351
121452
121502
121584
122337
122886
123020
123689
124098
124124
124483
124949
125243
125316
125475
125524
126345
126435
127901
128765
128909
130798
130843
131461
132509
132583
132841
133130
133294
134074
134611
135051
135245
135443
135908
136170
137494
139084
139303
140011
140058
140208
140298
140629
141061
142766
143155
144122
147303
147383
147558
148105
148317
150250
150275
150430
151088
151279
152071
152398
153384
154537
154546
154574
155453
156024
156906
157190
157252
157543
157642
158114
159285
159350
160020
161795
162380
163641
163749
163873
164507
165051
165156
165929
166416
167228
167410
167483
167810
167969
168343
168357
169118
169794
170148
170234
171939
172071
172231
172229
173459
175875
177025
177261
177343
178463
178595
178707
182537
182679
182840
184900
186560
186679
188292
188441
188500
189814
190193
190567
191381
191641
192136
193432
194383
194422
194429
194617
195002
195753
196811
196932
198277
199271
199725
199798
