202.46
867.17
1286
2389.01
2416.96
2832.21
3444.77
3950.66
4416.37
4600.38
5061.53
5515.14
5782.01
6298.84
6724.19
7368.18
9231.04
9323.83
9937.12
10840.3
11306
12334.2
12843.6
13732.7
15317.9
16131
16134.6
16516.3
16653.4
17680.2
17964.8
18185.3
18472.4
18653.4
19021
20415.3
20771.1
21113.6
21906
22311.9
23255.7
23556.6
24648.4
25106.5
25314.3
26418.9
26540.5
26696.2
27353.4
28286.4
28593.3
28719
28837.8
29136.4
29993
31267.6
31371
32007.8
32493.1
32900.2
33502.6
34220.3
34368.8
37334.2
38396
39423.9
40187
41111.4
41645.8
41802.2
41891.2
42412
42568.9
42798.8
42965
42977.1
44682.5
45250
46271.2
46485.5
49263.9
49643.3
49843.5
50411
50561.4
51179.7
51554
51709.3
52096.4
52124.4
52966.4
55818.6
57053.8
58537.5
58680
59149.6
60259.3
60774.1
60879.8
61051.1
61178.2
61970
62130.7
62224.5
62327.4
62699.2
64826.7
64971.3
65184.8
65430.3
65759.4
66701.5
67297.9
67685.2
68110.3
68282.1
68321.5
69434.6
69588.9
70835.3
71844.4
71976.3
72052.7
72603
72930.2
73558.7
73562.1
78124.6
79193.3
79465.1
79624.6
80396.7
81779
81906.9
82126
82832.4
82968.4
82991
83151.6
83147.7
83381.5
84234.5
84529.5
85953.8
85981.7
86118.3
86596.1
87748.8
88573.3
89231.4
89500.3
89609.9
91482.2
91972.4
94251.5
94421.9
94816.1
94861.6
94985.9
95302.4
95660.1
97239.2
97834.8
98174.4
98648.1
99486.4
100147
100348
101914
102115
102671
103008
103828
104434
104977
106522
106588
106792
107044
107121
107229
107338
108640
110063
110117
110259
110308
110392
112482
113805
113868
114230
114592
114803
115297
115769
116115
116911
116937
118101
118397
118804
118824
119067
119824
120143
120476
120586
120650
120923
120951
121198
121281
121301
122788
122854
123117
123816
124088
124302
124328
124748
124816
124965
125270
125614
125881
127034
129204
129567
130286
130596
131387
132076
132346
132420
132663
132925
133278
134131
134406
135086
135199
135699
136044
137324
137635
138158
138783
139436
139813
140181
140787
142355
142750
142835
142992
143457
143842
143853
146350
146875
147480
147963
148188
148735
149922
150260
150489
151643
151885
153169
153612
154098
154135
154239
154973
155216
155277
155860
156108
157039
157058
157139
157559
157769
159075
159144
159707
159805
160669
161653
162546
162713
162919
163078
163154
163344
163488
164105
164346
164682
165060
165976
166259
166340
167198
167487
167668
167877
168095
168108
168634
168778
169359
169458
170008
170099
170120
171713
171751
171878
172003
172012
172704
173924
175481
176427
176736
177077
178940
179766
180183
181162
183735
185024
185074
186200
186310
186402
186915
187633
187902
188061
188830
189323
189433
189512
189770
190431
190444
190935
191031
191243
191398
193170
193267
193688
193949
194459
195126
195781
196151
196560
197473
197987
199095
