104.16
137.38
195.36
314.92
477.4
819.36
1069.79
1709.96
1956.64
1970.29
2085.72
2307.68
2330.63
2449.63
2469.03
2999.56
3905.24
3972.26
4053.43
4148.47
4270.38
4367.5
4450.19
4485.2
4571.38
4968.44
4968.58
5301.82
5352.89
5555.76
5595.86
5612.03
5903.73
6047.65
6466.87
6945.37
7149.78
7154.12
7438.07
7470.67
7824.79
8405.22
8473.62
8794.37
8899.16
9254.52
9426.27
9833.98
9900.21
10354.5
10365.7
10683.9
10713.6
10771.2
11066
11179.7
11457.1
11542.9
11909.8
11938.6
12351.5
12690.2
12746.3
12971.2
13347.1
13355.7
13440.5
13636
13821.7
13941.2
14155.4
14207.1
14362.1
14575.1
14599.6
14887.5
14931.3
15479.5
16046.6
16870.8
17218.3
17337
17473.5
17833.2
18112.7
19055.4
19766.3
20343.7
20420.8
20621.8
20798.5
20818.2
21140.7
21188.1
21210.6
21408.9
21626.5
21755.3
21825
21844.6
21943.9
21987.2
22313.8
22721.7
22741.7
23022.4
23145.8
23666.3
24285.2
24301.9
24667.4
24890.7
25006.1
25178.1
25308.6
25742.8
25748.7
25907.7
25976.8
26089.3
26170.8
26402.8
26607.8
26911.4
27077.4
27086.3
27137.8
27184.1
27432.6
27532.5
27657.5
27683.5
27830.1
27931.7
28086.7
28266.1
28836
28852.1
29121.8
29384.4
29454.2
29575.2
30067.6
30207.3
30445.8
30490.8
30530.2
30724.8
30756.1
30808.9
30867.8
30896.2
31105.7
31314.8
31652.4
31691.1
31974.9
32324.8
32356.6
32427.9
32761
33725.3
33785.7
33898.1
34091.6
34389.3
34425.7
34535.8
34953.5
35142.7
35639
35736.2
35827.2
36211.9
36583.7
36658.1
36667.9
36677.7
36925.5
37138.2
37150.9
37311.9
37374.4
37435.9
37659.6
37744.2
37778
37855.5
37916.2
38507.2
38635.9
38805.2
38841.9
39006.6
39339.5
40335.7
40401.6
40463.7
41150
41285.3
41389.4
41476
41757.4
41834.2
41844.9
42171.2
42293.2
42775.4
42881.2
43066.8
43504.8
43589.3
43695.6
43924.1
44358.3
44377.6
44484.7
44606.3
44739.2
44923.2
44998.3
45207.9
45225.8
45573.9
45606.8
45731.2
45940.7
46212.7
46416.3
46429.6
46537.1
46609.8
46745.3
46815.8
46836.7
46950.6
47140.1
47239.7
47356.6
47636.7
47646.4
47924.9
48169.5
48278.6
48323.4
48482
48827.8
48878.1
49318.7
49771.4
49816.9
49947
49989.1
49998.5
50240.5
50381.4
50632.9
50946.1
51023.2
51469.5
51547.8
51895.9
52099.8
52256.1
52437
52637.3
52683.7
52946.8
53486.6
53491.8
53525.5
53535.7
53671.9
54010.2
54016.2
54102.9
54357.2
54404.2
54513.2
54558.6
54662.4
54840.4
54872.2
54903.8
54971.6
55110.8
55121.3
55140
55251.3
55307.8
55621.1
55655.2
56396.7
56554.5
56584.2
57061.1
57179.4
57479.1
57908.3
58207.5
58540.7
58541.3
58817.2
58964.9
59042.3
59296.2
59588
59762.3
59853
59922.5
60125.2
60253.3
60503.1
60611.9
60668.8
60722.5
60914.3
61019
61039.5
61065.5
61070
61310.2
61475.2
61555.7
61637
61774.8
62086.4
62653.6
62832.2
63103.9
63123.3
63554.6
63631.2
64033.5
64220.2
64249.4
64581.4
64685.7
64807
65108.4
65251
65279.6
65294.1
65329.3
65517.3
65562
65576.5
65595.3
65683.2
65728.5
65870.5
65948.5
66227.3
66636.2
66855.6
66892.9
66913.2
67114.5
67266
67356.7
67484.3
67678.7
67748.8
67887
67980.3
68148.3
68468.9
68604.5
68811.8
68860.4
68977.6
69092.6
69224.1
69346.8
69362.5
69365.5
69677.4
69687.4
69742.4
69978.4
69983.4
70075.5
70307.5
70317.1
70369.1
70436.4
70592.6
70607.1
70607.3
70659.2
71052.7
71174
71310.3
71307.3
71926.4
72073.4
72384.6
72569.1
72711.7
72725.3
73203.4
73234.1
73281.4
73293.7
73534
73918.9
74245.1
74831.5
74909.2
75381
75494
75648.4
75743.1
76221.3
76469.2
76547.1
76765.1
76901.5
76976.7
77483.6
77915.3
77933.8
77958.3
78186.4
78424.4
78488.9
78600.9
78640.3
78739.4
78770
79033.4
79067
79213.2
79341.2
79426.7
79616.2
79645.2
79655.6
79856.3
79864
79917.6
79996.8
80195.6
80221.4
80276.9
80379.5
80387.1
80447.7
81172.5
81228.2
81289.2
81326.8
81419.4
81624.4
81856.7
81876.2
82250.6
82325
82742.6
82899.1
83183.3
83214.5
83221.4
83409.5
83705.4
84322.1
84412.1
84631.3
84845.1
85012.3
85292.1
85365.6
86348.3
86601.7
87115.7
87484.4
87664.4
87795.5
87949.9
88181.1
88313
88652
88650.5
88698.7
88826.7
88888.1
88943.8
89040.3
89137.1
89299.1
89669.5
89782.9
90239.1
90277.8
90436.7
90461.7
90615.4
90671.3
90841.8
90988.8
91145.3
91265.6
91424.6
91430.7
91692.6
91753.1
91864.6
92121
92749.7
92896
92936
93192.7
93811.5
93927.1
94158.7
94243.7
94506.9
94825.5
94921.4
94929
95254.1
95307.2
95962.8
96245.8
96352.6
96648.1
96813.5
97005.1
97023.4
97275.5
97402.6
97794.1
97945
98602.3
98951.9
99505.3
99652.4
99745.6
99785.2
99815
100013
100061
100165
100339
100416
100569
100829
100851
100885
101102
101183
101346
101397
101604
101613
101720
101887
102012
102365
102381
102470
102594
102704
102816
102948
103014
103110
103150
103253
103334
103636
103690
103859
104141
104293
104690
104992
105246
105697
105912
105967
106061
106126
106214
106411
106991
107090
107686
108261
108339
108503
108905
109251
109262
109954
109958
110216
110308
110511
110555
111179
111212
111417
112240
112288
112495
112526
112615
112803
112999
113212
113364
113486
113500
113613
113964
114179
114408
114464
114509
114699
114786
114800
114931
115026
115061
115109
115333
115337
115478
115549
115782
116185
116253
116595
116744
116836
116873
117218
117422
117866
117876
117934
117967
118020
118229
118318
118449
118851
118891
118905
118899
118902
119208
119483
119538
119701
119745
120204
120416
120497
120757
120773
121122
121344
121476
121502
121651
121680
121790
121789
121826
122062
122069
122136
122444
122501
122561
122578
123163
123209
123254
123319
123467
123976
124172
124214
124508
124530
124591
124928
124951
125725
125791
126893
127371
127498
127747
127776
128374
128579
128766
128825
129081
129283
129463
129813
130504
130540
130866
131407
131544
132105
132341
132637
132722
132851
132997
133164
133242
133718
133862
134415
135471
135858
136027
136094
136234
136247
136624
136730
136766
136934
137191
137467
137709
137839
137878
138018
138160
138271
138361
138366
138778
139185
139299
140001
140362
140459
140704
140816
140941
141029
141282
141553
141580
141887
141974
141973
142129
142339
142467
142523
142684
142800
142947
143409
143515
143531
143634
143700
143760
144292
144482
144910
144995
145004
145162
145261
145315
145418
145673
145750
145821
146215
146525
146590
146803
146967
147140
147178
147488
147613
147688
147863
147898
147927
147966
148608
148805
148987
148989
149235
149243
149371
149437
149790
150592
150717
150898
151244
151285
151421
151470
151513
151700
151874
152017
152095
152340
152378
152457
152569
152789
152813
152881
153148
153437
153551
153548
153699
153712
153941
154003
154060
154645
154786
155020
155203
155215
155252
155437
156127
156250
156373
156626
156684
156803
156838
157150
157620
157756
157792
158139
158249
158312
158973
158984
159131
159180
159191
159546
159604
159596
159877
160093
160247
160279
160342
160579
160652
160769
160803
161172
161212
161433
161631
161944
162084
162098
162357
162723
163138
163185
163373
163396
163532
163575
163689
164297
164329
165158
165179
165314
165515
165561
165725
166571
166633
166993
167083
167394
167692
167718
168094
168172
168394
168819
169104
169125
169964
170007
170024
170213
170552
170902
171003
171750
171766
171934
172020
172383
172402
172499
173412
173626
173750
173975
173969
174361
174436
174552
175189
175207
175405
176108
176159
176325
176587
176793
176981
177052
177161
177397
177517
177575
178051
178145
178244
178283
178400
178529
178561
179009
179130
179448
179524
179559
179946
180204
180230
180374
180620
181337
181466
181638
181723
182113
182602
182887
183214
183262
183566
183879
183933
184004
184190
184494
185291
186203
186783
187063
187305
187576
187618
188205
188605
188735
188992
189060
189288
189345
189533
189542
189558
189885
189988
190154
190556
190702
190764
190963
191123
193348
193740
194279
195140
195132
195613
195608
195613
195701
195920
195970
196082
196139
196199
196350
196369
196700
196788
196859
196980
196973
197382
197462
197515
197944
198011
198040
198168
198552
198683
198850
199020
199048
199129
199498
199506
199606
199626
199927
