341.25
831.69
1067
1232.92
1612.72
1842.48
2040
2487.02
2816.52
3256.52
3282.67
3338.64
3606.55
4894.47
5446.46
5549.31
5787.64
6344.15
7452.86
7708.32
8123.94
8405.85
8596.93
8717.59
9513.1
9877.53
10099.8
10104.5
11169.6
11174.4
11560.9
12535.2
13058.8
13945.2
14018.2
14378
14895.3
14987.4
16561.7
16620.7
17313.5
18222
18833.3
19802.5
19823.1
19862.1
19924.1
21022.7
21125.7
21285.5
22489.2
22714.5
23783.1
23846.4
24073.7
25411
26670.3
27371.1
27665.6
27684.8
30806.2
31647.8
31810.6
32464.8
32493.2
32666.5
33177.6
33221.8
33406.4
34155.9
34160.3
34983.1
35055.9
36464.7
36689.5
36980.1
37606.8
37807.5
38253.8
39529.4
40057.1
40740.8
41259.3
41529.5
42133.3
42716.5
42998.2
43120.6
43267.6
44853
47199.1
47222.7
47244.6
48021.3
49362.3
49449.5
49650.3
49792
50251.7
51027.4
51086.5
51466.4
51605.2
51693.2
52528.9
52650.4
52833.3
54271.5
54440.7
54529
56314.8
56372.7
57092.9
58786.9
58812.8
59198.3
59713.3
59856.4
60288.5
60426.2
60542.2
61319.9
61367.3
61377
61882.1
62995.9
63479.6
63555.5
63876.8
64923.1
65715.9
66418.6
66535.9
67165.5
67701
67762.7
67853
68947.1
68968.1
69156.6
69521.4
70203.7
70718.8
71600.2
71731.8
72141.4
72546
73004.5
73862
73947.6
74584.3
75400.9
76294
76536.9
77020.3
77375
79226.7
79316.9
80503.9
80909.3
81074.4
81096.5
81941.4
82829.9
82885.4
83124
83407.5
83476.3
83785.2
85214
87462.8
90422.8
90702.5
90711.4
91344.2
91617.4
91862.4
92341.8
92372.1
92636.8
92814.4
93271
93530
93647.4
93898.5
93898.6
94548.7
94814.9
94905.3
95070
98826.4
99475
100376
100552
100880
100999
101515
101599
101888
103780
104607
105775
106770
106793
107555
107808
108548
108902
109131
109371
110476
110540
110981
111006
111174
111466
111918
111955
112119
112285
112449
112735
112994
113320
113647
113698
115260
115418
115622
116950
117473
117571
117941
119582
120046
120423
121243
123079
123169
123794
125860
128135
128818
128856
129635
129861
130947
132169
132652
133197
134771
134888
135447
135540
136109
136335
136702
136914
137631
138013
138756
138931
139341
140133
140551
141405
141487
142745
144464
146838
147583
148792
149360
149964
150756
151145
151219
151857
157032
157379
157674
157741
157880
157955
158173
158559
159847
160882
161373
161628
161708
161924
162859
164625
164621
165502
165816
166300
167888
168189
168515
168621
168833
169041
169512
169952
170300
170981
171608
173665
173915
173918
174179
174505
174970
176027
176125
176454
177233
178060
178803
179031
179232
179852
180451
180839
182271
182735
183696
185013
185093
188205
189157
189781
190343
191715
192111
192632
193087
193192
193564
196069
197874
198072
198397
199784
