3322.79
5296.83
6163
7213.27
7825.31
9019.45
11098.6
11822.7
12107.9
13525.3
13534.1
14708.6
14714.1
15513.9
15934.6
16566.6
16591.4
16696.8
16850.3
17486.4
17974.2
18138.8
18885.9
19085.1
19455.4
21310.4
21928.9
22621.2
24875.8
25109.1
25876.1
25961.5
26802.4
26837
26921.5
27496.8
27610.8
28048.5
28240.7
29415.1
30790.6
32033.7
33257.2
33487
33962.2
36308.4
36619.1
37014.7
37287.6
38108.7
38476
38502.9
40810.9
41871.3
42988.1
43235.1
43669.2
44674.9
45028
47258.9
47761.6
48459.7
48988.6
51490.4
52706.1
56362.3
57416.7
60688.4
60692.6
60812.1
61262.2
61298.3
62253.4
62370.9
63119.3
63199.1
63723
64668.3
65356.7
66110.1
66310.8
66460.1
68654.3
69056.6
69938.4
70432
70757.1
70945.9
72484
74422.9
76522.1
77445.6
78219.2
78462
80791
82117.6
82191.3
82442.6
83907.5
84391
84503.6
84579.7
84811.5
85068.6
85655.5
86635.4
87092.9
87262.3
88179.5
89323.5
89929.3
90248.3
90367
90612.4
90885.7
91890.9
92276.8
96567.9
97003.4
97730.7
98261.6
98388
103399
104668
107299
108923
109711
109841
110414
110985
111130
111468
111650
111961
112049
115134
116094
118000
123124
124273
124561
125532
127453
132537
134317
134791
134795
137758
138131
143041
143887
145159
146538
146604
147655
156758
157869
158018
158506
159440
160751
160927
162450
163179
163534
163856
164087
166791
167252
170541
171285
174011
174257
175625
176964
179003
187243
187875
188737
190436
191490
194375
197098
