501.23
1027.3
1274.92
1437.01
1645.48
2191.52
2818.51
2962.74
3661.21
3783.5
4013.36
4047.28
4883.59
6156.56
6983.1
7012.3
7272.42
7372.78
7437.2
7529.9
7630.98
7669.9
7693.2
7714.88
7851
7932.03
7944.61
8367.61
8569.25
8793.91
9903.22
9907.4
10053.6
10067.1
10442.1
10645.2
10934.3
11064.4
11254.4
11346.2
11657.6
11723.1
11959.6
12002.6
12100.6
12438
12844.7
13152
13921.7
14173.7
14315.7
15112.2
16244.1
16510.7
16668.2
16704.6
17060
17299.1
17322.8
17636.8
17843.3
18035.4
18215.1
18518.5
18627.6
18761.7
18814.1
18976.3
19550.3
19945.7
19967.5
20180.2
21114
21238
21390.6
22087.4
22369.9
23057.5
23658.2
23829.1
23896.5
23900.6
24265.8
24301.9
24621.6
24691.7
25043
25129.4
25173
25253.6
25393.8
25513.3
25653.3
26017.3
26822.6
27499.1
27516.3
27692.8
27894
28291.5
28409.9
29111
29896.7
30259.1
30448.7
30674.1
30967.3
31103.4
31224.3
31499.8
31626.3
31876
32267.8
32263.7
32481.5
32681.7
32900.4
33010.8
33053.6
33207.5
33329.9
33345.1
33358
33554.8
33690.7
33731.6
33757.5
34234.4
35407.6
35680.1
36031.2
36497.4
36598.9
36892
38023.6
38033.4
38996.5
39568.5
40013.1
40169.9
40332.1
40928
41248
41581.8
41767.9
42892.1
43046.7
43443.7
43946.6
44586.2
45032.5
45299.7
45313.9
45333.4
46644.8
46853.1
47442.5
47956
48018
48314.8
48321.9
48341.6
48549.3
49296.4
49475.1
49702.7
49887
49906.5
50603.6
50711.3
51098.3
51156
51220.5
51362.4
51382.8
51652
52023.4
52346.9
52902.7
53352.6
53682.1
53834.6
53857
54021.3
54221.2
54604.9
54813.1
55064.9
55070.3
55234.8
55593.9
56013.4
56228.8
56408.5
56717.3
58056.4
58398.8
58429
58772.6
59164.5
59462.2
59736.8
60508.1
60535.2
60578.8
60664.8
60986
61322.7
61547.5
61906.6
62817.9
62953
63264.1
63324.8
63597.7
64817.5
65404.1
66368.5
66830.8
67008.6
67026.1
67780.4
67956.5
68155.6
68297.5
68325.2
68512.4
68727.2
68846.3
69042.7
69084.6
69473.4
69692.1
69786.4
69974.4
70277.5
70278
70422.9
70781.8
70813.7
70821.1
70878.9
71012.9
71098
71174.8
71377.2
71424.9
71691.7
71875.3
71945.5
72972.3
73400.6
73881.5
74716.6
74856.6
74895.3
74918.2
76649.4
76829.4
77019.1
77289.3
77390.9
77534.9
77742.5
77894.7
78042
78258.4
78392.6
78904.1
79325.9
79407.3
80438.7
80794.2
81125.9
81140.8
81467.6
81501
81656
81778
81797.1
81967.8
82060
82361.9
82915
83048.8
83206.3
84041
84246.8
84319.6
84408.5
84593.7
84763.4
84782.3
84813.2
84920.3
85204
85884.1
86513.5
86929.1
87022.9
87370.3
87396.4
87437.3
87750.1
87834.2
88144.1
88163.7
88535.1
88784.8
89062.9
89191.5
89474.1
91299
91438.8
92252.9
92436.3
93405.9
93485.8
93515.1
93920.4
93968.3
94067.6
94285.9
94365.9
94438.9
94781.9
95333.4
95593.3
95837.7
96051.2
96157.5
96227.7
96365
96588.6
96684.4
96883.2
97005.6
97129.1
97254.6
97681.5
98400.2
98522.1
98589.6
98598.1
98963.5
99044.8
99222.7
99576.1
99950.7
100652
101412
101831
101831
101963
102121
102134
102223
102246
102542
102619
102677
102690
103082
103146
103235
103324
103577
104642
104925
105796
106452
106986
107017
107370
107588
107675
107882
108017
108862
110063
110576
111424
112218
112289
112499
112961
113560
115120
115525
115531
116002
116696
117090
117216
117313
117386
117600
118034
118263
118419
119587
119856
120164
120579
120839
121372
121654
121778
121850
124080
124407
124578
125112
125501
125547
126214
126469
126908
126971
128723
129099
129458
129475
129707
130454
131324
131678
131820
131874
131979
132332
132478
132827
133204
133837
134323
134942
134955
135213
135232
135489
135514
135522
135988
135996
136033
136282
137561
137691
138160
139323
140111
140288
140494
140635
141216
141737
142224
142615
142966
143231
143762
143802
144187
144214
144528
144801
144989
146215
146363
146497
146589
146951
146964
147086
147613
148411
148589
148667
149062
149498
149797
149972
150016
150400
150533
150592
151066
151161
151203
151508
151563
151833
151982
152413
152615
152731
152830
152932
153174
153695
153699
154019
154128
154250
154300
154532
154830
154855
155051
155712
155915
156364
156411
156595
156729
156761
157011
157184
157363
157406
157698
157874
158216
158473
159070
159586
159921
160246
160431
162594
165934
166537
166555
167121
167351
167705
168063
168409
168870
169303
169379
169551
169743
170667
170867
170955
171186
171261
171481
171738
172047
172116
172724
172752
173228
173712
173859
174006
174080
174224
174229
174226
174258
174747
174771
175014
175146
175163
175180
175681
176024
176132
176342
176570
176876
177085
177196
177464
177557
178029
178291
178750
179163
179282
179540
179652
179707
179888
180570
180774
181438
181869
182949
183553
183863
183972
184191
184416
184770
185032
185959
185966
186391
186418
186794
186854
186933
187084
187120
187301
187484
187549
187582
187725
187880
188042
188250
188613
189130
189752
189876
189910
190637
191055
191146
191278
191351
191554
191694
191755
192016
192891
193286
193660
193885
194167
194356
195315
195499
195526
196456
196811
197068
197494
197506
197829
198646
199113
199511
199841
199867
