314.37
612.8
1847.16
3944.26
4293.26
4796.37
5625.29
6089.05
6468.87
6815.79
6966.48
7219.81
7949.24
8624.84
8879.83
9480.68
10100.1
11549.7
12805.9
14425
15287
15455.3
16190.5
17027.6
17959.2
19450.4
19535.8
21167.4
22120.9
22554.5
24525.5
25217.8
26061.5
26974.2
28571.4
31043.6
31729.2
31880.6
32429.6
33956.2
37668.2
40462.1
40964.1
42589.9
43696.8
44009
46272.9
48767.6
48780.7
49179.5
49851
51460.5
51741
52130.7
53342.8
54448.8
55666.5
55799
57060.6
58456.8
58525.8
58688.4
60492.5
60846.9
61254.4
63744.7
66512
67254.2
68981.8
69939.2
71249.6
71492
72415.4
73316.5
73871.2
74045.3
74602.6
74950.8
78098.4
80546
83542.3
84105.3
84239.1
88914.1
91608.7
94091
94221.8
95843.8
97353.3
