495.88
885.14
1153
1327.54
1733.05
1825.05
1931.15
2591.49
2722.18
3127.68
3352.88
3547.31
3572.06
3751.64
3815.06
3820.32
4309.56
4370.34
5527.64
5530.7
6069.24
6067.01
6460.87
6768.95
6780.4
7070.29
7298.15
7353.8
7843.5
7852.5
7979.88
8170.21
8223.16
8300.75
8469.95
8789.86
8833.77
9064.35
9590.83
10695
10854.1
11013.1
11046.7
11253.1
11442.6
11469
11626.5
11855.9
12083
12305.5
12466.2
12486.2
13498.4
13533.1
13689.2
14130.4
14460.8
14743.8
15288.4
15490.8
15767.9
16796.1
17304
17947.7
18443.4
18889.8
20342.8
21144.3
21511.9
22460.1
22674.7
23087.8
23746.7
23998.2
24002.5
24289.6
24437.7
24492.1
24849.5
26045.6
26148
26516.5
28013.7
29212.4
29519.9
29748.2
29862.3
30047.6
30228.2
30366.3
30552.8
31769.5
31803.3
32124.8
32189.1
32548.1
32632.9
33145.7
33253.7
33354
33610.4
33732.6
33987.2
34002.4
34167.9
34886.1
36111.9
36169
36351.9
37252
37888.9
37897.7
38855.2
38908.8
39026.9
39474.1
39600
39795.3
40021.6
40137.5
40273.9
40665.8
40671.9
41338
41860.5
42033.8
42084.9
42496.4
42847
42958.7
43238.3
43405.6
43544.5
43718.8
43915.4
43970.6
44057.4
44137.4
44948.1
44952
45029.5
46190.1
46428.5
46483
46803.5
47815.7
47945.4
48115.5
48153.6
48260.6
48421.8
48695.6
48841.1
48975
49104
49146.9
49164.5
49365.6
49545.1
49609.4
49861.7
50911.5
51185.8
51513.5
51750.6
52198.6
52331
52586.7
52671.6
53364.9
53368.4
54145.3
54277.1
54854.7
54906.4
55390.2
55694.4
56173.4
56507.2
56575.9
56799.5
57341.1
57426.6
57988.7
58213.5
58920.6
59180.8
59397.4
59458.4
59474.6
59620.5
59837
60293.8
60397
60624.6
60917.9
61692.5
62219.6
62261.5
62414.9
62990
63799.9
63909.8
64491.9
65155
65378.3
65471.5
65556.7
66708.2
67172.3
67362.8
67390.7
67519.8
67692.7
68076.5
68576
69448.3
70076
70252.8
70483.4
70651.2
70867
71295.1
71519.6
71756.3
72222.2
72468.8
72667.8
72690.9
72743.1
73359.4
73584.4
73911.3
73914.7
73970.8
74475.5
74474.3
74860.3
75524.5
76028.8
76537
76606.5
76757.9
76841.7
77138.6
77184.7
77623.6
78127
78278.5
78287.5
78625.2
78628.7
78695.9
79568.1
79679.1
79856.4
80297.5
80502.4
80519.2
81287.2
81298.1
81538.9
81670.1
81961.7
82476.6
82693.3
83231.2
83582.2
83870.5
83963.7
84210.2
84302.4
84729.9
85001.2
85764.1
86287.7
86382.3
86484.3
86917.8
87558.5
88118.8
88229.2
88328.4
88526.3
88665.8
89397.2
89644
89930.7
90090.1
90441
90575.3
90589.8
91178.6
91591.2
92199.1
92535
93001.9
93072.7
93093.2
93197.9
93365.6
93633.5
94116.3
94741.1
95159.1
95235.7
95300.4
95356.6
95776
95983.1
95981.9
96213
96243.5
96353.4
96729.9
97058.6
97100.9
97404.7
97419
97472.1
97758.9
98326.6
98320.5
98643.7
99729.2
100136
100748
100890
100906
101130
101621
102146
102289
103066
103463
103568
103593
103630
103834
104046
104071
104131
104141
104482
104598
104589
104801
104948
104995
105092
105103
105490
105734
105906
106004
106029
106130
106324
106335
106375
106692
106754
106801
107815
107948
107957
108017
109058
109169
109712
109880
109961
110373
110759
110843
111064
111140
111219
111377
112272
112359
112640
112684
112813
112895
112976
114236
115136
115212
115412
116977
117361
117553
117888
119296
119315
119576
119606
119814
120147
120555
120825
120942
121673
121830
122084
122431
122434
122472
122478
122477
122806
122817
122913
123005
123404
123402
123708
123830
123860
124193
124353
124340
124573
125721
125776
125914
125996
126154
126328
126376
126512
126525
126550
126666
126682
126708
126985
127241
127280
127276
127652
127933
128311
128483
128665
128999
129000
129005
129144
129206
129348
129789
129878
130002
130881
130927
130990
131073
132124
132674
133118
133373
134520
134660
134683
134855
136297
137036
137352
137762
137971
138460
138915
139603
139819
140699
140934
141182
141715
141879
141997
142116
142163
142505
142932
143163
143212
143280
143337
143562
143921
144365
144550
144620
145014
145077
145285
145354
145829
145908
146572
146791
146946
147012
147126
147527
147565
148209
148250
148392
148528
148646
148746
148881
149450
150438
150837
151007
151019
151216
151246
151271
151306
151485
151626
151647
151759
152163
152184
152514
152757
153212
153214
153474
153605
153814
154137
154710
156025
156327
156774
158202
158235
158264
158484
158517
158617
158964
159137
159149
159481
159829
159983
160213
160534
160810
161810
161842
162008
162086
162180
162919
163948
164020
164631
164670
164902
165066
165121
165166
165832
166015
166442
166519
166665
166818
167021
167479
168103
168426
168432
168484
168713
169001
169418
170101
170361
170777
171197
171455
171526
172139
172442
172556
172628
173163
173179
173320
173550
173582
173615
173805
174062
174056
174616
174628
174808
174832
175343
175361
175669
175834
175847
175985
176036
176412
176549
177434
177468
178066
178194
178207
178720
178780
178804
178977
179407
179540
179901
180198
180491
180534
180652
180927
180935
181216
181292
181553
181639
181726
181937
182022
182242
182695
183921
183958
184201
184512
184585
185030
185270
185588
185681
185983
186187
186345
186392
186539
186952
187177
187420
187611
187814
188115
188228
188232
188540
188663
188843
189147
189484
190136
190249
190581
191378
191370
191467
191827
191893
192378
192399
192728
192839
192957
193109
193469
193524
193811
193942
195214
195279
195463
195503
195513
196199
196420
196470
196825
196846
197648
197947
198190
198385
198507
198616
198886
198932
198975
199554
199677
