2059.59
2696.95
3513.38
3717.64
5695.1
6230.84
6749.27
7810.89
9318.47
9400.7
10701.7
21031.4
23860.2
24553.7
26175.2
26397.4
29485.6
31205.6
32642.3
33281.6
35335.6
35364.6
37306.5
38045.7
38662.9
39233.9
39665.1
39923.8
41100
42486.9
43782.7
55487.3
56755.9
60898.8
70743
72629.9
90171.6
99744.5
100745
100914
101065
101662
101727
101831
101969
102851
102906
103878
106585
107845
108982
109233
110112
110460
110837
111314
111357
112530
112959
113733
114473
121620
122533
123173
123904
125476
125780
126569
126640
127499
128215
129742
130825
131195
131766
145682
146064
146541
147713
152129
153628
153979
154913
155082
155756
155960
158271
159693
159968
160553
161083
161564
162078
162470
164586
165007
166289
166525
166947
167056
167376
167597
168145
171074
173848
174413
174727
175023
175377
175383
175889
177354
177826
178609
179528
182066
182552
183434
184669
185188
185882
186178
186385
186948
187412
189247
189886
190181
190349
190655
190677
191909
192037
192187
192472
193012
193102
194125
194583
196238
197057
197239
197768
198816
199487
