134.88
562.55
888.71
1222.99
2512.7
5027.82
5045.39
5964.52
6257.86
7596.28
8103.15
8229.44
8460.26
8493.04
9570.38
11401.5
11939.3
12623.6
12658.2
13311
13870.9
15093.7
15242.2
15359.4
15544.9
16354.4
16744
17259.4
17430.5
18366.6
18503
18849.9
19945.3
20276.7
20341.7
20538.2
20823.8
21391.2
21582.3
21988
23041.4
24192.8
24440
24763.4
25223.2
26756
26998.5
28046.7
29290.1
30032.9
30202.3
30207.4
30825.9
31219.2
33692.8
33867.1
34471.5
36417
37160.7
37198.3
37854.6
37986.6
38582.6
38729.2
40519.8
41060.6
41431.5
44457.2
44742
44818.4
46118.7
46214.6
46533.7
46934.1
47209.5
48040.7
49290.2
49527.2
50631.5
51121.6
51997.9
52187.7
53314.8
53899.1
55344.7
55697.9
57035.4
57849.3
59009.8
59164
59261.3
61415.4
61996
62608.2
63125.3
66073.8
66989.2
67743.7
68501.6
69155.8
69614
70147
70355.4
70393
70422.8
74047.5
75243.8
75463.7
77083.6
77360.7
78606.6
79752.4
80993.9
81026
81316.8
82006.4
82752.6
82981.7
83609.8
83642.5
85582
85651.4
85926.9
86153.5
86457.5
86650.5
86710.6
86982.6
88031
88152.1
89578.4
89700.1
90091.4
90920.5
92855.6
93396.9
93392.6
94179.2
94304.8
94889.7
95748.2
96586.3
96932.4
97176.3
97311.4
97931.9
98781.9
99134.4
101457
102296
102733
103029
103693
105053
105513
108061
109144
109388
110241
110950
111015
111785
112911
113763
113802
113925
115135
116040
116053
116230
116487
117402
117678
119974
120009
120094
120485
121480
121862
121985
122040
122769
123095
123979
124416
124866
125147
125588
126968
128332
128408
128955
130350
133165
133920
137204
137995
138031
138317
140863
141157
141592
141637
141838
142452
143304
143357
146987
147705
148112
149793
150412
151064
152760
153012
153993
154041
154460
154484
155169
155337
156324
157551
158466
160417
160888
161323
161618
162046
163015
163513
163929
164329
164401
164863
165409
166029
168529
168811
169421
169535
170271
174205
174781
175138
175886
177280
177353
177646
177857
178365
179502
181609
182132
183045
183069
183078
183525
183548
184334
185237
186182
190342
190530
190801
191845
192308
192642
192697
193126
193381
194649
195691
195940
196121
196178
196804
197070
197852
199075
199414
199983
