1742.01
2620.59
2689.16
5097.86
6274.13
6879.56
7829.16
10860.8
11191.4
11787.7
13706.5
14928
17149.1
17222.1
18792.8
19290.1
21372.2
21556.7
22179.2
23264.2
24293.3
29818
36436
36592.4
40771.9
43065.6
43354.9
44979.4
46123.4
47433.2
48547.7
51448.5
51816.7
51852.9
57567.9
58275.9
58530.5
60318
61326.9
61994.8
62114.4
63871.9
67103.3
69644
71211.9
71664.3
72833.3
73028
73720.1
73758.2
73909.8
77049.1
77264.8
77791
79552.2
80157.7
80469.4
83522.6
83737.6
85427.2
85791.5
92556.2
93429.7
94169.9
94444
94607.8
98420.4
100748
101240
101633
103389
104651
104935
114977
116089
118879
119202
120070
122515
123673
124818
127332
131223
133029
135371
136008
137126
141323
142376
142758
144429
145432
145638
153071
158097
160092
165166
166406
169229
169680
171648
172670
173381
174324
180244
183412
183892
188083
188205
197393
198243
198849
