1252.28
1461.84
1827.63
2141.06
2161.22
2506.3
2581.59
3404.08
3554.29
4332.21
4405.46
4503.58
5370.18
5890.33
6506.57
6560.5
7519.07
8620.43
8928.64
9116.68
9322.5
10677
10809.4
11034.9
11109.9
11122.8
11875.1
12282.3
12301.3
12408.1
12984
13053.2
13344.5
13415.9
14088.4
14276.5
14294.9
14392
14626.6
14924.9
14998.4
16031.6
16236.6
16366.5
16457.2
16572.3
17956.1
18040.5
18089
18481.9
19061
19575.3
20183.2
20282.6
20977.1
20993.3
21292
21396.4
22241
22431.3
23000.2
23282.9
23570.9
23906.5
24171.6
24180.5
24309.4
25201
26988.4
27033
27614.7
28899.6
30663.3
30789.2
30981.8
31240.3
32751.9
32996.2
33920.1
35143.6
35441.4
35470.9
35559.8
35935.9
35947.9
36302
36930.3
38177.6
38890.2
39112.1
39851.8
39983.4
40297
40468.6
40507.1
42118.9
42220.3
42426.9
42946.6
44013
44673.4
45648.5
45672.2
45756.1
46595.1
46711.6
47295.7
47348
47546.9
48541.8
48668.5
48739.7
50234.4
50345.9
51058.7
51088.2
51521
51547.4
51743.6
51996.1
51997.6
52516
53180.7
53207.2
53231.9
53470.5
53546
53820.8
54116.2
54654.8
55227.3
55808.1
56225.7
56792.2
57345.5
57436.8
57832.1
58122.1
58430.8
58563
58750.9
58764.6
59254.9
59688.3
59915.7
59928.8
60872.6
61215.9
61445.7
61908.4
62370.5
62935.2
63020.6
63294.5
63666.8
64102.2
65284.4
65373.6
65605.3
66133.7
66497.4
66733
66747.9
66842.6
66845.6
67035.4
67352.7
67543
67774.8
67978.9
68062.4
68793.1
69752.8
70214.1
70233.4
70560.9
70825.5
70883.9
71210.9
71383.6
71393.3
71752.9
71910.5
72280.9
72338.6
72661.2
72912.6
72977.4
73203
73480.2
73608.1
74159.2
74167.6
74214.1
74815.5
74964.1
74995.4
75193.6
75263.3
75591
75713.5
76256.1
76343.7
76379.8
76629.2
76853.5
78759.5
78837.8
79143.1
79521.1
79927
80015.2
81345.4
82249.2
83113.3
83325.6
83622
83636.2
84339.7
84927.2
84938.9
85554.1
86540.2
86870.2
87067.9
87164.3
87384.8
87568.2
87857.3
88104.2
88800.4
88813.6
89529.1
89689.7
89977.3
90110.5
90409.6
91076.8
91451.7
91969.8
92246.5
92367.2
93252.7
93339.3
93620.5
93749.9
93749.4
93951.6
94039.8
94234.8
94303
94903.9
95554
95633
96068.5
96533.6
96684.7
97755.1
100628
101040
101116
101469
102482
102725
103029
103153
103479
104495
104570
104587
105165
105220
105292
105673
105898
106657
106694
106941
107255
107539
109148
109686
109702
110057
110102
110705
111490
111759
112140
112147
112794
113103
113330
113547
113765
113910
114220
114482
114850
115046
115181
115340
115598
115643
115775
115935
115957
116663
116845
117247
117367
117665
117881
118107
118408
118877
118900
119084
119256
119283
119855
119986
120299
120557
120695
122392
122442
122524
122897
123067
124749
124995
125379
126464
127693
127726
127859
127989
127988
128618
129140
129558
130278
131114
131165
131234
131644
131628
131894
131942
132176
132439
132509
132576
132606
132874
133307
134986
135411
135509
135603
135674
136775
136807
138820
139989
141201
141571
141669
142186
142617
143932
144768
144767
144933
145281
145644
146793
147245
147291
147549
147992
148326
148551
148953
149658
152001
152080
152417
152471
152557
152864
153017
153445
153828
154840
155073
155454
155456
156730
157143
157146
157718
158279
159195
159788
160028
160353
160350
161403
162210
164802
165307
166084
166632
166705
167238
167517
167585
167814
168037
168455
168853
169022
169242
169374
169962
170725
171419
171561
171725
171885
171978
172486
172672
173112
173279
173558
173695
173722
174339
176045
176917
177004
177083
177172
177704
178272
178401
178964
179300
180061
180755
181218
181443
182275
182311
182618
183500
184018
184396
185241
186268
186562
186559
186759
186922
187136
187446
187454
187490
187598
188044
188052
188374
188410
188450
189410
189665
189696
190022
190444
191231
191642
191906
192220
192316
192415
192684
192690
193028
193222
193274
193646
194093
194393
194595
194896
195356
196973
197355
197672
197764
198166
198175
198559
198655
199055
199448
199554
