1309.5
1729.74
2533.16
2549.41
3243.58
4239.65
4735.65
7695.15
8057.37
8444.64
9293.78
9860.46
11457.9
11872
12057.1
12439.7
12447.1
12454.8
12699.1
12804.7
13859.1
14232.2
14769.2
15413.2
15683.4
17218.6
17704.3
20954
21186.1
21194.3
21649.5
22672.2
24153.3
24322.4
24882.6
26835.8
27499.8
27863.3
28948.7
28984.1
29371
29776.7
29992.6
30577.5
31706.8
33438.2
33452.6
35585
35758.2
36071.3
36561.9
37715.6
38532.3
38671
39179.5
40990.7
41224.9
41634.3
41698.8
43994.6
44893.3
45307.2
45393.8
45813.4
46746.2
48109.9
50036.2
50507.1
51362.2
51485.9
52452.1
52722.2
53248.9
53277.7
53386.1
53820.3
53865.6
54529
54802
55149.7
55415.6
56223.3
56225.3
56269.1
56281.8
57402.3
59396.7
60038.7
61021.1
61656.9
61766.3
62170.2
62482.8
62996.5
63559.4
64231.9
64280.4
65313.6
67039.1
67382.4
67732.5
69314.8
69672.5
70653.4
70723.1
72266.7
72644.6
72897.5
73061.9
73573.3
73589.7
73593.4
74186.8
79352.7
80533.1
81434.1
82002.9
83468
83518.1
84661.4
86522.2
87625.2
88525.4
88666.9
89046.4
89369.6
89373.4
90255.5
92411.3
92531.8
93036.1
93744.3
94115
94296.8
96458.9
97604
98827.6
99512.9
101630
103567
104529
105348
106006
106422
106985
107158
107161
107801
107906
108201
109302
110149
110282
110368
113677
113997
114658
114998
115280
115554
115983
116208
116676
117231
117618
117650
118427
118487
118650
118746
118897
119386
119529
119542
120142
120538
120940
124375
125029
126370
126508
126652
126792
127099
127255
129141
129440
131364
131809
132251
132549
132611
132951
133618
136777
137817
138092
138335
138627
139111
139345
139679
140009
141031
144277
145106
146348
148792
149560
149591
150137
150809
152032
160826
161490
161683
161697
162954
164949
165360
166117
167489
168183
168222
170275
171115
171294
172075
172813
172974
173543
173689
174893
175239
175700
175766
176010
176382
176762
177110
177367
177570
180217
180800
181508
181693
182752
183568
184367
184636
186381
186617
188416
190240
191014
191289
192173
192886
194312
194728
196077
196823
198887
198991
199856
