737.95
858.12
862.55
906.4
1057.55
1137.07
1320.46
1361.61
1666.06
1671.5
1740
2107.16
2388.03
2539.43
2626.15
2746.96
2897.39
2935.35
3135.44
3195.35
3910
4634.77
4695.99
4695.56
4967.89
5932.89
6034.44
6061.3
6136.14
6193.99
6446.94
6926.45
7058.59
7187.31
7434.26
8091.04
8311.14
8604.15
8747.88
9024.71
9098.61
9108.44
9318.28
9630.77
9737.14
10045.3
10088.7
11242.8
11474.6
11534.6
11749.3
11788.5
11978.8
12106.7
12130.4
12270.9
12418.3
12469.7
13124.3
13440.5
13454.3
13642.1
13776.9
14101.6
14156.9
14271.8
14305
14664.2
15266.5
15391.3
15621.6
15794.3
15873.5
16005
16227
16281.8
16466.3
17063.8
17350
17780.8
18138.3
18250.7
18269.1
19568.4
19705.9
20654.2
20756.1
20776.4
20875.6
20885.8
20996.2
21106.7
21119.2
21282.1
21319.7
21442
21488.2
21499.7
22009.2
22321.2
22454.3
22989.2
23267.7
23540.9
23633.1
23838.6
23845
24303.1
24437
24455.9
24726.8
24829.7
25109
25245.5
25296.5
25532.1
26174.4
26399.9
26596.8
26970.3
26995.8
27328.3
27833.4
28015.8
28274.8
28332
28509.3
28895.2
29196.9
29731.8
30142.6
30263.5
30441.9
31029.9
31034.4
31245.6
31604.2
31764.8
32052.7
32157.2
32213.4
33525
33895.3
34000.2
34525.9
35128
35675.8
36233.3
36508.5
36523.7
36882.4
37134.9
37279.3
37934.4
38271.4
39076.2
39482.6
39525.8
39973.8
40348.5
40647.6
40727.8
40948.6
41006.8
41093.1
41515.4
41615.2
41718.1
41829.3
41909.4
42519
42557.3
42729.6
42806.8
43027.7
43199.2
43281.8
43406.1
43604
43608.6
43922.7
44145.2
44347.9
44961.8
45273.1
45455.8
45740.3
45832.2
46302.6
46395.1
46474.9
47256
47316.7
47458.6
47907.8
48077
48197.9
48998.1
49000.7
49323.7
49560.1
49645.9
49675.9
49906.1
49963.4
50257
50528
50550.9
50992
51351.6
51408.6
52374.9
52668.1
52717.4
53309.3
53526.8
54247.8
54525.4
54734.7
55018.6
55472.6
55662.5
56016.2
56036.5
56528.4
57157.8
57412.7
57445.8
57545.8
57559.8
57703.8
57706.5
57783.9
57838.7
57974.2
58153.6
58809.8
59072.1
59112
59577.2
59634.5
59889.7
60696.6
60720.2
61059.1
61350.4
61407
61535.8
61545.7
61733.1
61788.7
62312.5
62779.1
63560
63643.5
63793.7
64255.2
64432.4
64747.4
64817.6
65133.5
65179.8
65440.8
66390.6
66516.5
66839
67188.4
67303.1
67527.8
67690
68480.6
68543.5
68729.9
68860
68920
68933.5
68932.5
69438.8
69582.5
69846.6
69978.5
70446.2
70561.1
70904.4
70983.1
71404.6
71716.2
72263.6
72584.4
72690.5
72728.4
73443.5
73651.8
76538.9
76550.4
76594.8
76934.4
76971.7
77040.9
77329.1
77393.6
77461.3
77540.4
77623.6
77838.2
78083.8
78383.7
78399
78425.6
78473.4
78512.6
78635.9
78968.5
79008.3
79244.5
79289.9
79563
79872.4
80220.5
80555.8
81093.3
81321.4
81597.8
81678.7
82017.3
82047.8
82242
83180.4
83218.1
83366.1
83751.4
83809.5
84408.4
84474.4
84561.5
84664.2
85030.4
85035.2
85121.2
85204.8
85218.2
85241
85505.1
85578.4
85612.2
85693.1
86024
86173.5
86211.9
86532.3
87219.3
87431.3
87901.6
88905.5
89171.4
89405.5
90451.2
90872.6
91476.1
91712.7
91952.5
93323.7
93923
94381.9
94429.6
94745.6
94757.9
94965.8
95041.6
95056.7
95153.1
95308.1
96310.5
96355.6
96604.2
96846.2
97177.1
97431.7
97903.6
98694.4
98987.1
99192.1
99445.9
99471
99531.8
100133
100498
100557
100712
100801
100974
101079
101351
101767
102029
102045
102064
102187
102203
102242
102582
102613
102632
102815
103073
103068
103089
103513
104540
104701
104756
104863
105215
105222
105387
105499
105515
105721
106668
107259
107456
107797
107834
108042
108960
109067
109168
109287
109433
109592
109747
109737
110016
110121
110544
110737
110867
111684
111774
111894
113572
113846
114048
114331
114382
114446
114540
114612
114627
114928
115019
115374
115588
116083
116370
116788
117432
117465
117674
117920
118383
118431
118936
119375
120527
120622
121362
122042
122179
122267
122911
122957
122975
123206
123224
123868
124039
124275
125074
125238
125457
125640
125884
125974
126069
126332
126472
126972
127148
127215
127685
128033
128229
128784
129071
129351
129419
129492
129513
129857
130061
130223
130381
130599
131020
131281
131417
131409
131864
131915
131917
132190
132235
132231
132305
132434
132518
132546
132848
132982
133131
133247
133452
133611
133748
133783
133950
134463
134850
134962
135487
135541
136401
136462
136505
137036
137028
137286
137586
138072
138200
138190
138295
138324
139634
139907
140037
140080
140282
140562
140563
140728
140956
140990
141653
142405
142542
142802
143371
143683
143834
144138
144962
145181
145268
145687
145796
146255
146276
146332
146536
146658
146668
146837
146909
147177
147336
147444
147865
148133
148855
149230
149227
149814
149876
150148
150183
150390
150557
150896
151340
151599
151790
151778
151932
152673
152816
152940
153024
153500
153873
154268
154467
154610
155244
155366
155665
156017
156218
156851
157737
158073
158153
158210
158217
158532
158636
158752
158857
159262
159840
160033
160079
160284
160802
161486
162390
163175
163379
163411
163554
163686
163957
164272
164298
164552
166202
166382
166405
166887
167613
167737
167960
168331
169094
169326
169426
169631
169818
170073
170352
170469
170636
170842
170985
171231
171250
171401
171756
172399
173242
173596
174015
174178
174301
174888
175119
175473
175526
175786
175873
176142
176135
176322
176369
176577
176690
176923
177328
178193
178573
178624
178909
179242
180172
180452
180484
180577
180754
180906
181418
181434
181489
183863
184122
184275
184587
185052
185238
185666
185719
186083
186278
186511
186951
187080
187412
187703
187775
187905
187909
188454
188566
188604
188821
189092
189367
189667
189698
190157
190392
190618
190712
190723
190843
191313
191296
191380
191442
191470
191650
191756
191959
191986
192146
192601
193013
193397
193870
194699
194838
195410
195717
195925
196098
196135
196419
196586
196637
196937
197188
197223
197339
197541
197809
198054
198407
198552
198650
198764
198867
199013
199174
199608
