115.2
624.66
1811.09
2254.66
2253.8
2299.96
2635
2906.06
2975.66
3000.46
4164.19
4238.92
4282.23
5054.4
5580.34
5855.17
6791.18
6842.37
7016.03
7094.31
7127.1
7452.27
7926.26
8062.76
8264.75
8401.73
8522.65
8728.75
9101.85
9127.51
9576.42
9637.21
9666.7
10099.4
10233.9
10283
10424.3
10433.4
10454.7
10777.7
11110.2
11325.8
11640.1
12022.4
12042.8
12298.7
12690.4
13958.6
14108.6
14301
14489.6
14545.3
14957.9
15000.4
15616
15892.4
16100.8
16408.5
16826.4
17242.2
17483.8
17488
17830.5
17865.2
18286
18382.9
18443.3
18784.9
18932.5
19885.6
20028.1
20405
20916.4
21055.1
21210.5
21728.9
22183.8
22291
22564.5
22694.8
22856.1
22985.6
23061.9
23506.9
23994.9
24127.9
24364.3
24648.4
24836
25158.7
25460.3
25611.4
25933.8
26094.3
26190.7
26567.5
26936.4
27091.9
27092.5
28323.3
28558.1
28603
28865
29481.3
29736.2
30147.3
30462
30785.1
31876.5
31951.5
32092.3
32356
32999.1
33098.1
33316.1
33552.2
33603
34481.9
34691
34880.6
34935.3
34964.7
35236.1
35482
35543.2
35679.2
35872.2
35948.3
36335.6
36353.7
37102.7
37120.8
37654.9
37796.1
38283.6
38440
38577.2
38723.5
38760.7
38947.6
38981.5
39090.5
39257.8
39506.8
39503.4
39997.5
40173.9
40480.9
40667.2
41236.9
41605.1
41859.5
42059.7
42084.8
42140.4
42424.8
42806.6
43124.4
43222.1
43216.7
43529.6
43616.1
43992.2
44085.5
44186.5
44683.1
45265.3
45346.3
45941.2
46133.8
46155.6
47171.5
48530.1
49304.9
49348.2
49551.6
49709.6
49950.2
50097.7
50940.7
51696.2
52131.2
52264.7
52474.1
52804.8
53035.8
53344.6
53869.7
53918.2
54401.1
54541
54616.8
54635.7
54831.1
54929.2
55125.2
55533.2
55539.9
55599
55860.5
56080.5
56130.9
56512.8
56651.9
57462.3
57513.3
57585.3
58535.9
59107.6
59519.8
59537.6
59798.6
60036.6
60138
60515.9
60632.4
60896.3
61130.1
61225.8
61378.5
61623.8
61717.2
61914.7
62312.6
63030.5
63554.1
63758.6
63973.5
64058
64140.8
64335.6
64768.3
65140.8
65346.6
65786.5
65960.5
66297.1
66391.7
66635.9
66820.4
67447.7
67511.5
68031.8
68174.4
68209.6
68460.4
68827.2
69228.3
69422.4
70200.8
71415.3
71828.2
72513
72517.9
73344.6
74379
74408.6
76598.2
76743.2
77102.3
77530.5
77653.1
77732.8
77729.2
78500.8
78534.6
78921
78940.4
79290.4
79366
79596
80530.1
80892.8
81338.7
81496.3
81746.4
81768.8
81826.7
81949.4
82256.5
82770.2
82897.5
82942.2
83945.5
84220.9
84353
85093.3
85868
86065.1
86996.4
87559.4
88150.6
88265.9
88827.6
88857.6
89462.8
89890.6
90058.5
90137
90361.1
90475.4
91131.7
91135.5
91382
91622.6
91659.9
91706.6
92197.9
92840.3
92962.7
93044.1
93328.9
93628.5
93667.8
93912.5
93941.6
94559.7
94702.3
95640.6
95649.8
95829.5
96093.9
96224.5
96299.9
96420.5
96428.8
96530
96599.4
97081.1
97172.9
97212.7
97231.9
97676.2
98162.2
98183
98703.1
98745.8
98810.1
99215.6
99291.4
99336.2
99448.4
99477.6
99632.7
99642.5
99678.4
99710.2
100496
100579
100744
100834
101120
101142
101259
101275
101445
101522
101588
101610
101661
102051
102468
102704
103971
105603
105943
106312
106938
107123
107117
107238
107277
107379
107442
107847
108348
108460
108572
108650
108806
108986
109112
109143
109430
109447
109841
109902
110506
110917
111631
111725
112137
112189
112231
112249
112377
113271
113796
114129
114239
114533
114775
114858
115070
115545
115887
116098
116164
116272
116393
116815
117661
117818
117844
118543
118890
119006
119243
119664
120307
120348
120374
120451
120741
121093
121295
121522
121789
121833
122099
122306
122633
123394
123478
123493
124042
124542
124842
125208
125244
125422
125594
125651
125642
125672
126176
126355
126747
127026
127217
127218
127744
129125
129164
129461
129768
130399
130575
130947
131090
131820
132041
132196
132280
132284
132435
133232
133735
134055
134085
134333
134446
134781
134782
134790
135086
135262
135554
135805
136029
136255
136289
136387
136447
136928
136961
137037
137214
137406
137700
137723
137852
138159
138259
138270
138668
138904
139010
139057
139133
139223
139342
139526
139774
139943
140007
140473
140687
140694
140712
140970
141018
141022
141089
142554
143067
143707
143969
144074
144361
144630
144888
144952
145913
146388
146423
146527
146940
147075
147625
148007
148018
148376
148941
149159
149311
149376
149614
149700
149715
149725
150152
150321
150493
150907
151087
151354
151783
151887
151953
151996
152209
152342
152596
152726
152858
153160
153750
155071
155103
155182
155761
155857
156125
156545
156772
156798
157019
157176
157206
157318
157540
157599
157800
157830
157929
158564
158587
159083
159147
159661
159744
159915
160012
160039
160065
160271
160336
161295
161575
162528
163208
163793
164111
165870
166073
166196
166425
166630
166723
166747
166863
167582
167572
167752
168017
168046
168672
168675
168870
169937
169986
170148
170225
170881
171178
171664
172674
172834
172944
173094
173512
174742
174812
175361
175837
175871
176006
176025
176649
178058
178459
178789
179147
179511
179552
179813
179860
180031
180031
180450
180473
180596
180601
180865
181167
182107
182802
182957
184770
185050
185099
185408
185418
185612
185739
185974
186067
186323
187062
187104
187693
188055
188101
188615
188684
188682
188954
189126
189210
189644
189695
189919
189979
190451
190596
191103
191135
191375
191467
191617
191710
192498
193796
193917
194259
194586
195177
195201
195238
195258
195531
195532
196003
196419
196710
196938
198058
198552
198837
198907
198918
199605
199604
199639
199805
