614.83
1721.57
1744.68
2154
2482.91
4598.28
5613.1
5937.83
6896.39
7041.2
8467.94
8823.14
9224.71
10663
11023.8
11075.6
12545.6
12977.2
13215.1
13999.7
14024.7
14073.7
15588.6
18039.6
18087.5
18225.9
19388.1
20165.4
20580.7
20807.9
21052
22132.5
26065.2
26958.1
27627.2
28323.4
28502.9
28695.1
28836.2
29001.2
30094.8
33981.3
34316.2
35494.4
36538.4
36575.6
37477.3
37796
38057.9
38114.1
40674.4
40719.6
43766.5
44010.3
44023.4
44614.1
45835.9
46743.1
48057.3
48267.6
48484.9
49920.6
50565.7
51781.1
52247.6
56263.1
58522.9
58705.2
58716.6
59282.8
59358
59893.1
60456
60501.8
61538.6
61709.2
61878.7
62837.1
63094.9
63173.7
64669.5
67761.5
68220.3
71918.8
72274.6
74110.3
75934.3
76427.7
76877.5
78150.4
78799.8
78942.2
81081.9
81858.5
82330
82735.8
83700.6
83870.7
86733.8
87310.2
87628.5
87818
88359.8
89598.8
90019
90128.8
90363.3
90675.1
91905.5
91991.9
94599.4
95675.3
95870.6
97503.3
98753.9
99787.8
99893.6
