465.97
1161.99
1938.85
4265.89
5112.12
5176.97
5499.87
5737.39
6657.16
10069.6
10512
10598.9
10856.9
11051.7
12921.7
12956.2
13547.3
14734.2
15464.1
16252.9
16258.1
17511.7
19334.4
19478.7
20735.1
20765.9
20898.2
21931.5
24622.8
24953.3
25185
25621.8
26603.2
27371.7
28145.7
28267.9
29265.3
29414.9
31876.3
33300.7
35188
35729.1
35818.8
36892.2
37123
37300.9
37859.8
38106.6
38851.3
39052.6
39669.6
43648.9
44044.6
45046.1
46016.4
46144.3
46231.7
50342.2
50929.4
51017.2
51264.4
51896.9
52306.9
53203.3
54582.5
57109.7
58093
58123.8
58554.5
60237.3
60743.7
61072.2
61681.3
64097.7
64910.9
67007.9
67610.2
68769.1
69835.9
71322.6
73321.9
75553.6
76141.3
76500.5
77055.4
77760.7
77828
80444.7
81185.8
81652.6
82352.3
83699.2
84111.3
84474.4
85404.4
85796.9
87057.5
88673.6
89245.6
89318.3
89564.4
89892.4
90003.9
94287.6
94429.3
95411.4
97251.2
97662
