234
1002.66
1576.79
2917.81
6744.58
8354.83
9191.27
10719.4
11369.6
11378.5
12329
12804.1
15047.7
19209.3
19397
20432.5
21042.4
21547.4
22592.2
23728.6
24935.6
28226.6
30544.9
35115.9
36369.9
38279.8
38690
38860.1
40667
41026.9
41566.2
42373.5
42893.3
43695.3
46191.4
46228.1
46771.3
47170
47675.6
48564.2
48707.6
49238.1
50188.2
54771.6
57785.4
58220.3
58493.5
59123.8
59463.3
60172.6
60303.4
60754.5
61681.1
64791.8
65101.1
67762.7
67772.7
78076.9
78270.7
78289.3
79585.2
79713.1
80363.6
80890.5
80916.6
82462.1
82836.1
83025.8
83225.1
83792.4
84957.8
85069.5
87023.7
88524.6
88728.1
89621.4
89963
92394.3
95663
98169.4
