928.83
1658.92
1753.58
3762.96
3987.48
4478.19
4866.66
5193.05
6670.54
7697.19
7883.57
8725.05
8750.28
9667.34
9863.31
13508.3
13827.5
14987.1
15524.5
16113.8
16880.7
17819.8
18222.8
18323.3
19454
19470.8
20524.4
20875.2
21020.3
21577
22832.2
23668.8
23958
25008.6
25194.6
26359.1
26405
28829.6
29167.3
29664.1
30282
31533.3
33722.7
33778.3
34292.1
34414.8
35266
35635.1
36002.7
36133.3
37256.1
38438.4
38501.7
38755.4
39045.9
39396.8
40133.6
40274
40905.1
42234.3
44540.3
46868.4
47817.1
47882
48591.9
49469.6
50291.5
50661.6
50858.3
51341.6
51439.1
52230.6
52665.2
53245.4
53251.9
53774.5
54421.3
55347.2
55731.3
57335.6
57788.3
58307.8
58567.8
59928.5
60401.6
62009.4
62223
62279.6
63369.8
66739.1
66987.8
67244.1
67307.6
67513.2
68027.4
69471.1
71229.8
71964
72739.3
73484.3
73972
74140.5
75007.6
75197
75644.3
77445.4
80302.9
80829.2
81137.4
82729.6
83022.3
84674.3
84936
86003.3
86694.2
87800.4
88018.2
88215.2
88271
88984.6
88993
89048.9
90251.1
90876.1
92436.8
92636.3
93024.5
93057.4
93118.9
93970.4
93973.5
94472.6
96032.4
97016.7
97677.5
97883.2
97995.9
98017.6
99576.2
99921.4
100184
100712
103901
104141
104341
104749
105442
105491
105847
106712
108006
108211
108677
108972
109310
110097
111055
111072
111612
112948
113028
113547
113703
114502
114772
115530
116566
117295
118201
118990
119793
120573
121242
122626
124594
124916
125762
125800
127121
127710
129353
129528
129756
130065
130533
130856
131248
131874
132908
133164
135125
135918
135959
136554
137363
139246
139283
139563
141819
142695
143621
144005
144337
144419
144402
145342
146120
149067
150222
150542
151401
151662
152079
152323
152617
153642
157337
157656
158347
159204
160178
161263
161751
162722
162991
163078
163260
163849
164723
167517
168137
168251
168241
168489
168936
169570
169944
169990
170089
170385
170913
171173
171848
172011
172836
172887
173313
173797
174836
175938
176042
176306
176806
176893
178061
178719
179299
181188
181379
182008
182381
183135
183384
183681
183800
188456
188644
189915
193368
193624
193659
194215
194237
195066
196199
196818
197939
198376
198548
198755
198896
199157
199710
