180.14
302.51
561.26
571.02
584.37
878.77
1005.92
1127.7
1145.55
1358.3
1411.99
1951.83
2141.87
2361.33
2397.51
2593.56
2595.79
2658.84
2711
2778.7
2827.91
2989.38
3048.57
3062.18
3192.22
3360.54
3705.49
3857.7
3954.48
3957.8
4139.56
4278.12
4459.8
4519.4
5148.53
5158.37
5259.42
5570.38
5598.32
5725.43
5880.61
5904.89
6016.21
6095.79
6569.85
6657.93
6742.09
6945.57
6981.55
7015.92
7027.84
7113.48
7194.84
7426.98
7468.65
7561.85
7882.06
7886.38
7919.88
8241.2
8494.56
8565.48
8617.05
9020.02
9110.15
9107.95
9114.18
9141.37
9509.88
9515.26
10032
10261.3
10399.6
10546.2
10560.7
10637.7
10827.6
10909.4
11032.6
11198
11477.2
11535.3
11867.4
12027.7
12118.4
12408.4
12870.4
12919.5
13291
13290
13486.3
13630.3
13861.3
13993.2
14083.4
14467.2
14593.3
14949.7
15139.2
15598.7
15685.8
15710.2
15748.8
16031.8
16191.7
16598
16877.9
17277.2
17391.4
17506.6
17506.5
17598.2
17928.7
17949.3
17953.2
18214.6
18401.5
18483.5
18591.9
18646.1
18966.6
19058
19086.3
19274.3
19396.3
19465.7
19542.5
19678
20568.2
20640.4
20947.1
21101.9
21118.6
21317.3
21376.2
21636.2
21763.1
21972.9
21997.4
22131.9
22229.8
22296.3
22806.5
23518.2
23582.6
23781.7
23827.3
23852.3
24291
24335.4
24394.4
24441.3
24655.9
24672.7
24907.4
25341.9
25334.8
25355.5
25395.9
25546.2
25606
25644.3
25724.9
26066.8
26566.8
26833.4
26947
27243.9
27490.5
27540.8
27959.3
28179
28285.2
28418.1
28570.3
28771.5
28769.2
29212.2
29425.2
29647.7
29667.4
29868.4
29951.9
29971.7
30078.1
30744.5
30745.5
30792.2
30946.8
31021.2
31025.7
31303.5
31441.1
31570.9
31693.1
31906.2
32026.1
32289
32316.5
32378.6
32781.8
33020.5
33233.7
33418.4
33550.5
33603.3
34064.6
34367.6
34473.2
34593.5
34740.2
34762.4
34958
34987.7
35221.5
35334.7
35444.6
35568.9
35690.3
35896.1
35913.4
35926.6
36210.3
36327.3
36464.7
36771.4
36805.9
36821.6
37036.4
37219.6
38158.6
38408.2
38413.6
38647.2
38826
38821.3
39121.1
39146.3
39186.8
39344.6
39405.8
39624.7
39681.8
40125.3
40230.5
40774.4
40923.6
40981.4
41291.2
41563.4
41753.6
41836.2
42097
42229.5
42447.9
42760.7
43498.1
43557
43888
43961.8
44012.3
44088.9
44177.2
44821.5
45165.3
45381.7
46111.7
46258.6
46372.4
46632.9
47121.9
47473.4
47678.4
47751.3
47760.4
47975.2
48225.2
48260.9
48641.6
48747.2
48968.4
49787.4
49805.1
49987.5
50080.2
50194.2
50242.3
50420.6
50475
50537.7
50542.5
50548.9
50694.1
50775.1
50788.3
50850.1
51324
51541.3
51553
51618.1
51673.9
51855.6
52059.6
52256.5
52336.7
52731.4
52736
52899.5
53001.4
53136.6
53167.2
53346.1
53428.5
53491.2
53606.3
53900.6
54202.5
54409.6
54470.7
54696
55535.9
56479.5
56912.7
57452.8
57870.8
57970.5
57968.9
57995.8
58081.9
58237.4
58258.6
59038.9
59058.6
59094.3
59240.8
59295.8
59602.4
59760.6
59891.7
60060.9
60203
60256.5
60471.7
60557.4
60768.9
60841.4
61181.5
61227.3
61376.4
61553.2
61868.9
61959.2
62222.6
62280.9
62362
62406.7
62518.1
62865.2
62889.2
62924
63091.7
63109.1
63985.2
64046.2
64188
64184.4
64310.2
64799.1
65068.9
65216.7
65338.5
65597.9
65842.2
65966.6
66062.7
66100.8
66108.6
66155
66629.2
66735.6
66757.9
66776.5
66801.8
66825
67067
67206.9
67584.8
67709.4
67982.2
68260.8
68276.7
68327.4
68835.3
68910.1
68940.1
69146.8
69233
69614.4
69647.6
69922.2
70005.4
70020.9
70244.3
70258.2
70294.5
70387.3
70688
70849
70982.6
71114.9
71495.2
71623.8
71887.2
71975.5
72014.2
72328.3
72342.4
72369.7
72427
72621
72729.5
72825.2
74129
74292.2
74330.6
74566.6
74677.6
75052.7
75695
75811.4
75916.8
75999.1
76186.7
76270.5
76395.3
76469.9
76643.1
76922.9
76922.6
77043.3
77269
77284.8
77460.9
77528.2
77548.3
77664.9
78108.6
78316.6
78435.1
78512.1
78833.7
79048.2
79206.9
79771.1
80228.4
80724.7
80783.1
81051.1
81358.6
81408.5
81477.8
81994.6
82392.5
82465.4
82570.5
82979.3
83062.9
83181.6
83221.4
83569.8
83632.4
83712.9
83856.1
84358.9
84476.7
84534.7
85163.5
85547.9
86365
86540.3
86701.5
86812.8
87074.6
87230.7
87266.5
87360.8
87397.6
87632.2
87835.4
87988.1
88187.6
88362.1
88393.3
88511.2
88691
88758.7
88806.4
88868.5
88905.2
89122.5
89204.2
89274.1
89481.4
89490.8
89517.4
89555.3
89757.7
89835.3
90180.3
90257.2
90328.6
90539.5
90861.1
90890.3
90997.3
91102.2
91170
91525.4
91565.2
91753.1
91824.2
91915.1
92392.4
92440.3
92464.4
92675.4
92742.4
92791.5
92898.2
92994.6
93466.9
94030.4
94312.1
94428.8
94658.3
94699.2
94739.1
94895.6
94953.5
95207.6
95271
95318.5
95369.6
95421.5
95533.6
95660.6
96067.9
96360.8
96867
97100.7
97165.1
97372.4
97449.2
97627.9
97817.2
97954.4
97999.3
98205
98288.1
98609.2
99152.5
99314.2
99498
99664.3
99714.6
99894.5
100085
100140
100151
100991
101593
101620
101923
101927
102002
102109
102150
102159
102407
102412
102713
102800
102961
103046
103227
103866
104543
104802
104834
104938
104946
104993
105051
105312
105459
105597
105631
105697
106060
106162
106219
106320
106589
106585
106826
107647
107766
107911
107913
108002
108126
108226
108376
108647
108725
108967
108991
109163
109697
109845
109902
109989
110223
110314
110561
110784
111452
111504
111527
112152
112180
112186
112425
112508
112524
112833
113007
113134
113235
113522
113812
114129
114167
114332
114556
115165
115438
115508
115854
115855
116000
116084
116127
116450
116571
116705
116869
117325
118060
118075
118724
119211
119732
120033
120054
120374
120564
120579
120684
120798
120829
120868
121159
121286
121439
121748
121771
122048
122116
122321
122414
122906
123065
123358
123387
123567
123604
123669
123861
123889
123898
124352
124423
124428
124565
124963
125087
125303
125344
125566
125632
125922
126442
126486
126696
127289
127392
127842
127960
128544
128880
129144
129269
129441
129518
129671
129767
129808
129996
130084
130243
130570
130735
130791
130822
130868
130937
131153
131260
131353
131382
131737
131789
132193
132264
132322
132559
132725
132809
132960
133105
133277
133547
133649
133704
133767
133890
134034
134117
134330
134521
134529
134583
134760
134787
134885
134943
134998
135317
135398
135998
136001
136343
136508
136918
137442
137623
137631
137914
138118
138112
138252
138300
138592
138832
139044
139372
139536
139706
139893
139902
140110
140544
140596
140811
140904
141093
141351
141486
141876
142101
142459
142527
142753
142758
142886
143022
143046
143098
143215
143317
143594
143639
143750
144148
144179
144254
144317
144620
144794
144936
145049
145502
145722
145834
145911
146132
146169
146192
146371
146647
146846
147611
148127
148195
148379
148453
148742
148965
149019
149098
149277
149347
149445
149665
149917
150130
150407
150571
151031
151480
151562
151675
151881
151983
152042
152529
152603
152610
152937
153169
153160
153470
153628
153818
154889
154937
155030
155343
155430
155514
155765
155980
156020
156256
156376
156517
157120
157422
157523
157595
157637
157656
158170
158278
158296
158373
158437
158484
158488
158710
158867
159058
159228
159244
159348
159527
159603
159705
159989
160600
160656
161880
161882
162229
162263
162365
162484
162830
162952
163198
163710
164038
165178
165733
165831
165885
166175
166523
166680
167384
167700
167720
167713
167834
167871
168015
168035
168277
168330
168517
169056
169114
169176
169226
169491
169550
169755
169753
169865
170206
170450
170488
170530
170647
170777
170901
170928
171229
171367
171519
171652
171733
171814
172185
172345
172409
172734
172758
172779
172935
173010
173171
173514
173819
173878
174273
174368
174674
174713
174968
175085
175522
175932
175954
176296
176318
176402
176768
177031
177214
177285
177290
177307
177408
177508
177585
177645
177882
178047
178612
178658
178734
178864
178920
178983
179342
179587
179602
179953
180084
180582
180761
181071
181202
181337
181392
181447
181634
181708
181730
181734
181792
181833
181935
181974
182231
182745
182834
182854
183167
183195
183349
183376
183745
183769
183895
183929
184080
184174
184280
184316
184353
184462
184553
184764
184929
185131
185342
185461
185653
185694
185835
186680
187451
187530
187682
187709
187845
187888
187941
188509
188621
188777
188934
189304
189361
189636
189944
190016
190005
190055
190349
190370
190532
190641
190648
190717
190914
190994
191201
191287
191561
191647
191703
191753
191851
191853
191881
191919
192035
192172
192366
192643
192839
192868
193550
193573
193791
193786
193996
194130
194175
194231
194551
194561
194734
194865
194927
195227
195425
195814
195891
195914
195957
196001
196362
196390
196646
196697
196780
197018
197148
197187
197306
197362
197423
197786
197817
198025
198104
198145
198710
198743
198760
198855
198895
199095
199287
199310
199448
199566
199956
