628.43
766.46
1152.68
1180.17
3092.28
3941.7
4182.96
7148.5
7344.74
9851.37
9889.88
10744.9
10971.6
11602.3
12578.8
13789.6
15138.5
15751.5
15777.3
18398.1
19249.1
20888.7
22183.9
23051
23184.7
23688
24681.5
24916.8
25008.2
25671.1
25916.6
27373.9
29045.5
31544.6
32929.9
33393.2
34951
34980.8
36221.5
36287.1
36845.2
37864.7
39279.1
42525.9
43893.9
44793.5
46427.6
47561.1
49148.9
49252.9
49506.3
49826.5
50001.6
51629.6
51770.5
52147.1
52688.5
53056.7
53258.3
53400.3
53971.2
54186.3
54789.7
54873.6
55304.3
56020.3
56789.6
58213.5
59743.2
60096.9
60387.8
61194.4
61823.2
61830.4
62598.3
62953.1
63171.5
63965.8
66581
66903.9
67477
70478
71359.4
71925.3
72449.6
73343.5
73695.8
76674.7
77488.3
79272.6
80009.3
80933.8
83392.7
85520.7
86167.4
88234.6
88906.7
90801.5
90953.7
91413.1
91643.5
92239.2
92373.6
92601.4
92816.7
93427.6
93596.4
93615.9
94123.3
94278.8
94705.7
94850.1
94981.5
95460.9
96747
96852.8
97609
100121
100330
100365
100461
100942
101582
101610
101878
101960
102951
106382
107352
109716
110527
110794
111667
112192
112725
113241
113614
113803
114301
115686
116190
118010
118641
118944
119337
119723
119865
120007
120795
120849
121694
122632
123577
123697
126019
127278
127613
129372
132901
133250
133450
134127
134192
134846
135261
135502
135970
136344
136926
138660
139136
140281
140350
140943
143364
144023
144054
144151
144797
145108
146212
146457
147225
147410
147456
147714
147800
148041
148531
148537
148741
149179
149695
149841
150233
150506
151493
152096
154590
154860
158450
159132
160484
165098
165120
165859
167277
168714
169523
171178
171700
171964
175389
176797
177234
177855
178308
178988
179275
179538
180402
180893
181694
181829
182282
183817
184706
185281
185333
185470
186052
187058
187509
188690
189071
189760
190060
190182
190611
191371
192348
192490
192771
193063
193290
193464
193560
194518
194707
194729
195150
195886
196128
196220
197355
197697
197982
199810
