299.03
385.82
668.24
704.37
723.53
1074.61
1441.38
1515.66
1524.39
1642.27
1730.51
1790.16
1874.56
1950.6
1994.49
2282.18
2394.33
2757.97
2809.16
2938.25
2944.33
3161.36
3171.48
3308.26
3325.54
3606.02
3900.75
3935.12
3986.6
4024.05
4291.05
4352.52
4418.33
4424.88
4449.62
4725.07
4822.45
4839
4873.68
4881.9
5384.68
5419.54
5445.61
5446.54
5463.93
5774.64
5894.42
6324.49
6559.43
6627.43
6705.75
6764.5
6848.06
6947.66
7054.96
7215.28
7261.92
7335.06
7447.44
7456.29
7809.89
7812.6
7869.62
7909.4
8135.14
8219.81
8262.9
8345.25
8679.62
8693.7
8883.69
8929.32
9010.3
9314.69
9385.26
9532.4
9700.17
9864.08
10125.7
10133.4
10222.9
10581.6
10615.7
10706
10978.6
11004.8
11095.8
11320.3
11402.7
11424.3
11669.7
12220.1
12654.7
12788.8
12792.8
13316.7
13392.4
13641.4
13749.5
13752.7
14143.7
14154.5
14175.1
14540.4
14760.1
14956.4
15117.6
15448.7
15585.5
15586.5
15644.2
15750.7
15799.6
15907.4
16054.4
16345.1
16346.7
16607.5
16783.7
16898.7
16953
16973.5
17011.8
17121.1
17851.8
18209.1
18336.8
18840.4
19011.5
19107.3
19252.6
19422.4
19450.1
19593.5
19623
19699.5
19840.3
20135.8
20375.6
20481.6
20522.9
21173.6
21193.2
21243.1
21265.3
21353.2
21445.5
21560.4
21611.9
21687.9
21825.9
22149
22439.8
22537.9
22639.5
22856.2
22920.7
23173.1
23349.4
23708.7
23729.8
23835
23953.9
24291
24429.6
24670.1
24691.8
24753.2
25003.2
25177.1
25395.9
25404.2
25547.7
25556.5
25712.2
25716.7
25873.9
26258
26269.8
26379.7
26431.4
26552.6
26646.4
27025.8
27506.1
27740.9
27766
28602.8
28784.6
28892.3
29036.2
29316.5
29605.3
29617.2
29842.5
29974.3
30089.1
30275
30552.1
30620.4
30736.4
30839.6
30842
30899.6
31264.7
31387
31418.2
31509.7
31729.4
31948.8
31950.4
32103.8
32209.5
32511.7
32557.6
32955.8
32971.4
33379.8
33676.1
33706.2
33877
33929.4
34072.5
34165.6
34508.7
34529.1
34928.9
35027
35933.6
36157.1
36614.1
36624.8
37186.7
37236.8
37236.3
37361.9
37414.4
37734.6
38089.8
38244.4
38386.1
38531
38598.7
38693.9
38970.2
39066.1
39535.9
39655.8
39844.6
40121.4
40350.4
40557
40610.7
40707.5
41365.3
41515.9
41603.7
41796.6
41829.9
41973.8
42232.3
42312.9
42779.8
42786.1
42917
43431.9
43567.5
43782.5
43913
44047.1
44112.9
44145.3
44328.7
44635.2
44750.6
44759.9
44905.1
44958.8
44981.7
44985.1
45089.4
45089.7
45322.8
45431.8
45649.7
45711.5
45992.9
46016.3
46291.5
46354.2
46385.1
46542.5
46581.4
46666
46671.7
46672.6
46832.5
47056
47138.6
47408.9
47432.4
47759.5
47917
47944.2
48015.4
48117.1
48243.5
48356.3
48418.6
48616.5
48672.5
49141.2
49279.7
49286.8
49355.5
49594.4
49992.7
50097.6
50545.6
50906.8
51009.2
51104
51142.4
51354.4
51424.3
51586.7
52024
52202.6
52322.2
52385
52427.7
52684.3
52938.4
53581.9
53630
53708.8
53851.8
54468.6
54844.2
54910.3
55228.1
55273.7
55575
55701.5
55707.6
55815.2
55842.6
56054.1
56875.8
56998.3
57005.5
57249.9
57597.7
57633.4
57667.2
58049.3
58420.5
58497.6
58774.8
58781.6
58785.2
58968.6
59018.5
59130.1
59250.7
59531.7
59801.4
60037.3
60307.5
60370.5
60418.5
60460.1
60836.6
60950.4
61096
61287.3
61431.9
61594
61868.5
62237.7
62516.1
62907.1
62961.9
62975.9
63025.9
63275.6
63383.4
63518.1
63758.6
63853.5
63879.4
63958.9
64876.1
64952.9
65205.4
65203.1
65252
65314.2
65675.2
65716.3
65803.2
65843.2
66010.5
66186.6
66246.5
66367.5
66439.1
66632.6
66744.2
66747.8
66751.8
66900.9
67118.5
67150.7
67332.1
67342.6
67422.1
67564.7
67843.2
67836.4
68604.7
68711.9
68830.6
69576
69628.1
69687.6
69921.5
69974.5
70007.1
70041.9
70297.5
70360.1
70574.7
70605.3
70625.7
70688.7
70711.4
71064.6
71287.1
71616.7
72026.2
72052.5
72115.8
72420.6
72481.7
72564.9
72933.9
73235.7
73435.3
73489.7
74123.6
74437.8
74637.4
75218.8
75287.3
75415.1
75703.2
75692
75915.5
76171.6
76647.9
76698.8
76782.3
76846.9
77341.5
77398.5
77678
77717.7
77764.6
78013.5
78461
78587.5
78916.2
78944.8
79015.6
79299.1
79323.8
79471.7
79663.7
79755
79927.2
79982.5
80509.1
80556.1
80746
80782.9
80969.1
81219.4
81235.8
81359.1
81964.4
82065.5
82213.1
82241.6
82362.3
82410.9
83223.5
83556.4
83795.4
83924.2
84373.8
84662.4
84733.4
84895.9
84987.2
85082.1
85104
85379.2
85487.9
85528.8
85843.9
85912.8
86195.7
86216.5
86461.1
86556.8
86741.8
86891.8
86919.5
87029.6
87370.2
87473
87629.4
87672.8
87764
87863.2
87980.9
88571
88637.9
89342.3
89348.4
89550.8
89550.5
89867.7
90129.6
90161
90370.4
90788
90843.8
91166
91212.2
91451.4
91698.2
92103.3
92107.5
92121.4
92435
92425.8
92739.1
92871.5
93558.1
93662.8
93733.8
93750.5
93813.1
93872.3
93951.8
94170.7
94491.5
94492.1
94786.1
95018.3
95018.1
95038.2
95041.7
95073.3
95439
95484.9
95555.5
95896.9
95912.4
95927.7
96144.1
96166.5
96401.2
96642.3
96880.7
96880.1
96920.4
97124.9
97181.5
97229.6
97313.9
97360.7
97434.1
97631.5
97758.8
97925.1
98051.3
98129.9
98130.5
98305
98842.1
99119.5
99199.4
99513.8
99515.9
99842.9
99904.8
100368
100474
100778
100893
101261
101426
101717
102000
102110
102213
102215
102360
102950
103010
103102
103262
103856
103892
103900
103906
103936
103982
104377
104398
104493
105202
105345
105631
105791
105806
106335
106383
106681
107095
107694
107810
107851
108079
108573
108585
108653
108854
108864
108941
109091
109142
109164
109563
109933
110017
110055
110098
110195
110431
110457
110458
110563
111079
111119
111213
111253
111364
111648
111764
112233
112500
112510
112608
112705
112763
112848
113199
113274
113274
113612
113799
113945
113980
114151
114237
114510
114591
114750
114791
114869
115081
115691
116101
116234
116667
116844
117018
117239
117421
117457
117692
117726
117770
117796
117961
118348
118513
118746
119418
119504
119664
120165
120271
120521
120803
121840
121972
122124
122257
122799
122869
123030
123051
123060
123077
123357
123379
123484
123891
124522
124818
124937
124940
125084
125202
125251
125533
125775
125835
126297
126423
126520
126714
126711
127306
127743
128468
128628
128830
128834
129082
129203
129206
129251
129263
129295
129360
129717
129797
129889
130150
130674
131140
131363
131558
131637
131930
132035
132658
132724
133168
133442
133467
133475
133734
133755
133839
134092
134170
134195
134453
134688
134695
134940
135248
135443
135618
135726
136524
136629
136749
136990
137000
137335
137499
137595
137679
137799
138090
138254
138582
138596
138754
138834
139072
139097
139178
139328
139370
139436
140033
140096
140115
140431
140450
140483
140655
141093
141201
141281
141635
141660
141895
142235
142280
142297
142376
142497
142697
142872
143198
143614
143716
143890
143986
144080
144298
144394
144635
144774
144813
144912
144980
145006
145343
145408
145715
145725
145815
145845
146111
146206
146318
146526
146597
146690
146826
147274
147387
147519
147559
148101
148230
148448
148538
148661
148839
149204
149353
149564
149587
150075
150615
150626
150686
150706
150902
151078
151199
151200
151374
151497
151584
152014
152062
152210
152309
152477
152525
152811
153138
153651
154040
154053
154132
154429
154526
154580
154663
154806
155390
155677
155691
155733
155835
155982
156688
156786
156940
156977
157245
157429
157651
157730
158143
158634
158679
158789
159061
159145
159346
159538
159867
159888
160098
160156
160460
160569
160873
161028
161076
161442
161703
161816
161890
162447
162453
162567
162732
162775
162923
163142
163172
163230
163307
163419
163605
163632
163653
164026
164191
164191
164930
165040
165249
165328
165396
166115
166259
166839
166950
167056
167071
167159
167187
167321
167585
167643
167795
167924
168312
168689
168895
168975
169281
169284
169341
169373
169756
170587
170801
171100
171227
171377
172262
172300
172761
172759
173012
173079
173327
173642
173645
173662
173967
174017
174191
174343
174371
174433
174586
174657
174810
175075
175407
175753
175754
175971
176117
176221
176309
176522
176827
177028
177047
177744
177754
178065
178403
178995
179518
179565
179727
179911
179959
180342
180362
180505
180596
180674
180998
180998
181473
181497
181631
181637
181686
181749
181883
181968
182294
182302
182425
183238
183266
183615
183783
183805
184004
184141
184339
184612
184690
184768
185117
185131
185585
185618
185742
186009
186300
186395
186625
186713
186787
186845
187207
187517
187762
187835
188087
188284
188381
188684
188905
189372
189488
189515
189677
189983
190026
190500
190846
190953
191374
191698
191950
192213
192301
192440
192602
192647
193311
193417
193697
194016
194130
194197
194234
194303
194352
194618
194900
195012
195285
195318
195376
195805
195845
196204
196673
196810
196952
197150
197538
197834
197880
197945
198072
198199
198252
198839
199131
199185
199369
199374
199572
199613
199917
199992
