4510.58
9649.68
16541
18319.8
19526.2
19724
23538.1
25336.4
26616.1
27225.9
28431.8
28709.1
30741.4
32403.8
32947.6
39876.9
42164.9
42405.9
42620.4
47222.8
49203
50038.2
52348.9
52743.6
53872
54118.9
54633.5
55798.4
56907.7
58102.8
61892.4
67383.4
68120.1
69084.4
69108.5
70561.4
73653.7
73849
77131.4
77597.1
77941
80339.5
80622.3
81546.7
86125.9
87419.2
89053.9
93502.8
93517.3
96813.5
97117.5
97637.9
98920.9
104432
104981
110309
113667
114828
115014
115273
118051
123973
124132
125203
125590
126341
126735
128051
129302
129495
129862
129984
132417
133566
135080
138622
140944
141125
141758
144403
144883
148600
151807
152568
152760
155839
156267
156473
156765
159466
159804
160067
161315
163826
164032
166351
166891
166979
167862
169440
170989
171899
174117
174204
174785
175036
182082
183747
183817
185903
188242
189470
191170
194133
194561
196103
196184
198543
198827
199122
