2287.07
2481.23
2666.66
2812.17
4026.97
5643.96
6863.73
8434.25
9003.68
10233.1
10563.4
10634.9
11094.6
11120.7
11143.7
11770.7
11986.7
11986.3
12288
12342.9
12566.1
12691.9
12866.7
13148
13493.6
13904.6
15402.1
15646.1
15660.3
15697.2
15945.7
16089
16614.3
16786.1
17060.4
18236.7
18669.1
18704.8
18879.6
19742.7
19963.6
20756.9
21325.1
21464.7
21669
21950.3
22226.5
22502.1
22697
25487.1
32488.6
33805.8
34939
37132.1
38973.5
39134.9
42366.6
44102.8
47025
49234.6
50021.2
53375.8
55712.5
55990.3
57140.8
57289.1
58155.9
58495.4
60306.7
61313.5
61849.9
62252.5
68181.6
68422.7
69516.6
74408.4
77445.3
77499.8
78254
79431.8
80117
81750.5
82783.6
82968.1
83296.6
83539.9
86965.3
90094.1
90585.3
90757
91269.7
91567.2
93920.3
94181.7
95352.5
96639.7
103100
109689
111296
112267
112500
112949
113967
117140
119665
119668
120824
122102
122442
122740
122999
124508
127763
128460
131996
134912
135129
137861
138386
138771
140574
141506
142411
143572
143606
144189
144402
145035
146137
146360
147376
148077
148887
149156
149442
150144
150237
150845
151025
151351
151558
152134
154794
154795
155618
155858
157862
158295
158625
159344
159574
160574
160961
161149
161569
162787
162789
163329
163427
163723
163791
164027
164091
164351
164703
164924
165146
165849
166563
166680
166931
167687
167763
168951
169241
169612
169835
170230
171070
171137
171958
172174
172329
172443
173532
173817
174725
175082
176751
177293
177366
177613
177747
179379
180978
182034
183621
183818
184032
184609
184606
186254
187271
190734
191347
191854
192680
193764
194470
194805
195499
