6715.31
7130.26
11948
12488.4
12728.2
13882.2
14705.4
16151.1
18527.6
22175.7
25800.8
27626.6
30553.4
32439.9
32469.8
37135
37606.7
39235.4
40751.4
41086.4
42064.1
48625.3
50522
56179.7
57440.8
60492.2
61929.5
65649.8
73856.3
75133.4
75809.3
79675.7
81384.4
85151.4
85664.6
88877
89565.5
92569
93509.1
97502
100236
101738
107074
107070
117816
117885
120081
120226
120792
127317
128223
130360
133978
136890
139409
140900
140976
143487
145037
149120
151147
152413
154290
154319
156989
157264
163353
164887
165137
165642
168343
168847
175403
181460
181697
181778
182909
183395
190679
191274
193779
194561
