312.86
2434.67
2618.6
3600.98
4349.2
5755.67
8662
9275.36
10147.6
11137.2
13271
14284.6
14456.6
14641.6
15197.4
16074.3
16974.8
19775.4
20598.1
21371.2
21615.4
21981.1
22642.7
23871.7
24160.8
25062.9
26524.5
28268.3
29415.2
32624.7
32732.6
34550.1
34794.9
35377.7
35875
36419.9
38491.9
38739.4
39422
39933.9
40332.4
40610.7
40619.5
41115.4
43033
43094.5
46731.3
47065.4
47461.6
51090
51623.3
51979.7
52121
52454.1
55688.7
56980.2
57362.3
57583.1
59406.3
62473.7
65221.2
66098.9
66313.4
66782.1
67457.6
71340.7
71645.1
75310
75340.2
76505.9
76931.9
77205.9
77945.4
78790.1
79162.8
82119.9
82879.2
83073.4
86200.4
87468.8
89047.5
90166.9
91735.5
92073.5
96409.1
98635.5
100107
100869
104056
105014
106958
107017
108116
118676
118870
119656
120485
121375
121958
123371
124649
125104
125334
125570
127449
127687
129105
129392
131219
131253
131612
133724
138582
138968
140477
141083
142195
142314
145252
145449
146469
146937
147644
147926
150088
151178
152304
154105
154444
155120
155391
155408
155949
156616
160790
160846
162955
163721
163742
164181
164367
170207
172296
173111
174415
174623
176563
177032
177150
177461
177555
178246
181408
182913
183031
183304
184732
185144
186058
188526
189532
190961
193383
197341
197718
198654
