2152.76
2217.34
2265.99
2283.07
2285.59
2289.62
2294.64
2456.56
2464.34
2779.61
2865.17
2900.1
2946.5
2979.88
2990.05
3080.04
3121.83
3319.45
3421.17
5304.39
5555.44
5585.14
5676.74
5948.33
5955.87
6361.76
7286.24
7286.96
7545.94
7841.49
7904.68
7950.39
7968.23
9642.71
9646.44
9863.15
10140.5
10982.1
16916.1
16955.4
17099
17148.4
17293.6
17553.7
18968.2
19062.7
19092.2
19176.6
19204.6
19666.1
19737.9
19870.8
19899.7
19925.3
19939.7
19999.2
20002.2
20026
20032.8
20052
20109.8
20141.5
20151.5
20161.1
20184.4
20189.5
20200.4
20206.2
20210.6
20229.6
20236
20275.2
20318.8
20393.6
21028.8
21124.9
21216.2
22698.2
22704.5
22809.9
22826.9
22834.5
22861
22996.2
23102.7
23104.3
23285.8
23311.3
24154.3
25793.2
25866.1
25890.3
26140.6
26265.7
26280.4
26295.6
26314.4
26347.7
26369
26474.4
26783.5
26789.1
26793.4
28158
28613
28652.4
28688.4
29083.5
29206.2
29499.1
29543.3
29560.4
29673.8
29681.5
29745.4
29761.9
29814
29826.5
29885.1
29911.9
30206
30211.8
30309.7
30457.5
30500.3
30518.4
30529.4
30544.3
30557.2
30569.6
30587.2
30622.2
30623.2
30652.4
30663.9
30686.2
30688.2
30704.4
30708.7
30711.6
30737.6
30777.6
30789.9
30865.5
30935.2
30939.7
31786.1
31808.4
31822
31900.6
31907.6
31915.9
32000.7
36339.3
36384.5
36390.7
36425.7
36442.9
36496.2
36550.7
36554
36574.1
36609.6
36715.6
36758.1
37260.5
37705.2
37735.2
37753.6
37784.2
37804.1
37818.9
37849.5
37858.2
37859.4
37887.7
37895.5
37895.6
37901.9
37916.9
37924.4
37976.1
38046.3
38171.6
38182.3
38197.9
38214
38220.5
38304
38462.3
38536.7
38542.7
38555.2
38569.3
38584.4
38593.9
38595.5
38618.5
38633.8
38660.7
38703.6
38724.7
38732.1
38737.9
38752.5
38770.6
38792.8
38799
38807.8
38841.7
38856.7
38852.6
38892.6
38907.1
38978.5
39005.2
39781.4
39789.4
39790.9
39830.3
39879.6
39887.1
39894.1
39897.7
39902
39914.8
39943.7
39961
39968.5
40177.9
40286
40332.6
41038.3
41167.2
41195.7
41197.7
42742.6
44545.5
48424.3
48887.8
49168.3
49184.2
52830.2
53319.6
53361.4
53392
53523.8
53560.8
53612.8
53637.8
53643.4
53673.5
53677.3
53943.5
54119.1
54174.8
54247.4
56745
56760.4
56826.5
58606.6
59589.1
59641
59670.6
59964.6
59994.4
60126.9
60510.9
61291.2
61295.6
61356.7
62497.1
62571.8
62603.7
62658.2
62659.2
62700.3
63125.8
64764.6
64921.3
65070.5
66553.6
66893.2
66900.3
66999.1
68211.7
68263.6
68306.5
68310.4
68313.4
68356.4
68891.6
68934.2
68935.9
68973.1
69677.5
69725.3
69941.1
70000.9
70008.7
70010.8
70011.8
70030.5
70058.5
70128.8
70147.7
70152.4
70303.4
70518.1
70597.9
70603.3
70652.7
70678.2
70685.4
70684.1
70702.3
70713.1
70734.3
70765.6
70764.8
70772.9
70779.4
70783.3
70786.8
70813.2
70813.7
70828.9
70851
70884.9
70898.1
70901.7
70968.6
70971.4
71028.3
71270.9
71300
71310.9
71415.7
71419
71460.8
71475
71480.2
71506.1
71536.9
71548
71924.2
72141.2
72211.3
72259.8
72367.8
72489.8
72517.8
72539.9
72674
72678.1
72725.7
72743.5
72794.1
72882.5
72894.4
72922.9
72954.1
73011.8
73014.6
74901.3
75708.3
75718.6
76014.1
76087.7
76094
76108.1
76131.3
76174.1
76171.5
76246.1
76280.9
76318.9
76353.2
76357.3
76369.9
76394.9
76420.3
76433.6
76457.8
76586.6
76592.6
76810.1
76834.7
76911.6
76992.7
77562.8
77946
77951.7
77979.7
77992.1
78008.1
78013.3
78018.4
78050
78078.6
78093.5
78109.3
78152.8
78507
78884.5
79959
79959.4
80016.2
80023.7
80054.8
80176.9
80210.4
80212.7
80214
80253.4
80266.3
80327.9
80356.4
80382
80442.3
80457.9
80471.4
80945.2
80974.2
80978.8
80989.4
81008.8
81073.9
81145.6
81158
81893.7
81895.3
81899.9
81977.4
81978.3
81980.5
82012.3
82031.2
82054.2
82066.8
82072.9
82112.7
82121.3
82137
82150.9
82165.9
82191.8
82213.9
82227.2
82246.1
82267.7
82322.4
82434.3
82449.8
82451.9
82457.4
82539.6
82569.9
82587.9
82606.5
82637.7
82637.2
82652.1
82657.9
82664
82675.2
82720.5
82722.4
82726.9
82803.8
83199.8
83433.5
83439.8
83460.6
83505.4
83507.9
83520
83563.3
83578.3
83610.8
83612.1
83646.8
83683.1
83713
83751.1
83754.4
83759.3
83816.5
84025.8
84370.1
85070.6
85429
85448.3
85467.7
85494.5
85504.5
85534.3
85583.4
85657.9
85664
85793.9
85800
85842.5
85843.8
85846.2
85856
85878.2
85875.8
85959.1
85981
86025.6
86034.1
86046.4
86091.3
86100.9
86118.3
86122.8
86135.8
86191.2
86198.6
86358.5
86364
86422.9
86582.4
86627.5
86673.5
86688.4
87109.9
87128.8
87133.3
87140.2
87145.1
87147.5
87175.3
87203.4
87201.5
87244.5
87266
87303.5
87329.1
88401.5
88450
88484.2
88599
88642.3
88719.3
88920
88929.9
89171.3
89312.6
89318.8
89334.3
89360
89392
89406.9
89415.5
89442.6
89457.1
89492.3
89493.6
89538.5
89624.5
89653
89673.6
89718.5
89724
89752.2
89824.1
89825.3
89843.8
89850.6
89915.6
89929.4
90516.2
90563.1
90585.6
90621.2
90636.3
90650.1
90694.5
90698.3
91004.6
91031.8
91033
91058.3
91072
91117.4
91149.2
91151.5
91189.7
91193.7
91193.9
91233.3
91365.5
91794.2
92095.4
92125.6
92178.9
92183.5
92403.1
92415.5
92495.3
92516.6
92555
92568.2
92587.6
92589.2
92592.5
92606.7
92614.3
92615.6
92650.6
92683.5
92704.2
92798.9
92813.7
92836.7
92849.7
92851.8
92875.6
92886.2
92885.5
92889
92895.5
92965.5
92971.4
93016.1
93021.1
93038.2
93066.1
93078.7
93081.6
93101.7
93134.2
93373.3
93415.3
93419.3
93420.8
93583.9
93599.8
93619.7
93640.8
93750.9
93759.8
93916.3
94035
94112.9
94163.5
94172.6
94182.2
94192.7
94213.2
94349.1
94372.2
94526.4
94527.8
94533.6
94604.3
94608.1
94641.7
94690.3
94721.4
94728.1
94746.4
94966.3
95000.2
95073.8
95120.7
95145.9
95183.3
95189.9
95240.8
95243.1
95245.8
95269.1
95329
95408.5
95447.3
96107.8
96176.9
96298.2
96318.5
96327.6
96369.8
96479.2
96494.4
96690.5
97582.8
97670.3
97698
97705
97817.3
100043
100411
100758
100839
100869
100979
100999
101022
101043
101060
101077
101091
101143
101203
101236
101242
101245
101252
101247
101249
101257
101279
101274
101349
101355
101389
101466
101585
102139
102590
102625
102687
102708
102712
102735
102827
103401
103943
104106
104317
104320
104367
104454
104485
104511
104543
104561
104575
104584
104586
104603
104604
104607
104612
104619
104624
104634
104649
104661
104760
104762
105433
105872
105873
106041
106110
106141
106295
106331
106335
106367
106371
106373
106378
106385
107071
108188
108810
109047
109075
109097
109099
109232
109289
109581
111555
111573
111574
111576
111588
111599
113125
113142
113224
113236
113277
116374
117048
117065
117095
117107
117113
117131
117138
117154
117162
117176
117209
117232
117551
117555
117985
118056
118089
118089
118105
118122
118133
118138
118152
118182
118207
118218
118219
118227
118347
118392
119139
120973
121005
121008
121063
121457
121470
121476
121482
121486
121549
121568
121648
124168
124241
124369
124423
124475
124478
124499
124525
125284
125323
125344
125354
125366
125393
125405
125440
125476
125481
125508
125578
125620
125654
125708
125724
125942
126111
126588
126599
126636
126683
126715
126721
126827
126892
126935
126975
127013
127039
127048
127061
127063
127074
127087
127112
127128
127158
127170
127181
127195
127222
127223
127234
127290
127304
127309
127319
127326
127332
127347
127363
127370
127377
127384
127407
127421
127561
127573
127612
127642
127719
127721
127728
127755
127765
127769
127772
127784
127783
127806
127991
128041
128121
128164
128172
128191
128200
128222
128230
128240
128246
128250
128261
128280
128353
128366
128374
128406
128421
128424
128429
128441
128442
128457
128505
128582
128628
128777
128792
128795
128863
128865
128873
128914
128922
128937
128949
128955
128962
128968
128984
128994
129002
129061
129082
129099
129106
129106
129148
129181
129311
129325
129357
129373
129387
129582
129637
129693
129780
129827
129887
129905
129948
129955
129969
130048
130078
130090
130095
130118
130124
130164
130252
130266
130282
130292
130315
130506
130685
130695
131035
131054
131154
131162
131183
131187
131191
131260
131272
131338
131388
131468
131480
131482
131495
131526
131530
131533
131541
131591
131638
131646
131658
131683
131710
131737
131769
131775
131787
131807
131832
131887
131900
131940
132031
132077
132217
132235
132249
132289
132345
132369
132371
132462
132465
132479
132490
132582
132593
132603
132800
132823
132893
132948
133063
133122
133205
133315
133362
133383
133398
133400
133480
133501
133535
133563
133578
133600
133652
133690
133704
133731
133760
133783
133812
133857
133921
133928
133943
133947
133980
133981
133994
134820
136083
136139
136361
136622
136675
136691
136700
136701
136713
136740
136792
136807
136815
136920
136952
136962
137137
137372
137404
137496
137523
137531
137866
137872
138052
138132
139149
139176
139382
139402
139434
139466
139482
139509
139534
139710
139727
139730
139736
139842
139890
139932
139948
139954
139959
139986
140011
140048
140059
140061
140299
140944
140950
140972
141021
141099
142206
142233
142258
142317
142331
142361
142401
142456
142471
142481
142535
142568
142898
143103
143329
143364
143612
143723
144256
144529
144700
144725
144755
144762
144784
145931
145946
146384
146404
146525
146538
146583
146600
146620
146649
146771
146869
146891
147030
147140
147230
147370
147374
147415
147449
147468
147965
148038
148046
148047
148054
148062
148077
148196
148215
148261
148295
148337
148369
148367
148805
149001
149043
149240
149288
149327
149364
149377
149486
149562
149596
149604
149704
149794
149798
149840
149851
149854
149858
149860
149900
149915
149917
149927
149955
150020
150049
150207
150262
150310
150356
150366
150395
150396
150401
150577
150630
150701
151461
151530
151547
151552
151585
151605
151607
151690
151740
151744
151745
151757
151902
151966
151973
151984
152004
152005
152032
152049
152084
152617
152631
152644
152657
152676
152688
152691
152701
152731
152732
152742
152831
153131
153157
153267
153291
153303
153315
153733
153774
153830
153819
153828
153835
153869
153871
153898
153905
153906
153929
153931
153934
153951
153973
154021
154026
154047
154054
154083
154112
154127
154142
154180
154451
154453
154512
154531
154615
155166
155178
155379
156196
156399
156792
156893
159078
159094
159129
159198
159465
159859
159906
159929
159938
159959
159981
159996
160013
160081
160090
160125
160498
160517
160519
160557
160606
160831
160845
160971
161236
161342
161348
161510
161803
161830
161917
161931
161961
162417
162859
162873
162950
163005
163208
163270
163284
163290
163295
163301
163306
163356
163364
163395
163428
163445
163473
163499
163542
163576
163803
163847
163951
164039
164048
164080
164223
164268
164278
164289
164321
164464
164471
164475
164496
164497
164535
164552
164581
164616
164630
164659
164964
165161
165766
165795
165799
165812
165813
165877
165920
165948
166009
166027
166034
166115
166343
166349
166352
166355
166366
166368
166371
166377
166385
166406
166421
166824
167280
167384
168096
168189
168268
168283
168335
168385
168579
168588
168653
168671
168677
168758
168770
168863
169001
169092
169094
169289
169332
169394
169437
169438
169475
169482
169484
169541
169543
169546
169556
169570
169852
170822
170997
171049
171058
171080
171143
171166
171188
171190
171198
171225
171237
171321
171349
171398
171411
171452
171454
171501
171520
171525
171534
171578
171594
171706
172212
172216
172249
172300
172320
172357
172535
172676
172694
172728
172875
172964
173000
173539
174317
174404
174406
174456
174557
174674
175271
175274
175482
175493
175589
175590
175650
176099
176163
176196
176198
176218
176233
176240
176257
176272
176284
176327
176367
176390
176407
176422
176493
176519
176629
177674
177731
177743
178237
178263
178272
178284
178322
178350
178490
178502
178529
178637
178699
178770
179913
179918
179924
179927
179968
179990
180934
181031
182342
182778
183270
183263
183343
183342
183345
183353
183357
183369
183382
183497
183762
183768
183782
183798
183826
183823
183846
184017
184031
184052
184090
184091
184109
184118
184152
184515
184575
184596
184631
185127
185582
185641
185647
185712
185713
185727
185749
185769
185773
185777
185865
185997
186093
186318
186347
186373
186394
186486
186655
186678
186745
186793
186814
186817
186833
186836
186838
186852
186864
186877
186879
186902
186918
186997
187148
187174
187202
187268
187276
187280
187286
187289
187302
187378
187746
187774
187774
187776
187785
187800
187802
187821
187824
187896
187909
187986
188012
188015
188042
188062
188118
188145
188136
188228
188277
188357
188378
188382
188407
188410
188453
188487
188489
188502
188516
188558
188648
188686
188712
188727
188762
188792
188808
188831
188838
188829
188857
188848
188901
188944
188977
189037
189063
189091
189141
189171
189166
189212
189240
189274
189395
189429
189440
189676
189743
189756
189861
190123
190140
190199
190473
190476
190546
190568
190577
190593
190660
190661
190831
191059
191392
191417
191643
194584
194629
194633
194649
194653
194740
195315
195772
195787
195798
195807
195846
195847
195863
195975
196000
196011
196015
196574
196596
196646
196654
196750
196782
196796
196816
197136
197372
197587
197918
197964
198052
198144
198243
198249
198268
198287
198672
198696
198707
198772
198773
198785
198809
198827
198857
198904
198906
198922
198960
198960
199007
199033
199041
199046
199172
199213
199248
199263
199345
199587
199638
