738.78
1657.25
2344.74
2873.97
3372.61
3722.62
3914.1
4253.38
4934.79
5000.39
5739.47
5814.57
6482.22
6659.64
7043.2
7146.37
7922.97
8998.47
9020.15
9379.83
9646.28
11444.1
12701.8
13792.8
13860.8
14780.5
15489.8
16659.1
17668.8
18255.1
18425.6
18723.5
19226.1
22182
23117.5
24558.3
26466
26901
27407.7
28612.2
28799.2
28979.4
29059
29174.8
29667.3
30569.9
31412.7
32277
33368.9
34422.4
34556
34872.2
35230.2
35434.2
36176.6
36463.3
38304.3
38489.1
38670.5
38764.5
40251.5
42162.1
43642.9
45136.9
45403.9
45669.1
45818.3
46189.1
47160
47252.9
47453.7
47568.6
47652.2
48270.8
48825.7
48984.2
49010.8
49973.4
50921.7
51420
51737.2
51977.8
52403.4
52605.9
52628.1
52768.3
53544.5
53700.4
53780.3
54274.3
54345.8
54373.6
54923.1
58333.9
58683.4
61265.9
61667.5
63430.1
64952.9
65751
65807.7
66003.2
67599.5
67878.9
68217.8
68366.9
69316
69340.5
69612.8
69987.5
70759.9
71248.3
71614.7
72926.1
74213.7
74397.7
74607.5
74989
75690.3
75817.7
76860.2
78348.9
78559
79557
80123.3
80859.6
81250.8
82416.5
82614.2
83282.9
84474.7
85253.1
85419.6
85438.5
86452.2
86856
86911.6
87250.9
88876.2
88933.1
88950.4
90219.1
90522
92809.8
93563.4
93581.3
94209.2
97006.9
97393.6
97414.6
97425.9
98112.9
98625.2
99325.9
99693.2
100073
100087
100140
100605
100677
101165
101254
101466
101673
102633
102667
102793
103427
104049
104958
105923
106536
106590
106932
107097
107354
109085
110366
110648
111375
113105
113584
114393
114477
114654
115227
115695
119327
119573
120151
121034
121833
122556
122624
126460
126499
127450
129176
130828
131118
131614
131909
132076
132998
134790
135245
136756
136827
137559
138260
138331
139855
140624
142155
142311
142877
143066
143195
143244
143693
143853
145947
147534
147769
147862
148631
148794
149980
150339
150586
150600
152892
152951
153893
154859
156002
156187
156328
157793
158089
159661
159811
160021
162589
163333
163334
164108
164403
168950
171032
172516
172888
173203
173274
174618
175266
175922
176114
176511
176573
176995
179143
179574
181129
181400
181546
181650
181905
182166
182776
184250
185398
185556
185865
186303
186648
187285
187467
187520
187675
187785
187877
188201
189036
190883
192083
192708
192821
193239
193866
194221
197208
197881
198297
198559
199096
199119
