7897.68
11457.6
12103.9
12637.2
13038.9
15231.7
15728.3
19876.8
20303.6
25277.3
26264.1
32820
35083.5
36666
37326.5
43344.3
51179.3
52762.7
56952
61652.7
81178.5
81534.7
84090.1
84879.1
85761.6
86212.1
88559.8
91490.5
91892.6
96031.5
99212
103027
104841
105578
111656
115283
122263
123836
130243
132333
134133
137290
139137
141731
141814
144704
144894
145945
147746
150007
152175
152443
152819
153338
154616
157876
159140
160959
164623
165584
168072
169918
170344
173343
174509
174736
176223
176396
179236
182820
187371
192601
196206
