1740.41
1763.59
1770.55
1838.4
1856.44
1862.78
1865.27
1926.71
1929.12
1934.96
1940.26
1942.11
1946.4
1957.71
1996.36
2198
2221.86
2237.58
2514.92
2519.78
2937.95
2948.69
2951.35
5902.66
5914.79
5918.57
5945.48
5950.41
5991.65
7776.66
7790.73
7795.4
7804.46
7808.49
7831.2
7901.88
9557.24
9587.06
9588.61
9590.57
9628.77
9674.19
9679.57
9681.95
9684.71
9748.07
9858.19
9872.53
9874.23
9880.89
9897.35
9917.05
9927.43
9963.32
9965.75
10037.6
10058.1
10115.6
10540.2
10554.3
10589
10660.8
10663.3
10667.6
10679.1
10681.1
10691.3
11010
11017.4
11036.1
11073.9
11151.4
11174.1
16904.6
16911
16913
16924.7
16935.3
16938.8
16947.1
16961.2
16966.4
16982.5
16987.5
16998.8
17028.8
17060.9
17181.5
17204.3
17217.9
17218
17219.5
17230.2
17242.2
17261.2
17290.6
17439
17483.3
17522.6
17527.4
17602.7
19130.3
19981.5
19988.1
20030.8
20042.1
20044.9
20054.4
20069.4
20090.6
20102.4
20118
20120.8
20122.9
20133.1
20138.1
20150.6
20167.3
20177.4
20187.1
20422.6
20424.6
20428.6
20443.8
20446.6
20458.1
20468.4
25843.8
25867.2
26276.2
26277.6
26283
26301.2
26334.1
26335.8
26640.6
26642.4
26720.6
26724.1
26725.2
26728.6
28511.5
28521.1
28523.1
28553.1
28557.3
28562.2
28564.4
28570.5
28572.1
28582.3
28584.9
28589.6
29014.4
29025.8
29031.8
29087.4
29099.8
29103.3
29109.3
29113.7
29130.1
29137.7
29175.3
29192.5
29210.2
29217.2
29767
29770.3
29849.6
29871.4
29875.1
29897
29899.4
29908
29926.1
29933
29936.8
30149.5
30236.4
30460.3
30464.3
30466.9
30516.5
30520.9
30531.7
30546.6
30626.3
30635.6
30782.6
30964.7
30966.8
30968.7
30991.7
31001.8
31066.2
31090.1
31795.9
31805.8
31811.5
31832.3
31846.2
31849.4
31852.4
31896.4
31911
31950.5
32214.8
32258.8
32291.2
32892.4
32896.2
32903.8
32916.3
32919.7
32924.6
32929.3
33047.8
33056.8
33058.1
33079.1
33088.7
33090.8
33098.5
33753.6
36360.2
36499.2
36513.7
36548
36562.9
36587
36598.1
36603
36607.3
36626.9
36647.6
36696.5
36748.2
37112.3
37173.6
37179.8
37195.3
37198
37462
37716.9
37721.6
37723.5
37772
37827.9
38230.1
38264.2
38285.7
38289.1
38312.4
38316.5
38339.8
38357.3
38361.5
38367.8
38393.3
38411.8
38429.4
38434.4
38435.7
38443.2
38445.8
38461.8
38494.2
38511.4
38516.1
38541.4
38553.7
38560.5
38575.9
38585.6
38609.3
38624
38628.8
38640.3
38642.1
38649.5
38655.2
38657.9
38669.5
38672.4
38714
38720.1
38730.2
38762.9
38766.6
38815.2
38894.5
38985.6
38991.1
38993.6
39009.8
39084.5
43047.1
44431
44433.9
44824.4
44835.8
44842.9
44852.3
44861.2
44865.7
44872.1
44880.8
45313.6
45318.2
45324.6
45333.9
45340.3
45353
45575.3
45582.3
45588.5
45592
45604.3
47016.9
47045.6
47053.8
47056.5
47058.8
47061.5
47075.2
47078.9
47097.1
47125.2
47126.6
47127.9
47286
47295.5
47306.5
48472
48896.1
48900.5
48904.7
48908.5
49139.6
49142.5
49151.7
49154.8
49171.5
49175.9
49189.5
49210.6
49225.2
49249
49274.8
49277.1
49284.4
49303.7
49307.8
49315.3
49318
49328.8
49339
49341.7
49343.3
54941.3
54946.9
55241.6
55249.3
55357
56118.5
56774.7
56780.7
56785.5
56799.4
56802
56801.9
56811.2
56812.9
56821.9
56835.2
56843.5
56866.2
56872.9
56878
56879.8
56883.4
56885.8
57087.6
57318.2
57395.7
57410.7
57421.3
57429
58022.9
58026.4
58028.4
58231.8
58238.2
58241.8
58246.9
58255.4
59801.6
59827
60386.9
60426.4
60435.6
60447.7
60453.7
60496.7
60500.8
60547.9
60552.2
60579.9
60581.9
60626.7
60628.7
60631.8
60639.6
60688.2
60692.1
60705.7
60708.7
60710.1
60712.5
60726.5
60765.6
60771.6
60774.8
60828
62510
63433.8
64405.3
64412.3
64414.4
64419
64483.3
64496.5
64501
64504.4
64511
64548.6
64555.9
64575.9
64586.7
64603.5
64606.9
64623.6
64626.8
64926.2
64928.3
65063.1
65066.6
65091.2
65097.6
65100.4
65104.4
65110
65113.2
65115.5
65118.1
65145.9
65147.7
65173.8
66538.2
66899.7
66932.4
66934.3
66953.9
66955.4
66958.8
66962.5
66974.3
66976.3
66990.2
67002.8
67630.2
67652.5
67657.7
68130.7
68144.5
68150.2
68155.3
68168.2
68169.6
68171.3
68173.9
68179
68187.8
68189.3
68197.5
68222.4
68228.9
68233.5
68261.3
68278.1
68288.8
68298.9
68300.1
68316.2
68336.2
68338.2
68344.9
68350.3
68354.1
68375.2
68418.4
68432
68433.2
69222.8
69229.2
69244.3
69251.4
69252.8
69278.4
69312
69521.4
69530
69547.9
69561
69585.7
69586
69590.2
69615.6
69621.4
69624.2
69623.3
69624.4
69628.6
69639.5
69646.8
69656.1
69675.8
69684.8
69995.7
70001.6
70021.1
70024.5
70028.6
70037.4
70047.7
70076.9
70114.3
70120
70123.2
70157.5
70161.5
70375.5
70379.9
70403.9
70416.5
70441.4
70443.2
70455.1
70465.2
70524.4
70530.1
70534.8
70601.6
70619.1
70627.3
70628.9
70646.8
70689
70693.1
70694.8
70714.2
70718.5
70733.7
70772.6
70775.5
70782.8
70807.4
70998.6
71023.6
71033.8
71040.5
71050.5
71054.7
71064.3
71280.1
71355.6
71605.3
71665.7
71679.5
71930.1
71941.9
72012.1
72120.8
72137.1
72142
72151.9
72172.1
72195.6
72209.8
72418.1
72530.8
72542
72580.8
72669.4
72722.6
72747.7
72766.5
72774.1
72777.5
72779.4
72784.5
72800.3
72805.3
72808
72819.6
72821.2
72823.5
72833.9
72850.8
72857.7
72862.4
72863.5
72899.2
72901.2
72905.3
72911.3
72915.1
72919.3
72927.3
72929.4
72935.6
72953.3
72958.6
74521.1
74538.7
74912.2
74918.7
74942
74962.5
75335.1
75660.3
76389.1
76406.7
76411.1
76412.8
76415.5
76421.8
76436
76447.4
76464.1
76466
76483.6
76487.2
76493.4
76531.5
76544.6
76546
76553.9
76926.8
77516.6
77543
77544.8
77548.1
77565.8
77611.1
77618.6
77624.4
77626.9
77631.7
77644.4
77668.7
77674.6
77681.9
77688.9
77692.7
77694
77695.9
77768.9
78578.3
78580.7
78598.1
78600.4
78617
78666.5
78671.3
78787
78816.2
78860.2
78902.7
81546.7
81553.7
81647.6
81655.1
81659.1
81665.7
81668.7
81723.1
81739.6
81740.9
81744.1
81754.2
82698.3
82721.9
82735.3
82767.3
82773.1
82776.9
82802.6
82813
82837.6
82869.1
82899.6
82903.9
82906.4
82941.8
82945.3
82987.3
83008.7
83041.9
83061.5
83071.8
83088.9
83101.7
83103
83114.1
83370.3
83482.4
83550.6
83591.7
83595.8
83775.3
83963
83985.8
84020.2
84021.8
84187
84208.7
84227.6
84238.8
84242.4
84259.3
84276.3
84319.6
84349.9
84357.9
84361.2
84445.2
84448.2
84449.9
84464.4
84466.5
84475.3
84477.8
84484.2
84492.8
84496.8
84530.7
84533.4
84534.7
85208.1
85214.1
85217.9
85222.6
85231.4
85236.2
85242.8
85246.8
85254.7
86037.3
86040.3
86103
86120.2
86122.1
86126.1
86158.9
86163.8
86167.8
86170.7
86173
86175.1
86178.7
86184.3
86189.6
86200.1
86302.1
86326.7
86330.9
86332.6
86336.6
86344.3
86371.5
86385.7
86553.5
86570.7
86616.3
86664.8
87207.1
87268.8
87448.9
87537.7
87540.9
87543
87546.3
87554.6
87559
87575.5
88112.7
88121.7
88127.1
88148.5
88151.5
88153.7
88358.1
88360.8
88368.9
88393
88397.3
88406.3
88411.7
88418.8
88424.2
88426.5
88436.5
88443.7
88453.5
88458.8
88460.1
88605.1
88608.9
88638.7
89138.9
89163.1
89305.4
89341
89343.3
89389.9
89402.3
89445.9
89471.6
89476
89487.2
89491.6
89494.9
89506.8
89512.6
89528.9
89531.5
89543.1
89545.9
89562.8
89580.9
89590.3
89594.8
89685
89696.5
89882.5
90115.4
90178.3
90186
90195.7
90215.5
90230.5
90235
90240.8
90281.9
90327.6
90331.2
90335.5
90477.8
90493.3
90508
90511.5
90551.1
90568.3
90582.3
90588.2
90592.1
90596
90619.4
90633.9
90668.3
90685.9
90719.1
90720.7
90722.9
90722.9
90734.4
90739.7
90759.2
90790.9
91042.9
91072.1
91410.3
94050.2
94128.7
94130.2
94135.6
94186.6
94189.9
94291.4
94295.2
94302.4
94307.5
94318.5
94324.2
94383.4
94384.8
94445.2
95328.1
95342.5
95383.1
95388.8
95393.4
95400
95486.1
95552
95718
95807.8
95828.2
95833.4
95839.8
95844.5
95849.8
95854.3
95856.1
95858.1
95951.7
95957.4
95960.5
95967.2
96708.3
96726
96737.5
96747.3
96754.5
96771.8
97987.6
98202.8
99027.7
99066.9
99108
99493.1
99516.9
99521
99523.8
99524
99576
99949.1
100237
100304
100531
100535
100608
100642
100669
100690
100698
100746
100754
100789
100796
100797
100863
100882
100922
100931
100984
100988
100991
101036
101051
101064
101242
101249
101268
101292
101655
101660
101674
101675
101680
101702
101707
101785
102639
102642
102693
102696
102703
102757
102760
102765
102773
102774
102777
102871
103139
103155
103171
103188
103192
103618
103791
103889
103897
103907
103949
103951
103954
103956
103992
104006
104011
104388
104402
104404
104571
104589
104593
104624
104638
104642
104651
104653
104674
104686
104715
104776
104847
105135
105150
105174
105387
106673
106692
106696
106719
106724
108495
108530
108533
108543
109061
109067
109894
109897
109955
109963
109967
109977
110001
110103
110158
110215
110269
110833
110843
110846
111033
111512
111532
111539
111548
111551
111585
111615
111646
111651
111655
111659
111661
111663
111679
111680
111692
111694
111696
111706
111711
111717
112417
112422
115369
116227
116258
116264
116267
116271
116282
116287
116311
116312
116337
116348
116368
116442
116468
127110
127184
127188
127200
127209
127240
127245
127265
127267
127317
127530
127595
127730
128000
128002
128010
128084
128096
128098
128303
128789
128840
128842
128879
128882
128887
128895
128903
128911
128913
128913
128923
129017
129026
129028
129032
129037
129042
129050
129066
129089
129098
129129
129137
129420
130972
130981
130984
130989
131007
131010
131021
131049
131079
131094
131096
131275
131282
131284
131293
131325
131340
131363
131369
131371
131378
131408
131417
131422
131428
131429
131432
131448
131521
131523
131539
131554
131576
131586
131611
131613
131615
131766
131793
131846
131877
132338
132665
132754
132756
132817
132829
132853
132855
132869
132885
132912
132916
132928
133006
133133
135524
135550
135554
135562
135566
135570
135883
136190
136199
136206
136229
136260
137185
137189
137197
137206
137208
137225
137257
137272
137384
137391
137421
138224
138275
138277
138284
138286
138308
138335
138488
138537
138758
138777
138841
138845
138849
138857
138869
138880
139204
139215
139218
139236
139240
139500
139532
139638
139714
139787
139790
139809
139836
139852
139861
139867
139869
139887
139902
139927
139958
139962
139976
140088
140351
140358
140374
140376
140378
140385
140390
140394
140397
140400
140406
140413
140474
140481
140482
140506
140510
140571
140574
140594
140597
140598
140602
141948
142143
142466
145278
145522
145561
145567
145573
145576
145589
145591
145595
145609
145622
146417
146423
146432
146435
146470
146473
146477
146480
146483
146486
146487
146490
146642
146645
146894
146904
146906
146909
146925
146929
146933
146941
146951
146954
146956
146978
146981
146985
146984
146989
147015
147045
147057
147062
147077
147081
147089
147134
147156
147209
147212
147233
147245
147292
147565
147642
148338
148356
148378
148488
148506
148508
148512
148517
148528
148535
148540
148550
148552
148558
148570
148582
148596
149116
149119
149232
149262
149284
149303
149314
149332
149419
149435
149439
149443
149487
149598
149604
149630
149795
149847
149903
151538
151563
151724
151756
151766
151782
151784
151802
151819
151842
151879
151890
151894
151896
152402
152421
152428
152698
152713
153200
153203
153232
153237
153276
153330
153333
153737
153741
153744
153747
153759
153831
153901
153902
153976
154324
154326
154354
154499
154500
154571
154589
154816
154833
154849
154858
155075
155087
155206
155210
155218
155222
155571
155634
155639
155655
155657
155663
155688
155726
156149
156149
156167
156170
156175
156182
156186
156194
156201
156551
156564
156568
156577
156591
156594
156595
156707
156715
156729
156737
156754
156764
156772
156787
156790
156797
156820
156898
156907
156910
156904
156908
156919
156951
156954
156986
157020
157027
157409
157412
157413
157417
157425
157434
157437
157441
157448
157459
157462
157482
157524
157528
157538
157545
157677
157709
157713
157728
157732
157738
158086
158099
158136
158485
158515
158543
158545
158556
158570
158614
158617
158620
158624
158627
158630
158634
158643
158651
158653
158662
158673
158701
158714
158749
158756
158775
158785
158779
158793
158808
158811
158816
158818
158821
158850
158854
158856
158886
158891
158926
158927
158932
158936
158944
158948
158976
158987
158991
158993
158997
159007
159270
159305
159306
159308
159469
159473
159608
159626
159636
159647
159672
159676
159679
159687
159690
159772
159786
159800
159808
159812
159819
159823
159836
160136
160160
160167
160171
160232
160247
160259
160266
160272
160446
160457
160464
160857
160862
160872
160899
160931
160986
161082
161351
161366
161394
161461
161485
161504
161548
161907
161913
161919
161923
161931
162082
162111
162115
162120
162818
162826
162841
162851
162856
162865
162915
162928
162934
162955
163150
163212
163317
163319
163323
163362
163448
163502
163734
163770
163782
163794
163808
163810
163814
163818
163829
163833
163841
163872
163875
163880
163926
163929
163933
163936
163944
163946
163962
163983
164510
164552
164556
164559
164568
164572
164579
164582
166309
166365
167284
168804
168808
168818
168837
168870
168885
168912
168916
168926
168955
168963
168983
168989
169062
169071
169189
169227
169239
169242
169245
169268
169271
169309
169321
169336
169362
169373
169986
170714
171351
171366
171402
171408
171420
171450
171483
171498
171507
171509
171561
171564
171568
171583
171586
171588
173288
173312
173326
173329
176969
176977
176979
176985
185258
185416
185429
185458
185488
185496
185686
185732
185749
186044
186401
186795
186886
186913
186920
186931
186942
188322
188403
188522
188722
188980
188983
188987
189144
189148
189160
189170
189174
189177
189232
189248
189250
189258
189272
189273
189311
189422
189450
190327
190347
190358
190364
190374
190378
190380
190387
190394
190398
190408
190463
190781
191391
191398
191405
191486
191531
192012
192068
192087
192090
192097
192729
192736
192739
194591
194594
194640
194645
194662
194666
194669
194674
194690
194698
194703
194726
194730
194734
194743
194748
194755
195072
195113
195119
195169
195187
195209
195255
195260
195384
195388
195423
195427
195432
195488
195495
195499
195797
195810
195862
196033
196035
196474
196494
196499
196552
196560
196590
196827
196988
197007
197014
197026
197045
197069
197085
197095
198012
198019
198039
198042
198050
198060
198089
198109
198227
198230
198231
198252
198254
198282
198783
198841
198854
198865
198871
198887
198889
198892
198897
198901
198912
198965
199000
199012
199022
199026
199033
199039
199043
199045
199052
199087
199097
199114
199169
199182
199193
199228
199237
199247
199259
199258
199311
199547
199561
199573
199578
199580
199593
199598
199717
199725
199731
199735
199741
199747
199755
199940
199986
