126.27
250.67
539.65
859.69
1204.3
1234.82
2497.28
5012.55
5032.15
5497.3
5912.3
5952.01
6242.66
6275.84
7574.52
7853.79
8089.93
8217.16
8440.82
8479.92
9557.04
11385.5
11924.9
12408.3
12608.4
12645.7
13295.9
13829.5
14873
15077.2
15224.4
15335
15531.9
16330.1
16729.5
17242.3
17415.6
18351.6
18486.2
18835.8
19926.2
20259.6
20325.2
20524.8
20806.7
21374.9
21569.3
21956.9
23027.9
24177
24422.1
24742.1
25208
26732.9
26983.7
27669.2
28030.3
28335.3
29261.7
29788.7
30014.7
30188.3
30192
30403.6
30603.5
30811
31205.4
31516.2
31855.5
31879.8
33677.2
33850.2
34458.2
36400.5
37141.9
37174.9
37838.1
37839.3
37973
38542.1
38713.9
40505.1
41047.9
41418.2
43993.7
44441.7
44729.6
44802.4
46104.3
46198.8
46520.7
47193.2
47858.3
48025.8
48411.8
48855.8
49276.5
49513.3
50292.5
50617
51098.4
51237.3
51981.5
52166.1
53292
53880.7
53932.7
55331
55677.9
57022
57836.9
58997
59146.9
59247.6
61400.1
61982.8
62593
63105.4
66059.8
66961.9
67729.6
68488.1
69133.4
69445.9
69601
70104
70340.8
70376.8
70409.9
70881.7
72409
74029.8
74765.9
75229.3
75449.6
77059.4
77345.1
78591
79389.4
79735.7
79945.2
80624.5
80970
81011.7
81302.2
81850
82736.5
82967.9
83596.7
83629.6
84203.5
85567.2
85638.1
85913.9
86140.7
86443.7
86630.2
86692.3
86966.3
87096
87467
88013.4
88138.4
89565.8
89680.8
89976.4
90075.1
90907
92260.5
92841
93383.6
93380.1
94162.3
94282.3
94874.4
95730.4
96570.3
96911.1
97154.2
97296.8
97918.5
98765.7
99118.6
100984
101440
102283
102479
102708
103012
103680
105037
105498
108047
109128
109375
110228
110935
111000
111771
112892
113745
113788
113911
115121
116025
116033
116217
116472
117382
117661
118914
119956
119994
120081
120471
121456
121848
121937
121971
122023
122064
122078
122375
122753
123079
123110
123962
124399
124852
125133
125571
126836
126952
127073
128316
128391
128942
130120
130338
130869
133149
133897
137186
137980
138014
138303
140048
140840
141143
141571
141622
141820
142435
143283
143342
143664
145284
146028
146395
146974
147690
148092
148313
149780
150391
151049
152452
152744
152996
153688
153977
154025
154442
154469
154561
155152
155318
156301
157517
158452
160402
160874
161306
161601
162032
162997
163350
163496
163914
164312
164382
164846
164941
165395
166010
168514
168797
169407
169520
169816
170252
172687
174188
174765
175121
175860
176015
177258
177335
177509
177632
177842
178348
179488
180437
181594
182120
183029
183042
183058
183506
183536
184320
185195
186168
187289
187564
190330
190515
190785
190881
191827
192289
192626
192669
193106
193366
193664
194635
195678
195924
196107
196162
196649
196784
197053
197710
197838
198028
198139
199060
199400
199968
