882.39
2803.63
3468.15
3831.29
4708.83
7130.8
7781.37
8521.35
9674.83
10838.1
11083.2
11320
11628.4
11821
13817.5
14105.6
15338.5
16686.9
18149.8
18333.2
22591.9
24141.9
27080.3
29251.1
29457.1
29729.9
29940
30292.3
32030.9
32399.8
35156.2
41006
41249.9
41936.3
44195.7
45533.4
46173.9
47895.3
48786.3
49779.8
49996.8
50635.5
51805.4
52354.2
52687.8
55442.1
57576.2
57977.8
58142.7
58422.7
58675.6
67128.8
68400
68769.4
69844.6
72371.1
72691.8
74535
76256.2
77497.4
79307.7
80256.3
82238.1
85930.6
86724.9
87441.8
87589.6
88202.7
89781.4
91075.9
92100.2
92901.9
93667.9
94310.3
94517.3
94839
95089
96438.9
98181.7
100733
101489
102682
103006
105399
107442
108686
110576
111904
112951
121832
123650
124253
124630
127076
127829
128939
129463
132923
133885
134085
134410
137319
137363
137394
137529
138910
139644
139773
142465
145399
149305
150051
150990
151471
152143
156144
156356
156732
158351
159565
162864
168371
169786
170289
176475
177635
178408
178865
179554
179958
180916
181061
181327
181592
182145
182368
183132
184414
184850
186070
186535
186777
187175
187967
190299
190929
193234
196906
198010
