323.76
716.73
3113.41
3378.8
4497.5
6217.55
7310.52
7797.36
8125.22
8517.31
8585.62
10112.1
10569.1
10615
10976
13036.7
14305
14755.2
15728.7
17698.7
20283.9
21383.9
21571.7
22386.1
22920.1
24404.6
24880
25785.9
26385.2
26435.8
28938.1
30629.4
31976
32137.1
32529.3
33655.6
33808.2
38653.3
38834.2
39185.5
39233.8
39415.9
40296.7
42653.7
42725.9
43425.7
43878.4
44249.9
46023.6
46314.3
49246.8
49865.1
50021.3
51616.3
51832.5
52605.8
52775.2
53633.1
54038.5
54275.3
54644.6
54787.3
54914.1
55765
59721.1
59944.6
60317.7
61259.6
61801.6
62292
65980.8
66182.5
66530.5
66940.6
67969.4
69467.2
72695.9
72770.7
73527.4
74644.3
76960.3
77695.1
78015.2
78420.7
79157.9
81598.8
81928.3
82142.7
82367.5
83036.5
86437.3
87701.8
88944.6
89097.9
90304.9
90642.4
91747.5
91939.6
92390.4
93058.5
93476.7
95910.9
96748.9
97626.5
98682.3
99026.5
99975.2
101282
101723
104303
105751
107812
109603
110046
110198
112385
112607
113136
115686
116287
116560
117940
118177
120954
121374
123739
124187
124609
125462
125857
127267
127311
127461
128058
129874
130789
132336
132386
132644
133536
133830
134301
134614
135321
136497
136705
137294
137972
138544
138992
139125
139409
139441
139629
139683
140650
140891
142643
143941
145148
148217
148318
148639
149125
149812
151381
152143
153217
153357
155451
156307
158087
158153
158757
160345
161584
164665
166317
166392
166860
168852
171850
174199
175080
175262
175608
176356
177073
177103
178218
179195
181176
184961
185699
185909
186884
187954
188526
188863
189098
189245
189439
190170
194947
195604
196849
196973
199148
