163.63
316.38
487.6
995.8
1970.15
2508.49
2649.04
2724.83
2841.15
2840.34
4712.87
5789.98
7094.53
7230.76
7941.06
8535.89
8583.98
9332.64
9512.75
9953.65
11266.2
11953.3
12883.7
12918
12976.8
13024.8
13076.8
13442.8
13499.4
13519
13884.2
14191.1
14558.1
14804.5
15044.9
16288.4
17130.6
17321
17397.8
18338.7
18422.3
19171
21188.7
21510.1
21613.5
22569.3
23789.9
23832.7
24115.9
24184.9
24878.8
25529.6
26365.6
26396.2
26487.4
27097.8
27503.4
27983.3
28069
28186.6
28300.7
28444.6
28942.8
29151.5
29515.3
30222.1
30347.4
30480.9
30556.4
32434.5
33172.7
33391.5
34157.7
34311.7
35106.5
35256
35417
35693.8
35695.3
36004.2
36426.4
36923.5
37666.1
37714.1
38012.2
38473.3
38563
38770.5
38898.1
39277.8
39480.8
39886.2
40320.8
40376
40749.6
41046.5
41308.1
41340
41424.2
42845.5
43194.8
43474.4
43834.2
43978.5
44474
45106.9
45256.6
45451.5
47118.3
47339.6
47671.4
47993.6
48057.6
50655.2
50868.2
51146.5
51193.8
53623.6
54201.9
54662.4
54933.1
56117.7
56409.1
56662
57656.4
57661.9
58275.8
58812.2
58835.2
58996.5
59500.6
59576.1
60292.2
62478.9
63222.5
63656.9
63663.5
64198.1
64220.9
64324.9
64831.5
65028.2
65562.1
65953
66447.9
66769.9
66826.4
67786.2
67894.2
69300.2
69575.6
69623.9
70367.8
70402.2
71077.5
71336.5
72336.9
72519.1
73670.7
73990.6
74304.3
74847
75207.3
75272
75560.5
76276.4
76837.4
77130.9
77134.7
77871.5
78724.1
79285.1
79540.9
79653.2
80349.1
80692.4
80795.9
81399.5
81732.4
81839.7
82376.5
82480.6
82744.2
82864.8
83862.2
85431.5
86090
87202.6
87739.8
88725.1
89012.8
89516
90043
90621.9
91236.9
91478.7
92162.5
92169.8
92223.7
93561.9
93633
94158.5
94225.3
94474.6
94735
95311.5
96031.5
96617.6
97321.8
97473.1
97999.8
98298.3
98328.3
98323.7
98466.7
98654.7
99211.9
101278
101470
101581
102236
102648
103098
103167
103292
103299
103382
103639
103744
103973
104075
104409
104466
104815
104826
105213
105847
106001
106464
107537
108833
110714
111038
112076
112336
113592
113597
114082
114160
114368
114799
116447
117903
118487
118587
118735
118844
119269
120262
120813
121037
121259
121947
122428
122773
122919
123289
123559
123875
124613
124720
125737
126758
127652
127784
128248
128500
129317
130044
130057
130561
131620
131694
131783
132143
132952
132960
134447
135288
135779
135852
136390
136981
138132
138308
138810
138986
139080
139179
139307
139621
139753
140393
140844
142190
142812
143250
143469
146199
148397
148442
149165
149509
151200
151233
151351
151591
152128
152194
152942
153938
154064
154388
154705
154778
155212
155464
155878
156306
156396
156876
157803
157981
159785
160738
160881
161122
161650
162007
162114
162895
163174
163594
163886
164425
165514
165940
166499
166879
168020
168044
168734
168962
169349
169627
169989
170164
170466
170697
170778
172918
173643
174196
174482
174530
175234
175283
176157
176304
176326
176988
178059
178088
179137
179322
179581
179843
181027
181216
181259
181722
182624
182955
183612
184321
186109
186392
186851
186880
186969
187181
187532
187706
188065
188166
188271
188516
188815
189191
189220
189311
189454
190843
191084
191243
191527
192208
192302
192350
193154
194254
194776
195079
196586
197396
197565
197726
198129
198585
198999
199363
199433
199685
