243.5
544.79
729.81
2194.21
2605.94
3526.97
6651.06
7410.43
9292.31
9419.71
14633.1
15186.9
15379
15553.6
16491.4
16803.5
19767.9
20374.3
20880.7
23523.5
27989.7
28533.2
28767.2
30027.3
30051.6
34593.1
35174.6
36116.6
36887.5
40764.9
42397.4
44015.4
45395.1
48108.3
49051.8
52468
55354.7
57345.7
58451.9
59135.7
59668.6
59844.7
60444.2
61180.1
65621.2
67197.5
68351.6
74044
78120.4
79300
79810
82451.3
84898.7
85447.1
86130.1
86547.6
88080
88869.8
90576.5
91014.7
93365.6
98887.9
100534
101298
101457
107319
109707
113681
114004
114991
115611
118395
120116
123825
126932
127353
128498
130183
132730
133332
134232
137908
138500
140957
141327
144104
144884
145298
147038
149947
150144
150825
151474
154184
159987
162448
163371
163755
164885
165343
165683
167204
168447
168759
169792
172484
173877
174476
177113
177198
179425
183323
185622
185951
186332
187265
187459
189161
190530
190685
191653
192436
193674
193881
194115
194644
197844
198385
