125.2
340.61
474.24
1098.8
1490.63
1693.7
2008.12
2250.35
2629.26
3389.36
3925.2
5050.45
6703.57
7120.02
8131.02
8459.42
8809.46
8879.07
9047.23
10029.8
10076.7
10209.8
10300.7
10555.2
10603.9
10677.1
11316.1
11688.3
11976.7
12149.6
12686.9
12778.8
13236.9
13564.1
13910.1
14469.5
14474.5
14493.4
14629.6
14839.5
15471.5
15661.3
18739.2
18915.8
19019.3
19865.8
20628.6
20811.2
21468
22101.7
22313
22542.4
22926.8
23029
23157.1
23552.9
23853.9
23873.3
24703.6
24881.9
24982.6
25056.5
25204.5
25612.5
25618.5
26557.9
26579.5
26648.3
27039
27348.1
27571.1
27748.5
27886.5
28265.3
28451.9
28561.7
28566.7
28683.6
29045.7
29567.3
30157.9
31274
32635.4
33812.7
35328.4
35382.2
35573.3
35872.6
36035.2
37282.2
37326.6
38042.5
38130.6
38591.7
38744.9
39149.1
39536.1
40017.1
40283.1
40506.4
44342.7
44646.6
44751.2
45204.5
45477.6
45598.1
45812.6
45959.6
46094.8
46264.4
47001.8
48646.4
48782.6
50226.7
53437.9
53995
54541.4
55096.2
55159.8
55312.2
55391.6
55544.7
55942.1
55963.4
56325.3
56403.8
56666.8
59446.3
59531.2
59728.8
60796.6
60818.9
61331.8
61776.1
61960.2
62021
62554.9
62947.1
63054.5
64048.5
65043.4
65750.4
65890.8
66583.6
67176.5
67436.6
67841.8
68411.6
68834.4
68930.5
69001
69778.2
70323.1
70637.6
71210.6
71386.6
71593.4
73718.4
74583.7
74844.8
75036.8
75147.8
75479.6
75625.7
76196.7
76378.1
76369
77386.5
77545.1
78597.8
79225.3
79881.5
80726.6
81135.5
81271.7
81585.7
82563.1
82749.8
84049.2
84424.8
84853
85941.3
87383.3
87645.5
88989.4
89938.4
90184
90771
91028.9
91076.7
91378
91793.1
92153
92751.3
92909.3
93779.4
94495.1
95157.7
95290.7
95450
96141.9
96719.3
98086.2
98136.7
98294.2
98429.6
99261.6
99985.9
