591.91
814.18
1202.13
1341.44
2686.27
3250.42
3401.28
4045.77
5532.69
5738.68
5908.19
6315.56
6539.08
7513.17
7668.79
8106.74
8182.22
9897.79
12078
12351.9
13170.4
13232.3
13766.9
13859.5
14063.3
14356.9
16596.8
17192.7
17446.2
17445.6
18461.9
19486.3
19857.2
20067.9
22797
24529.7
24724.4
24784.1
25080.3
25146.5
25396.3
25517.2
26835.9
27449.4
28277.8
29629.2
30789.4
30787.4
32447.8
32942
33552.4
34453.1
35049.3
35580.4
35620.7
36277.3
36585.7
36912.9
37756.5
39446.7
39917.1
40096.4
40250.7
41063.5
41716.9
42077.8
42439.9
42436.3
43088
44382.5
44818.7
46288.1
46678.4
47380.7
48319.4
48399
48720.9
50304.1
50863.2
51262.9
52400.2
53199.9
53211.8
53545
53992.4
54212.9
54688.3
54766.3
54780
54937.1
55192.3
56464.6
56492.2
56879.5
57084.5
57188.4
57846.4
58160
58510.2
58698.2
59515.6
60191.9
61128.8
62493.2
64248.3
64710.4
64955.7
66455.2
67470.9
67523.3
68126.7
68555.7
69243.8
69567
70436.4
71232.3
71686.8
71683
71693.3
71837.3
72717
73175.7
73357.7
73966.3
74028.9
74271
74889.6
75118.9
75252.3
76537.3
78279.3
78386.9
78915.2
80253.3
80789.9
81150.6
81222.9
82045.8
82580.5
82731.4
82841.6
82932.6
83003
83774.4
88409
88995.6
89077.7
89364.8
89388.2
89443.4
89602.8
89734.4
90023.2
90429.1
90713.3
91042.5
91257.6
91275.8
91414.6
91692.9
92417.4
92444.7
93183.9
94066.9
95683.5
95703.6
96304.2
96370.2
97095.3
97168.5
97276.8
97497.1
97857.9
98098.4
98666.1
98693.2
98985.6
100470
101025
101088
102415
102771
105175
106237
106247
106268
106314
108413
108685
109267
109718
110565
111053
111973
112013
112601
113315
114924
115088
115412
115893
116136
116239
116658
117010
117232
117382
117439
117589
118092
118223
119462
119857
119938
120005
120356
120897
121557
122002
122341
122543
122620
122845
123262
123548
123901
124430
124471
125084
125539
126010
126015
127276
127995
129520
130531
130700
130854
130945
131439
132005
132961
133360
133804
134150
134697
134741
134838
134950
135376
135381
135802
136654
138068
139673
140243
141261
141301
141461
142458
143496
144600
144746
144835
145328
146481
147465
147927
148213
148316
148445
148875
149048
150032
150583
151686
151947
153847
154516
154828
155015
155109
155587
156079
157033
157317
157468
157569
158004
158251
158300
158404
159634
161292
165568
165803
165824
166025
166484
166532
166707
167426
167749
167834
169934
170732
171406
172531
172740
172808
173548
173703
174262
175000
175049
175971
176779
177389
177848
178146
178649
179184
179212
180234
180406
180529
180979
181443
182239
182898
183254
183645
183975
184182
184955
185009
185404
185926
188417
189257
189357
189594
190286
190300
191366
191825
192274
192407
192701
192957
193066
193162
193341
194167
194305
195753
197698
198080
198375
199541
