6303.37
7040.11
10479.7
18960.2
20049.9
20837.4
21734.3
22298.9
23595
25750
26614.2
26923.9
35971
38350
39128.2
39479
39740.9
44847.4
46328.5
49148.5
50276.8
51183.5
54607.7
57623.7
60429.4
61743.1
62601.6
64722.9
67970.5
74179.6
75800.1
79124.1
83298.7
83919.2
86442.4
88635.6
90778.3
90963.5
91830.1
92585.3
93034
95468.6
95971.4
96658.7
98143.2
100668
101037
103969
108976
112417
129236
132764
135641
138479
140783
141760
143829
146195
148926
149590
152050
153342
153860
153914
156859
157390
157512
157840
158688
160416
163533
166070
167985
171736
172742
176649
178263
179461
180468
182170
184818
186957
187476
188091
193699
