217.37
363.72
693.51
937.01
1446.28
1652.59
1971.56
3832.64
4940.87
5351.47
5839.15
5972.77
6226.36
7841.73
8912.03
9137.83
9705.06
10821
10956.9
11722.1
11894.4
12451.6
13599
13815.4
14219
14871.2
15457.6
15560.6
15758.4
15987.8
16008.2
16035.5
16784.4
17433.5
18509.9
18867.5
19092.6
19777.2
19866
20230.9
20788.9
22008.1
22189.8
22524.4
22696.1
22820.6
23922.4
24582
25636.9
26314.9
27489.8
27839.3
28395.3
29677.2
29704
29824.6
30043.3
30674.7
30788
31903.2
32412.5
33958.6
34191.9
34787.6
35979.2
36654.3
37223.2
37504.2
37740.4
38191.3
38782.9
39107.1
39316.2
39325.9
39990.6
40457
40557.2
41126.6
41688.3
42083
42623.1
42999.8
43153.6
44170.1
44479.9
45311.5
45604.3
46541.3
46579.1
47358.4
47777
48111.5
48975.7
49259.2
50439.5
50588.4
51995.7
52649
52825.2
52939.4
53547.9
53889.7
54803.3
54981
55314.9
55442.4
55651.9
56448.4
56908.4
57844.9
58632.3
58679.8
59186.6
60067.4
60223.3
60566.1
60723.4
61236
61316.5
61502.8
62609.9
63302.3
63329.7
63330.9
63800.4
63829.8
63990.8
64167.6
65202.9
65297.4
65695.8
65862.4
66303.8
66742.6
67178
67295.4
67484.5
67957.6
67997.2
68530.4
68538.8
68971.2
69294.8
69443.7
71505.7
71925.5
71993.3
72392.4
72648.8
73485.8
73999.4
74282.8
74668.1
74703.6
75512
76213.4
76703
78013.6
78129.1
78190.2
78822.9
79778.4
79975.7
80017.4
80938.6
81728.9
82431.3
82713.4
82937.6
84232.3
84318.8
85209.9
85851.9
85875.2
86009.2
86449.4
87592.1
87733
88042.5
88689.9
88693.8
89411.9
89572.9
90323.9
90601.5
90878.7
91378.5
91482.6
91921
92743
93238.8
93244.8
93311.7
94134
94486.5
95460.6
96268.8
96375.4
96466.5
96484.7
97433.3
97850.3
98781.7
99137.6
100208
100587
100996
101159
101167
101212
101219
102685
103164
103417
103784
104985
105085
105420
105812
106882
107499
107572
107793
108073
108367
108427
108563
108999
109877
109992
110465
110698
111347
112784
113259
113764
114379
115377
115395
116781
117121
117164
117479
117612
117663
117920
118057
118177
118552
118625
118641
118924
119012
120116
120260
120298
122421
122601
123660
124649
124707
124835
125746
125917
127000
128192
128937
129272
130286
130635
130668
131342
131861
132187
133858
135251
135273
135437
135982
136442
136541
138126
139825
140825
141167
141319
141922
142040
142508
142656
143144
143545
143618
143770
144517
146409
146876
146901
147703
147812
147835
149017
149038
149327
150164
150404
150853
151618
151734
151831
152374
152458
153545
153888
153906
156339
156459
156658
156937
156969
157770
158007
158045
158269
158589
158920
159142
159512
159638
159630
159979
160164
160631
161133
161346
161655
161831
162326
162827
163837
164070
164597
165160
165470
165528
165607
166377
166586
167142
167422
167513
167850
168786
169400
170600
171016
171123
172865
173196
173739
173925
174159
174264
177035
178383
178824
179419
179689
180536
181143
181162
182191
182508
183584
185219
186289
186397
187008
187203
188155
188785
189091
189114
189314
189955
189965
190280
190503
190530
191799
193075
193401
193536
193708
194043
194761
195329
195707
196144
196330
197294
197340
197939
198107
198628
198856
198907
199295
199509
199662
199979
