2848.32
5144.21
6092.07
7141.37
7551.38
7942.51
11906.7
16227.2
17174.9
17741.3
19880.2
29604.9
30747.3
31711.3
33023.9
33923.4
34752.6
35189.5
35538.7
36063.4
36434.1
36670.9
37141.5
40397.5
41632.9
42830.3
43632.3
44761.8
45871.7
46470.7
47173.9
47568
58645
58960.1
59200.9
60416.8
60939.6
61416.3
64591.9
66101.6
66648.2
69977.4
70491.8
70861.4
71250.9
71714.1
72201.4
73019.3
73604.9
74085.8
75400.9
76552.7
79137.2
79970.3
82307
83303.3
83905.3
84707
85812
87991.8
88230.3
88808.9
89287.8
90354.6
90733.4
93118
94320.9
96438.8
97582.2
