2516.46
2528.73
2535.09
2537.11
2555.14
2798.09
2838.5
3482.33
4849.07
4851.01
4856.06
5415.14
5437.69
5737.3
6799.62
7915.34
8358.55
8686.41
8889.5
9056.26
9387.38
10018.8
10047.8
10049.4
10654.5
10683
10684.9
10705.9
10717.4
10730.3
10928.3
12269.5
16141.8
16174
16178.3
17392.6
18120.9
18191.7
24072.3
24541.7
24767.9
25595.9
26410.5
26411.2
26438.9
26439.2
26701.7
26875.5
28607.1
28663
29297
29983.2
29990.3
30012.8
30014.1
30118
30248.4
31104.2
31588.4
31588.7
31650.4
32087.4
32090.5
32101.4
32185.9
32418.1
32527.4
32780.2
37076
38071.2
38071.6
38089.7
39219.2
39221.8
39229.7
39232.9
39252.1
39564.3
43622.6
45079.5
45099.2
45099.7
45110.2
45615.6
45640.6
45824.7
45840.3
45854.9
46457.1
46459.1
46806.7
47450.4
48759.6
48761
50265.6
50325.8
51862.2
52107.1
54465.5
55194.4
55560.4
55626.7
56737.7
57753.4
57762.1
57771.7
58075.4
58858.7
58957.1
59756.4
59762.1
59773.1
59774.4
60212.9
60230.1
60235.1
60823.5
60824.9
60842.6
61920.3
63528.2
63938.4
64961.7
66101.1
66645
66645.6
68029
68029.6
68052.4
68436
71244.4
71246.2
75071.2
75203.4
75209.8
75220.6
76271.3
76293.8
76294.1
76713.5
77250.5
77624.7
77626.1
77626.5
77836.8
78436.4
78617.7
78857.3
78968.1
79745.1
79754.2
79755.8
79871.5
80519.8
80525.2
80546.3
80549
80574.3
80662.4
82210.9
82879.5
82888.6
82889.6
82989.1
83292.5
83302.6
83898.1
83903.9
84703.1
84704.6
84705.9
84706.4
85521.5
86720.3
87988.1
88802.8
88805.5
93115.5
93116.5
93619
93938.8
93942.3
94239
94244.3
94262.7
94268.7
94279.9
94963.4
94974.2
94975.9
95502.6
96435.2
96919
96919.7
96925.8
97581.3
97788.4
97791.8
97799.7
98157.5
98485.4
98529.4
99069.5
