405.58
757.89
4063.59
6396.91
8491.47
10515.2
10616.2
13633.8
14864.3
18219.1
18824.7
19337.4
20195.6
20325.9
20659.2
20862
23309.4
23764.5
25984.7
26431.8
27019.4
28072.8
29044.3
32202
33545.4
33984.6
35248.4
35655.4
35778.8
36021.2
37385.7
38011.1
38407.4
39623.1
40976.4
42199.9
43564.3
44391.1
44737.7
45530.4
46924.9
48833.6
49128.1
49645.1
50064
50422.9
51896.5
52566
57025
61782
62646.4
63222.5
63338.5
64311.2
64489.6
64631.6
67784.6
67871.9
70825.9
73517.3
74539.8
76257.6
76726.9
77002.7
77544.8
78202.3
78298
81019.7
81297.2
83940
84411.5
84923.7
85864.5
86733.1
88820.5
89265.4
91808.6
91901.8
92180
93349.9
93893
94767.4
97957.3
98197.6
98630.7
100795
101320
101537
102454
105119
107591
110364
113134
114218
115109
115348
115674
116180
116195
117815
118609
120229
120818
120922
121045
121366
122063
123196
124725
124864
125989
126226
127582
128049
128665
129514
130578
132449
132688
134711
135361
135383
135511
137207
137645
139733
139896
140149
140230
141020
141631
143403
145960
146657
147446
150757
152165
156430
156434
157199
160640
161114
163137
163577
166127
166514
167027
168142
168921
169007
169419
169434
171311
173311
173593
174349
174612
176891
177865
178172
178853
179070
180670
180976
183607
184018
184641
184935
185713
186906
187199
187560
187869
190324
191881
193625
194607
195465
195817
196335
197836
199213
