189.94
246.26
506.9
1342.59
1685.62
2019.17
2041.04
2198.65
3474.1
3759.46
4580.52
5226.82
5248.28
5511.04
6501.48
6791.84
6795.08
6929.61
7005.06
7018.01
7468.65
7530.96
8173.55
8219.03
8997.05
9721.79
9780.77
10037.4
10073.3
10121.5
10395.2
10896.4
11303.1
12327.3
12703.7
12710.2
13630.3
14585.7
14632.9
15036.5
15146.3
16338.8
16462.5
17120.7
17248.2
17498.5
17631.3
18019.2
18292.3
19859.1
20036
20599.2
20628.8
21430.2
21939.5
21992.8
22147.1
22838.1
23119.5
23141.7
23268.7
24205.1
25205.8
25304.7
25665
25711.4
25803.7
26173.9
26400.7
26414.9
26816.5
27865.1
27991.9
28449
28977.9
29309.3
29360.5
29390.2
29476.8
29745.7
29851.4
29984.5
30991.2
31543.5
31932.8
32244.8
32430.5
32772.1
32779.9
32799.7
33109.8
33194.9
33535.6
33693.1
34336.5
34698.6
34766.3
35055.3
35558.7
35615.4
35717
36091.5
36108.5
37235
37421.4
37441.3
37522.9
37844
38058.4
38092.4
39438.6
39529.3
40457.6
41320.2
42122.2
42535.6
42826.2
42941.5
43206.1
43395.8
43896.5
43940.7
44163
44197.3
44385.1
44482.6
44779.7
44938.3
45268.9
45431.3
46477.8
46798
47142.5
48261.8
48746
48940.8
48971
49491.4
49553.6
49790.3
49895
50012.2
50235.6
50693.6
51136.1
51230.6
51821.1
51951.8
52060.7
52255.4
52489
53040.6
53164.7
53366
54678.3
55048.8
55745.4
56369.4
56807.6
56965.5
57009.7
57302.6
58822
59082.7
59448.3
59948.6
60735.2
60801.1
61448.6
61539.6
62325.5
62452
63015.9
63163.5
64028.2
64243.1
65163.8
65194
65593.4
66032.6
66275.3
66394.2
67454
67668.7
67715
67736.8
68442.3
70375
70478.9
70634.1
73228.9
74029.8
74070.8
74146.5
74281.2
74441.3
74467.5
74555.1
74712.6
74908.9
75812.2
76043
76088.8
76387.5
76768
77333.9
77395.5
77893.1
78118.8
78422.4
79421.3
80400.9
81136
81668.7
82010
82319.3
83088.6
83647.3
86094.9
86371.3
86574.7
87018.2
87401.8
88256.9
88430.9
88651
88848.8
89342.9
89360.6
89457.2
89877.5
89931.7
90140.3
91345.3
91688.8
91895.3
92296.2
92697.1
92866
92949.7
92994
93231.7
93694.9
93918.4
93918.9
93941.9
94597.2
94637.7
95031
95326.8
95814.3
96112.7
96357.8
96389.5
96449.1
97048.9
97071.4
97121.2
97905.2
98041.6
98270.5
98278.9
98343.4
98362.4
98497
98921.7
99978.1
100535
100785
101132
101190
101194
101463
102136
102245
102871
103594
104121
104259
104847
105166
105328
105483
105849
106146
106736
107018
107435
107507
107987
108775
109266
109700
110368
111060
111116
111324
112057
112440
112790
112923
113207
113446
113844
113886
113979
114091
114335
114692
114901
115111
115174
115316
115501
115748
115777
115796
115928
115965
116087
116100
116406
116517
117419
117488
117499
117609
117639
117803
118385
118776
118789
119386
119432
119447
120115
120219
120549
120583
120662
120701
120707
120859
121291
121483
121723
121833
121851
122133
122581
122734
122923
123123
123256
123372
124703
124979
125229
125368
125505
125726
126074
126524
126745
127060
127339
127559
127747
127775
127904
128419
129234
130003
130386
131219
131576
132095
132277
133567
134162
134330
135244
135377
135564
135709
135904
136349
136998
137178
137354
137607
137966
138738
138787
139049
139163
139211
139522
139558
139756
139933
140035
140524
140656
140999
141319
141505
142079
142147
142202
142459
142553
142737
143429
143630
144339
144725
144912
144969
145197
145433
145689
145726
145958
146513
146884
147369
147423
147570
147983
148724
148798
149456
150298
150405
150882
151143
151457
151567
152062
153287
153392
153693
154107
154245
154342
154573
154636
154932
155016
155086
155322
155757
155917
156188
156268
156534
156987
157030
157116
157338
158009
158146
159976
160844
160919
161206
161508
162437
162534
162635
163124
163447
163559
164256
164403
164420
164971
165648
165656
165926
165964
166357
166435
166781
167477
167982
168501
168577
168656
169052
169168
169152
169307
169666
171115
171430
171670
172123
172285
173007
173157
173368
174086
174164
174220
174446
174744
174878
174948
175413
175623
176241
176573
176669
176852
177134
177193
177376
177656
177740
177850
178170
178195
178255
178547
178553
178684
178711
179686
179885
180486
180682
180898
181405
181420
181749
182204
182394
182602
183260
183375
183415
183491
183527
183937
184323
184419
184682
185081
185754
185765
185958
185985
186306
187259
187690
187862
188763
190192
191402
191679
192046
192733
192904
193036
193138
193206
193784
194258
194379
195074
195614
195950
196180
197592
198067
198213
198323
198384
198818
199037
