108.16
461.76
501.78
539.76
1140.39
1617.59
2225.02
2674.8
3001.03
4194.19
4433.62
4756.59
4876.13
5085.46
5405.18
5617.61
5628.95
6160.36
6439.45
6801.86
6841.57
7380.67
7844.2
7852.52
7932.7
8100.63
8131.41
8685.94
8795.48
9190.29
9659.93
9663.61
10082.7
10095.4
10184.3
10200.3
10886.3
11609.1
11615.4
11686.5
12098.5
12361.8
12756.5
12836.2
13218
13791.9
14679.5
14759
14898.4
15221.9
15671.1
15935
16010.2
16645.5
16729.6
16740.7
17023.3
17186.9
17403.6
17508.8
17889.2
18281.2
18503.6
18827.7
20878.4
20893.6
21384
21434.3
21516.2
21580.2
21632.4
22071
22537.4
22705.5
22970.9
23205.5
23461.9
23557.8
24037.3
24077
26223.8
26235.8
26837.1
26872.9
27099.2
27533
27889.9
27926.9
28614.6
28912.2
28939.7
29054.3
29287.9
29390.5
29626.2
30203.6
30649.4
31153.7
31402.7
31612.2
32198.3
32377.7
32512.5
32527.8
32702.4
33512.8
33721.3
33728.7
34091.5
34451.3
34752.4
34834
35911.2
36353.4
37006.6
37355.7
37357.6
37539.9
37543.5
37636.1
37859.1
37930
38100.4
38141.5
38160.8
38576.7
38862.3
39234.1
39265.8
40147.2
40232.6
40363.6
40370.3
40514
40556.9
40786.7
40885.3
41114.9
41127.5
41272.3
41717
42423.8
42464.3
42523.7
42920
43029
43359.1
43773.6
44081
44305.4
44433.7
44523.7
44982.4
45751.2
45751.6
47076.8
47125.8
47510.8
47627.3
47881.4
49240.9
49547
50233.3
51015.8
51216.8
51520
51695.8
51711.4
51794.7
52029.4
52251.7
52314
52739.7
52845.8
53319.9
54298.1
54713.3
54839.4
54877
54881.3
55580
55740.4
55786.7
55834.1
56042.1
56105.3
56156
56339
56682.1
56805.7
56824.3
56935.9
57517.2
58038.9
58412
58441.1
58696.4
58915
58988.8
59244.5
59336.7
59578.4
59677.4
60471.3
60505.3
61016
61509.1
61706.4
61848.4
61913.3
62110
62400.5
62688.5
62981.5
63278.4
63505.4
63730.9
63944.1
64101.1
64607.3
64634.1
64642.5
64728
65080
65370.5
66221.4
66504.1
67509.1
67596.3
67722.2
68000.1
68134.3
68148.6
68209.3
68237.1
68485.5
68600.1
68664.3
68736.9
69284.9
69335.1
69578.7
70148.9
71760.4
71961
72169.7
72508
72524.5
72878.9
73001.3
73179.3
73364.1
73420.9
73558.6
73698.2
73766.4
74224.8
74560.4
75987.8
76102.3
77011.4
77189.2
77223
77568.2
77650.7
77950.5
78224.3
78367.9
78399.4
78821.9
78951
78966
79068.7
79125.2
79598.6
79831.5
79974.6
80351.6
80523.8
80700.8
81296.1
81401.4
81479.3
81886
82777.9
83318.2
83321.1
83597.1
83880.5
84660.8
84685.3
84781.1
84825
85122.6
85469.2
85764.1
85874.1
85900.7
85954.1
86445.2
86566.3
86674.4
87534.6
88184.5
89192.2
89254
89614.6
90119.4
91692.2
92363.5
92647.8
92838.9
93409.2
93546.1
93601.3
93678.5
94043.5
94060.5
94252.1
94608.6
94714.5
95748.2
95970.6
95977.6
96404.1
96818.4
97591.9
97816.4
98182.4
98495.5
98555.3
98887.1
99542.8
99639.2
99879.1
100270
100458
100573
100598
101002
101037
101315
101946
103011
103087
103487
103652
103961
104099
104321
104511
105113
105634
106075
106250
106447
106506
106553
107364
107846
107982
108076
108777
109079
109159
109280
109833
110106
110254
110683
111187
111741
112113
112316
112600
112621
112723
112821
112969
113538
113602
113737
113975
114498
114706
115425
115504
115880
116023
116034
116481
116587
117171
117184
117559
118128
118161
118203
118204
118229
118673
118811
119146
119156
119162
119451
119523
119668
121228
121261
121371
121615
121660
121945
122035
122509
122517
122733
122816
122992
123039
123438
123730
124000
124062
124095
124595
124805
125050
125130
126058
126147
126402
126708
126722
126964
127330
127981
127994
128142
128193
128370
128387
128613
128720
128742
129069
129163
129564
129955
130451
131028
131560
131994
132301
132755
132906
132956
133852
133946
134221
134849
135300
135735
136063
136178
136213
136511
137045
137089
137362
137827
137870
138182
138508
138571
139308
140382
140490
140657
141276
141675
142119
142254
142645
142791
143572
143799
143805
143959
144052
144893
145078
145778
146048
146274
146566
146896
146948
146955
147102
147151
147398
147468
147595
147756
147872
148048
148459
148728
150117
150500
150534
150757
151069
151520
151657
151748
152391
152537
152688
153107
153356
153738
153773
153790
153799
154950
155070
155572
155809
155833
157264
157673
158270
158818
159098
159763
159872
160158
160803
160833
160934
161462
161984
162079
162519
162691
162966
163009
163238
163482
163593
164187
164260
165267
165426
165804
165873
166072
166267
166798
167166
168543
168926
169153
170389
171867
172051
172816
173257
173542
173678
174267
174679
174794
175034
175380
175771
175824
175873
176028
176157
176981
177332
178001
178006
178442
178432
178474
178694
178984
179224
179288
179523
179964
180147
180181
180305
181320
182298
183205
183260
183660
184045
184098
184279
184280
184700
184896
185377
185897
186182
186307
186402
186555
186830
186895
186946
187035
187238
187917
188228
188248
188577
188610
188677
189131
189428
189443
189490
189844
190133
190492
190712
191619
192216
192761
192876
193566
194224
194404
195231
195587
195596
195721
196153
196236
196660
197036
197370
197600
197693
197942
198081
198336
198402
198735
199527
199687
