211.7
244.49
411.22
554.11
792.89
939.16
1471.61
1519.06
1557.92
1594.81
1754.06
1882.83
1982.6
2115.99
2180.68
2238.84
2771.24
2925.46
2942.48
3022.04
3599.91
3928.81
4005.57
4081.26
4086.71
4178.75
4559.81
4863.24
5003.42
5473.13
6004.24
6078.73
6376.41
6567.4
7010.07
7038.39
7047.5
7162.88
7180.41
7226.38
7630.5
7656.37
7903.18
7944.73
7974.26
8092.12
8180.97
8469
8722.67
8900.01
9033.87
9091.82
9094.72
9453.26
9492.56
9637.74
9672.76
10031.5
10147.3
10386.7
10584.9
10791.5
11024
11709
11960
12211.3
12425.5
13057
13185.4
13293.5
13343.9
13645.6
13659.8
13899.4
14044.9
14131.6
14288.8
14338.3
14358.8
14520.1
14543.6
14696.7
14724.2
14796.4
15045.3
15382.8
15587.8
15704.6
15786.1
16122.6
16183
16517.3
16829.9
17224.8
17627.4
17696.2
17742.4
18109
18190.1
18605.6
18737.2
18969.3
18995.3
19092.3
19356
19357.7
19377.9
19724.3
20098.1
20131.9
20286.6
20332.9
20433.7
20480.9
20656.4
20713.9
20732.2
20799.3
20921.5
21170.3
21271.9
21350
21563.7
21570.9
21605.7
21707.6
22047.4
22193.4
22305.6
22415.2
22465.4
22482.7
22771.3
22840.7
23203.9
23641.1
23715.7
23792.1
23892.6
24216.4
24725.2
24787.2
24805.2
24875.1
24990.4
25181.8
25209.4
25329.8
25435.6
25803.8
25911.2
26127.5
26560.1
26577.2
27080.6
27122.8
27649.3
27997.1
28063.9
28516.4
28794.5
28928.7
29035
29060
29199.4
29508.7
29508.6
29512.9
29759.8
29916.4
30240.1
30246.7
30277.5
30420.4
30491.5
30493.7
30798.7
30810.5
30876.1
30873
31134.8
31169.1
31495.1
31572.3
31966.2
32071.3
32107.7
32290.4
32573.2
32698.2
32768.3
32795.6
32867.5
33180.4
33631.5
33672.5
33729.9
33856.7
33947.9
34004.2
34150.6
34342.9
34522.3
34561.9
34663.1
35149.7
35293.3
35565.8
35681
35760.1
35809.2
35884.5
35948.3
36054.3
36082.4
36095.9
36276.2
36316.4
36369.6
36635.6
36764.4
37002.7
37063.1
37104.7
37946.1
38113
38698.1
38986.5
39150.4
40685.4
41740.9
41817.5
41886.6
42052.1
42104.4
42204.9
42276.5
42375.6
42552.2
42764.4
42926.4
43285.6
43326.3
43340.7
43454
43581.9
43595.2
43754.1
43928.5
44111
44275.4
44637.6
44751
45023.8
45470.5
45485.3
45492.5
45509.9
45864.7
45872.8
45940.5
45962.5
46010.7
46234.2
46613.1
46918.7
47441.6
47495.3
47895
48162.2
48171.2
48179.3
48426.5
48628.5
48632.1
48929.3
48935.7
49154.4
49617.3
50678.9
50954.8
52626.2
52926.8
53221.3
53833.1
54218.4
54495.4
55670.7
55697.1
55923.1
55957
56024.9
56394.9
56417.2
56607.2
56664.2
56958.4
57034.4
57189.8
57564.3
57597.8
57863.8
57938.6
57966
58058.2
58183.8
58760.1
60103.3
60202.4
60679.9
60719.3
60735.5
60946.6
60963
61051.9
61081.1
61092.4
61666.3
61910.4
62226.4
62382.8
62397
62486.7
62668.5
63114.5
63362.4
63379.1
63513.8
63574.3
63827.3
63847.7
64027.5
64204.5
64276.5
64365.3
64431.5
64435.8
64493.5
64675
64855.9
64948.4
65043.5
65511.3
65735.7
65737
65999.8
66038
66113.1
66287.2
66460.1
66789.8
66947
67189.7
67199.7
67254
67471.5
67492.9
67536.2
68139.7
68222.7
69140.3
69221.8
69551.2
69784
69950.6
70068.8
70095.9
70173.4
70223.4
70285.4
70385.5
70778.4
71174.4
71170.6
71214.4
71435.6
71447.9
71476
72030.2
72069.3
72198.8
72390.1
72425.7
72875.5
73262.1
73640.3
73729.5
73867.1
74043
74450.3
74832.6
74878.5
74919.8
75078.4
75202
75363.7
75403.9
76196.5
76615.4
76750.8
77065.7
77076.7
77087.3
77117.6
77202.9
77370.6
77478.5
77516.1
77629.2
77696.9
77773
77785.2
77903.1
78141.6
78208.9
78558
78642.5
78665.8
78824.1
78920.9
79012.8
79273.6
79334
79428.9
79839.5
80106.8
80113.4
80225.6
80231
80523.3
80574.8
80663.2
80693.2
80789.3
80811.8
81074.2
81301.2
81554.7
81562.2
81824.1
82247
82398.3
82418.5
82507.3
82576.2
82823.3
83022.2
83072.7
83481.3
83548.3
83587.1
83667.4
83834.6
83907.2
83914.2
84012
84130.3
84184.3
84214
84448.6
84703.9
84759.2
84839.2
84947.8
84995
85052.8
85259.8
85340.7
85619.3
85835.8
86143.5
86265.5
87491.5
87655.2
87807.5
87854.7
88333
89124.9
89326.6
89337.2
89377.7
89628.4
89679.3
89838.7
89861.7
90054.3
90205.7
90679.6
91060.5
91263.1
91576.4
91771
91902.1
92026
92242.1
92349.3
92836.3
92933.1
93248.9
93336.1
93461.4
93691
93707.8
93944.4
94074.4
94073.8
94372.4
94531.3
95603.6
95670.9
95900.5
96155.6
96365.9
96402.3
96461.2
96647.1
96754.4
96764
97272.6
97510.9
97535.6
97588.8
97971.3
98054.3
98167.9
98197.1
98401.2
98474.3
99516.3
99895.2
99936
100259
101121
101169
101270
101355
101753
102166
102454
102474
102874
102988
103114
103137
103192
103409
103592
103724
103818
103844
103981
104147
104169
104340
104376
104407
104435
104764
105013
105027
105122
105155
105266
105302
105336
105638
105752
105850
106010
106205
106945
106948
107142
107153
107208
107289
107374
107617
107715
107752
107749
107883
107898
107979
108335
108367
108471
108621
108850
108994
109069
109183
109692
109766
109994
110188
110324
110460
110712
110722
110901
110952
111165
112096
112141
112377
112382
112505
112724
112721
112889
112964
113020
113047
113196
113279
113318
113431
113545
113624
113682
113786
113838
113872
113952
114150
114260
114327
114935
115084
115511
115682
115829
115937
115965
116125
116255
116289
116341
116412
116499
116543
116594
116849
117160
117297
117495
117495
117542
117628
117618
117945
117966
117958
118515
118774
118909
119033
119354
119765
119953
119971
120077
120226
120286
120433
120489
120635
120868
120879
121067
121224
121271
121506
121512
121770
122016
122302
122741
122897
123101
123280
123721
123981
124266
124316
124460
124855
124865
125298
125514
125511
125812
125912
125988
126111
126123
126143
126161
126231
126425
126558
126567
126708
126803
127138
127204
127304
127484
127550
127695
127737
127824
128242
128304
128439
128550
128573
128825
128879
128925
129343
129468
129477
129736
130215
130251
130447
130587
130963
131045
131469
131547
131690
131703
131939
132021
132017
132168
132311
132305
132351
132470
132680
132727
132819
133332
133601
133653
133895
134330
135139
135206
135602
135617
135924
135930
136191
136271
136368
136600
136656
136962
137086
137320
137336
137658
137750
137854
137948
138550
138588
138717
138878
139069
139165
139643
139684
139825
139983
140080
140190
140649
140708
140786
141310
141698
141894
141904
141975
142277
142499
142796
142845
143140
143390
143642
143730
143861
144258
144302
144370
144526
144577
144629
144724
144909
145008
145869
145899
146277
146293
146370
146488
146678
146792
146841
146970
147420
147614
147766
147765
147846
147869
147938
147966
148388
148610
148609
148627
148824
149141
149155
149165
149461
149484
149578
149834
149950
150218
150292
150538
150736
151001
151126
151213
151279
151612
151618
151715
151930
151972
152121
152273
152354
152553
152625
152635
152785
152945
152977
153141
153172
153402
153965
154114
154259
154331
154851
154927
155313
155464
155521
155966
156086
156106
156108
156348
156384
156501
156624
156897
157218
157218
157352
157464
157908
157923
158134
158311
158606
158787
158987
159164
159316
159409
159533
159889
159897
160084
160128
161393
161520
161782
161971
162293
162617
162808
162836
162986
163043
163155
163260
163522
163581
163647
163723
164620
164688
164918
165017
165071
165455
165472
165602
165656
165872
165941
166195
166478
167027
167063
167094
167549
167570
167592
168043
168331
168454
168707
169102
169517
169542
169702
169991
170081
170279
170310
170415
170438
170859
171040
171129
171367
171730
172072
172389
172824
173168
173513
173898
173913
174172
174207
174274
174291
174431
174487
174646
174643
174894
175343
175867
175997
176180
176410
176450
176446
176719
176837
177019
177141
177463
177548
177572
177597
177635
178031
178314
178558
178590
178709
178711
178824
179311
179414
179470
179523
179576
180313
180425
180677
181240
181241
181334
182012
182721
183134
183462
183542
183586
183704
183844
183978
184273
184394
185057
185306
185685
186002
186099
186134
186168
186271
186410
186449
186733
186791
186915
187321
187339
187460
187735
187759
187946
188078
188156
188422
188585
188845
188912
188964
189138
189317
189511
189518
189547
190067
190124
190150
190704
191040
191085
191316
191343
191354
191511
191769
192163
192184
192342
192422
192493
192692
192709
193210
193265
193433
194438
194833
195084
195334
195665
195748
195763
196591
197200
198176
198602
198661
198809
198951
199192
199190
199291
199430
199504
199562
199736
