665.05
1880.1
2103.23
2624.32
2888.55
3463.52
4010.11
4027.88
4297.57
4314.48
4396.95
6014.95
6369.94
6598.78
6967.31
6983.92
7272.75
7281.92
7526.15
7837.92
8273.12
8290.37
8455.76
8949.37
9075.82
9099.49
9469.36
9625.01
10049.7
10441.1
10609.8
11705.9
11853.3
11874.7
11894.1
12134.1
12154.3
12204.7
12427.7
12798.7
12847.2
12910.9
13136.8
13310.1
14333
14731.2
14962.6
15108.2
15521.5
15746
16254.4
16638.9
16690
16939.8
16958.4
17114.3
17234.1
17302.6
17661
17919.5
18356.6
18540.9
19160.3
21024.8
21119.7
21259.4
21345.8
21841.9
21921.8
21984.4
22229.7
22366.9
22513.8
22673.6
22838
23328.9
23497.6
23617.9
23794.8
24195.1
24211
24466.5
25114.5
25669.6
25993.8
26149.8
26401.1
26413.1
26454.7
26506.4
26667.4
26804.7
26808.7
27249.9
27427.2
27649
27679.1
27757.3
27836.8
27917.1
28020.2
28249.4
28338.5
28735.8
28820.5
29224.6
29395.2
29806.5
29883.5
30281.8
30293.9
30461.5
30721.4
30755.4
31623.1
32429.2
32662.5
32730.8
32760.2
33121.6
34332.7
34650.2
35189.3
35774.2
36052.9
36208
36414
36669.8
37325.1
37524.2
37650.2
37718.5
37825.9
37869.6
37890.6
38005.5
38195.7
38257
38325.8
38568.4
39112.1
39462
39474.8
39683
39738.5
40157.5
40192
40316
40449.3
40936.9
41344.5
41387.5
41907.9
42288.2
42557.5
42607.3
43063.7
43081.7
43230.3
43410.9
44036.6
44766.6
45075.1
45225
45232.1
45424
45530.3
45624
45903.8
46207.3
46496.5
46960.8
47102.5
47263.3
47313.6
47442.7
47619.9
48833.4
49047.1
49309.2
49379.1
49637.6
49707.9
49974.2
50325.1
50762.7
50843.8
50886.4
50919.7
51064.2
51405.7
51923.9
52113.7
52314.6
53198.9
53840.4
54389.5
54463.9
54841.8
54983
54980.1
55397.7
55403.8
55499.2
55615.9
55699.9
55742.3
55833.8
55921.8
55958.1
56071.3
56248.3
56318.6
56455.5
56564.3
56861.4
56883
56904.1
57196.8
57233
57498.2
57666.7
57907.4
58569.1
60671.9
60676.4
60961.8
61234.1
61538.4
61703.9
61920.8
61954
63590.7
64126.1
64250.7
64455
64493.2
64495.4
64618.7
64776.1
64848.9
65157.7
65212.5
65346.4
65384.4
65654.2
65687
65758.1
65902.7
65937.3
66155.7
66259.6
66566.1
66692
67361.6
67893.6
67980.9
68035.5
68073.5
68472.7
68483.1
68586.1
68837.4
69045.1
69148.8
69534.4
72038.8
72287.6
72514.3
72580.1
73322.2
73635.8
73776.3
74082.5
74089.2
74195.9
74551.1
74670.2
74882.8
75036.4
75356.5
75455.2
75634.9
75707.8
75810.1
75828.6
76193.7
76787.1
77055.6
77270.3
77361.1
77361.4
77588.4
77619.2
77885
77905.8
78095.2
78091.2
78166.9
78463.1
78498.2
78578.5
78852.5
79419.6
79724.1
80182.5
80722
80898.9
81256.4
81925.3
82026.7
82127.8
82148
82281.7
82557.2
82738.6
82999.7
83146.4
84180.8
84236
84423.8
84864.7
84930.7
85002.9
85063.5
85195.3
85443.3
85538.7
85871
85948.1
86000.4
86078.9
86580.2
87721.7
87970.1
88252.6
88310.2
88882.9
89229.1
89441.8
89801.9
91701.3
92253.3
92287.4
92489
92614.7
92623.6
93218.4
93655.9
93745.5
93829
93983.4
94157.8
94379.2
94378.9
94801.2
94949.6
95993.9
96059.3
96128.1
96327.5
96485.1
96486.4
96574.6
96738.8
97034.5
97219.4
97496
97718.5
97926.5
97928.4
98255.9
98272.8
98383.3
98545.7
98568.4
99074.6
99328.2
100830
101277
101311
101465
101642
101818
101893
102562
102559
102708
103044
103271
103288
103672
103763
104252
104316
104365
104481
104667
105505
105691
105782
106155
106244
106647
106649
106911
107007
107905
108020
108998
109096
109456
109477
109874
110108
110196
110247
110249
110393
110451
110733
110839
110881
111437
111553
111812
111973
112158
112441
112511
113059
113100
114194
114219
115619
115648
116202
116219
116280
116762
116880
116968
117101
117170
117583
117878
117944
118017
118442
118446
119007
119021
119415
119494
119807
120307
120554
120567
120854
121113
121189
121295
121479
121501
121735
122370
122414
122429
122432
122793
122785
122829
122871
123677
123958
124003
124058
124231
124765
125046
125072
125107
125291
125527
125764
125907
126085
126641
126798
126863
126884
126985
127194
127615
127828
127842
127911
128158
128322
128318
128662
128891
128918
128919
129274
129396
129391
129985
130074
130231
130242
130275
130286
131268
131685
132174
132499
132515
132625
132685
133774
133949
134092
134249
134404
135003
135301
136264
136292
136417
136478
136493
136715
136783
137048
137133
137547
137569
137646
138572
138682
138790
139185
139300
139830
140078
140215
140335
140521
140529
140762
140770
140796
140976
141056
141770
141792
141815
141893
142430
142475
142956
143022
143268
143499
143567
143622
144141
144244
144473
144581
144901
144961
145698
145821
145821
146257
146434
146590
146709
146807
147057
147408
147780
148080
148357
148638
148874
149990
150061
150464
150542
150591
150782
150786
150859
150944
150994
151136
151284
151317
151330
151554
151632
151794
152231
152245
152972
153373
153621
154042
154529
154797
155576
155916
156473
156503
156844
157489
157764
158071
158559
159339
159669
160279
160278
160587
160701
160777
160966
161192
161253
161463
161620
161711
161791
162172
162234
163119
163442
163475
163652
163883
163923
164244
164372
164438
164493
164745
164776
165230
165298
165453
165902
166354
166861
166981
168847
168902
169247
169442
169961
170392
173451
173725
173929
174264
174334
174404
174485
174553
174654
174840
175948
176602
176874
177519
178816
178993
179673
179838
180201
180299
180589
180597
180870
181066
182401
182545
183520
183548
183858
184149
184336
184474
184698
185152
185521
185529
186575
186737
186908
186995
187533
188182
188934
188949
189098
189659
189739
189852
190013
190753
190926
191684
192397
192806
192845
193095
193279
193670
193859
193982
194545
194637
195185
196948
197347
197705
198831
198948
