5108.8
5450.58
6106.96
9581.67
9802.36
13448.5
17014.8
17831.1
17893.7
18538.8
21505
40724.7
49234.4
50046.3
51149.2
59859.4
64873.4
67107.5
67479.3
68108.8
69728.1
74890.5
76801.4
77062.6
91275.4
92658
95999.9
96124.3
97634.2
99232.7
99574.1
100865
103025
103452
105106
105172
107036
107173
107906
111435
111894
112733
113553
113848
114488
115455
115938
116748
119047
119933
120119
120196
120801
121337
122412
126450
126961
126998
127421
128974
129241
129461
130083
130319
130687
131628
132608
132729
134123
134699
135395
135979
136099
136884
137304
139236
139501
140708
141290
143267
147037
147540
149235
162575
164349
166147
167086
167483
168831
176118
176404
176632
176684
177262
179442
179750
180408
181110
183046
184536
188534
190291
190882
195809
198414
199872
