878.41
1237.84
1443.3
2170.46
4425.44
4550.02
5162.02
5456.26
7495.29
7763.24
8833.96
10092.6
10358.6
10465
10891.2
11725.7
11740.5
12680.2
13126.1
13458.1
14141.6
14503.7
14518.9
15780.4
15978.6
16221.1
18077.4
18435
18664.6
23558.7
24287
25336
26029.1
27791.9
29127.3
29772.7
30168.8
33559.7
35293.4
35677.9
37084.7
38306.2
41330.1
44495.2
44779.9
48722
48801.2
49587.2
49901.9
50018.2
50320.7
52269.1
52409.2
53633.1
53633.8
54103.3
54726.9
55229.7
55761
57018.3
58295.2
59835.6
61970
63647.1
64041.6
65533.9
66173.6
67235.5
67657.2
68894.1
69277.7
70325.8
70715.2
71485.6
72163.6
72925.4
73608.9
75592.4
76126.1
77427
77766.2
78027.3
78115.1
80242.3
80415.7
80822.7
81103.1
81501.4
81667.4
82224.3
84231.8
84318
84902.2
85930.7
86341.3
87809.7
88565.5
88584.8
89060
89209.1
89958.9
90112.5
90208.7
90497
91302
91897
92040.7
92626.1
92629.2
92717.7
92733.4
93172.4
93330
93457.1
93692.9
94037.2
94267.8
94348.7
95105.7
95118.7
95547.7
95989.6
96757.1
97065
98069.5
100460
101071
102186
107365
107450
107732
111720
112108
113000
113654
113837
115276
118863
119074
119257
119678
120007
120164
120194
121144
121994
122015
123814
124132
127507
128039
128320
128354
128657
128699
128795
132667
134432
136705
136950
137311
137524
138161
138477
139078
141188
143527
144231
144559
144778
145009
145167
147132
148051
148146
148187
148259
149005
150352
150858
151272
151336
151663
154135
154474
155340
155648
157549
157689
159195
163407
163824
165416
166078
166506
168199
168974
169346
169809
170733
171981
172581
173202
174380
175655
176089
176610
177721
178001
179911
180104
180796
180859
182567
182881
183806
184226
185122
185161
185646
185980
187791
188423
189272
189301
190212
190791
190924
191035
191564
191739
192710
192756
192869
193474
194183
195020
195095
195988
196466
199178
199497
