615.74
751.31
978.67
1136.82
1166.22
3079.07
3497.53
3928.22
4169.09
5600.23
7123.47
7331.6
7995.38
9837.45
9875.49
10735.1
10961
11590.5
11853.3
12561.7
13330.9
13588.9
13776.5
14112.5
15124.7
15735.2
15760.8
18290.6
18370.8
19237.2
20876
22173.2
23040.6
23170.3
23675.3
24668.3
24902.4
24989.4
25654.4
25902.6
27359
28832.2
29024.3
29665
31535.1
32886.6
32916.2
33375.4
34764.7
34926.8
34968.4
35576.1
36201.3
36271.9
36830.8
37840.6
39267
40915.9
42511.4
43880.5
44781.5
46413.2
47545.4
49128
49238.1
49491.1
49809.3
49987.1
51616.3
51755.8
52126.8
52665.8
53038.3
53244.8
53387.7
53958.2
54174.8
54236.9
54775.8
54859.1
55283.9
55626.4
55673.9
55868.3
56005.5
56776.9
57371.4
58199.5
59728.6
60077.9
60375.3
61170.8
61812.5
61815.9
62420.4
62577.4
62937.5
63157.4
63947.7
64546.5
65441.2
65953.2
66568.4
66892.3
67466.1
69192.1
69767.7
69879.6
70462.1
71324.8
71347.4
71913.1
72434.6
73327
73684.8
76661.3
77154.3
77472
77943.5
79259.6
79995.2
79990.4
80919.2
83371.1
83715.4
84759.7
85490.7
86156.6
88216
88428.8
88894
90787.4
90943.3
91401.3
91630.3
91889.5
92227.2
92361.7
92587.7
92804
93416.3
93574.8
93602.1
94110.6
94267.1
94323.4
94602.6
94694.5
94820.6
94964.4
95124.7
95441.5
95754
96726.4
96843.4
97597.7
100108
100317
100350
100446
100928
101566
101598
101862
101949
102933
106369
107340
109704
110513
110778
111652
112180
112710
112942
113226
113604
113791
114282
115673
116175
117994
118625
118927
119286
119322
119711
119851
119992
120780
120836
121545
121680
121843
122618
123579
123567
123685
126005
127267
127595
127632
128380
129361
130340
132312
132888
133236
133438
134112
134177
134835
135246
135490
135954
136330
136496
136916
138648
139116
140269
140332
140934
143351
144010
144041
144140
144784
144850
145094
146196
146445
146861
147210
147399
147441
147701
147788
148027
148517
148524
148726
149163
149676
149828
150223
150491
151006
151470
152085
154577
154844
155185
156454
158436
159116
160472
163330
165082
165107
165846
166068
167266
168591
168697
169267
169511
169904
171162
171681
171950
172090
172348
172553
174600
175377
176782
177207
177840
178289
178974
179234
179258
179524
180391
180876
181679
181807
182269
183804
184689
185269
185322
185342
185458
186037
187043
187498
188079
188677
189058
189745
190046
190168
190598
190676
191358
192338
192474
192759
193049
193280
193449
193549
194499
194696
194708
195134
195863
196116
196203
197341
197683
197967
199796
