639.15
789.02
861.65
1024.92
1223.55
1275.3
1324.43
1385.15
1435.18
1701.77
1765.23
1842.7
2052.37
2141.14
2143.52
2200.91
2780.13
2999.14
3378
3644.08
3971.08
4081.61
4570.71
4633.72
4646.14
4854.13
5061.75
5188.45
5309.61
5368.84
5484.76
5526.91
5653.24
6411.41
6747.54
7965.28
8517.08
9395.52
9814.96
10071.1
10097.5
10342.7
10353
10489.3
10640.1
10756.4
10801.5
10940.6
10970.5
11298
11313
12246.6
12396.5
12512.9
12536.1
13176.7
13269.4
13445.5
13699.8
13782.3
14678.3
15380.2
16433.2
16853.6
17185.1
17336.4
17787.4
17846.7
18119.1
18206.3
18236.5
18407.8
18538.7
18805.1
19036.4
19324.2
19486.4
19807.2
19839.9
20070.4
20113.7
20239.8
20449.5
20649.1
21607.1
21610.9
21809.1
22565.9
23015.6
23159.9
23272.2
23295.6
23569.6
24299
24746.7
25003.1
25312.9
25601.6
25621.3
25798.1
26216.5
26251
26263.9
26650.8
26691.4
27544
27920.5
28011.2
28182
28453.9
28855.5
29069.2
29074.4
29226.3
29423.9
29476.4
29549
29695.5
29709.5
29894.3
30169.7
30275.3
30640.1
31050.1
31115.2
31221.8
31383.1
31383.8
31464.8
31594.9
32172.7
32303.6
32349.6
32831.9
33109
33241.3
33330.4
33752.9
34129
34382
34475.9
34963.9
36075.5
36293.2
36619.9
37186.6
37629.9
37888.5
38343.4
38481.3
38846.3
39184
40024.3
41102.2
41353.2
41945.9
42109.5
42279.6
42347.5
42384.2
43202.3
43360.2
43494.6
43719.7
44400.7
44555.6
44995.5
45153.3
45977.2
46088.2
46214.4
46707.2
46731.4
47236.2
47818.8
48241.6
48782.6
48946.2
49333.4
49721.1
50121.9
50353.7
50926.2
51233.8
52155.6
52319.2
52532.8
53136.5
53216.4
53346.7
53458
53580.6
54101.5
54118.6
54162.4
54180.5
54615
55290.9
55352.9
55859
56059.4
56796.9
56852.9
57646.1
57780.1
58046.9
58074.3
59857.1
60328
60792.5
60806.6
60875.5
61332.5
61482.4
61896.7
62126.4
62287.4
62689.5
62696.2
62756.5
62892.5
62961.7
62958.8
63014.1
63297
63575.4
63782.6
63860.8
64000.5
64378.5
64399
64584.6
64755.5
64883.4
65058.4
65074
65197.9
65253.5
65340.6
65652.8
65723.1
66026.8
66621.1
66659.5
66861.1
66902.9
67425.1
68678.7
69761.6
69999.1
71604.1
72522.4
72621
73538.9
74029.5
74344.9
75408.6
75501.2
75725.8
75779.2
76025.7
76683.6
76848
77189.4
77294.9
77968.1
78240.8
79146.9
79230.7
80459.4
80805.9
80893.6
80963.2
81331.1
82230
82761.3
82992.5
83028
84542.8
85434.4
86124.2
86176.8
86471.1
86592
86852.4
87419.4
87428.1
88085.3
88322.5
88380.1
88571.8
88808
89087.9
89158.1
89303
89362.3
89413.3
89456.4
90159.9
90244.2
90549.4
90589.3
90616.7
90645.8
90861.3
91054.3
91181.6
92321.4
92333.7
92577.7
92603.4
93279.9
93363.1
93509.3
93641
93755.9
93769.2
94404.2
94691.3
94696.2
94734.7
94983.4
95117.3
95342.4
95341.5
95389.8
96349.9
96509.9
96743
97045.6
97261.3
97990.8
99012.7
99161.5
99265.5
