964.59
1514.15
1513.99
1870.55
3138.59
3752.62
5992.91
6021.04
6248.53
6819.22
8450.12
8790.21
9782.02
10081
12658.9
13305.6
14734.9
19061.4
19646.1
21825.5
25079
25593.8
27772.5
28974.2
31009.1
31356.3
32045.7
33071.7
33191.9
33686.5
33690.6
34672.7
35590.1
36779.1
39692.6
40428
40748.5
41335
41371.2
42561.8
42643
46497.7
46749.6
48923.6
49098.6
49987.6
50442.6
50768.7
51652.9
52075.4
53509.6
53652.7
55952.2
56782.6
57448.9
59634.6
59644.3
63121.3
65404.5
65658.9
67835.9
68661.8
68794.2
69001.1
69474.4
70677.5
71085.9
72151.8
73401.5
73767.3
74687.6
75985
76438.1
77370.5
80742.1
81213.9
82493
83172.6
83478.6
84085.2
88536.5
89487.3
89732
90383.1
90757.8
91033.2
91041.4
91231.3
91414.9
92353.2
95860.2
96666.3
97219.5
97788.6
99219.4
101539
102205
103228
105979
106667
106881
107630
108471
108753
109762
111348
111474
111611
112958
114595
116266
116517
118429
118459
118670
119833
120101
120722
120864
121166
121690
123157
123999
124184
126284
128300
130548
131776
132688
134092
134460
134480
135671
136460
138609
141675
142669
142761
144029
144086
144997
145909
147489
148472
148522
149272
150764
151673
151918
152453
157481
160071
162271
164004
165698
166035
170257
170830
170964
172930
173162
173605
174758
174971
175238
175336
177572
178963
179484
179595
180231
183083
184422
184910
185106
185437
186230
186722
188131
189948
191034
191706
193381
193435
193625
194191
197182
197640
197897
