584.99
808.69
1190.25
1338.35
2682.19
3058.46
3245.9
3388.7
3390.5
3759.63
4026.22
5529.09
5727.05
5794.95
5902.19
6096.13
6311.12
6535.02
7503.32
7653.49
8088.32
8162.68
8581.76
9152.01
9880.57
9910.75
10136.9
12075.8
12314.7
12360.9
12942.7
13226.3
13756.9
13856.4
13888.9
13945.5
14045.5
14353.5
14620.8
15106.4
15328.1
15841.5
16582
17177.3
17431.2
17439.8
18452
18459.6
19468.1
19490.3
19844.9
20031.7
20066.8
20767.5
21498.9
21771
21970.2
22775.1
24133.6
24526.1
24719
24753.9
25063.6
25139.5
25386.4
25498.4
25676.3
26515.4
26831.8
26931.6
27446.7
28251.2
28288.6
29603
30365.6
30771.6
30776.6
30782.1
32433.2
32928.8
32948.4
33428.4
33545
34436.9
34622.6
34970.2
35019.5
35324.4
35574
35605.6
35740.3
36007.5
36260.1
36583.4
36910.4
37754.5
39162.5
39441.1
39909.8
40078.4
40248.4
40281.9
40681.9
41049.4
41244
41702
42076.6
42422.2
42435.1
43076.9
44380.3
44804.7
46271.7
46598.3
46677.4
46950.8
47378.6
47656.7
48302.8
48397.4
48547.4
48705.4
48858.1
49467.8
49646.1
50089.9
50296.8
50359.6
50855.4
50849.8
51256.1
52384.2
53188.5
53207.2
53532
53704.4
53979.7
54204.8
54585.2
54669.1
54761.2
54757.7
54932.5
55185.8
55767.2
56167.9
56453.9
56471.3
56868.2
57080.4
57181.8
57842
58156
58380
58505.3
58694.6
59038.1
59151
59512.1
60188.2
60713
61121.9
61542.7
62013.8
62476.5
62842.6
64235.5
64672.2
64765.6
64938
65419.4
65588.2
66440.3
66494.9
67467.6
67510.1
68115.4
68551.7
68841.7
68932.3
69169.5
69234
69554.7
69819.9
70428.7
70958
71217
71228.4
71511
71675.9
71672.4
71691.5
71826.7
72558.2
72709.9
72902.5
73161.9
73341.8
73552.7
73958.2
74014
74265.7
74589.7
74871.2
74988.2
75113.9
75238.9
75629.6
76337.3
76530.9
77085.1
78264.6
78370.6
78884.6
80231.5
80778.1
81145.4
81203.8
82018.3
82390.9
82573.2
82724.3
82835.1
82924
82988.1
83476.6
83760.5
84821.7
85712
88391.7
88398.8
88980.7
89059.3
89053.9
89263.1
89351.5
89378.3
89432.4
89591.2
89728.7
90016.4
90294.4
90342.9
90426.6
90711.7
91026.3
91113.6
91155.2
91243.2
91397.3
91454.5
91672.8
92405.8
92443.2
93169.7
94062.1
94698.6
94806.2
95185.1
95221.2
95665.6
95688.1
96289.1
96367.1
96619.7
97073.8
97162.1
97269.6
97318
97494.2
97856
97906.5
98096.3
98652.6
98679
98979.5
100459
101011
101070
102405
102757
104106
105164
105807
106220
106234
106255
106291
107247
107370
107709
108387
108406
108588
108668
108740
109254
109716
110563
110689
111051
111445
111477
111944
112007
112370
112594
113298
114914
115076
115410
115620
115886
116127
116238
116615
116656
117008
117012
117230
117381
117424
117582
117711
117946
118080
118217
118302
118564
118662
119054
119462
119844
119919
119972
120343
120508
120886
120929
121555
121991
122324
122541
122614
122651
122766
122842
123249
123537
123583
123899
124021
124171
124416
124463
125076
125537
125993
126013
127261
127558
127972
129375
129516
130218
130381
130518
130695
130843
130940
131338
131428
131431
131986
132959
133342
133801
134148
134382
134687
134696
134740
134836
134948
135374
135380
135638
135797
136415
136640
136966
137716
138046
138087
138961
139662
140238
140600
140639
141257
141295
141455
142217
142454
142672
143484
143590
143811
143968
144564
144737
144830
145080
145318
145675
145780
146476
147133
147450
147608
147920
148069
148209
148265
148311
148359
148430
148432
148832
149047
150017
150574
151016
151663
151944
152395
152520
153342
153776
154511
154797
154978
155103
155576
156075
157030
157313
157328
157452
157546
157998
158228
158278
158393
159615
161288
161442
162591
163460
163521
163537
165447
165551
165777
165788
166021
166480
166525
166702
167424
167579
167735
167812
169931
170729
170904
171034
171389
172496
172518
172731
172796
173161
173502
173540
173698
174224
174671
174801
174997
175033
175955
176671
176760
177386
177730
177845
178141
178426
178645
178835
179182
179191
179367
179753
180182
180224
180403
180516
180644
180762
180965
181439
182223
182635
182886
183247
183634
183966
184158
184771
184952
185008
185383
185920
186206
188066
188411
189255
189353
189590
189742
190273
190294
191355
191820
192264
192387
192687
192837
192941
193052
193157
193337
193856
193862
194146
194302
194918
195741
197324
197690
198040
198367
198635
199138
199469
199660
