3816.83
4639.95
4911.16
6360.31
6501.69
7365.54
7808.34
8134.87
8290.84
9106.01
9681.6
9681.23
10198.2
10593.7
10622.7
11523.1
11973.4
12510
13023.3
13739.3
13741.6
13761.6
13954.5
14237.8
15968.3
16420.9
16438.1
16710.9
17227.2
18255.8
19085.5
19094.7
19414.3
19702.2
20609.6
21345.1
22172.2
22901
24325.3
24657.9
24667.4
24893.4
25014.7
25141.6
25190.7
25363.8
25560
26090.4
26409.6
26606.8
28470
28702.3
29488.7
29613.7
29914.6
29915.9
30360.5
30501.5
31075
31857.6
32668.8
36216.5
36638.1
36981.8
37536.4
38667.2
39499.6
39632.3
39791.6
39996.1
40178.5
40981.3
41053.7
41506.4
43872.4
44424.8
44934.9
44966.6
45160.6
45240.7
45385.2
45524.6
45706.7
46021.9
46174.2
46309.5
46753.7
47447.6
47865.5
48770.8
49104.8
49461.5
50546.5
50726.1
50773.4
51340.8
51452.7
51683
51730.9
52213.9
52319.6
52470.9
53134.4
53131.5
53177.9
53298
53448.8
53557.9
53601.4
53787.5
53945.3
54167.5
54714.1
55393.3
55917.3
56099.1
56341.6
57208
57469.5
58062.4
58394.6
58441.4
59672.1
59900.3
61324.5
62192.5
62276.5
62933.3
63106.6
63103
63988.3
64393.5
64829.2
65358.8
65699.4
65786.7
66645.1
66814.7
66869.7
66930.2
67906.6
68969.5
69610
70380.7
71082.6
71403
71509.7
72228.3
72557.8
72587.1
72768.7
73048.7
73549.3
73907.8
74146.4
74347.5
74350.6
74547.7
74747.5
74924.4
75357.1
75426.2
76423.9
76480.5
76541.6
76778.6
77730.7
77747.1
78313.6
78475.1
78949.5
79006
79123.6
79396.9
79440
79715.1
79776.5
80251.7
81296.4
81859.1
82377.9
83084.7
83485.9
83703.9
84951.4
85244.3
85308.4
85344.3
85708.8
85926.2
86706.6
86829.2
87096.5
87100.8
87968.2
88985.7
89110.3
90562.3
90748.7
91036
91638.4
92119.2
92710.1
92794.5
93633.9
94610.1
95055.7
96325.4
96351.6
97337.7
98159.7
98271.4
98656.2
99507.8
100581
100787
101721
101977
102079
102314
102403
102487
102573
102861
103387
103849
104160
104395
104920
105118
105390
105670
106986
108078
110303
110722
111835
111940
112033
112382
112477
112671
113047
113448
113695
114324
114554
115142
116274
117717
119826
120389
120961
121270
123426
124658
125283
126729
127784
127980
128285
129596
130036
130568
131844
131931
132702
133176
135004
136016
137669
138108
139459
140130
140422
140788
141390
142177
142474
142749
142941
143578
143715
144408
144420
144625
144892
145198
145273
145778
145814
146405
146635
147278
147541
148580
148888
149952
150696
151595
152659
152851
153054
153325
155674
156054
156491
156760
157012
160789
162232
162715
162901
162905
163167
163538
163625
164510
164623
164972
165582
167955
168349
168784
168787
169512
169853
170085
170388
170682
170939
171176
171408
172300
172464
172562
172612
172870
173167
173349
173759
173938
174160
174288
174638
174824
175066
175220
176162
176621
177095
177350
178002
178850
180385
180860
181294
182579
182663
183261
184426
186291
186553
186732
188292
189020
189096
190101
191503
191697
192047
192987
193716
194322
194417
195028
195764
196058
196229
197123
197859
198431
198614
199592
