102.63
272.22
797.33
907.41
1437.52
1989.35
2019.63
2100.44
2255.09
2351.3
2421.51
2483.47
2724.59
2747
2992.22
3070.62
3749.01
4075
4201.69
4248
4447
5214.29
5254.36
5529.17
5541.99
5660.58
5744.64
5916.18
7035.46
7395.67
7464.63
7473.64
8114.58
8444.52
8856.3
9561.38
9699.67
9700.92
9866.99
10161.6
10186.2
11305.4
11953.9
12089.9
12134.4
12378
12874.3
13774.8
13870
13997.3
14439.2
14460.1
14890.5
15271.2
15523.3
15726.2
15910.6
15962.9
16047.2
16290.7
16303
16547.1
16563.8
16632.1
16804.2
16865.3
16933.4
17207.5
17398.3
17427.7
17565.2
17641.5
17663.9
17693.4
17709.4
17779.2
18002.4
18141.2
18214
18459.4
18578.9
18842.3
18862.3
19045.8
19252.4
19922.3
20185.2
20183.3
20275.9
20389
20501.3
20762
20819.7
20910.3
20963.5
21537.3
22480.8
22672.7
22761.4
22880.4
22987.3
23177.4
23355.7
23645.2
23787.6
24186
24292.4
24515.5
24554.6
25063.7
25077.1
25117.7
25486.6
25522.9
25649.7
25654.2
25731.2
25882.2
26291.9
26558.2
26572.2
26615
26695.9
26757.3
27140.6
27422.6
27468.1
27491.8
28213.5
28347.1
28400.9
28467.4
28477.1
28512.4
28567.9
28714.5
28915.3
29102.2
29226.6
29270.4
29448.5
29472.4
29464
29817.5
29890.7
29928.1
30163.2
30161.6
30539.8
31344
31699.1
32135
32274.9
32481.7
32551.6
32594.3
33017.7
33124.6
33231.3
33247.3
33320.4
33612.7
33661.4
33754.3
33958.3
34006.9
34227.6
34498.2
34535
34948
34992.8
35315.7
35474.9
35645
36031
36139.9
36683.8
37078.7
37574.5
38008.1
38270
39553
39671.2
39893.5
40433.3
40521.3
40782.7
41252
41275.8
41482.4
41717.2
41778.9
41859.6
41888.9
42230.5
42236.7
42323.5
42509.2
42751.4
42811.2
42818.3
42834.4
43050.2
43266.6
43503.5
43544.8
44018.7
44043.7
44207.1
44458.2
44557.9
44691.7
44935.8
45234.5
45314.9
45734.2
45993.8
46174.6
46470.3
46854.5
47163.9
48152.1
48414.4
48844.2
49092.4
49848.7
50151.6
50609.1
51227.3
51683.3
51938.1
51969.7
52248.5
52714.8
52739.8
52927.4
53320.8
53862.1
54209.4
54656.4
54847.4
55055.5
55221.3
55328.2
55458.9
55577.4
55782.2
55909.5
56017
56230.9
56557
57163.6
57529.4
57751.3
57834.3
58040.9
58302.3
58389.6
58536
58725.9
59026.9
59162.2
59796.4
60460.9
60470.9
60888.2
60926
61025.5
61054.4
61108.9
61117.9
61243.2
61371.7
61698.6
61707.9
61943.2
61966.3
62056.5
62329.7
62581.7
62745.4
62863.8
62978.4
63186.6
63773.9
64176.9
64456.9
64794.1
64906
64921.6
65023.3
65288.8
65369.2
65615
65630.4
65749.5
66277.2
66497.1
66547
67181.7
67274.3
67342.7
67676.2
67819.8
67866.9
67954
67973.8
68283.7
68645.3
68766.4
70647.4
71181.1
71571.3
72044.8
72192.5
72940.1
73610.7
74767.9
77303.7
77386.6
77725.1
77776.2
77988
78184.5
78419.3
80263.4
80360.1
80975.3
81919.2
82101.6
82242.1
82535
82562.8
82621.2
83410.4
83551.1
84202
84551
84698.2
84705.7
84750.3
84832
84904.4
84973.7
85612.2
86205.3
86478.5
86999.5
87051.8
87153.4
87281.1
87487.6
87865.1
88421.2
88855.7
89779.7
89966.7
90292
90343.6
90992.1
91089.8
91150.7
91171.7
91272.6
91552.7
91716.3
92362.4
92893.4
93313
93755.5
93870.4
94695.5
94898.3
94951.4
95838.8
96231.7
96430.7
96533.1
96806.2
96810.8
96848.5
97267.2
97569.7
97596.6
97762.1
97902.4
98074.5
98339.1
98647.2
98954.5
99096.5
99082.2
99528.8
100008
100418
100562
101016
101460
101597
101757
102123
102186
102223
102415
102428
102475
102602
102681
102845
103268
103313
103533
103734
104295
104339
104798
104834
105272
105902
105995
106225
106663
106916
107008
107137
107264
107610
107879
107941
108156
108256
108428
108561
108591
109461
109706
109754
110016
110093
110084
110138
110366
111356
111696
112019
112059
112163
112216
113004
113358
113456
113613
113670
113710
114016
114130
114422
114525
114790
114821
115106
115125
115294
115454
115485
115645
115953
116013
116463
116826
116905
117070
117700
117755
118065
118201
118415
118659
119364
119394
119611
119687
119730
119865
120513
120781
120912
121093
121361
121533
121541
121779
121916
122205
122453
123212
123329
123978
124033
124200
124252
124430
124749
125069
125069
125452
125498
125671
125844
126386
126402
127424
127429
127966
128439
128740
128797
129407
129878
129884
130397
130828
131312
131497
131539
131688
131683
131847
131891
132096
132320
132538
132718
133272
133393
133488
133776
133879
133992
134137
134415
134428
134863
135067
135227
135377
135527
136267
136443
136968
137441
137566
137832
138126
138363
138819
138944
138985
139047
139104
139222
139283
139636
139962
140132
140249
140358
140411
140667
141033
141609
141959
142241
142424
142708
142927
143129
143319
143586
144406
144532
144613
144612
145813
146044
146131
146837
147160
147864
148083
148594
148650
149168
149354
149513
149675
149823
149946
149989
150031
150368
150862
151039
151460
151821
152042
152134
152175
152369
152864
153059
153232
153258
153637
153851
154361
154544
154787
155071
155202
155713
155889
156115
156217
156487
156607
156666
157146
157216
157434
157635
157907
158282
158329
158681
158836
159175
159542
160442
160571
160810
161071
161362
162696
163037
163123
163175
163208
163323
163561
163579
163607
163609
163613
163695
163900
164012
163999
164186
164411
164664
164875
164915
165316
165367
165412
165879
166500
166709
167434
167441
167661
167785
167805
168355
168439
168682
168771
168776
169034
169229
169284
169406
169566
169741
169830
169919
169944
169995
170123
170183
170320
170325
170457
170660
170731
171366
171375
171700
171741
171886
172371
172819
173441
173481
174145
174849
175156
175939
176484
176506
176597
178332
178777
179049
179070
179407
179996
180036
180377
180771
180993
181374
181412
181626
181635
181685
182595
182629
182665
182930
182972
183239
183524
184589
185198
185343
186185
186610
187559
187738
188001
188029
188636
188682
188719
189012
189159
189561
189670
189741
189862
189934
190022
190150
190188
190354
190423
190505
190659
190822
191044
191110
191280
191570
191926
191936
192011
192488
192926
193018
193406
193677
194146
194197
194372
194397
194407
194466
194652
194798
195235
195535
195719
195742
196292
196484
196665
196799
197076
197591
197684
197740
198187
198441
198877
199323
199368
199680
