15186.8
18539.6
21051.1
22603.6
23767.9
24527.1
24729.2
25017.2
25485
25949.1
26393.3
28416.2
29627.2
29976.4
31494.2
33885.3
35918.7
36336.9
37620.6
46699.2
48716.1
49910.9
51018.2
54025.5
56169.1
56307.9
56494.3
56826.7
57117
57125
57209.5
61691.7
63169.6
64407.9
65455.2
66112.5
66150.1
66525.5
67966
68164.8
68428.1
69234.5
69498.8
70725.7
70898.3
71065.9
71703.5
72908.3
73304.1
75805.3
75955.6
76711.1
77873
78450.1
78676.2
78857.2
79144.4
79570.6
80013.4
80823.9
81078.1
81514.3
81568.4
81930.6
82381.2
82579.6
83045.6
83089.9
83390.8
83617.3
84086.6
84814.1
85643.3
88813.5
89242.5
89767.9
90437.4
90724.9
91055.1
91633.2
91713.9
92364.7
94208
94887.9
96184.8
99133.7
100203
101526
106021
107174
109909
111842
113212
116639
118273
118702
119479
119900
119964
121241
121538
122123
122363
122527
122766
123200
123572
126427
127322
128880
129837
130581
133413
137488
138258
140495
141132
145140
154454
157424
158330
158357
159023
160547
162170
175551
176927
180096
180865
181060
181548
181910
192592
193158
