92.06
135.34
285.93
440.81
480.21
502.43
694.14
911.88
1105.76
1461.43
1587.51
1591.79
2190.07
2651.53
2980.62
3574.67
4166.61
4281.81
4410.04
4499.66
4737.56
4846.4
5061.79
5387.75
5587.98
5597.38
6038.99
6127.59
6415.73
6780.81
6822.5
6982.01
7017.02
7360.27
7804.81
7814.6
7905.72
8074.06
8113.61
8448.36
8455.21
8630.53
8768.81
9043.66
9164.86
9591.31
9630.99
9637.76
9966.12
10059.4
10065.3
10153.8
10175.5
10542.2
10636.4
10856.2
10883.8
11585.4
11588.7
11651.5
11693
12072.9
12331.1
12421.7
12728
12803.6
13131.3
13186.4
13760.3
14022.9
14535.9
14656.9
14726.4
14870
15197.2
15291.2
15644.2
15903.4
15955.4
15962.1
16197.4
16593.5
16622.9
16709.8
16714.7
16855.6
17003.8
17164.1
17371.3
17487.9
17788.9
17868.8
18256.5
18462.9
18797.9
20845.2
20859
21152.9
21360.5
21415.7
21496.9
21552.5
21576.7
21749
21807.8
21963.8
22041.4
22206.3
22413.5
22512.6
22566
22678.9
22795.2
22946.4
23007.4
23168.3
23386.2
23428.3
23534.3
24008.1
24053.5
24550.8
25220.1
26180.9
26211.5
26759.9
26842
27045.3
27508.1
27654.6
27863.4
27894.8
28014.4
28389.4
28586.1
28892.8
28891.2
28998.7
29247.9
29364
29601.8
29909.1
30078.1
30179.8
30629.8
31119
31379.3
31585.8
32175.7
32284.6
32292.5
32360.1
32457.6
32484.6
32494.5
32573.9
32582.9
32675.7
32951.6
33479.3
33702.7
33702.3
34065.1
34100.3
34224.2
34430.5
34723.1
34766.3
35304.5
35880.8
36247.2
36324.5
36486.2
36966
37243.5
37311
37323.8
37508
37526
37607
37779.7
37818.2
37911.1
37988.7
38051.6
38108.6
38116.2
38139
38339.7
38421.8
38556.3
38841.9
39209.4
39244.2
39326.1
40122.7
40191.6
40287
40338
40480.9
40533
40756.9
40865.8
40878.3
41017.7
41048.1
41110
41238.3
41698.3
42089.3
42401.3
42413.2
42431
42505.3
42753.2
42887.7
42990.6
43336.5
43532.3
43747.9
44054.3
44284.8
44413.4
44477.1
44572.4
44728.2
44957.6
45579.4
45666
45718.2
45729.1
45868.9
46378.1
47053.9
47104.5
47398.4
47476.9
47475.1
47609.7
47610.4
47661.4
47859.6
48719.3
48784
48951.7
49020.9
49036.2
49093.1
49221.5
49225.8
49526
50204.3
50782.9
50838.9
50952.4
50987.5
51200.9
51492.5
51669.4
51685
51767.5
51990.7
52006.9
52230.9
52278.1
52710.5
52820.8
53160.8
53294
53292.3
54183.4
54199.7
54271.7
54671.3
54691.9
54808.8
54823.4
54853.4
54863.3
55321.1
55551.6
55706.6
55765
55815
55809.4
56017.4
56079.9
56131.7
56217.3
56589.6
56645
56775.5
56791.3
56914.7
56918.3
57055.4
57501
57538.3
58018.7
58390.2
58412.6
58435.5
58675.5
58894.5
58963
59185.4
59216.4
59315.6
59543.1
59648.9
60446.6
60487.1
60988.4
61151.5
61260.2
61485.5
61661
61814.6
61896
62089.6
62364
62652.6
62943.3
63252.2
63478.2
63594.7
63709.1
63913.3
63934.7
64055.8
64178.8
64264.5
64374.4
64568.7
64600.6
64613
64709.6
65060.4
65087.6
65346.9
65619.2
65865.8
66048.9
66165.9
66176.5
66320.6
66479.5
67337.6
67461.4
67571.5
67693.3
67949.6
67978
68115.3
68121.6
68178.5
68210.4
68455.4
68569.2
68569.6
68703.7
68877.7
68922.3
69260
69311.2
69532.2
69866.2
70126.3
70164
71546.8
71537.2
71725.8
71923
72057.8
72144
72360.6
72423.7
72482.9
72621.6
72846.3
72969.9
73046.2
73158.9
73343.5
73391.8
73402.6
73529.1
73677.6
73743.8
74133.3
74204.3
74518.6
75758.8
75959.1
76082.8
76963.4
77001.5
77132.2
77171.9
77175.9
77203
77252.5
77539
77620.9
77729.1
77924.1
78135
78139.8
78196.3
78349.3
78379.2
78449.8
78514.9
78784.6
78915.8
78949.3
79035.2
79095.5
79108.5
79228.2
79572.8
79588.1
79647.4
79746.4
79778.1
79805.8
79958.3
79991
80039.7
80327.8
80500.4
80576.6
80676.5
81124.7
81213
81275.1
81361.9
81379.1
81454.8
81512.4
81648.4
81762
81865.6
81953.5
82272
82616.8
82645.3
82734.5
83284.7
83294.9
83579.6
83859.3
84163.7
84234.7
84369.4
84405.3
84636.7
84666.4
84741.9
84806.3
84941.6
85103.3
85221.4
85446.3
85727.5
85844.9
85875.6
85908.9
86034.4
86044.7
86282.9
86361.3
86410.9
86546.5
86647
87514.8
88154.5
88614.9
88951.9
89158.7
89226.1
89586
89614.8
90089.8
91668.4
92333
92627.2
92763.9
92815.1
93387.3
93518
93569.7
93652.6
93988.2
93997.6
94090.9
94231.7
94327.2
94383.5
94473.8
94580.3
94689.1
95299
95609.5
95713.2
95923.8
95961.6
95998.6
96345.2
96788.2
96799.8
97564.1
97784.1
98152.7
98171.2
98233
98301.1
98469.7
98539.1
98656.9
98866.4
99167.2
99502
99621.2
99857.1
100242
100421
100557
100562
100633
100977
101005
101284
101323
101485
101884
101918
102540
102979
103060
103419
103438
103624
103670
103936
104076
104300
104477
104679
105097
105602
106057
106218
106300
106417
106481
106523
106701
107339
107811
107961
108025
108059
108724
109061
109104
109252
109418
109790
109889
110066
110080
110130
110231
110660
111160
111714
112057
112282
112562
112605
112696
112786
112936
112953
113475
113502
113581
113696
113745
113850
113946
114428
114474
114683
115405
115480
115848
115996
116012
116455
116565
116917
117050
117147
117147
117428
117542
117594
118104
118139
118171
118180
118209
118649
118768
119115
119127
119140
119433
119507
119641
120546
120892
121187
121206
121202
121347
121412
121564
121639
121681
121809
121913
122007
122369
122448
122485
122667
122688
122757
122778
122965
123020
123410
123697
123981
124035
124075
124290
124458
124574
124776
124868
125004
125105
125327
125879
126005
126123
126165
126385
126683
126704
126937
127297
127928
127952
127975
128113
128153
128347
128336
128578
128681
128721
128898
129038
129142
129520
129649
129868
129909
129923
130166
130200
130427
131000
131532
131812
131952
132149
132280
132669
132717
132740
132882
132899
133831
133921
134176
134186
134798
135279
135712
136037
136159
136186
136429
136474
136473
136617
136693
136708
137020
137066
137089
137228
137330
137811
137836
137960
138148
138214
138480
138541
138701
139263
139593
139969
140163
140287
140469
140561
140639
140953
141258
141646
142084
142219
142358
142625
142768
142907
143095
143536
143765
143772
143922
144033
144597
144864
144873
144875
145038
145089
145361
145404
145519
145755
145780
145997
146247
146546
146741
146856
146929
146937
147077
147100
147119
147366
147376
147428
147575
147726
147848
148020
148428
148707
148810
148860
149821
150090
150474
150504
150690
150955
151004
151042
151404
151501
151630
151719
152250
152364
152508
152661
152901
153085
153337
153708
153748
153762
153777
154500
154931
155041
155414
155530
155787
155804
157228
157505
157652
158248
158632
158797
159046
159714
159843
160010
160114
160735
160783
160800
160907
161053
161439
161435
161544
161607
161955
162060
162157
162303
162323
162415
162497
162655
162756
162942
162977
163217
163462
163558
163764
163885
164154
164233
164400
164438
164429
164520
165135
165242
165407
165534
165526
165590
165774
165844
166049
166244
166553
166756
166763
167141
168075
168521
168548
168902
169128
170351
170442
171522
171610
171849
171863
172025
172789
173233
173520
173635
174040
174246
174294
174661
174742
175012
175132
175358
175752
175781
175808
175996
176133
176572
176647
176859
176955
177296
177518
177982
177986
178336
178388
178412
178452
178673
178669
178794
178933
178940
178996
179191
179269
179494
179512
179659
179841
179947
180125
180151
180281
180540
181003
181231
181279
182098
182274
183181
183235
183468
183620
184006
184070
184255
184250
184675
184880
185080
185356
185347
185867
185949
186160
186281
186300
186378
186534
186563
186655
186804
186865
186927
187016
187215
187358
187894
187951
188203
188196
188211
188326
188548
188580
188648
188867
189107
189398
189411
189451
189686
189812
189866
190112
190436
190693
191077
191367
191570
192191
192724
192859
193542
193578
194151
194369
194618
195206
195397
195558
195557
195691
195798
196107
196209
196631
196684
197009
197065
197352
197575
197661
197916
198057
198296
198308
198378
198710
198928
199498
199661
