576.22
657.45
1600.34
2789.4
2958.11
3505.15
4248.16
4641.15
5373.04
5748.68
5786.4
6125.62
6286.93
6629.59
6873.47
7374.52
7776.37
8277.42
8700.48
8830.18
9825.33
10237.5
11526
11765.9
12818.5
13080.8
13145.7
13969.9
14095.8
14205.5
15488.9
16335.4
17071.7
17490.1
18023.4
19468.7
19523.2
20376.4
21764.8
22370.8
22404.8
22510.5
22934.5
23219.8
23614.8
24065.2
25002.6
25156.9
25942
25970.2
26387
26528.8
27056.5
27102.3
27515.6
28011.2
28436.3
28771.3
29079.4
29475.7
29648.2
29856.3
30119.6
32128.6
32236.3
32642.1
33885.7
34830.3
35017.5
36718.9
37221.5
39063.5
39345
39655.9
39991.8
40628.3
40737.1
40774.3
41071.6
45651.8
46503
47115.6
47227.4
48223.4
49540
49714.6
49779.5
50127
50296.4
50324.2
50368.4
50708.7
50770.5
51298.9
51631.2
52019.2
52923.9
53608.2
54173.2
54411.3
54481.3
54942
55559.6
56028.6
56862.3
57044.1
58798.2
59205
59948.3
61522.5
62413.5
62526.9
63169.6
63305.4
63375.6
64476.4
64978.4
65009.5
65129.2
65613.5
66211.3
66665.7
66945.9
67062.1
67272.4
68416.3
68889.8
70410.1
70710.6
71085.5
71889.6
72801.4
72904
73330
73668
75075.8
75252
75612.8
76734.4
76865.2
77666.5
78699.1
79024.8
79208
79320.8
79618.2
80049.7
80634.9
80686
81297.6
81570.2
82686.5
83729
83992.5
84944.2
84986.4
85008.5
85573.8
86104.9
86642.5
87173.4
87412.6
89549.1
89756.3
89867.4
90389.6
90419.2
90842.2
91949.1
92347.3
92859.6
93322.6
94884.5
95177.1
95739.8
95745.6
95952.4
96013.2
98196.2
98398.6
98730
98948
98953.3
99339.6
99451.3
99769.9
100525
100522
101465
102513
102897
103022
103647
103958
104751
107314
109273
110707
111063
111757
111959
112637
112880
113256
114075
114762
115907
116277
117664
117676
118042
118749
118992
119701
122052
122853
123167
123854
124334
124768
124786
125244
125255
125871
126740
128915
129669
130986
131367
131701
131738
132450
132471
132568
133140
134588
137002
138483
138729
138748
139084
139812
140130
140975
141352
141636
141662
141753
143037
143251
143831
143995
144242
144745
145081
145811
150068
150226
150339
150784
151558
151809
152343
154001
156761
157375
158242
158679
159175
161012
162227
162357
162447
162503
162883
163218
163984
164117
164996
167095
167667
167964
167985
169948
172468
172651
172670
173415
173423
173836
173981
174586
177307
177489
179365
181554
182184
182216
182668
183071
183737
184683
184840
185077
185576
185983
186166
186354
186728
187483
187904
189866
190884
191925
193117
194216
198504
198561
199037
199528
