194.48
1434.12
1475.6
1508.87
2721.09
3593.62
5604.64
6179.09
6222.34
7205.61
7522.83
7588.23
7673.25
9057.67
9286.35
10046
12786.2
12883.3
13288.6
13326.6
13585.8
13700.9
15267.9
17396.2
17726.4
18193.3
18209.2
19293.4
19304.4
19348
20339.8
20420.4
21536.9
22143.5
22180.5
22673.6
22957.2
22967.6
23467.3
23512.6
23799.5
24605.1
24674.1
24691.7
25392.1
25703.9
25775.1
26202.4
26350.8
26775.6
27755.4
28240.9
28693.5
29327.3
29706.6
31234.4
31296.7
32125
32495
33486.8
34665.3
36573.4
37354.6
38519
38874.9
38896.1
39034.1
39437
39924.1
40078.3
40095.8
40252.2
40534.7
42357.4
43995.3
44560.5
44983.7
45146.9
45252.6
45746
46000.7
46665.9
46680.6
46805.6
48526.3
49251.7
49351.4
49709.7
49789.4
50356.7
50544.5
51135.5
51482.1
52602.3
53261.3
53365.5
53532.5
53576.9
53955.8
54736
54753.4
55052
55222
55434.5
56474.1
57950.5
58374.1
58989.4
61301.7
61377.5
62343.9
62854.8
64101.9
64862.2
64953.5
66006.8
66657.3
67068.1
67198.6
68710.2
69152.1
69525.3
70186.6
71132.1
71498.1
72693.1
73004
73192.4
73341.7
73962.7
74774.3
74902.6
75877.8
76321.6
76550
77433.8
77904
78231.3
78504.3
78945.1
79424.9
79619.3
79783.3
80373.8
80425.6
80567
80684.4
82400.2
83498.2
84061.6
84734.1
84743
85140.5
85741.4
86359.2
86400.4
87020.3
87181.5
87371
88298.6
88958.3
89262.4
89666
90067.9
90099.2
90500.7
91513.6
92372.2
92624.8
92867.4
93233.3
93342.2
93817.3
93848.2
94480.3
94501.4
94638
95867.4
96417
97494.7
97834.3
98469.7
98740.7
98752.3
99210.8
99235
100210
100270
100959
101233
101644
102416
102477
102779
102965
103302
103869
104628
104784
104839
105419
107054
107163
107708
108878
108899
110613
110803
111772
112249
112416
113790
113840
114548
115676
116084
116104
117446
118646
118741
120794
121111
122221
122284
122664
122956
123147
123631
123661
123694
124153
124169
124518
124643
125009
125372
126459
126892
127523
128182
128576
128873
129065
129538
129911
130414
130765
131049
131273
131509
131719
131724
131738
132203
132310
132694
132783
132832
134239
134524
136791
137312
137668
137741
137951
138121
138581
138710
138850
139295
140020
140257
140923
141355
142256
142501
142924
143089
143492
143690
144280
144821
144899
145776
148054
149240
150037
150361
150475
151625
153095
153874
154647
155361
155668
156109
156533
157125
157618
158416
160188
160272
161953
162126
162144
162249
162318
162487
162532
162738
163832
163875
164070
164624
165776
166227
166924
168427
168705
168806
169189
169840
172321
172401
173166
173476
173727
173855
173870
175096
176913
177148
177653
178946
179757
181159
181387
182008
182984
183130
184481
184607
184705
184838
185252
185742
186505
186954
187016
187792
188224
188358
188911
189076
189308
189700
191309
192438
193022
194029
194989
195498
197849
197955
198131
198209
198893
199197
199956
