390.03
1184.04
1662.42
1980.6
2058.38
2625.29
3079.23
3783.54
4462.53
4819.66
5450.48
6759.6
7244.75
7431.72
8328.14
8786.58
8797.66
9319.18
9574.23
10887.1
11819
12575
12815.4
12906.2
12958
14312.2
14897.9
16349.2
16845.7
18272.9
19847.9
20260
21171.3
23121.5
23560.1
25291
25381.3
27283.2
27334.3
27848
28066.6
28219.1
28626.7
28812.7
28815.7
30131.9
30479.7
31673.7
31723.8
32733
33927.5
34957.9
35509.8
36054.8
36080.8
36507.1
36559.1
36992
38518.9
38754.9
39493.1
40510.4
41206.4
43223.9
44485.5
44783.7
46107.9
47446.8
47581.6
49384
49454.3
49618.7
49686.3
50482.9
50729.7
50744.6
51843.3
51941.3
52009.2
52122.8
52365.7
53071.6
54062.9
54235
55724.6
55972.1
56489.3
57647.1
57762.9
58178.8
58627.3
59500.1
61139.7
61396.1
61821.4
63222.2
63247.7
64074.4
64740.9
66517.5
68404.4
68676.1
69273.3
70553.4
70993.5
72378.9
73918
74828.2
75487.6
75651.6
75962.1
77055
77391
77758.4
79553.8
80071.3
80777.9
81021.4
82950.9
83173.7
83969.3
84625.7
85303.5
85890
86101.3
86529.4
87896.4
88121.3
88357.4
90342.2
90354.9
91145.2
92237.3
92718.7
92730.3
93486.5
95283.9
95415.6
95498.6
95704.2
95828.7
96393
96646
96695.1
97633.5
100106
100925
101418
101643
102151
102808
102972
104377
105245
107163
107389
109410
109725
110098
110707
110870
111888
112838
115109
115727
115978
116689
117079
118950
119374
119483
119495
119567
119724
119949
121222
121696
122374
122811
123037
123139
124155
124399
125575
125698
125792
126611
126670
127497
128838
129409
130654
131609
132566
132745
132954
133262
133683
133879
133974
134363
134823
134864
135895
136734
136752
137040
138466
138512
139492
139509
139887
140573
141539
142183
142240
142654
143778
144788
145055
146094
147919
148347
149058
149449
149660
150084
151185
151674
151845
152017
152081
153650
153909
155514
157098
157982
158509
158626
159370
159708
159817
160729
160893
162310
164676
165395
167469
171784
172150
172961
173843
177897
178207
179046
179230
179217
179273
180148
182361
182723
183701
184186
184796
185648
186390
186811
187010
189209
190332
191354
191595
193832
194012
194943
195302
195937
196408
196469
196975
197015
197396
197579
197743
