1425.65
2455.26
3123.79
3156.65
3336.4
5995.54
7311.62
7729.77
7743.99
8051.56
8251.62
8451.41
9111.13
10578.6
13833.6
13942.1
15697
16647.7
17529.2
18085.3
18404.8
18812.9
18927.7
20663.5
21882.7
23700.6
23745.8
24194.6
25067.5
25432.2
25567.2
25833.9
27291.2
27609.8
33831.8
34768.7
35674.2
36367.1
43208.5
44112.2
44445.8
44766.1
46909
49321.6
49928.5
51078.5
52430.4
53739.8
53765.3
55585.7
55950.3
56478.7
56970.7
57286.7
58490.5
61887
62284.8
64384.9
66837.2
67056.8
68087
68347.3
70972.3
71230.2
71619.8
73515
75439.8
76505.8
78332.8
79439
82751.1
84139.1
85610.9
97957.6
98137.9
98616.7
99196.6
99970.6
100856
101145
102279
102482
104496
105812
106013
108469
108610
109228
111044
111868
115372
118692
119633
120092
120352
120897
122184
123069
123756
125150
125724
125980
126494
127453
127539
127738
128117
128250
128507
132747
133777
134138
135928
136723
138687
140325
144315
151269
151659
157319
162315
163418
164408
164680
164798
164888
164880
165402
166440
167034
168543
169394
170568
171238
172026
172231
172987
174393
174759
174873
175553
176253
177017
179072
180196
181021
182850
182938
183444
185052
185567
186618
186919
187550
188019
189833
191675
195254
195283
195602
195835
196197
196654
197104
