787.5
1412.53
1582
1654.93
1701.32
2866.08
3393.6
3791.6
3951.76
4511.48
4639.63
4794.58
6943.65
7528.7
7584.1
7868.89
8179.51
9274.25
9981.85
10619.6
10941.9
11129.4
12463.5
13141.3
13316.1
13631.7
13768.5
14248.3
14646.7
15379.6
15416
15796.4
15997.9
16107.1
16804.3
17075.1
17173.6
18383.1
18586.8
18933.8
19308.3
20159.7
20159.9
20613.6
21419.8
21638.2
21655.5
22129.2
22255.1
22571.8
22777.8
22814.7
23650.4
24790.5
25320.4
26598
26710.4
27525.2
28142.2
28830.4
29947.4
31481.9
31535.2
31592.2
31941.7
32767.8
32984.1
33024.5
33297.6
33466.1
33542
34256.4
35027.7
35054.7
35510.7
35583.2
36638.9
36963.1
37846
37938.1
38033.1
38045.9
38358.1
38827.6
39201.8
39242.5
39493.9
39652.9
40947.8
40994.2
41926.7
42329.6
42698.8
42812.8
43651.4
43804.9
44412.1
44423.5
45070.2
45470.7
45684.6
45698.4
46915.6
47731.4
47775.3
48532
48571.7
48868.6
49092.3
49425.2
49647.6
50033.8
50726.7
50987.3
51248.2
51508.3
51613.1
51911.2
52039.2
52804.3
52971.4
53471.3
53609.4
54130.4
55422.4
55610.5
55838.3
56212.7
57401.4
58190.7
58267.8
58402
58752.2
59286.9
59688.6
60649
60892.6
60914.9
62413.3
62747.4
63115.6
63432.3
63595.7
64909.2
66812.2
67299.7
68431.4
69576.3
69630.1
69748.7
69793.1
69874.9
70648.4
70889.2
71019.6
71107.4
71284.4
71295.7
71958.7
72037.9
72112.3
72282.7
72412.5
72689.9
72977.1
73119.4
73217.3
73237.2
73269.3
73648.7
74116.8
74189.9
74600.9
74684.9
74727.2
74946.2
75361.4
75792.3
75917.5
76034.1
76685.6
77359.7
77746.5
77916.9
78191.5
78585.4
79992.6
80282.4
80408
80725.9
81920
83170
83462.1
84278.6
84290
84301.5
84636.6
86653.1
87083.8
87107
87195
87599.7
87872.1
88439.6
88628.1
89860.6
90022.8
90049.9
90327.1
91663.8
92036.9
92270.5
94364.6
94655.5
95455.7
97547.6
97609.6
97664.5
97899
98086.1
98119.4
100667
102753
103055
103540
103630
103853
104171
104525
104969
105714
105935
106124
106516
107028
107167
107544
109108
109174
109732
110062
111750
112216
112257
112657
113365
113392
113665
114217
114931
115159
116135
116817
117023
117979
118599
118908
119331
119621
120069
120199
120572
120597
120869
121439
122411
122437
123128
123251
126810
127288
127455
128645
129302
129958
130461
131136
131299
131650
131663
132282
132582
132884
132924
132943
133332
133909
134295
135129
135617
136190
137472
139414
139688
139843
140364
142325
142701
143673
144106
144460
144799
144972
145008
145039
145044
145751
146076
146364
147301
147633
147971
148005
148734
149643
150698
152460
153469
153692
154573
154912
156424
156442
156981
157019
157065
157162
159340
159517
159816
160765
161163
161439
162024
162402
162640
162710
163331
163379
164110
165313
165567
165993
166711
166727
166895
167420
168328
168476
168862
169170
170177
171223
171440
172685
173302
173422
174021
175537
175561
176022
176408
176801
177516
178290
178422
178560
179973
180453
180729
181020
181288
181849
182577
182642
182678
183223
183995
184173
185862
186912
186924
188853
190834
191309
191870
192255
192260
192268
192565
192912
193246
193854
194102
194111
194262
194649
196660
197435
197934
197995
198166
198379
198634
199621
