2165.83
2579.18
2817.2
3332.75
4130.3
4804.39
5042.59
6279.29
6672.77
6910.82
8093.73
8163.89
8235.65
8606.02
8861.7
9848.65
10562.1
11143.6
11929.6
13008.6
15154.2
15580.2
15769.9
17206.8
17675.7
17852.7
18007.1
18305.1
18510
19892.7
20336.2
20538.1
20567.9
20849.7
21098.6
23789.6
25826.9
26457.9
28189.7
29073.3
29562.3
30475.7
32076.2
32334.7
35561.8
36524.5
37132
37205.9
38803.3
38846.7
39424.5
40990.4
42280.3
42547.6
42830.4
43891.3
44306.9
44959.2
45441.8
46001.1
47013.6
47177.9
47292.5
48108.6
48183.4
48640.8
51343.1
52811.2
52958.1
53817.9
54270.2
54835.5
55225.6
55587.5
56739.7
59178.7
61601.3
63603.9
71400.1
72408
73033.7
73723.9
74722.9
76155.3
76951
77036.8
77470.8
78631.2
79329.5
80262.8
80412.3
81416.1
82063.7
82387.4
83175.8
83586.4
83606.7
83716.1
83894.2
85914.2
86466.8
86714.9
86826.4
86997.7
87204
88009.6
88012.4
88015.7
93224
93386
94154.8
94395.7
94553.1
94798.5
95312.3
95373.5
95545
95583.1
95875.9
96468.1
96830
97192
97723
98299.7
98890.2
100582
101509
102100
102388
102755
103008
103990
104351
104416
105721
105803
106086
106428
107142
107560
108954
109953
110843
111020
111032
111544
111560
111798
111926
112686
113423
114176
121179
123056
125673
126268
126694
126933
127266
127476
129170
130895
132971
135201
136438
136801
137779
138227
138693
138980
139084
140019
145628
147514
147678
148350
150044
153198
154017
154125
154401
155149
155590
156114
156359
157529
158641
160294
160465
173844
175997
176372
176887
182173
182377
182901
184169
185906
186602
186978
188726
195947
