869.01
1617.3
2409.17
2435.19
2757.06
4018.04
5944.05
6261.81
7178.77
8352.87
9217.72
9783.34
10220.4
12742.7
13666.1
16385.7
18196.1
18640.5
19005.3
20657.7
21248.2
22396.4
22517.1
23597.7
23699.5
24226.8
25148.1
25615.8
26938.2
27347.4
27729.1
28028.8
28805.1
30469.3
30917.5
31692.2
32108.4
33890.5
33928
34014.6
34425.9
34604
37815.8
38301.3
38488.6
38624.9
38898.7
39085.6
40052.5
40311
40667.9
40896.3
41141.6
41867.7
41947.9
42105.8
44122.8
45529.4
46772.2
47384
47658.4
47966.7
48619.8
48687.7
48983.1
49360.5
51496.5
51709.3
54290.6
55092
55315.3
55478.8
56671
59298
59981.5
63172.6
63450.4
63972.3
64101.7
64596.3
64635.9
65344.4
65386.8
65483.2
66913.3
67195.3
68051.5
68294.2
68679.8
69588.1
70025.8
71176.1
71405.5
71551.9
72128.2
74430.9
75185.7
76166.9
78818
79580
80849.1
80875.6
80893.1
81095.5
82269.1
83151.7
83941.5
84655.1
85287.8
86148.5
86356.4
88199.8
88906.9
89429.9
89598.9
89655.5
90259.9
90394.5
90907.1
91503.1
93462.6
93710.8
94258.8
97865.8
98548.7
98856
99133
101092
103693
107566
107652
108049
108734
109089
109414
110119
111530
112620
113317
113625
113640
114115
114183
114601
114829
115918
116754
117995
119376
121891
122535
123755
124854
126105
126819
127787
128472
128765
129792
130050
130299
131430
132050
133413
133455
134117
135260
135552
136503
137664
139119
139402
141770
142298
142465
144001
145051
145175
145855
145999
146210
146967
149416
150128
150374
151259
154440
154625
155011
155089
155415
156576
156846
157212
157237
157582
158088
158442
161334
161736
162066
162887
162897
163207
163357
163466
164264
164415
167620
168268
168548
169203
169844
170530
171520
172498
174182
174513
175018
175213
175376
175396
175930
176152
177221
177413
179737
181547
181962
182758
183328
183737
183848
184875
187382
187820
188079
189211
189296
190233
190612
190845
192666
193270
194023
194045
195085
197427
198667
198710
