999.93
2100.19
2451.02
2717.71
2726.89
2854.08
3282.41
5080.23
5514.79
5919.5
9611.64
10095.7
11465.4
12001.2
12503.1
15910.9
16147.2
16253.1
16379.6
16576.7
17444.6
17654.3
18300.9
20446.2
21615.2
21898.8
23150.4
23263.3
23894.7
24491.8
24538.5
24913.7
26448.7
26616.5
27017.7
27650.2
30035.9
30139.1
30775.7
31316
33524.8
33780.6
33793.4
34226.3
37600.6
38405.2
38707.1
39229.7
39554
39737.7
39985.5
40259.2
41117.5
41547.1
41575.5
41830.2
41843.3
41998.4
42407.2
42714.8
42959.9
43038.1
43522.5
44204
44349.4
45254.8
45334.5
46143.7
46285.5
47088.8
47436.6
47619.1
48154.9
48163.2
48872.1
49463.4
50041.8
51279.9
54590.5
55484.7
56323.8
56529.1
58939.7
59840.1
60306.6
61472.8
62763.8
63068.8
63528.5
63694.5
64258.9
65042.9
65121.3
65681.2
66560.8
66599.4
66779
66997.7
67034.4
67730.1
68165.6
68296.7
68845.3
69382.6
69473.7
70254.3
71259.2
71354.6
71429
71799.5
71841.8
72930.4
73441.9
74032.7
75205.5
75447.1
75687.5
76925.3
77419.3
78062.1
78628.1
78993
79346.5
80072.4
81177.4
81798.5
81846.7
82660.4
82715.8
82909.9
83066.5
83386.5
84490.3
85192.8
85885.2
86025.3
87849.2
88648.9
88892.1
89315.6
90147.3
91345.6
92545
92968.7
93402
94024.2
94741.4
95630.5
97334
97352.4
97774.3
97958.2
98701.9
98709.1
98828.3
99641.3
99812.6
100169
102072
103018
103387
103653
104512
104895
105236
105346
105944
106634
107148
107844
109233
111664
112300
113077
113224
113290
113986
114146
114432
114623
114676
115636
115906
116467
117079
120145
120572
121139
121209
121624
122920
123015
123476
123630
123747
126214
126498
126901
127680
128155
129959
130291
130441
130803
131050
134229
135319
135998
136393
137482
138197
139084
139466
139896
140081
140498
140840
141315
141586
141994
142755
144443
144690
144707
145337
145627
145897
147560
150032
150511
153617
153741
153794
154226
154263
154346
154751
155332
155433
155974
157119
157729
158216
160678
160781
161435
161722
161757
161850
161877
161970
161996
162272
162327
162682
162795
163135
163685
163924
166503
167035
168104
168585
169366
170065
170160
170280
170690
171316
171792
172630
172666
172767
173366
173629
174346
174391
174876
174867
175079
175204
176616
178309
178764
179559
180258
180649
180773
181018
181196
181340
181525
181709
181744
182235
182246
182467
183205
183503
183762
184511
185302
185520
185829
185888
187361
187665
188036
189503
189799
190708
191661
192002
192996
193601
194344
197151
197943
198336
198346
199020
199412
199804
